1.076166460000000000e+08 1.000000000000000000e+00 6.600000000000000000e+01 3.250728636783999718e+03 1.748279999999999745e+03 1.273939471908026098e+04 0.000000000000000000e+00 7.933784733367152064e+00 1.339000000000000057e+01
1.019724390000000000e+08 1.000000000000000000e+00 6.500000000000000000e+01 3.149024636783999995e+03 2.515159999999999854e+03 1.225878171908026161e+04 0.000000000000000000e+00 1.155797129424740444e+00 1.339000000000000057e+01
1.019733130000000000e+08 1.000000000000000000e+00 6.500000000000000000e+01 3.146637636783999369e+03 2.595019999999999527e+03 1.213800871908026238e+04 0.000000000000000000e+00 1.338511613476404349e+00 1.078999999999999915e+01
1.008095350000000000e+08 1.000000000000000000e+00 6.600000000000000000e+01 3.038659636783999304e+03 2.850159999999999854e+03 1.191283271908026290e+04 0.000000000000000000e+00 4.050490550272960455e+00 1.605000000000000071e+01
1.008094520000000000e+08 1.000000000000000000e+00 6.500000000000000000e+01 3.025977636783999515e+03 2.886500000000000000e+03 1.190110271908026152e+04 0.000000000000000000e+00 4.013253633330501557e+00 1.339000000000000057e+01
1.008103720000000000e+08 1.000000000000000000e+00 6.600000000000000000e+01 3.000841636784000002e+03 2.922569999999999709e+03 1.188179271908026203e+04 0.000000000000000000e+00 4.074970291280896717e+00 3.229999999999999716e+01
1.008093920000000000e+08 1.000000000000000000e+00 6.500000000000000000e+01 2.969434636783999849e+03 2.950090000000000146e+03 1.186147271908026232e+04 0.000000000000000000e+00 1.386507331531826148e+00 1.078999999999999915e+01
9.154957400000000000e+07 1.000000000000000000e+00 6.600000000000000000e+01 3.291274636783999995e+03 2.884550000000000182e+03 1.079126271908026138e+04 0.000000000000000000e+00 3.522200683992890990e+00 1.078999999999999915e+01
9.155119400000000000e+07 1.000000000000000000e+00 6.600000000000000000e+01 3.285698636783999973e+03 2.876029999999999745e+03 1.079068271908026145e+04 0.000000000000000000e+00 4.034041882018033043e+00 1.339000000000000057e+01
9.155119400000000000e+07 1.000000000000000000e+00 6.600000000000000000e+01 3.284220636783999907e+03 2.873309999999999491e+03 1.079061271908026174e+04 0.000000000000000000e+00 2.532009090503067661e+00 1.078999999999999915e+01
9.062969300000000000e+07 1.000000000000000000e+00 6.500000000000000000e+01 3.162410636783999507e+03 2.621140000000000327e+03 1.083003271908026181e+04 0.000000000000000000e+00 5.602045231476783016e+00 1.339000000000000057e+01
9.062969000000000000e+07 1.000000000000000000e+00 6.600000000000000000e+01 3.161451636783999675e+03 2.620850000000000364e+03 1.083044271908026167e+04 0.000000000000000000e+00 5.436587824567799210e+00 1.339000000000000057e+01
9.062969000000000000e+07 1.000000000000000000e+00 6.600000000000000000e+01 3.159223636783999609e+03 2.620460000000000036e+03 1.083114271908026240e+04 0.000000000000000000e+00 3.136835089242152375e+00 1.078999999999999915e+01
9.062968200000000000e+07 0.000000000000000000e+00 6.600000000000000000e+01 3.132520636784000089e+03 2.615619999999999891e+03 1.084629271908026203e+04 0.000000000000000000e+00 4.981569218348365635e-01 1.339000000000000057e+01
9.062968300000000000e+07 0.000000000000000000e+00 6.600000000000000000e+01 3.136305636783999944e+03 2.617069999999999709e+03 1.084593271908026145e+04 0.000000000000000000e+00 6.292067115407370403e-01 1.339000000000000057e+01
9.062977700000000000e+07 1.000000000000000000e+00 6.600000000000000000e+01 3.179750636783999653e+03 2.636430000000000291e+03 1.083541271908026101e+04 0.000000000000000000e+00 2.332609995490350308e+00 1.339000000000000057e+01
9.062977700000000000e+07 1.000000000000000000e+00 6.600000000000000000e+01 3.180127636784000060e+03 2.636579999999999927e+03 1.083531271908026247e+04 0.000000000000000000e+00 2.224441494143748255e+00 1.339000000000000057e+01
9.062895300000000000e+07 1.000000000000000000e+00 6.500000000000000000e+01 3.200983636783999827e+03 2.628230000000000473e+03 1.076072271908026232e+04 0.000000000000000000e+00 1.574924753596565363e+00 1.078999999999999915e+01
9.063167500000000000e+07 1.000000000000000000e+00 6.600000000000000000e+01 3.223162636783999915e+03 2.626449999999999818e+03 1.074191271908026101e+04 0.000000000000000000e+00 5.241993956962591739e+00 1.339000000000000057e+01
9.063167500000000000e+07 1.000000000000000000e+00 6.600000000000000000e+01 3.224691636783999456e+03 2.626300000000000182e+03 1.074118271908026145e+04 0.000000000000000000e+00 6.681443831471906236e+00 1.339000000000000057e+01
9.063273900000000000e+07 1.000000000000000000e+00 6.600000000000000000e+01 3.346056636784000148e+03 2.633829999999999927e+03 1.073803271908026181e+04 0.000000000000000000e+00 1.785806643319505449e+00 6.099999999999999867e-02
9.063273900000000000e+07 1.000000000000000000e+00 6.600000000000000000e+01 3.347540636783999616e+03 2.634220000000000255e+03 1.073719271908026167e+04 0.000000000000000000e+00 7.697540434430439893e-01 9.199999999999999845e-02
9.063273400000000000e+07 1.000000000000000000e+00 6.500000000000000000e+01 3.353331636783999784e+03 2.624100000000000364e+03 1.073033271908026290e+04 0.000000000000000000e+00 3.660577120569677323e+00 9.199999999999999845e-02
9.063273400000000000e+07 1.000000000000000000e+00 6.500000000000000000e+01 3.353705636783999580e+03 2.624449999999999818e+03 1.073234271908026130e+04 0.000000000000000000e+00 4.420684412250811768e+00 9.199999999999999845e-02
9.063122500000000000e+07 1.000000000000000000e+00 6.600000000000000000e+01 3.353728636783999718e+03 2.623189999999999600e+03 1.074397271908026232e+04 0.000000000000000000e+00 1.964049179844616466e+00 9.199999999999999845e-02
9.063273500000000000e+07 0.000000000000000000e+00 6.500000000000000000e+01 3.359100636784000017e+03 2.626600000000000364e+03 1.073616271908026101e+04 0.000000000000000000e+00 1.592163683789264317e+00 6.099999999999999867e-02
9.063122500000000000e+07 1.000000000000000000e+00 6.500000000000000000e+01 3.357134636783999667e+03 2.617789999999999964e+03 1.075310271908026152e+04 0.000000000000000000e+00 3.081970224088032673e+00 2.400000000000000050e-02
9.063122100000000000e+07 0.000000000000000000e+00 6.600000000000000000e+01 3.369731636783999420e+03 2.621359999999999673e+03 1.075391271908026101e+04 0.000000000000000000e+00 2.524543817069552443e+00 9.199999999999999845e-02
9.063122000000000000e+07 1.000000000000000000e+00 6.600000000000000000e+01 3.374187636783999551e+03 2.618289999999999964e+03 1.076118271908026145e+04 0.000000000000000000e+00 3.608736067501249423e+00 4.169999999999999818e-01
9.063280900000000000e+07 1.000000000000000000e+00 6.600000000000000000e+01 3.383102236783999615e+03 2.615130000000000109e+03 1.075979271908026203e+04 0.000000000000000000e+00 1.720669827079845504e+00 4.169999999999999818e-01
9.063121500000000000e+07 0.000000000000000000e+00 6.500000000000000000e+01 3.389161636783999711e+03 2.614769999999999527e+03 1.075511271908026174e+04 0.000000000000000000e+00 1.756842886389113456e+00 8.349999999999999645e-01
9.063384400000000000e+07 1.000000000000000000e+00 6.500000000000000000e+01 3.392935036783999749e+03 2.603759999999999309e+03 1.073889271908026240e+04 0.000000000000000000e+00 3.164597483643191378e+00 6.099999999999999867e-02
9.063384200000000000e+07 1.000000000000000000e+00 6.600000000000000000e+01 3.396988836783999432e+03 2.606070000000000618e+03 1.073887271908026196e+04 0.000000000000000000e+00 1.918730170060181095e+00 2.400000000000000050e-02
9.063384100000000000e+07 1.000000000000000000e+00 6.600000000000000000e+01 3.398143936783999379e+03 2.606260000000000218e+03 1.073384271908026130e+04 0.000000000000000000e+00 1.396751541905863370e+00 2.400000000000000050e-02
9.063384100000000000e+07 1.000000000000000000e+00 6.600000000000000000e+01 3.398440236783999353e+03 2.607789999999999964e+03 1.073362271908026196e+04 0.000000000000000000e+00 2.503648933596217763e+00 8.349999999999999645e-01
9.063384200000000000e+07 1.000000000000000000e+00 6.600000000000000000e+01 3.397516036783999880e+03 2.611579999999999927e+03 1.073462271908026196e+04 0.000000000000000000e+00 2.541446341371514261e+00 9.199999999999999845e-02
9.063242400000000000e+07 1.000000000000000000e+00 6.600000000000000000e+01 3.397211936783999590e+03 2.611310000000000400e+03 1.072812271908026196e+04 0.000000000000000000e+00 6.259627024245626892e+00 4.169999999999999818e-01
9.063369500000000000e+07 1.000000000000000000e+00 6.500000000000000000e+01 3.407555336783999337e+03 2.617579999999999927e+03 1.072932271908026269e+04 0.000000000000000000e+00 5.430523991170630005e+00 9.199999999999999845e-02
9.063369500000000000e+07 1.000000000000000000e+00 6.500000000000000000e+01 3.407555336783999337e+03 2.617579999999999927e+03 1.072932271908026269e+04 0.000000000000000000e+00 5.430523991170630005e+00 7.361430000000000362e+00
9.063273300000000000e+07 1.000000000000000000e+00 6.500000000000000000e+01 3.347503636783999355e+03 2.611699999999999818e+03 1.073424271908026276e+04 0.000000000000000000e+00 8.993680229548324689e+00 2.400000000000000050e-02
9.063114900000000000e+07 1.000000000000000000e+00 6.500000000000000000e+01 3.332260636783999871e+03 2.617539999999999964e+03 1.075268271908026145e+04 0.000000000000000000e+00 9.897875746202648983e+00 2.400000000000000050e-02
9.063114800000000000e+07 1.000000000000000000e+00 6.500000000000000000e+01 3.330670636783999726e+03 2.611699999999999818e+03 1.075926271908026320e+04 0.000000000000000000e+00 1.936646183998800730e+00 9.199999999999999845e-02
9.063178700000000000e+07 1.000000000000000000e+00 6.600000000000000000e+01 3.310510636783999871e+03 2.628899999999999636e+03 1.076105271908026225e+04 0.000000000000000000e+00 3.365332317926615247e+00 9.199999999999999845e-02
9.063178700000000000e+07 1.000000000000000000e+00 6.600000000000000000e+01 3.308294636783999522e+03 2.629590000000000146e+03 1.076036271908026174e+04 0.000000000000000000e+00 1.338208448870764622e+00 4.169999999999999818e-01
9.063178600000000000e+07 1.000000000000000000e+00 6.600000000000000000e+01 3.303698636783999973e+03 2.631029999999999745e+03 1.075891271908026101e+04 0.000000000000000000e+00 1.757360148551082801e+00 9.199999999999999845e-02
9.063178600000000000e+07 1.000000000000000000e+00 6.600000000000000000e+01 3.301416636783999820e+03 2.631899999999999636e+03 1.075909271908026130e+04 0.000000000000000000e+00 1.214300565846679669e+00 6.099999999999999867e-02
9.063171200000000000e+07 1.000000000000000000e+00 6.500000000000000000e+01 3.303315636784000162e+03 2.631529999999999745e+03 1.076090271908026261e+04 0.000000000000000000e+00 2.749082833545024140e+00 2.400000000000000050e-02
9.063171100000000000e+07 1.000000000000000000e+00 6.500000000000000000e+01 3.299683636783999646e+03 2.630729999999999563e+03 1.076184271908026130e+04 0.000000000000000000e+00 5.289472515016305776e-01 9.199999999999999845e-02
9.063170900000000000e+07 0.000000000000000000e+00 6.600000000000000000e+01 3.304716636784000002e+03 2.628590000000000146e+03 1.077008271908026290e+04 0.000000000000000000e+00 7.225525720804817364e-01 4.169999999999999818e-01
9.063170900000000000e+07 0.000000000000000000e+00 6.600000000000000000e+01 3.305888636783999573e+03 2.626039999999999964e+03 1.076646271908026210e+04 0.000000000000000000e+00 1.139329638024112246e+00 4.169999999999999818e-01
9.063004100000000000e+07 1.000000000000000000e+00 6.500000000000000000e+01 3.296104636783999922e+03 2.630510000000000218e+03 1.077676271908026138e+04 0.000000000000000000e+00 2.466845232907399765e+00 9.199999999999999845e-02
9.063004400000000000e+07 1.000000000000000000e+00 6.500000000000000000e+01 3.286231636783999420e+03 2.615259999999999309e+03 1.077047271908026232e+04 0.000000000000000000e+00 9.249213781087345376e-01 9.199999999999999845e-02
9.063170100000000000e+07 1.000000000000000000e+00 6.600000000000000000e+01 3.287230636784000126e+03 2.611819999999999709e+03 1.077697271908026232e+04 0.000000000000000000e+00 5.010219097237629704e+00 2.400000000000000050e-02
9.063005300000000000e+07 1.000000000000000000e+00 6.600000000000000000e+01 3.268041636783999820e+03 2.631820000000000618e+03 1.074794271908026167e+04 0.000000000000000000e+00 9.211957048907796874e+00 4.169999999999999818e-01
9.063004900000000000e+07 1.000000000000000000e+00 6.500000000000000000e+01 3.272089636783999595e+03 2.632050000000000182e+03 1.075681271908026247e+04 0.000000000000000000e+00 3.596464414553900646e+00 2.400000000000000050e-02
9.063004800000000000e+07 1.000000000000000000e+00 6.500000000000000000e+01 3.283648636783999791e+03 2.634090000000000146e+03 1.075723271908026254e+04 0.000000000000000000e+00 4.869286438832588715e+00 9.199999999999999845e-02
9.063004800000000000e+07 1.000000000000000000e+00 6.500000000000000000e+01 3.283648636783999791e+03 2.634090000000000146e+03 1.075723271908026254e+04 0.000000000000000000e+00 4.869286438832588715e+00 7.359440000000000204e+00
9.063132400000000000e+07 1.000000000000000000e+00 6.600000000000000000e+01 3.310459636783999485e+03 2.616979999999999563e+03 1.070445271908026189e+04 0.000000000000000000e+00 9.329159271447663215e+00 9.199999999999999845e-02
9.063132400000000000e+07 1.000000000000000000e+00 6.600000000000000000e+01 3.310459636783999485e+03 2.616979999999999563e+03 1.070445271908026189e+04 0.000000000000000000e+00 9.329159271447663215e+00 7.354429999999999801e+00
9.063168200000000000e+07 1.000000000000000000e+00 6.600000000000000000e+01 3.229312636783999551e+03 2.622559999999999491e+03 1.076730271908026225e+04 0.000000000000000000e+00 1.545253091959470693e+00 9.199999999999999845e-02
9.063168200000000000e+07 1.000000000000000000e+00 6.600000000000000000e+01 3.229072636783999769e+03 2.619250000000000000e+03 1.077324271908026276e+04 0.000000000000000000e+00 5.641512752393039065e+00 9.199999999999999845e-02
9.063168200000000000e+07 1.000000000000000000e+00 6.600000000000000000e+01 3.225628636783999355e+03 2.617000000000000000e+03 1.076744271908026167e+04 0.000000000000000000e+00 3.034338235938526473e+00 4.169999999999999818e-01
9.063176700000000000e+07 1.000000000000000000e+00 6.600000000000000000e+01 3.235155636783999398e+03 2.615430000000000291e+03 1.077651271908026320e+04 0.000000000000000000e+00 5.888219033151392168e+00 9.199999999999999845e-02
9.063176700000000000e+07 1.000000000000000000e+00 6.600000000000000000e+01 3.237824636783999267e+03 2.617470000000000255e+03 1.077585271908026152e+04 0.000000000000000000e+00 2.892336659072542560e+00 9.199999999999999845e-02
9.063176700000000000e+07 1.000000000000000000e+00 6.600000000000000000e+01 3.238355636784000126e+03 2.616069999999999709e+03 1.077518271908026145e+04 0.000000000000000000e+00 3.869595075259339545e+00 9.199999999999999845e-02
9.063176700000000000e+07 1.000000000000000000e+00 6.600000000000000000e+01 3.241366636783999638e+03 2.618829999999999927e+03 1.077672271908026232e+04 0.000000000000000000e+00 1.665149701054518205e+00 4.169999999999999818e-01
9.063176700000000000e+07 1.000000000000000000e+00 6.600000000000000000e+01 3.242395636784000089e+03 2.620000000000000000e+03 1.077628271908026181e+04 0.000000000000000000e+00 2.988943164024032484e+00 2.400000000000000050e-02
9.063176700000000000e+07 1.000000000000000000e+00 6.600000000000000000e+01 3.244011636784000075e+03 2.620750000000000000e+03 1.077675271908026116e+04 0.000000000000000000e+00 3.465712318520835389e+00 2.039999999999999869e-01
9.063168200000000000e+07 1.000000000000000000e+00 6.600000000000000000e+01 3.229909636783999304e+03 2.614000000000000909e+03 1.077376271908026138e+04 0.000000000000000000e+00 9.010540219343452506e+00 4.169999999999999818e-01
9.063176200000000000e+07 1.000000000000000000e+00 6.500000000000000000e+01 3.234634636783999667e+03 2.626319999999999709e+03 1.077731271908026247e+04 0.000000000000000000e+00 3.568272715597253786e+00 2.400000000000000050e-02
9.063176200000000000e+07 1.000000000000000000e+00 6.500000000000000000e+01 3.235556636784000148e+03 2.623569999999999709e+03 1.077811271908026174e+04 0.000000000000000000e+00 5.495719182326703312e+00 9.199999999999999845e-02
9.063176700000000000e+07 1.000000000000000000e+00 6.600000000000000000e+01 3.238157636783999806e+03 2.620920000000000073e+03 1.077179271908026203e+04 0.000000000000000000e+00 6.152000367021193128e+00 9.199999999999999845e-02
9.063005500000000000e+07 1.000000000000000000e+00 6.500000000000000000e+01 3.246642636783999478e+03 2.620480000000000473e+03 1.076972271908026232e+04 0.000000000000000000e+00 6.719275351818093434e+00 9.199999999999999845e-02
9.063005500000000000e+07 1.000000000000000000e+00 6.500000000000000000e+01 3.246002636784000060e+03 2.620659999999999854e+03 1.077070271908026189e+04 0.000000000000000000e+00 7.116814425524068177e+00 9.199999999999999845e-02
9.063005500000000000e+07 1.000000000000000000e+00 6.500000000000000000e+01 3.246002636784000060e+03 2.620659999999999854e+03 1.077070271908026189e+04 0.000000000000000000e+00 7.116814425524068177e+00 7.316259999999999764e+00
9.062895900000000000e+07 1.000000000000000000e+00 6.600000000000000000e+01 3.181626636783999857e+03 2.630239999999999782e+03 1.075138271908026218e+04 0.000000000000000000e+00 5.496727917717944223e+00 1.078999999999999915e+01
9.062896000000000000e+07 1.000000000000000000e+00 6.600000000000000000e+01 3.178788636784000118e+03 2.633300000000000182e+03 1.075123271908026254e+04 0.000000000000000000e+00 4.505479674813079427e+00 6.099999999999999867e-02
9.062896000000000000e+07 1.000000000000000000e+00 6.600000000000000000e+01 3.177741636783999638e+03 2.634430000000000291e+03 1.075118271908026145e+04 0.000000000000000000e+00 4.318670231267967452e+00 1.078999999999999915e+01
9.062896000000000000e+07 1.000000000000000000e+00 6.600000000000000000e+01 3.175119636783999340e+03 2.636940000000000509e+03 1.075110271908026152e+04 0.000000000000000000e+00 5.898058749987963978e+00 1.339000000000000057e+01
9.062896100000000000e+07 1.000000000000000000e+00 6.600000000000000000e+01 3.175869636783999340e+03 2.641180000000000291e+03 1.075674271908026276e+04 0.000000000000000000e+00 1.240102602410716681e+00 9.199999999999999845e-02
9.062896100000000000e+07 1.000000000000000000e+00 6.600000000000000000e+01 3.175850636784000017e+03 2.641170000000000073e+03 1.075608271908026290e+04 0.000000000000000000e+00 1.621766592566903364e+00 1.078999999999999915e+01
9.062896100000000000e+07 1.000000000000000000e+00 6.600000000000000000e+01 3.175850636784000017e+03 2.641170000000000073e+03 1.075608271908026290e+04 0.000000000000000000e+00 1.621766592566903364e+00 7.350499999999999812e-01
9.062896100000000000e+07 1.000000000000000000e+00 6.600000000000000000e+01 3.175850636784000017e+03 2.641170000000000073e+03 1.075608271908026290e+04 0.000000000000000000e+00 1.621766592566903364e+00 4.120589999999999670e-02
9.062896400000000000e+07 1.000000000000000000e+00 6.500000000000000000e+01 3.163876636783999857e+03 2.646130000000000109e+03 1.075617271908026305e+04 0.000000000000000000e+00 5.123538892063848493e+00 9.199999999999999845e-02
9.062896500000000000e+07 1.000000000000000000e+00 6.500000000000000000e+01 3.160676636784000038e+03 2.653300000000000182e+03 1.075932271908026087e+04 0.000000000000000000e+00 3.659415947314779594e+00 4.169999999999999818e-01
9.062897200000000000e+07 0.000000000000000000e+00 6.500000000000000000e+01 3.150999636783999449e+03 2.668270000000000437e+03 1.078374271908026276e+04 0.000000000000000000e+00 6.985645386602196139e-01 9.199999999999999845e-02
9.062897200000000000e+07 1.000000000000000000e+00 6.500000000000000000e+01 3.150105636783999216e+03 2.666420000000000073e+03 1.078457271908026269e+04 0.000000000000000000e+00 1.399545987228324184e-01 2.400000000000000050e-02
9.062897100000000000e+07 1.000000000000000000e+00 6.500000000000000000e+01 3.152925636783999835e+03 2.664110000000000582e+03 1.078239271908026240e+04 0.000000000000000000e+00 1.994899449577350214e+00 6.099999999999999867e-02
9.062897100000000000e+07 0.000000000000000000e+00 6.500000000000000000e+01 3.155992636783999842e+03 2.668340000000000146e+03 1.078192271908026123e+04 0.000000000000000000e+00 1.157843042979440851e+00 6.099999999999999867e-02
9.062897200000000000e+07 0.000000000000000000e+00 6.500000000000000000e+01 3.154367636783999842e+03 2.668760000000000218e+03 1.078368271908026145e+04 0.000000000000000000e+00 1.130689135545992707e+00 9.199999999999999845e-02
9.062897100000000000e+07 1.000000000000000000e+00 6.500000000000000000e+01 3.156281636783999602e+03 2.666559999999999491e+03 1.078981271908026247e+04 0.000000000000000000e+00 2.348349780988606028e+00 2.039999999999999869e-01
9.062897100000000000e+07 1.000000000000000000e+00 6.500000000000000000e+01 3.156506636783999966e+03 2.666329999999999927e+03 1.079017271908026305e+04 0.000000000000000000e+00 2.415703207031059563e+00 9.199999999999999845e-02
9.062897100000000000e+07 1.000000000000000000e+00 6.500000000000000000e+01 3.160740636783999435e+03 2.668420000000000073e+03 1.078923271908026254e+04 0.000000000000000000e+00 4.143414003026382630e+00 4.169999999999999818e-01
9.062897300000000000e+07 0.000000000000000000e+00 6.600000000000000000e+01 3.156999636783999449e+03 2.674579999999999927e+03 1.078545271908026189e+04 0.000000000000000000e+00 3.332571625565173168e+00 8.349999999999999645e-01
9.062897200000000000e+07 0.000000000000000000e+00 6.600000000000000000e+01 3.157611636783999529e+03 2.674899999999999636e+03 1.077948271908026254e+04 0.000000000000000000e+00 3.862526598158334767e+00 9.199999999999999845e-02
9.062889900000000000e+07 1.000000000000000000e+00 6.500000000000000000e+01 3.168225636784000017e+03 2.680020000000000437e+03 1.077536271908026174e+04 0.000000000000000000e+00 7.970012729074963609e+00 9.199999999999999845e-02
9.062890000000000000e+07 1.000000000000000000e+00 6.500000000000000000e+01 3.166872636783999951e+03 2.685630000000000109e+03 1.077297271908026232e+04 0.000000000000000000e+00 4.205130892905593498e+00 2.039999999999999869e-01
9.062889900000000000e+07 1.000000000000000000e+00 6.500000000000000000e+01 3.162147636783999587e+03 2.683170000000000073e+03 1.077472271908026232e+04 0.000000000000000000e+00 2.868363483831950056e+00 2.039999999999999869e-01
9.062889500000000000e+07 1.000000000000000000e+00 6.500000000000000000e+01 3.142057636783999442e+03 2.682039999999999964e+03 1.077346271908026210e+04 0.000000000000000000e+00 2.982873603560594056e+00 6.099999999999999867e-02
9.063065500000000000e+07 0.000000000000000000e+00 6.600000000000000000e+01 3.137584636783999485e+03 2.678909999999999854e+03 1.078109271908026130e+04 0.000000000000000000e+00 1.266491723009164350e+00 9.199999999999999845e-02
9.062978100000000000e+07 1.000000000000000000e+00 6.500000000000000000e+01 3.137300636783999835e+03 2.672270000000000437e+03 1.081421271908026210e+04 0.000000000000000000e+00 1.487829625419474278e+00 4.169999999999999818e-01
9.062784000000000000e+07 1.000000000000000000e+00 6.500000000000000000e+01 3.129744636783999340e+03 2.677949999999999818e+03 1.081319271908026167e+04 0.000000000000000000e+00 9.726978983478735685e-01 2.400000000000000050e-02
9.062888400000000000e+07 0.000000000000000000e+00 6.600000000000000000e+01 3.130958636783999282e+03 2.677029999999999745e+03 1.081340271908026261e+04 0.000000000000000000e+00 9.102457785715859506e-01 9.199999999999999845e-02
9.062784100000000000e+07 1.000000000000000000e+00 6.500000000000000000e+01 3.134638636783999573e+03 2.670650000000000546e+03 1.080996271908026210e+04 0.000000000000000000e+00 2.022069800439313170e+00 6.099999999999999867e-02
9.062888500000000000e+07 1.000000000000000000e+00 6.600000000000000000e+01 3.138155636783999398e+03 2.676130000000000109e+03 1.081087271908026196e+04 0.000000000000000000e+00 2.772137998685852978e+00 9.199999999999999845e-02
9.062888900000000000e+07 1.000000000000000000e+00 6.500000000000000000e+01 3.143126636783999857e+03 2.679050000000000182e+03 1.080553271908026181e+04 0.000000000000000000e+00 3.925019919443063721e+00 9.199999999999999845e-02
9.062888900000000000e+07 1.000000000000000000e+00 6.500000000000000000e+01 3.143126636783999857e+03 2.679050000000000182e+03 1.080553271908026181e+04 0.000000000000000000e+00 3.925019919443063721e+00 7.320700000000000429e+00
9.062896000000000000e+07 1.000000000000000000e+00 6.600000000000000000e+01 3.177741636783999638e+03 2.634430000000000291e+03 1.075118271908026145e+04 0.000000000000000000e+00 4.318670231267967452e+00 3.860930000000000195e+00
9.062977700000000000e+07 1.000000000000000000e+00 6.600000000000000000e+01 3.180243636784000046e+03 2.636590000000000146e+03 1.083565271908026261e+04 0.000000000000000000e+00 2.136825278148585028e+00 9.199999999999999845e-02
9.062885900000000000e+07 0.000000000000000000e+00 6.500000000000000000e+01 3.169602636783999515e+03 2.649010000000000218e+03 1.083497271908026232e+04 0.000000000000000000e+00 7.722582549479953817e-01 9.199999999999999845e-02
9.062886200000000000e+07 1.000000000000000000e+00 6.600000000000000000e+01 3.166371636783999747e+03 2.662449999999999818e+03 1.083581271908026247e+04 0.000000000000000000e+00 1.416609833586992551e+00 6.099999999999999867e-02
9.062885900000000000e+07 0.000000000000000000e+00 6.500000000000000000e+01 3.171819636784000068e+03 2.655600000000000364e+03 1.083613271908026218e+04 0.000000000000000000e+00 3.536788088915900463e+00 4.169999999999999818e-01
9.062962700000000000e+07 1.000000000000000000e+00 6.500000000000000000e+01 3.179639636783999777e+03 2.658679999999999382e+03 1.083652271908026160e+04 0.000000000000000000e+00 2.258157722980911331e+00 4.169999999999999818e-01
9.062962700000000000e+07 1.000000000000000000e+00 6.500000000000000000e+01 3.179677636783999333e+03 2.658739999999999782e+03 1.083657271908026269e+04 0.000000000000000000e+00 2.245132647633989009e+00 1.000000000000000021e-02
9.062892300000000000e+07 0.000000000000000000e+00 6.500000000000000000e+01 3.220192636783999660e+03 2.697630000000000109e+03 1.083120271908026189e+04 0.000000000000000000e+00 2.777983411244043133e+00 4.169999999999999818e-01
9.062892300000000000e+07 0.000000000000000000e+00 6.500000000000000000e+01 3.221583636783999282e+03 2.697659999999999854e+03 1.083098271908026254e+04 0.000000000000000000e+00 3.118056152624359534e+00 6.099999999999999867e-02
9.062892700000000000e+07 1.000000000000000000e+00 6.600000000000000000e+01 3.225634636783999667e+03 2.688930000000000291e+03 1.082922271908026232e+04 0.000000000000000000e+00 4.059314424897809026e+00 9.199999999999999845e-02
9.062892800000000000e+07 1.000000000000000000e+00 6.600000000000000000e+01 3.234399636783999995e+03 2.689250000000000000e+03 1.082831271908026247e+04 0.000000000000000000e+00 2.265623056841421512e+00 9.199999999999999845e-02
9.062892800000000000e+07 1.000000000000000000e+00 6.600000000000000000e+01 3.233609636784000031e+03 2.689520000000000437e+03 1.082770271908026189e+04 0.000000000000000000e+00 2.299566576346376401e+00 9.199999999999999845e-02
9.062892800000000000e+07 1.000000000000000000e+00 6.600000000000000000e+01 3.231682636783999442e+03 2.689140000000000327e+03 1.082624271908026276e+04 0.000000000000000000e+00 2.067908083520344942e+00 9.199999999999999845e-02
9.062892700000000000e+07 1.000000000000000000e+00 6.600000000000000000e+01 3.229228636783999718e+03 2.687569999999999709e+03 1.082692271908026123e+04 0.000000000000000000e+00 7.110727748818208571e-01 6.099999999999999867e-02
9.062997300000000000e+07 1.000000000000000000e+00 6.500000000000000000e+01 3.217534636783999304e+03 2.681329999999999927e+03 1.082449271908026276e+04 0.000000000000000000e+00 1.396606864501536593e+00 2.039999999999999869e-01
9.063072700000000000e+07 1.000000000000000000e+00 6.500000000000000000e+01 3.221610636783999325e+03 2.673180000000000291e+03 1.082962271908026196e+04 0.000000000000000000e+00 1.714599095153102271e+00 9.199999999999999845e-02
9.062988700000000000e+07 1.000000000000000000e+00 6.500000000000000000e+01 3.221842636783999296e+03 2.673090000000000146e+03 1.082996271908026210e+04 0.000000000000000000e+00 1.701645547054727370e+00 9.199999999999999845e-02
9.062981000000000000e+07 1.000000000000000000e+00 6.500000000000000000e+01 3.234404636784000104e+03 2.672539999999999964e+03 1.082843271908026145e+04 0.000000000000000000e+00 3.803992067767956620e+00 9.199999999999999845e-02
9.063072500000000000e+07 1.000000000000000000e+00 6.500000000000000000e+01 3.229454636783999376e+03 2.677780000000000655e+03 1.082226271908026138e+04 0.000000000000000000e+00 6.569843770068688471e+00 9.199999999999999845e-02
9.062997700000000000e+07 1.000000000000000000e+00 6.600000000000000000e+01 3.229905636783999398e+03 2.677770000000000437e+03 1.082130271908026225e+04 0.000000000000000000e+00 6.164954073029099035e+00 9.199999999999999845e-02
9.062893300000000000e+07 1.000000000000000000e+00 6.600000000000000000e+01 3.232076636783999675e+03 2.690979999999999563e+03 1.080593271908026145e+04 0.000000000000000000e+00 2.370413102334709698e+00 2.400000000000000050e-02
9.063015100000000000e+07 0.000000000000000000e+00 6.500000000000000000e+01 3.236693636783999864e+03 2.685599999999999454e+03 1.080333271908026290e+04 0.000000000000000000e+00 1.289562924418626189e+00 4.169999999999999818e-01
9.063007100000000000e+07 1.000000000000000000e+00 6.600000000000000000e+01 3.238482636783999624e+03 2.684560000000000400e+03 1.080336271908026174e+04 0.000000000000000000e+00 7.631375558064849018e-01 2.400000000000000050e-02
9.063015000000000000e+07 1.000000000000000000e+00 6.600000000000000000e+01 3.241622636783999951e+03 2.680689999999999600e+03 1.080152271908026160e+04 0.000000000000000000e+00 1.127423494069405008e+00 9.199999999999999845e-02
9.062893300000000000e+07 1.000000000000000000e+00 6.500000000000000000e+01 3.246662636783999915e+03 2.678059999999999491e+03 1.080963271908026218e+04 0.000000000000000000e+00 2.958380766672668916e+00 4.169999999999999818e-01
9.062893300000000000e+07 1.000000000000000000e+00 6.500000000000000000e+01 3.246662636783999915e+03 2.678059999999999491e+03 1.080963271908026218e+04 0.000000000000000000e+00 2.958380766672668916e+00 7.242650000000000254e+00
9.062977700000000000e+07 1.000000000000000000e+00 6.600000000000000000e+01 3.179750636783999653e+03 2.636430000000000291e+03 1.083541271908026101e+04 0.000000000000000000e+00 2.332609995490350308e+00 9.828569999999999807e-01
9.062968100000000000e+07 1.000000000000000000e+00 6.600000000000000000e+01 3.141326636783999675e+03 2.630800000000000182e+03 1.085427271908026160e+04 0.000000000000000000e+00 7.315591541987050306e+00 9.199999999999999845e-02
9.062877300000000000e+07 1.000000000000000000e+00 6.600000000000000000e+01 3.150730636783999216e+03 2.636390000000000327e+03 1.084894271908026167e+04 0.000000000000000000e+00 7.243569885565547040e+00 9.199999999999999845e-02
9.062877300000000000e+07 1.000000000000000000e+00 6.600000000000000000e+01 3.151256636783999966e+03 2.626710000000000036e+03 1.085186271908026174e+04 0.000000000000000000e+00 2.026668157856494457e+00 9.199999999999999845e-02
9.062877300000000000e+07 1.000000000000000000e+00 6.600000000000000000e+01 3.151752636784000060e+03 2.626890000000000327e+03 1.085324271908026276e+04 0.000000000000000000e+00 3.222351466448862389e+00 6.099999999999999867e-02
9.062968100000000000e+07 1.000000000000000000e+00 6.600000000000000000e+01 3.134405636783999398e+03 2.633659999999999854e+03 1.085540271908026261e+04 0.000000000000000000e+00 8.192310338236383771e+00 2.400000000000000050e-02
9.062967700000000000e+07 1.000000000000000000e+00 6.500000000000000000e+01 3.132388636783999573e+03 2.629130000000000109e+03 1.085998271908026254e+04 0.000000000000000000e+00 3.380797612058080936e+00 1.000000000000000000e+01
9.062967700000000000e+07 1.000000000000000000e+00 6.500000000000000000e+01 3.132388636783999573e+03 2.629130000000000109e+03 1.085998271908026254e+04 0.000000000000000000e+00 3.380797612058080936e+00 2.629529999999999923e+00
9.062968400000000000e+07 0.000000000000000000e+00 6.600000000000000000e+01 3.135512636783999369e+03 2.611220000000000255e+03 1.084061271908026174e+04 0.000000000000000000e+00 1.242043004285063645e+00 9.199999999999999845e-02
9.062968700000000000e+07 1.000000000000000000e+00 6.600000000000000000e+01 3.139670636783999726e+03 2.599619999999999891e+03 1.083335271908026152e+04 0.000000000000000000e+00 5.260994433493523026e+00 9.199999999999999845e-02
9.062968600000000000e+07 1.000000000000000000e+00 6.600000000000000000e+01 3.137721636783999202e+03 2.600169999999999163e+03 1.083004271908026203e+04 0.000000000000000000e+00 2.595282474396337857e+00 9.199999999999999845e-02
9.062968700000000000e+07 1.000000000000000000e+00 6.600000000000000000e+01 3.143496636783999747e+03 2.594319999999999709e+03 1.083304271908026203e+04 0.000000000000000000e+00 8.133608231938776356e+00 9.199999999999999845e-02
9.062969300000000000e+07 1.000000000000000000e+00 6.500000000000000000e+01 3.168477636783999515e+03 2.619359999999999673e+03 1.082718271908026145e+04 0.000000000000000000e+00 8.931013691349489747e+00 2.400000000000000050e-02
9.062969300000000000e+07 1.000000000000000000e+00 6.500000000000000000e+01 3.168552636783999333e+03 2.619170000000000073e+03 1.082731271908026247e+04 0.000000000000000000e+00 9.105021803023802818e+00 2.400000000000000050e-02
9.062877400000000000e+07 1.000000000000000000e+00 6.500000000000000000e+01 3.160649636783999995e+03 2.622470000000000255e+03 1.083717271908026305e+04 0.000000000000000000e+00 6.070940839126213184e-01 4.169999999999999818e-01
9.062877400000000000e+07 1.000000000000000000e+00 6.500000000000000000e+01 3.162575636783999471e+03 2.622319999999999709e+03 1.083530271908026225e+04 0.000000000000000000e+00 1.909087766603103198e+00 8.220000000000000639e+00
9.062877400000000000e+07 1.000000000000000000e+00 6.500000000000000000e+01 3.162575636783999471e+03 2.622319999999999709e+03 1.083530271908026225e+04 0.000000000000000000e+00 1.909087766603103198e+00 7.167530000000000179e+00
9.062969300000000000e+07 1.000000000000000000e+00 6.500000000000000000e+01 3.161559636783999849e+03 2.615460000000000036e+03 1.082620271908026189e+04 0.000000000000000000e+00 6.864298159656638809e+00 6.099999999999999867e-02
9.062969200000000000e+07 1.000000000000000000e+00 6.500000000000000000e+01 3.159693636783999864e+03 2.608190000000000509e+03 1.082191271908026101e+04 0.000000000000000000e+00 7.825756004266247956e+00 1.339000000000000057e+01
9.062969200000000000e+07 1.000000000000000000e+00 6.500000000000000000e+01 3.160157636783999806e+03 2.608560000000000400e+03 1.082157271908026087e+04 0.000000000000000000e+00 7.690140661865991767e+00 9.199999999999999845e-02
9.062969200000000000e+07 1.000000000000000000e+00 6.500000000000000000e+01 3.161810636784000053e+03 2.609860000000000582e+03 1.082035271908026152e+04 0.000000000000000000e+00 7.710065294882568310e+00 1.078999999999999915e+01
9.062969200000000000e+07 1.000000000000000000e+00 6.500000000000000000e+01 3.161810636784000053e+03 2.609860000000000582e+03 1.082035271908026152e+04 0.000000000000000000e+00 7.710065294882568310e+00 4.675880000000000258e+00
9.062969200000000000e+07 1.000000000000000000e+00 6.500000000000000000e+01 3.161810636784000053e+03 2.609860000000000582e+03 1.082035271908026152e+04 0.000000000000000000e+00 7.710065294882568310e+00 3.642199999999999882e+00
9.062977200000000000e+07 1.000000000000000000e+00 6.500000000000000000e+01 3.178517636783999478e+03 2.628750000000000000e+03 1.084159271908026130e+04 0.000000000000000000e+00 3.121431705576376281e+00 4.169999999999999818e-01
9.062977100000000000e+07 1.000000000000000000e+00 6.500000000000000000e+01 3.176395636784000089e+03 2.626050000000000182e+03 1.084985271908026152e+04 0.000000000000000000e+00 5.377266680048350622e+00 9.199999999999999845e-02
9.062977100000000000e+07 1.000000000000000000e+00 6.500000000000000000e+01 3.176395636784000089e+03 2.626050000000000182e+03 1.084985271908026152e+04 0.000000000000000000e+00 5.377266680048350622e+00 7.348359999999999559e+00
9.062900800000000000e+07 1.000000000000000000e+00 6.500000000000000000e+01 3.221739636783999231e+03 2.730710000000000036e+03 1.079518271908026145e+04 0.000000000000000000e+00 6.986832366203986844e+00 2.400000000000000050e-02
9.155119000000000000e+07 1.000000000000000000e+00 6.500000000000000000e+01 3.294102636783999515e+03 2.866460000000000036e+03 1.078971271908026210e+04 0.000000000000000000e+00 1.321382913364989475e+00 1.078999999999999915e+01
9.155053900000000000e+07 1.000000000000000000e+00 6.600000000000000000e+01 3.291963636783999391e+03 2.872949999999999818e+03 1.078672271908026232e+04 0.000000000000000000e+00 4.330592843726911667e+00 1.078999999999999915e+01
9.155053900000000000e+07 1.000000000000000000e+00 6.600000000000000000e+01 3.291963636783999391e+03 2.872949999999999818e+03 1.078672271908026232e+04 0.000000000000000000e+00 4.330592843726911667e+00 5.505620000000000402e+00
9.155053900000000000e+07 1.000000000000000000e+00 6.600000000000000000e+01 3.291963636783999391e+03 2.872949999999999818e+03 1.078672271908026232e+04 0.000000000000000000e+00 4.330592843726911667e+00 2.173779999999999824e+00
9.155053900000000000e+07 1.000000000000000000e+00 6.600000000000000000e+01 3.292195636783999362e+03 2.865069999999999709e+03 1.078677271908026160e+04 0.000000000000000000e+00 1.708657749341622845e+00 9.199999999999999845e-02
9.155053900000000000e+07 0.000000000000000000e+00 6.600000000000000000e+01 3.295045636783999726e+03 2.861329999999999927e+03 1.078751271908026320e+04 0.000000000000000000e+00 1.175004103634178287e+00 2.400000000000000050e-02
9.155118900000000000e+07 1.000000000000000000e+00 6.500000000000000000e+01 3.294808636783999646e+03 2.860740000000000691e+03 1.078706271908026247e+04 0.000000000000000000e+00 1.254657457109208396e+00 6.099999999999999867e-02
9.155119100000000000e+07 0.000000000000000000e+00 6.500000000000000000e+01 3.287246636783999747e+03 2.861050000000000182e+03 1.078438271908026218e+04 0.000000000000000000e+00 1.184850951739399028e+00 6.099999999999999867e-02
9.155119300000000000e+07 0.000000000000000000e+00 6.600000000000000000e+01 3.284360636783999325e+03 2.867439999999999600e+03 1.078307271908026269e+04 0.000000000000000000e+00 2.472475482548233572e+00 9.199999999999999845e-02
9.155071300000000000e+07 1.000000000000000000e+00 6.500000000000000000e+01 3.309811636783999347e+03 2.883430000000000291e+03 1.078814271908026240e+04 0.000000000000000000e+00 8.939783233324989364e-01 9.199999999999999845e-02
9.155071300000000000e+07 1.000000000000000000e+00 6.500000000000000000e+01 3.315847636783999405e+03 2.884350000000000364e+03 1.078180271908026225e+04 0.000000000000000000e+00 5.010992481329797243e+00 9.199999999999999845e-02
9.155088500000000000e+07 1.000000000000000000e+00 6.600000000000000000e+01 3.316708636783999282e+03 2.883460000000000036e+03 1.078035271908026152e+04 0.000000000000000000e+00 4.695372215674170846e+00 6.099999999999999867e-02
9.155071700000000000e+07 1.000000000000000000e+00 6.600000000000000000e+01 3.311799636783999631e+03 2.880309999999999491e+03 1.077500271908026116e+04 0.000000000000000000e+00 2.700391645728514867e+00 6.099999999999999867e-02
9.155054600000000000e+07 1.000000000000000000e+00 6.600000000000000000e+01 3.313894636783999886e+03 2.873569999999999709e+03 1.077409271908026130e+04 0.000000000000000000e+00 4.590922014288471686e+00 6.099999999999999867e-02
9.155054900000000000e+07 1.000000000000000000e+00 6.500000000000000000e+01 3.329414636783999413e+03 2.858579999999999927e+03 1.077996271908026210e+04 0.000000000000000000e+00 9.490975598752381615e+00 2.400000000000000050e-02
9.155054800000000000e+07 1.000000000000000000e+00 6.500000000000000000e+01 3.327532636783999806e+03 2.853719999999999345e+03 1.077582271908026269e+04 0.000000000000000000e+00 6.041393768333749748e+00 2.400000000000000050e-02
9.155054900000000000e+07 1.000000000000000000e+00 6.500000000000000000e+01 3.327850636784000017e+03 2.861779999999999745e+03 1.076872271908026232e+04 0.000000000000000000e+00 3.677893776534379544e+00 9.199999999999999845e-02
9.155215300000000000e+07 1.000000000000000000e+00 6.600000000000000000e+01 3.328420636783999726e+03 2.864010000000000218e+03 1.076791271908026101e+04 0.000000000000000000e+00 3.903680709954784334e+00 9.199999999999999845e-02
9.155216800000000000e+07 1.000000000000000000e+00 6.500000000000000000e+01 3.362371636783999747e+03 2.856420000000000073e+03 1.078794271908026167e+04 0.000000000000000000e+00 5.431824530961899100e+00 9.199999999999999845e-02
9.155199500000000000e+07 0.000000000000000000e+00 6.600000000000000000e+01 3.372074636783999267e+03 2.850810000000000400e+03 1.077661271908026174e+04 0.000000000000000000e+00 3.180598603640403255e+00 9.199999999999999845e-02
9.155199300000000000e+07 0.000000000000000000e+00 6.500000000000000000e+01 3.377075336783999774e+03 2.847739999999999782e+03 1.077572271908026232e+04 0.000000000000000000e+00 3.023692797170563829e+00 9.199999999999999845e-02
9.155216500000000000e+07 0.000000000000000000e+00 6.500000000000000000e+01 3.378169236783999622e+03 2.861180000000000291e+03 1.077518271908026145e+04 0.000000000000000000e+00 1.645989266779317450e+00 6.099999999999999867e-02
9.155216500000000000e+07 0.000000000000000000e+00 6.500000000000000000e+01 3.378169236783999622e+03 2.861180000000000291e+03 1.077518271908026145e+04 0.000000000000000000e+00 1.645989266779317450e+00 7.349499999999999922e+00
9.155119400000000000e+07 1.000000000000000000e+00 6.600000000000000000e+01 3.288018636783999682e+03 2.874039999999999964e+03 1.078781271908026247e+04 0.000000000000000000e+00 3.754867116547951245e+00 9.199999999999999845e-02
9.155119400000000000e+07 1.000000000000000000e+00 6.600000000000000000e+01 3.288018636783999682e+03 2.874039999999999964e+03 1.078781271908026247e+04 0.000000000000000000e+00 3.754867116547951245e+00 7.348989999999999689e+00
9.155071200000000000e+07 1.000000000000000000e+00 6.600000000000000000e+01 3.297007636783999260e+03 2.878750000000000000e+03 1.079430271908026225e+04 0.000000000000000000e+00 1.786114443408872932e+00 2.400000000000000050e-02
9.155053800000000000e+07 1.000000000000000000e+00 6.600000000000000000e+01 3.296077636783999878e+03 2.874159999999999854e+03 1.079405271908026225e+04 0.000000000000000000e+00 2.730055955489977038e+00 9.199999999999999845e-02
9.155053700000000000e+07 1.000000000000000000e+00 6.600000000000000000e+01 3.296088636783999391e+03 2.878260000000000218e+03 1.079634271908026130e+04 0.000000000000000000e+00 3.349312638183291391e+00 9.199999999999999845e-02
9.154948700000000000e+07 1.000000000000000000e+00 6.600000000000000000e+01 3.295037636783999915e+03 2.893979999999999563e+03 1.080921271908026210e+04 0.000000000000000000e+00 5.946513496491029116e+00 4.169999999999999818e-01
9.154956700000000000e+07 0.000000000000000000e+00 6.600000000000000000e+01 3.303020636784000089e+03 2.907420000000000073e+03 1.080751271908026138e+04 0.000000000000000000e+00 4.753986517972936809e+00 9.199999999999999845e-02
9.154956800000000000e+07 0.000000000000000000e+00 6.500000000000000000e+01 3.299934636783999849e+03 2.905529999999999745e+03 1.080498271908026254e+04 0.000000000000000000e+00 2.751235669188834443e+00 9.199999999999999845e-02
9.154956800000000000e+07 0.000000000000000000e+00 6.500000000000000000e+01 3.300540636783999616e+03 2.907809999999999491e+03 1.080426271908026320e+04 0.000000000000000000e+00 2.693377919351934491e+00 2.400000000000000050e-02
9.154957000000000000e+07 1.000000000000000000e+00 6.500000000000000000e+01 3.304934636783999849e+03 2.902400000000000546e+03 1.079798271908026254e+04 0.000000000000000000e+00 1.573499356402671356e+00 2.400000000000000050e-02
9.154957000000000000e+07 1.000000000000000000e+00 6.500000000000000000e+01 3.306683636783999646e+03 2.900250000000000000e+03 1.079549271908026276e+04 0.000000000000000000e+00 2.993592436408144764e+00 6.099999999999999867e-02
9.155089400000000000e+07 1.000000000000000000e+00 6.600000000000000000e+01 3.305639636783999777e+03 2.905569999999999709e+03 1.078031271908026247e+04 0.000000000000000000e+00 5.170941643004911548e+00 6.099999999999999867e-02
9.155081000000000000e+07 0.000000000000000000e+00 6.600000000000000000e+01 3.313084636783999485e+03 2.901720000000000255e+03 1.076519271908026167e+04 0.000000000000000000e+00 4.317542473637011047e-01 4.169999999999999818e-01
9.155089100000000000e+07 1.000000000000000000e+00 6.600000000000000000e+01 3.304968636783999500e+03 2.901289999999999964e+03 1.076135271908026152e+04 0.000000000000000000e+00 1.250708207940936623e+00 9.199999999999999845e-02
9.155089700000000000e+07 1.000000000000000000e+00 6.500000000000000000e+01 3.295255636783999762e+03 2.927560000000000400e+03 1.077124271908026276e+04 0.000000000000000000e+00 3.618663498982352067e+00 6.099999999999999867e-02
9.155089800000000000e+07 1.000000000000000000e+00 6.500000000000000000e+01 3.295576636783999675e+03 2.928510000000000218e+03 1.077224271908026276e+04 0.000000000000000000e+00 4.323789029404658812e+00 4.169999999999999818e-01
9.155089800000000000e+07 1.000000000000000000e+00 6.500000000000000000e+01 3.296705636783999580e+03 2.931130000000000109e+03 1.077368271908026145e+04 0.000000000000000000e+00 5.288206724438107464e+00 9.199999999999999845e-02
9.155107200000000000e+07 1.000000000000000000e+00 6.500000000000000000e+01 3.298733636783999827e+03 2.934630000000000109e+03 1.077508271908026290e+04 0.000000000000000000e+00 7.253358958386424860e+00 9.199999999999999845e-02
9.155089800000000000e+07 1.000000000000000000e+00 6.500000000000000000e+01 3.300358636783999827e+03 2.931059999999999491e+03 1.077657271908026087e+04 0.000000000000000000e+00 6.292820336558489380e+00 6.099999999999999867e-02
9.155089800000000000e+07 1.000000000000000000e+00 6.600000000000000000e+01 3.282031636783999602e+03 2.916860000000000582e+03 1.077002271908026160e+04 0.000000000000000000e+00 3.547967397568327907e+00 9.199999999999999845e-02
9.155089600000000000e+07 0.000000000000000000e+00 6.500000000000000000e+01 3.294145636784000089e+03 2.915779999999999745e+03 1.076887271908026196e+04 0.000000000000000000e+00 1.508052960022179256e+00 6.099999999999999867e-02
9.155089500000000000e+07 1.000000000000000000e+00 6.500000000000000000e+01 3.297701636783999675e+03 2.915480000000000473e+03 1.076049271908026276e+04 0.000000000000000000e+00 2.423159887029401105e+00 9.199999999999999845e-02
9.155089500000000000e+07 1.000000000000000000e+00 6.500000000000000000e+01 3.300363636783999937e+03 2.914100000000000364e+03 1.075754271908026203e+04 0.000000000000000000e+00 5.456670986342643914e+00 2.400000000000000050e-02
9.155072800000000000e+07 1.000000000000000000e+00 6.600000000000000000e+01 3.304754636783999558e+03 2.906079999999999927e+03 1.074752271908026160e+04 0.000000000000000000e+00 5.361740592654074433e+00 9.199999999999999845e-02
9.155080800000000000e+07 1.000000000000000000e+00 6.500000000000000000e+01 3.308179636783999740e+03 2.901170000000000073e+03 1.074800271908026116e+04 0.000000000000000000e+00 5.131791113403707527e+00 9.199999999999999845e-02
9.155074400000000000e+07 1.000000000000000000e+00 6.600000000000000000e+01 3.341411636783999711e+03 2.878430000000000291e+03 1.074136271908026174e+04 0.000000000000000000e+00 5.809931185262346531e+00 9.199999999999999845e-02
9.155075400000000000e+07 1.000000000000000000e+00 6.600000000000000000e+01 3.347603636783999718e+03 2.878859999999999673e+03 1.071234271908026130e+04 0.000000000000000000e+00 9.232062101246418351e+00 2.400000000000000050e-02
9.155075500000000000e+07 1.000000000000000000e+00 6.600000000000000000e+01 3.345799636783999631e+03 2.866939999999999600e+03 1.071039271908026240e+04 0.000000000000000000e+00 5.938065848543057967e+00 2.039999999999999869e-01
9.155075500000000000e+07 1.000000000000000000e+00 6.600000000000000000e+01 3.347769636783999886e+03 2.867529999999999745e+03 1.071253271908026181e+04 0.000000000000000000e+00 4.070161988682110987e+00 9.199999999999999845e-02
9.155074900000000000e+07 1.000000000000000000e+00 6.500000000000000000e+01 3.351666636783999820e+03 2.864590000000000146e+03 1.073012271908026196e+04 0.000000000000000000e+00 3.585242254258233174e+00 9.199999999999999845e-02
9.155075000000000000e+07 1.000000000000000000e+00 6.500000000000000000e+01 3.358269636783999886e+03 2.864350000000000364e+03 1.072856271908026247e+04 0.000000000000000000e+00 2.712329721788386827e+00 9.199999999999999845e-02
9.155074500000000000e+07 1.000000000000000000e+00 6.600000000000000000e+01 3.352031636783999602e+03 2.876130000000000109e+03 1.073743271908026145e+04 0.000000000000000000e+00 2.746833894740998705e+00 6.099999999999999867e-02
9.155074700000000000e+07 0.000000000000000000e+00 6.500000000000000000e+01 3.355797636784000133e+03 2.879109999999999673e+03 1.073823271908026254e+04 0.000000000000000000e+00 2.356224789349049331e+00 9.199999999999999845e-02
9.155074700000000000e+07 0.000000000000000000e+00 6.600000000000000000e+01 3.356969636783999704e+03 2.872090000000000146e+03 1.073614271908026240e+04 0.000000000000000000e+00 1.721804910154055790e+00 5.000000000000000000e-01
9.155074900000000000e+07 0.000000000000000000e+00 6.500000000000000000e+01 3.357380636783999762e+03 2.876699999999999818e+03 1.073157271908026087e+04 0.000000000000000000e+00 1.110490128882329230e+00 4.169999999999999818e-01
9.155074900000000000e+07 0.000000000000000000e+00 6.500000000000000000e+01 3.357380636783999762e+03 2.876699999999999818e+03 1.073157271908026087e+04 0.000000000000000000e+00 1.110490128882329230e+00 7.179590000000000138e+00
1.008084000000000000e+08 1.000000000000000000e+00 6.600000000000000000e+01 2.923751636783999857e+03 2.978730000000000473e+03 1.183121271908026210e+04 0.000000000000000000e+00 7.309252413598001930e+00 9.199999999999999845e-02
1.008084000000000000e+08 1.000000000000000000e+00 6.600000000000000000e+01 2.926385636783999871e+03 2.970989999999999782e+03 1.183217271908026305e+04 0.000000000000000000e+00 9.909929446828260602e-01 1.124000000000000021e+01
1.008084000000000000e+08 1.000000000000000000e+00 6.600000000000000000e+01 2.926385636783999871e+03 2.970989999999999782e+03 1.183217271908026305e+04 0.000000000000000000e+00 9.909929446828260602e-01 2.421330000000000204e+00
1.008092970000000000e+08 1.000000000000000000e+00 6.500000000000000000e+01 2.928046636783999929e+03 2.967269999999999527e+03 1.188054271908026203e+04 0.000000000000000000e+00 2.120029459696974428e+00 1.124000000000000021e+01
1.008092970000000000e+08 1.000000000000000000e+00 6.500000000000000000e+01 2.928046636783999929e+03 2.967269999999999527e+03 1.188054271908026203e+04 0.000000000000000000e+00 2.120029459696974428e+00 4.557489999999999597e+00
1.008103720000000000e+08 1.000000000000000000e+00 6.600000000000000000e+01 3.001208636784000191e+03 2.922649999999999636e+03 1.188247271908026232e+04 0.000000000000000000e+00 3.971085799052278098e+00 2.400000000000000050e-02
1.008103720000000000e+08 1.000000000000000000e+00 6.600000000000000000e+01 2.999898636783999791e+03 2.921729999999999563e+03 1.187961271908026174e+04 0.000000000000000000e+00 5.616464093204934116e+00 4.169999999999999818e-01
1.008094410000000000e+08 1.000000000000000000e+00 6.600000000000000000e+01 2.993792636784000024e+03 2.915359999999999673e+03 1.187478271908026181e+04 0.000000000000000000e+00 8.067126786463392207e+00 2.400000000000000050e-02
1.008094410000000000e+08 1.000000000000000000e+00 6.600000000000000000e+01 2.993379636783999558e+03 2.910979999999999563e+03 1.187212271908026196e+04 0.000000000000000000e+00 3.314392568525693417e+00 9.199999999999999845e-02
1.008094400000000000e+08 0.000000000000000000e+00 6.500000000000000000e+01 2.995600636784000017e+03 2.900949999999999818e+03 1.186387271908026196e+04 0.000000000000000000e+00 2.202430780300999480e+00 1.078999999999999915e+01
1.008095850000000000e+08 1.000000000000000000e+00 6.500000000000000000e+01 2.999200636783999471e+03 2.917470000000000255e+03 1.185720271908026189e+04 0.000000000000000000e+00 4.897635404672083581e+00 4.169999999999999818e-01
1.008094020000000000e+08 1.000000000000000000e+00 6.600000000000000000e+01 2.998102636783999515e+03 2.930489999999999782e+03 1.184366271908026101e+04 0.000000000000000000e+00 4.594064463709364610e+00 9.199999999999999845e-02
1.008095100000000000e+08 1.000000000000000000e+00 6.600000000000000000e+01 3.004626636783999857e+03 2.925400000000000546e+03 1.183842271908026305e+04 0.000000000000000000e+00 7.743235110826232948e+00 6.099999999999999867e-02
1.008095100000000000e+08 1.000000000000000000e+00 6.600000000000000000e+01 3.007805636783999944e+03 2.927520000000000437e+03 1.183573271908026254e+04 0.000000000000000000e+00 5.376096539533920193e+00 2.400000000000000050e-02
1.008095050000000000e+08 1.000000000000000000e+00 6.500000000000000000e+01 3.009632636783999260e+03 2.934430000000000291e+03 1.183610271908026152e+04 0.000000000000000000e+00 7.154957497739545147e+00 4.169999999999999818e-01
1.008095030000000000e+08 1.000000000000000000e+00 6.500000000000000000e+01 3.024850636784000017e+03 2.934960000000000036e+03 1.182962271908026196e+04 0.000000000000000000e+00 1.929275287373849679e+00 6.099999999999999867e-02
1.008095030000000000e+08 1.000000000000000000e+00 6.500000000000000000e+01 3.024722636783999405e+03 2.937189999999999600e+03 1.183152271908026160e+04 0.000000000000000000e+00 3.315397032726271398e+00 9.199999999999999845e-02
1.008095030000000000e+08 1.000000000000000000e+00 6.500000000000000000e+01 3.023060636784000053e+03 2.938060000000000400e+03 1.183453271908026181e+04 0.000000000000000000e+00 5.241053870909582635e+00 5.000000000000000000e-01
1.008095040000000000e+08 1.000000000000000000e+00 6.500000000000000000e+01 3.020619636783999340e+03 2.935039999999999964e+03 1.183750271908026116e+04 0.000000000000000000e+00 6.913510956402752150e+00 2.400000000000000050e-02
1.008103550000000000e+08 1.000000000000000000e+00 6.500000000000000000e+01 3.018910636783999507e+03 2.926029999999999745e+03 1.184028271908026181e+04 0.000000000000000000e+00 4.804715772179460664e+00 4.169999999999999818e-01
1.008095090000000000e+08 1.000000000000000000e+00 6.600000000000000000e+01 3.016301636784000038e+03 2.924400000000000546e+03 1.183796271908026210e+04 0.000000000000000000e+00 3.828035885989257370e+00 6.099999999999999867e-02
1.008103600000000000e+08 1.000000000000000000e+00 6.600000000000000000e+01 3.011010636783999871e+03 2.926029999999999745e+03 1.184140271908026261e+04 0.000000000000000000e+00 6.968194302587708222e+00 5.000000000000000000e-01
1.008103600000000000e+08 1.000000000000000000e+00 6.600000000000000000e+01 3.011010636783999871e+03 2.926029999999999745e+03 1.184140271908026261e+04 0.000000000000000000e+00 6.968194302587708222e+00 7.088059999999999583e+00
1.008094400000000000e+08 0.000000000000000000e+00 6.500000000000000000e+01 2.995600636784000017e+03 2.900949999999999818e+03 1.186387271908026196e+04 0.000000000000000000e+00 2.202430780300999480e+00 1.290829999999999922e+00
1.008094520000000000e+08 1.000000000000000000e+00 6.500000000000000000e+01 3.025977636783999515e+03 2.886500000000000000e+03 1.190110271908026152e+04 0.000000000000000000e+00 4.013253633330501557e+00 6.935369999999999813e+00
1.008095350000000000e+08 1.000000000000000000e+00 6.600000000000000000e+01 3.037500636783999653e+03 2.850399999999999636e+03 1.191255271908026225e+04 0.000000000000000000e+00 3.771100124312689594e+00 1.078999999999999915e+01
1.008095380000000000e+08 1.000000000000000000e+00 6.500000000000000000e+01 3.042244636783999340e+03 2.849789999999999964e+03 1.191810271908026152e+04 0.000000000000000000e+00 7.956485945129014858e+00 9.199999999999999845e-02
1.008095390000000000e+08 1.000000000000000000e+00 6.500000000000000000e+01 3.052096636784000111e+03 2.850340000000000146e+03 1.192294271908026167e+04 0.000000000000000000e+00 7.480218714324486484e+00 1.339000000000000057e+01
1.008095400000000000e+08 1.000000000000000000e+00 6.500000000000000000e+01 3.062215636783999798e+03 2.854090000000000146e+03 1.192412271908026196e+04 0.000000000000000000e+00 8.244355937901795883e+00 2.400000000000000050e-02
1.008095400000000000e+08 1.000000000000000000e+00 6.500000000000000000e+01 3.062017636783999478e+03 2.853479999999999563e+03 1.192417271908026305e+04 0.000000000000000000e+00 8.352259656667149201e+00 2.400000000000000050e-02
1.008095400000000000e+08 1.000000000000000000e+00 6.500000000000000000e+01 3.058675636783999835e+03 2.852199999999999818e+03 1.192139271908026240e+04 0.000000000000000000e+00 5.663483223412439926e+00 1.000000000000000000e+01
1.008095400000000000e+08 1.000000000000000000e+00 6.500000000000000000e+01 3.058675636783999835e+03 2.852199999999999818e+03 1.192139271908026240e+04 0.000000000000000000e+00 5.663483223412439926e+00 5.118970000000000020e+00
1.008095390000000000e+08 1.000000000000000000e+00 6.500000000000000000e+01 3.052096636784000111e+03 2.850340000000000146e+03 1.192294271908026167e+04 0.000000000000000000e+00 7.480218714324486484e+00 1.835150000000000059e+00
1.008095350000000000e+08 1.000000000000000000e+00 6.600000000000000000e+01 3.037500636783999653e+03 2.850399999999999636e+03 1.191255271908026225e+04 0.000000000000000000e+00 3.771100124312689594e+00 6.641289999999999694e+00
1.016994820000000000e+08 1.000000000000000000e+00 6.600000000000000000e+01 3.128653636783999900e+03 2.625440000000000509e+03 1.180813271908026218e+04 0.000000000000000000e+00 8.403553615702570312e+00 3.229999999999999716e+01
9.628843800000000000e+07 1.000000000000000000e+00 6.500000000000000000e+01 3.330712636784000097e+03 2.596990000000000691e+03 1.149422271908026232e+04 0.000000000000000000e+00 5.601764829211920649e+00 1.605000000000000071e+01
9.628943100000000000e+07 1.000000000000000000e+00 6.500000000000000000e+01 3.366502636784000060e+03 2.607349999999999454e+03 1.146758271908026290e+04 0.000000000000000000e+00 4.281508924535409655e+00 1.605000000000000071e+01
9.629026100000000000e+07 1.000000000000000000e+00 6.600000000000000000e+01 3.426657336784000108e+03 2.618310000000000400e+03 1.141771271908026210e+04 0.000000000000000000e+00 4.256314397217582979e+00 1.339000000000000057e+01
9.628894000000000000e+07 1.000000000000000000e+00 6.500000000000000000e+01 3.462960236783999790e+03 2.618520000000000437e+03 1.138863271908026218e+04 0.000000000000000000e+00 1.357368061918766244e+00 1.339000000000000057e+01
9.629012000000000000e+07 1.000000000000000000e+00 6.600000000000000000e+01 3.548438536783999552e+03 2.605489999999999782e+03 1.136471271908026210e+04 0.000000000000000000e+00 5.866209603359356706e+00 1.339000000000000057e+01
9.629130400000000000e+07 1.000000000000000000e+00 6.600000000000000000e+01 3.561872436783999547e+03 2.602630000000000109e+03 1.136605271908026225e+04 0.000000000000000000e+00 9.642979234104275932e+00 1.339000000000000057e+01
9.629130400000000000e+07 1.000000000000000000e+00 6.600000000000000000e+01 3.559819636784000068e+03 2.603920000000000073e+03 1.136436271908026174e+04 0.000000000000000000e+00 9.364595762642476728e+00 2.400000000000000050e-02
9.629130700000000000e+07 0.000000000000000000e+00 6.600000000000000000e+01 3.542023836783999286e+03 2.605559999999999491e+03 1.137052271908026160e+04 0.000000000000000000e+00 9.033999330880823075e-01 2.400000000000000050e-02
9.629011400000000000e+07 1.000000000000000000e+00 6.500000000000000000e+01 3.549660636783999507e+03 2.601489999999999782e+03 1.139024271908026276e+04 0.000000000000000000e+00 3.089341323977906839e+00 9.199999999999999845e-02
9.629011300000000000e+07 1.000000000000000000e+00 6.500000000000000000e+01 3.544426736783999331e+03 2.601470000000000255e+03 1.138870271908026189e+04 0.000000000000000000e+00 3.901953999851193622e+00 9.199999999999999845e-02
9.629130000000000000e+07 1.000000000000000000e+00 6.600000000000000000e+01 3.547347136783999304e+03 2.579460000000000036e+03 1.137877271908026160e+04 0.000000000000000000e+00 3.091525118010213902e+00 2.400000000000000050e-02
9.629003500000000000e+07 1.000000000000000000e+00 6.500000000000000000e+01 3.546095036783999603e+03 2.572369999999999891e+03 1.137850271908026116e+04 0.000000000000000000e+00 2.597865432598357227e+00 2.400000000000000050e-02
9.629003300000000000e+07 1.000000000000000000e+00 6.600000000000000000e+01 3.530751436783999452e+03 2.581460000000000036e+03 1.139066271908026101e+04 0.000000000000000000e+00 3.730982609932175453e+00 2.400000000000000050e-02
9.629002500000000000e+07 1.000000000000000000e+00 6.600000000000000000e+01 3.530786036783999407e+03 2.575090000000000146e+03 1.140989271908026240e+04 0.000000000000000000e+00 1.175039149415139095e+00 6.099999999999999867e-02
9.629002500000000000e+07 1.000000000000000000e+00 6.600000000000000000e+01 3.528978236783999819e+03 2.569780000000000655e+03 1.141196271908026210e+04 0.000000000000000000e+00 3.106351702294937844e+00 9.199999999999999845e-02
9.629002600000000000e+07 0.000000000000000000e+00 6.500000000000000000e+01 3.539908936783999707e+03 2.576409999999999854e+03 1.141195271908026189e+04 0.000000000000000000e+00 2.930379496614748724e+00 9.199999999999999845e-02
9.629002800000000000e+07 1.000000000000000000e+00 6.500000000000000000e+01 3.531861136783999427e+03 2.582289999999999964e+03 1.139887271908026196e+04 0.000000000000000000e+00 2.439739116310037925e+00 9.199999999999999845e-02
9.629002800000000000e+07 1.000000000000000000e+00 6.500000000000000000e+01 3.530183236783999746e+03 2.586250000000000909e+03 1.139503271908026181e+04 0.000000000000000000e+00 5.975893486204931548e+00 1.000000000000000021e-02
9.629002300000000000e+07 1.000000000000000000e+00 6.600000000000000000e+01 3.520628436783999859e+03 2.591300000000000182e+03 1.140928271908026181e+04 0.000000000000000000e+00 9.952209846431788520e+00 9.199999999999999845e-02
9.629128500000000000e+07 1.000000000000000000e+00 6.500000000000000000e+01 3.513863736784000139e+03 2.597349999999999454e+03 1.143368271908026145e+04 0.000000000000000000e+00 1.819729541337917533e+00 9.199999999999999845e-02
9.629128400000000000e+07 0.000000000000000000e+00 6.500000000000000000e+01 3.517120336783999846e+03 2.597610000000000582e+03 1.144085271908026152e+04 0.000000000000000000e+00 7.223381964239230513e-01 2.039999999999999869e-01
9.629143400000000000e+07 1.000000000000000000e+00 6.600000000000000000e+01 3.509404836783999599e+03 2.602000000000000000e+03 1.144347271908026232e+04 0.000000000000000000e+00 1.407720602491314477e+00 2.400000000000000050e-02
9.629143400000000000e+07 1.000000000000000000e+00 6.600000000000000000e+01 3.509609836783999526e+03 2.601789999999999964e+03 1.144316271908026101e+04 0.000000000000000000e+00 1.223375063646710670e+00 6.099999999999999867e-02
9.629009900000000000e+07 1.000000000000000000e+00 6.600000000000000000e+01 3.521463936783999998e+03 2.613059999999999491e+03 1.143800271908026116e+04 0.000000000000000000e+00 7.015324549380272945e-01 9.199999999999999845e-02
9.629143200000000000e+07 0.000000000000000000e+00 6.500000000000000000e+01 3.508257336783999563e+03 2.607119999999999891e+03 1.143302271908026160e+04 0.000000000000000000e+00 2.441812499389771074e-01 9.199999999999999845e-02
9.629017100000000000e+07 1.000000000000000000e+00 6.600000000000000000e+01 3.489125536783999451e+03 2.606290000000000873e+03 1.143170271908026189e+04 0.000000000000000000e+00 7.893844491534375285e-01 6.099999999999999867e-02
9.629009000000000000e+07 1.000000000000000000e+00 6.600000000000000000e+01 3.491981636783999420e+03 2.604929999999999382e+03 1.143472271908026232e+04 0.000000000000000000e+00 1.351192560644993268e+00 6.099999999999999867e-02
9.629008900000000000e+07 1.000000000000000000e+00 6.600000000000000000e+01 3.489701736783999877e+03 2.598230000000000473e+03 1.143521271908026210e+04 0.000000000000000000e+00 2.289810094091352666e-01 6.099999999999999867e-02
9.629142900000000000e+07 1.000000000000000000e+00 6.500000000000000000e+01 3.494358936783999525e+03 2.607899999999999636e+03 1.142761271908026174e+04 0.000000000000000000e+00 1.242117099633705868e+00 2.039999999999999869e-01
9.629008800000000000e+07 1.000000000000000000e+00 6.500000000000000000e+01 3.493795736783999928e+03 2.610350000000000364e+03 1.142367271908026305e+04 0.000000000000000000e+00 3.253539244758829163e+00 9.199999999999999845e-02
9.629143200000000000e+07 1.000000000000000000e+00 6.600000000000000000e+01 3.502945736783999564e+03 2.594829999999999927e+03 1.142474271908026276e+04 0.000000000000000000e+00 2.070741039085161717e+00 9.199999999999999845e-02
9.629135100000000000e+07 1.000000000000000000e+00 6.500000000000000000e+01 3.505810036783999749e+03 2.587050000000000182e+03 1.142533271908026290e+04 0.000000000000000000e+00 3.394788662832188386e+00 2.039999999999999869e-01
9.629016300000000000e+07 1.000000000000000000e+00 6.600000000000000000e+01 3.507781936783999299e+03 2.589180000000000291e+03 1.143333271908026290e+04 0.000000000000000000e+00 2.447998366257323255e+00 9.199999999999999845e-02
9.629002400000000000e+07 1.000000000000000000e+00 6.600000000000000000e+01 3.522270036783999785e+03 2.580810000000000400e+03 1.140641271908026101e+04 0.000000000000000000e+00 6.550448771838675022e+00 2.400000000000000050e-02
9.629135400000000000e+07 1.000000000000000000e+00 6.500000000000000000e+01 3.517221936783999809e+03 2.581159999999999854e+03 1.140944271908026167e+04 0.000000000000000000e+00 6.171977810941513987e+00 8.511200000000000543e+00
9.629130500000000000e+07 1.000000000000000000e+00 6.600000000000000000e+01 3.551824836783999672e+03 2.607409999999999854e+03 1.137540271908026261e+04 0.000000000000000000e+00 1.219987067486346222e+00 9.199999999999999845e-02
9.629130800000000000e+07 1.000000000000000000e+00 6.500000000000000000e+01 3.548218736783999702e+03 2.613679999999999382e+03 1.136186271908026174e+04 0.000000000000000000e+00 6.644695032184565697e+00 2.400000000000000050e-02
9.629130900000000000e+07 1.000000000000000000e+00 6.500000000000000000e+01 3.540598336783999912e+03 2.612050000000000182e+03 1.135524271908026276e+04 0.000000000000000000e+00 2.697060554344342442e+00 2.400000000000000050e-02
9.629131500000000000e+07 1.000000000000000000e+00 6.600000000000000000e+01 3.524148536783999589e+03 2.621630000000000109e+03 1.135536271908026174e+04 0.000000000000000000e+00 4.812901688169147540e+00 2.400000000000000050e-02
9.629131000000000000e+07 1.000000000000000000e+00 6.500000000000000000e+01 3.533212936783999794e+03 2.615500000000000000e+03 1.135607271908026087e+04 0.000000000000000000e+00 6.270366499633917456e+00 9.199999999999999845e-02
9.629131000000000000e+07 1.000000000000000000e+00 6.500000000000000000e+01 3.539715636783999798e+03 2.616410000000000764e+03 1.136957271908026087e+04 0.000000000000000000e+00 5.702551439799520061e+00 9.199999999999999845e-02
9.629011700000000000e+07 1.000000000000000000e+00 6.500000000000000000e+01 3.537609036783999727e+03 2.619210000000000036e+03 1.137123271908026254e+04 0.000000000000000000e+00 7.471144825112773447e+00 9.199999999999999845e-02
9.629131000000000000e+07 1.000000000000000000e+00 6.500000000000000000e+01 3.535259936783999365e+03 2.613460000000000036e+03 1.136952271908026160e+04 0.000000000000000000e+00 3.552124897663191838e+00 9.199999999999999845e-02
9.629012100000000000e+07 0.000000000000000000e+00 6.600000000000000000e+01 3.532201436783999270e+03 2.604789999999999964e+03 1.136858271908026290e+04 0.000000000000000000e+00 3.439136000515917058e+00 9.199999999999999845e-02
9.629011900000000000e+07 0.000000000000000000e+00 6.600000000000000000e+01 3.538876936783999554e+03 2.598700000000000728e+03 1.137309271908026130e+04 0.000000000000000000e+00 1.572425832378547605e+00 2.400000000000000050e-02
9.629011800000000000e+07 0.000000000000000000e+00 6.600000000000000000e+01 3.541355636784000126e+03 2.599409999999999854e+03 1.137284271908026130e+04 0.000000000000000000e+00 1.460520590474370550e+00 9.199999999999999845e-02
9.629011800000000000e+07 0.000000000000000000e+00 6.600000000000000000e+01 3.544099136783999711e+03 2.599680000000000291e+03 1.137479271908026203e+04 0.000000000000000000e+00 2.700457941170512743e+00 2.400000000000000050e-02
9.629130200000000000e+07 0.000000000000000000e+00 6.500000000000000000e+01 3.549663236783999309e+03 2.593559999999999491e+03 1.137753271908026181e+04 0.000000000000000000e+00 2.372241450029425547e+00 9.199999999999999845e-02
9.629130300000000000e+07 1.000000000000000000e+00 6.500000000000000000e+01 3.547494836783999745e+03 2.589760000000000218e+03 1.137560271908026152e+04 0.000000000000000000e+00 3.408352919285308591e+00 9.199999999999999845e-02
9.629130300000000000e+07 1.000000000000000000e+00 6.500000000000000000e+01 3.545842936783999903e+03 2.587350000000000364e+03 1.137392271908026305e+04 0.000000000000000000e+00 3.727970444590078980e+00 9.199999999999999845e-02
9.629130500000000000e+07 1.000000000000000000e+00 6.500000000000000000e+01 3.540054736783999942e+03 2.587089999999999236e+03 1.136305271908026225e+04 0.000000000000000000e+00 1.256994624075341127e+00 6.099999999999999867e-02
9.629130900000000000e+07 1.000000000000000000e+00 6.600000000000000000e+01 3.532282236783999906e+03 2.594650000000000546e+03 1.135987271908026196e+04 0.000000000000000000e+00 2.275258212422237580e+00 6.099999999999999867e-02
9.629131000000000000e+07 1.000000000000000000e+00 6.600000000000000000e+01 3.530768536783999480e+03 2.595649999999999636e+03 1.135919271908026167e+04 0.000000000000000000e+00 1.665125007046495575e+00 9.199999999999999845e-02
9.629131300000000000e+07 1.000000000000000000e+00 6.500000000000000000e+01 3.526619136783999238e+03 2.598399999999999636e+03 1.135734271908026130e+04 0.000000000000000000e+00 2.891178289070390761e+00 2.400000000000000050e-02
9.629131200000000000e+07 0.000000000000000000e+00 6.500000000000000000e+01 3.528780736783999600e+03 2.606089999999999236e+03 1.135731271908026247e+04 0.000000000000000000e+00 8.114705695705050070e-01 9.199999999999999845e-02
9.629131700000000000e+07 1.000000000000000000e+00 6.600000000000000000e+01 3.515539136783999311e+03 2.609079999999999927e+03 1.135626271908026320e+04 0.000000000000000000e+00 1.473789570626863332e+00 2.400000000000000050e-02
9.629131600000000000e+07 1.000000000000000000e+00 6.600000000000000000e+01 3.524828536783999880e+03 2.615970000000000255e+03 1.135848271908026072e+04 0.000000000000000000e+00 4.099306593079802497e+00 9.199999999999999845e-02
9.629131600000000000e+07 1.000000000000000000e+00 6.600000000000000000e+01 3.522871936783999445e+03 2.616460000000000036e+03 1.135796271908026210e+04 0.000000000000000000e+00 2.451386521428792875e+00 9.199999999999999845e-02
9.629131600000000000e+07 1.000000000000000000e+00 6.600000000000000000e+01 3.522036136783999609e+03 2.618090000000000146e+03 1.135750271908026116e+04 0.000000000000000000e+00 3.068165464161124234e+00 6.099999999999999867e-02
9.629012000000000000e+07 1.000000000000000000e+00 6.600000000000000000e+01 3.548438536783999552e+03 2.605489999999999782e+03 1.136471271908026210e+04 0.000000000000000000e+00 5.866209603359356706e+00 5.580619999999999692e+00
9.628894100000000000e+07 1.000000000000000000e+00 6.500000000000000000e+01 3.467795346783999776e+03 2.627860000000000582e+03 1.138573271908026072e+04 0.000000000000000000e+00 7.390209812930111921e-01 2.400000000000000050e-02
9.628894200000000000e+07 1.000000000000000000e+00 6.500000000000000000e+01 3.468778646783999648e+03 2.634430000000000291e+03 1.138499271908026276e+04 0.000000000000000000e+00 3.084264677593621773e+00 9.199999999999999845e-02
9.628894200000000000e+07 1.000000000000000000e+00 6.500000000000000000e+01 3.468855006783999670e+03 2.634260000000000218e+03 1.138533271908026290e+04 0.000000000000000000e+00 3.459646837826720667e+00 2.400000000000000050e-02
9.628894200000000000e+07 1.000000000000000000e+00 6.500000000000000000e+01 3.468782026783999754e+03 2.634360000000000582e+03 1.138531271908026247e+04 0.000000000000000000e+00 3.389878011002492197e+00 2.400000000000000050e-02
9.628894400000000000e+07 1.000000000000000000e+00 6.500000000000000000e+01 3.461466036783999698e+03 2.639069999999999709e+03 1.137441271908026101e+04 0.000000000000000000e+00 2.400588295627177349e+00 9.199999999999999845e-02
9.628894400000000000e+07 1.000000000000000000e+00 6.500000000000000000e+01 3.460757536783999967e+03 2.639079999999999927e+03 1.137451271908026320e+04 0.000000000000000000e+00 2.542338020057787418e+00 2.039999999999999869e-01
9.628894400000000000e+07 1.000000000000000000e+00 6.500000000000000000e+01 3.460276036784000098e+03 2.637090000000000146e+03 1.137837271908026196e+04 0.000000000000000000e+00 2.331122003398451881e+00 2.039999999999999869e-01
9.628894300000000000e+07 0.000000000000000000e+00 6.500000000000000000e+01 3.463240536783999232e+03 2.632180000000000291e+03 1.137998271908026072e+04 0.000000000000000000e+00 1.694245556936632147e+00 4.169999999999999818e-01
9.628894100000000000e+07 0.000000000000000000e+00 6.500000000000000000e+01 3.465552336783999635e+03 2.627970000000000255e+03 1.138590271908026261e+04 0.000000000000000000e+00 4.584874368995267568e-01 1.078999999999999915e+01
9.628894100000000000e+07 0.000000000000000000e+00 6.500000000000000000e+01 3.465552336783999635e+03 2.627970000000000255e+03 1.138590271908026261e+04 0.000000000000000000e+00 4.584874368995267568e-01 1.453000000000000069e+00
9.628894100000000000e+07 0.000000000000000000e+00 6.500000000000000000e+01 3.465552336783999635e+03 2.627970000000000255e+03 1.138590271908026261e+04 0.000000000000000000e+00 4.584874368995267568e-01 4.728109999999999813e-01
9.629025700000000000e+07 1.000000000000000000e+00 6.500000000000000000e+01 3.419303636783999536e+03 2.628020000000000437e+03 1.141759271908026130e+04 0.000000000000000000e+00 2.481524724677428573e+00 6.099999999999999867e-02
9.629025700000000000e+07 1.000000000000000000e+00 6.500000000000000000e+01 3.419272536783999385e+03 2.628039999999999964e+03 1.141758271908026290e+04 0.000000000000000000e+00 2.489260817918116597e+00 6.099999999999999867e-02
9.629025800000000000e+07 0.000000000000000000e+00 6.500000000000000000e+01 3.423310336783999446e+03 2.630489999999999782e+03 1.141385271908026152e+04 0.000000000000000000e+00 4.531856249813963067e-01 1.078999999999999915e+01
9.629025700000000000e+07 1.000000000000000000e+00 6.600000000000000000e+01 3.428674436784000136e+03 2.639449999999999818e+03 1.140506271908026247e+04 0.000000000000000000e+00 7.808992236270595022e+00 2.400000000000000050e-02
9.629025800000000000e+07 0.000000000000000000e+00 6.500000000000000000e+01 3.423310336783999446e+03 2.630489999999999782e+03 1.141385271908026152e+04 0.000000000000000000e+00 4.531856249813963067e-01 1.546839999999999993e+00
9.628843900000000000e+07 1.000000000000000000e+00 6.500000000000000000e+01 3.329308636783999646e+03 2.599590000000000146e+03 1.149633271908026290e+04 0.000000000000000000e+00 3.078765465599078155e+00 9.199999999999999845e-02
9.628751500000000000e+07 0.000000000000000000e+00 6.600000000000000000e+01 3.317128636783999355e+03 2.594199999999999818e+03 1.151716271908026101e+04 0.000000000000000000e+00 1.761252799025135873e+00 2.400000000000000050e-02
9.628751200000000000e+07 1.000000000000000000e+00 6.500000000000000000e+01 3.308924636783999631e+03 2.593489999999999782e+03 1.153375271908026116e+04 0.000000000000000000e+00 5.260779391223994850e+00 9.199999999999999845e-02
9.628850500000000000e+07 1.000000000000000000e+00 6.500000000000000000e+01 3.307708636783999282e+03 2.600829999999999927e+03 1.153705271908026225e+04 0.000000000000000000e+00 2.459154920314025272e+00 2.039999999999999869e-01
9.628850500000000000e+07 1.000000000000000000e+00 6.500000000000000000e+01 3.309403636783999900e+03 2.600319999999999709e+03 1.153817271908026305e+04 0.000000000000000000e+00 2.637970640412716339e+00 2.400000000000000050e-02
9.628850600000000000e+07 0.000000000000000000e+00 6.600000000000000000e+01 3.315276636783999493e+03 2.610849999999999454e+03 1.154193271908026145e+04 0.000000000000000000e+00 3.720896163991785688e+00 1.078999999999999915e+01
9.628850600000000000e+07 0.000000000000000000e+00 6.600000000000000000e+01 3.315276636783999493e+03 2.610849999999999454e+03 1.154193271908026145e+04 0.000000000000000000e+00 3.720896163991785688e+00 2.894340000000000135e+00
9.628850600000000000e+07 0.000000000000000000e+00 6.600000000000000000e+01 3.315276636783999493e+03 2.610849999999999454e+03 1.154193271908026145e+04 0.000000000000000000e+00 3.720896163991785688e+00 9.197410000000000307e-01
1.017002880000000000e+08 1.000000000000000000e+00 6.500000000000000000e+01 3.114528636783999900e+03 2.633319999999999709e+03 1.181192271908026305e+04 0.000000000000000000e+00 5.445628819891938477e+00 6.099999999999999867e-02
1.017002880000000000e+08 1.000000000000000000e+00 6.500000000000000000e+01 3.112140636783999980e+03 2.633250000000000000e+03 1.181456271908026247e+04 0.000000000000000000e+00 7.917177900453665096e+00 1.078999999999999915e+01
1.016992300000000000e+08 1.000000000000000000e+00 6.600000000000000000e+01 3.096388636783999573e+03 2.632699999999999818e+03 1.182598271908026254e+04 0.000000000000000000e+00 7.900633818588675972e+00 1.078999999999999915e+01
1.016992300000000000e+08 1.000000000000000000e+00 6.600000000000000000e+01 3.096388636783999573e+03 2.632699999999999818e+03 1.182598271908026254e+04 0.000000000000000000e+00 7.900633818588675972e+00 5.928029999999999688e+00
1.016992300000000000e+08 1.000000000000000000e+00 6.600000000000000000e+01 3.096388636783999573e+03 2.632699999999999818e+03 1.182598271908026254e+04 0.000000000000000000e+00 7.900633818588675972e+00 2.017119999999999802e+00
1.016994830000000000e+08 1.000000000000000000e+00 6.600000000000000000e+01 3.125963636783999391e+03 2.634470000000000255e+03 1.181294271908026167e+04 0.000000000000000000e+00 2.770535454630777217e+00 2.400000000000000050e-02
1.017002870000000000e+08 1.000000000000000000e+00 6.500000000000000000e+01 3.113662636783999915e+03 2.632230000000000473e+03 1.180784271908026130e+04 0.000000000000000000e+00 3.959785122280671477e+00 1.078999999999999915e+01
1.017002870000000000e+08 1.000000000000000000e+00 6.500000000000000000e+01 3.113662636783999915e+03 2.632230000000000473e+03 1.180784271908026130e+04 0.000000000000000000e+00 3.959785122280671477e+00 2.755469999999999864e+00
1.017002870000000000e+08 1.000000000000000000e+00 6.500000000000000000e+01 3.113662636783999915e+03 2.632230000000000473e+03 1.180784271908026130e+04 0.000000000000000000e+00 3.959785122280671477e+00 1.118139999999999912e+00
1.016994850000000000e+08 1.000000000000000000e+00 6.500000000000000000e+01 3.119094636783999704e+03 2.648189999999999600e+03 1.183448271908026254e+04 0.000000000000000000e+00 6.143287702430301422e+00 2.400000000000000050e-02
1.016994850000000000e+08 1.000000000000000000e+00 6.500000000000000000e+01 3.118924636783999631e+03 2.649250000000000000e+03 1.183674271908026276e+04 0.000000000000000000e+00 8.064782175053535340e+00 9.199999999999999845e-02
1.016993820000000000e+08 1.000000000000000000e+00 6.600000000000000000e+01 3.110895636784000089e+03 2.648489999999999782e+03 1.184414271908026240e+04 0.000000000000000000e+00 6.965471849716800001e+00 9.199999999999999845e-02
1.016995680000000000e+08 1.000000000000000000e+00 6.600000000000000000e+01 3.109720636783999907e+03 2.656300000000000182e+03 1.183564271908026240e+04 0.000000000000000000e+00 7.142098298694106617e+00 9.199999999999999845e-02
1.016995680000000000e+08 1.000000000000000000e+00 6.600000000000000000e+01 3.109720636783999907e+03 2.656300000000000182e+03 1.183564271908026240e+04 0.000000000000000000e+00 7.142098298694106617e+00 7.376689999999999969e+00
1.019733130000000000e+08 1.000000000000000000e+00 6.500000000000000000e+01 3.146637636783999369e+03 2.595019999999999527e+03 1.213800871908026238e+04 0.000000000000000000e+00 1.338511613476404349e+00 4.533400000000000318e+00
1.019734330000000000e+08 1.000000000000000000e+00 6.600000000000000000e+01 3.144735636783999325e+03 2.530159999999999854e+03 1.224844271908026167e+04 0.000000000000000000e+00 3.000891597090323604e+00 2.400000000000000050e-02
1.019725260000000000e+08 1.000000000000000000e+00 6.500000000000000000e+01 3.158831636783999784e+03 2.535819999999999709e+03 1.225067471908026164e+04 0.000000000000000000e+00 1.442119357661344914e+00 8.220000000000000639e+00
1.019725260000000000e+08 1.000000000000000000e+00 6.500000000000000000e+01 3.158831636783999784e+03 2.535819999999999709e+03 1.225067471908026164e+04 0.000000000000000000e+00 1.442119357661344914e+00 5.697510000000000296e+00
1.076166500000000000e+08 1.000000000000000000e+00 6.500000000000000000e+01 3.245457636783999988e+03 1.741350000000000364e+03 1.274236471908026215e+04 0.000000000000000000e+00 8.650833488050770015e+00 9.199999999999999845e-02
1.076166490000000000e+08 1.000000000000000000e+00 6.500000000000000000e+01 3.245816636783999456e+03 1.739680000000000291e+03 1.274281071908026206e+04 0.000000000000000000e+00 7.113358322082740770e+00 2.400000000000000050e-02
1.123895580000000000e+08 1.000000000000000000e+00 6.500000000000000000e+01 8.859328636784000992e+03 4.444319999999999709e+03 1.306145901908026281e+04 1.000000000000000000e+00 8.395076923490589760e-01 2.520000000000000000e+02
1.133194260000000000e+08 1.000000000000000000e+00 6.600000000000000000e+01 4.041065636784000162e+03 2.087619999999999891e+03 1.357265671908026161e+04 1.000000000000000000e+00 5.174421772836008682e-01 2.520000000000000000e+02
1.179603400000000000e+08 1.000000000000000000e+00 6.500000000000000000e+01 7.073628636784000264e+03 4.413610000000000582e+03 1.388699471908026135e+04 1.000000000000000000e+00 8.332771770406186551e-01 2.520000000000000000e+02
1.179593920000000000e+08 0.000000000000000000e+00 6.600000000000000000e+01 7.190568636783998954e+03 4.399430000000000291e+03 1.390463071908026177e+04 1.000000000000000000e+00 2.855983139803679460e+00 2.520000000000000000e+02
1.123896150000000000e+08 0.000000000000000000e+00 6.600000000000000000e+01 8.814948636783999973e+03 4.422609999999999673e+03 1.308226371908026158e+04 1.000000000000000000e+00 1.946473954094511738e+00 2.520000000000000000e+02
1.178915200000000000e+08 0.000000000000000000e+00 6.600000000000000000e+01 5.010798636784000337e+03 3.153900000000000546e+03 1.392047071908026192e+04 1.000000000000000000e+00 2.422935336496069514e+00 2.520000000000000000e+02
