7.945378000000000000e+07 1.000000000000000000e+00 6.600000000000000000e+01 6.433460000000000036e+03 1.442313700311679895e+03 9.360590117869014648e+03 0.000000000000000000e+00 8.058973880584105132e+00 1.078999999999999915e+01
7.945378900000000000e+07 1.000000000000000000e+00 6.600000000000000000e+01 6.443710000000000036e+03 1.442005700311679902e+03 9.371680117869014794e+03 0.000000000000000000e+00 2.690930034588068676e+00 1.078999999999999915e+01
7.945295500000000000e+07 1.000000000000000000e+00 6.500000000000000000e+01 6.526162000000000262e+03 1.440232700311679764e+03 9.460757517869014919e+03 0.000000000000000000e+00 3.380081168511809953e+00 3.229999999999999716e+01
9.531391000000000000e+07 1.000000000000000000e+00 6.500000000000000000e+01 6.721273000000000138e+03 2.867055700311679175e+03 1.105194551786901502e+04 0.000000000000000000e+00 7.003935853690409274e+00 1.605000000000000071e+01
9.132225200000000000e+07 1.000000000000000000e+00 6.500000000000000000e+01 6.539202000000000226e+03 3.317596700311680252e+03 1.092465551786901415e+04 0.000000000000000000e+00 8.653135871826233227e+00 1.078999999999999915e+01
9.132332800000000000e+07 0.000000000000000000e+00 6.500000000000000000e+01 6.506025999999999840e+03 3.407176700311680179e+03 1.089661551786901509e+04 0.000000000000000000e+00 3.695418321682217400e+00 1.605000000000000071e+01
9.529340000000000000e+07 1.000000000000000000e+00 6.500000000000000000e+01 6.355110000000000582e+03 3.929576700311679815e+03 1.105722551786901568e+04 0.000000000000000000e+00 9.295904914975903210e+00 1.339000000000000057e+01
9.529176500000000000e+07 1.000000000000000000e+00 6.500000000000000000e+01 6.299750000000000000e+03 3.993446700311680615e+03 1.116118551786901480e+04 0.000000000000000000e+00 6.005633336575536774e+00 1.339000000000000057e+01
9.698790500000000000e+07 1.000000000000000000e+00 6.600000000000000000e+01 6.401479999999999563e+03 4.209776700311680543e+03 1.138026551786901473e+04 0.000000000000000000e+00 4.618642779081262972e+00 1.605000000000000071e+01
9.698940500000000000e+07 1.000000000000000000e+00 6.600000000000000000e+01 6.420100000000000364e+03 4.395066700311679597e+03 1.139741551786901437e+04 0.000000000000000000e+00 8.915114708776524566e+00 9.199999999999999845e-02
9.698926000000000000e+07 1.000000000000000000e+00 6.600000000000000000e+01 6.418909999999999854e+03 4.388116700311678869e+03 1.139152551786901495e+04 0.000000000000000000e+00 7.296256418595629789e+00 9.199999999999999845e-02
9.698926000000000000e+07 1.000000000000000000e+00 6.600000000000000000e+01 6.419550000000000182e+03 4.385756700311680106e+03 1.138985551786901488e+04 0.000000000000000000e+00 6.408199635800491123e+00 2.400000000000000050e-02
9.698940500000000000e+07 1.000000000000000000e+00 6.600000000000000000e+01 6.418380000000000109e+03 4.393726700311679451e+03 1.140028551786901517e+04 0.000000000000000000e+00 6.029975787968249179e+00 1.078999999999999915e+01
9.698940500000000000e+07 1.000000000000000000e+00 6.600000000000000000e+01 6.418380000000000109e+03 4.393726700311679451e+03 1.140028551786901517e+04 0.000000000000000000e+00 6.029975787968249179e+00 2.299799999999999844e+00
9.698940500000000000e+07 1.000000000000000000e+00 6.600000000000000000e+01 6.418380000000000109e+03 4.393726700311679451e+03 1.140028551786901517e+04 0.000000000000000000e+00 6.029975787968249179e+00 2.196680000000000188e+00
9.698925700000000000e+07 1.000000000000000000e+00 6.500000000000000000e+01 6.408809999999999491e+03 4.385296700311679160e+03 1.138690551786901597e+04 0.000000000000000000e+00 8.062033512541507463e+00 9.199999999999999845e-02
9.698925700000000000e+07 1.000000000000000000e+00 6.500000000000000000e+01 6.410590000000000146e+03 4.388576700311679815e+03 1.138549551786901429e+04 0.000000000000000000e+00 9.911576060918083186e+00 1.078999999999999915e+01
9.698925700000000000e+07 1.000000000000000000e+00 6.500000000000000000e+01 6.410590000000000146e+03 4.388576700311679815e+03 1.138549551786901429e+04 0.000000000000000000e+00 9.911576060918083186e+00 6.459120000000000417e+00
9.698925700000000000e+07 1.000000000000000000e+00 6.500000000000000000e+01 6.410590000000000146e+03 4.388576700311679815e+03 1.138549551786901429e+04 0.000000000000000000e+00 9.911576060918083186e+00 1.006429999999999936e+00
9.698926100000000000e+07 1.000000000000000000e+00 6.600000000000000000e+01 6.411050000000000182e+03 4.373176700311680179e+03 1.138645551786901524e+04 0.000000000000000000e+00 7.900797403630586579e+00 2.400000000000000050e-02
9.698926500000000000e+07 1.000000000000000000e+00 6.500000000000000000e+01 6.428609999999999673e+03 4.366196700311680615e+03 1.139854551786901538e+04 0.000000000000000000e+00 6.431282511930547230e+00 6.099999999999999867e-02
9.698926500000000000e+07 1.000000000000000000e+00 6.500000000000000000e+01 6.429210000000000036e+03 4.366266700311680324e+03 1.139853551786901517e+04 0.000000000000000000e+00 6.951039378000939628e+00 4.169999999999999818e-01
9.698895300000000000e+07 1.000000000000000000e+00 6.500000000000000000e+01 6.419489999999999782e+03 4.325666700311679961e+03 1.137935551786901488e+04 0.000000000000000000e+00 7.045493274653686910e+00 6.099999999999999867e-02
9.698895300000000000e+07 0.000000000000000000e+00 6.500000000000000000e+01 6.404460000000000036e+03 4.324806700311679379e+03 1.138371551786901364e+04 0.000000000000000000e+00 2.492831429722550229e+00 2.400000000000000050e-02
9.698895300000000000e+07 0.000000000000000000e+00 6.500000000000000000e+01 6.404310000000000400e+03 4.325086700311680033e+03 1.138379551786901538e+04 0.000000000000000000e+00 2.802078080746187361e+00 9.199999999999999845e-02
9.698895400000000000e+07 0.000000000000000000e+00 6.500000000000000000e+01 6.404010000000000218e+03 4.324006700311680106e+03 1.138874551786901429e+04 0.000000000000000000e+00 3.926008734232985908e+00 9.199999999999999845e-02
9.698895400000000000e+07 0.000000000000000000e+00 6.500000000000000000e+01 6.408100000000000364e+03 4.321836700311680033e+03 1.138668551786901480e+04 0.000000000000000000e+00 9.392338940131067515e-01 4.169999999999999818e-01
9.698895600000000000e+07 1.000000000000000000e+00 6.600000000000000000e+01 6.398579999999999927e+03 4.324656700311679742e+03 1.139701551786901473e+04 0.000000000000000000e+00 4.009542246042236080e+00 6.099999999999999867e-02
9.698895600000000000e+07 1.000000000000000000e+00 6.600000000000000000e+01 6.398860000000000582e+03 4.324936700311680397e+03 1.139736551786901509e+04 0.000000000000000000e+00 4.201603468397536290e+00 9.199999999999999845e-02
9.698895600000000000e+07 1.000000000000000000e+00 6.600000000000000000e+01 6.396229999999999563e+03 4.328406700311679742e+03 1.139920551786901524e+04 0.000000000000000000e+00 8.431427377774982190e+00 8.349999999999999645e-01
9.699030300000000000e+07 1.000000000000000000e+00 6.600000000000000000e+01 6.387539999999999964e+03 4.331626700311680906e+03 1.139507551786901422e+04 0.000000000000000000e+00 6.992641198743648090e+00 9.199999999999999845e-02
9.699030200000000000e+07 1.000000000000000000e+00 6.600000000000000000e+01 6.387119999999999891e+03 4.332206700311679015e+03 1.139387551786901531e+04 0.000000000000000000e+00 7.438986011099047779e+00 4.169999999999999818e-01
9.699030200000000000e+07 1.000000000000000000e+00 6.600000000000000000e+01 6.383699999999999818e+03 4.336726700311679451e+03 1.138869551786901502e+04 0.000000000000000000e+00 5.540989103010780070e+00 9.199999999999999845e-02
9.699030200000000000e+07 1.000000000000000000e+00 6.600000000000000000e+01 6.383500000000000000e+03 4.337026700311680543e+03 1.138877551786901495e+04 0.000000000000000000e+00 5.639531832142241186e+00 2.400000000000000050e-02
9.699030200000000000e+07 1.000000000000000000e+00 6.600000000000000000e+01 6.381809999999999491e+03 4.328556700311679379e+03 1.138581551786901582e+04 0.000000000000000000e+00 6.170797535270829748e+00 2.400000000000000050e-02
9.699030100000000000e+07 1.000000000000000000e+00 6.600000000000000000e+01 6.380460000000000036e+03 4.327386700311679306e+03 1.138533551786901444e+04 0.000000000000000000e+00 6.082267441055603463e+00 9.199999999999999845e-02
9.699029600000000000e+07 1.000000000000000000e+00 6.500000000000000000e+01 6.377430000000000291e+03 4.330986700311679670e+03 1.138151551786901473e+04 0.000000000000000000e+00 5.525446371376195209e+00 9.199999999999999845e-02
9.699029600000000000e+07 1.000000000000000000e+00 6.500000000000000000e+01 6.380079999999999927e+03 4.325876700311679087e+03 1.137326551786901473e+04 0.000000000000000000e+00 3.688619278440343763e+00 2.400000000000000050e-02
9.698894300000000000e+07 1.000000000000000000e+00 6.600000000000000000e+01 6.387569999999999709e+03 4.324096700311680252e+03 1.136081551786901582e+04 0.000000000000000000e+00 7.111577494546470035e+00 9.199999999999999845e-02
9.699029000000000000e+07 1.000000000000000000e+00 6.600000000000000000e+01 6.367670000000000073e+03 4.310326700311679815e+03 1.137232551786901422e+04 0.000000000000000000e+00 1.279947045635999148e+00 9.199999999999999845e-02
9.699028900000000000e+07 0.000000000000000000e+00 6.600000000000000000e+01 6.370819999999999709e+03 4.307766700311680324e+03 1.136862551786901531e+04 0.000000000000000000e+00 2.169432816023773913e+00 6.099999999999999867e-02
9.699028900000000000e+07 0.000000000000000000e+00 6.600000000000000000e+01 6.370819999999999709e+03 4.307766700311680324e+03 1.136862551786901531e+04 0.000000000000000000e+00 2.169432816023773913e+00 7.375339999999999563e+00
9.698926200000000000e+07 1.000000000000000000e+00 6.600000000000000000e+01 6.404449999999999818e+03 4.363246700311679888e+03 1.139429551786901538e+04 0.000000000000000000e+00 7.280199758660161891e+00 6.099999999999999867e-02
9.699022300000000000e+07 1.000000000000000000e+00 6.600000000000000000e+01 6.384190000000000509e+03 4.359556700311679379e+03 1.138757551786901422e+04 0.000000000000000000e+00 8.560915522337984029e+00 9.199999999999999845e-02
9.699022300000000000e+07 1.000000000000000000e+00 6.500000000000000000e+01 6.360949999999999818e+03 4.349386700311679306e+03 1.138754551786901538e+04 0.000000000000000000e+00 3.113492461740511086e+00 9.199999999999999845e-02
9.699022300000000000e+07 1.000000000000000000e+00 6.500000000000000000e+01 6.361539999999999964e+03 4.349226700311679451e+03 1.138750551786901451e+04 0.000000000000000000e+00 3.019954267875692988e+00 2.039999999999999869e-01
9.699022200000000000e+07 1.000000000000000000e+00 6.500000000000000000e+01 6.364860000000000582e+03 4.348316700311679597e+03 1.138729551786901538e+04 0.000000000000000000e+00 1.699772812429714453e+00 9.199999999999999845e-02
9.699022000000000000e+07 1.000000000000000000e+00 6.500000000000000000e+01 6.376100000000000364e+03 4.347346700311680252e+03 1.138931551786901582e+04 0.000000000000000000e+00 4.162473770796816019e+00 2.400000000000000050e-02
9.699022000000000000e+07 1.000000000000000000e+00 6.500000000000000000e+01 6.381590000000000146e+03 4.352196700311680615e+03 1.138505551786901378e+04 0.000000000000000000e+00 5.128547968573850646e+00 6.099999999999999867e-02
9.699021900000000000e+07 1.000000000000000000e+00 6.500000000000000000e+01 6.388149999999999636e+03 4.350016700311680324e+03 1.138016551786901437e+04 0.000000000000000000e+00 7.557778885682152392e+00 9.199999999999999845e-02
9.699021800000000000e+07 1.000000000000000000e+00 6.500000000000000000e+01 6.387289999999999964e+03 4.358826700311679815e+03 1.137152551786901495e+04 0.000000000000000000e+00 4.632759519930530701e+00 9.199999999999999845e-02
9.699021600000000000e+07 1.000000000000000000e+00 6.500000000000000000e+01 6.380880000000000109e+03 4.356116700311678869e+03 1.136025551786901451e+04 0.000000000000000000e+00 2.467280757014057357e+00 9.199999999999999845e-02
9.699021400000000000e+07 1.000000000000000000e+00 6.500000000000000000e+01 6.374149999999999636e+03 4.355336700311680033e+03 1.135507551786901422e+04 0.000000000000000000e+00 2.723302023347857759e+00 8.349999999999999645e-01
9.699021500000000000e+07 1.000000000000000000e+00 6.500000000000000000e+01 6.367489999999999782e+03 4.358466700311679233e+03 1.135535551786901488e+04 0.000000000000000000e+00 7.529246383279410537e+00 9.199999999999999845e-02
9.698928400000000000e+07 1.000000000000000000e+00 6.500000000000000000e+01 6.462720000000000255e+03 4.344846700311680252e+03 1.140654551786901538e+04 0.000000000000000000e+00 2.342603443522841111e+00 2.400000000000000050e-02
9.698928400000000000e+07 1.000000000000000000e+00 6.600000000000000000e+01 6.474159999999999854e+03 4.327576700311679815e+03 1.141486551786901509e+04 0.000000000000000000e+00 6.395431766516601613e+00 2.400000000000000050e-02
9.698928400000000000e+07 1.000000000000000000e+00 6.600000000000000000e+01 6.471869999999999891e+03 4.327156700311679742e+03 1.141490551786901415e+04 0.000000000000000000e+00 4.412920421657273273e+00 2.400000000000000050e-02
9.698928400000000000e+07 1.000000000000000000e+00 6.600000000000000000e+01 6.467880000000000109e+03 4.326306700311679379e+03 1.141379551786901538e+04 0.000000000000000000e+00 2.942867725333900175e+00 9.199999999999999845e-02
9.698928200000000000e+07 1.000000000000000000e+00 6.600000000000000000e+01 6.458300000000000182e+03 4.327316700311679597e+03 1.139903551786901517e+04 0.000000000000000000e+00 9.111908339358137709e+00 4.169999999999999818e-01
9.698928200000000000e+07 1.000000000000000000e+00 6.600000000000000000e+01 6.461489999999999782e+03 4.327166700311679961e+03 1.139999551786901429e+04 0.000000000000000000e+00 7.366925803880373991e+00 4.169999999999999818e-01
9.698790500000000000e+07 1.000000000000000000e+00 6.600000000000000000e+01 6.401479999999999563e+03 4.209776700311680543e+03 1.138026551786901473e+04 0.000000000000000000e+00 4.618642779081262972e+00 6.866249999999999964e+00
9.698790500000000000e+07 1.000000000000000000e+00 6.500000000000000000e+01 6.380229999999999563e+03 4.186166700311679961e+03 1.137042551786901458e+04 0.000000000000000000e+00 9.330312170012424744e+00 9.199999999999999845e-02
9.698918200000000000e+07 1.000000000000000000e+00 6.600000000000000000e+01 6.383949999999999818e+03 4.176846700311680252e+03 1.137487551786901531e+04 0.000000000000000000e+00 8.069024861409815230e+00 2.400000000000000050e-02
9.698918300000000000e+07 1.000000000000000000e+00 6.600000000000000000e+01 6.390010000000000218e+03 4.171166700311679961e+03 1.138571551786901546e+04 0.000000000000000000e+00 4.376468273129910713e+00 2.400000000000000050e-02
9.698789600000000000e+07 1.000000000000000000e+00 6.500000000000000000e+01 6.389800000000000182e+03 4.175386700311679306e+03 1.140158551786901444e+04 0.000000000000000000e+00 7.145194990523386913e+00 9.199999999999999845e-02
9.698790000000000000e+07 1.000000000000000000e+00 6.600000000000000000e+01 6.384729999999999563e+03 4.179126700311680906e+03 1.140056551786901582e+04 0.000000000000000000e+00 3.989515328910752778e+00 2.400000000000000050e-02
9.698917600000000000e+07 1.000000000000000000e+00 6.600000000000000000e+01 6.384260000000000218e+03 4.183376700311680906e+03 1.140122551786901568e+04 0.000000000000000000e+00 2.942256810994599903e+00 6.099999999999999867e-02
9.698917600000000000e+07 1.000000000000000000e+00 6.600000000000000000e+01 6.384649999999999636e+03 4.183926700311680179e+03 1.140138551786901553e+04 0.000000000000000000e+00 3.012408206531310917e+00 2.039999999999999869e-01
9.698790000000000000e+07 1.000000000000000000e+00 6.500000000000000000e+01 6.382590000000000146e+03 4.207146700311679524e+03 1.139815551786901415e+04 0.000000000000000000e+00 4.718076008722237091e+00 9.199999999999999845e-02
9.698782100000000000e+07 1.000000000000000000e+00 6.600000000000000000e+01 6.398190000000000509e+03 4.225246700311679888e+03 1.138641551786901437e+04 0.000000000000000000e+00 1.216453051246205952e+00 2.400000000000000050e-02
9.698782500000000000e+07 1.000000000000000000e+00 6.500000000000000000e+01 6.399760000000000218e+03 4.223446700311680615e+03 1.137111551786901509e+04 0.000000000000000000e+00 2.105652137274279134e+00 1.000000000000000000e+01
9.698782500000000000e+07 1.000000000000000000e+00 6.500000000000000000e+01 6.399760000000000218e+03 4.223446700311680615e+03 1.137111551786901509e+04 0.000000000000000000e+00 2.105652137274279134e+00 2.221519999999999939e+00
9.529175500000000000e+07 1.000000000000000000e+00 6.500000000000000000e+01 6.313559999999999491e+03 4.029646700311679524e+03 1.117770551786901524e+04 0.000000000000000000e+00 6.020663988175596337e+00 1.339000000000000057e+01
9.529176000000000000e+07 1.000000000000000000e+00 6.600000000000000000e+01 6.313600000000000364e+03 4.024216700311681052e+03 1.117416551786901437e+04 0.000000000000000000e+00 5.486568781270874773e+00 9.199999999999999845e-02
9.529176000000000000e+07 1.000000000000000000e+00 6.600000000000000000e+01 6.313600000000000364e+03 4.024216700311681052e+03 1.117416551786901437e+04 0.000000000000000000e+00 5.486568781270874773e+00 7.391119999999999912e+00
9.529175500000000000e+07 1.000000000000000000e+00 6.500000000000000000e+01 6.313559999999999491e+03 4.029646700311679524e+03 1.117770551786901524e+04 0.000000000000000000e+00 6.020663988175596337e+00 5.013040000000000163e+00
9.529184900000000000e+07 1.000000000000000000e+00 6.600000000000000000e+01 6.290159999999999854e+03 3.999516700311680324e+03 1.115323551786901407e+04 0.000000000000000000e+00 8.616374448171175260e+00 1.000000000000000021e-02
9.529291700000000000e+07 1.000000000000000000e+00 6.500000000000000000e+01 6.262110000000000582e+03 3.980436700311680397e+03 1.115220551786901524e+04 0.000000000000000000e+00 3.650400679807606963e+00 6.099999999999999867e-02
9.529291700000000000e+07 1.000000000000000000e+00 6.500000000000000000e+01 6.260750000000000000e+03 3.979486700311679670e+03 1.115101551786901473e+04 0.000000000000000000e+00 3.525250913437268707e+00 6.099999999999999867e-02
9.529291600000000000e+07 1.000000000000000000e+00 6.500000000000000000e+01 6.271940000000000509e+03 3.981856700311680470e+03 1.115610551786901488e+04 0.000000000000000000e+00 7.732240859608003447e+00 1.078999999999999915e+01
9.529291600000000000e+07 1.000000000000000000e+00 6.500000000000000000e+01 6.271940000000000509e+03 3.981856700311680470e+03 1.115610551786901488e+04 0.000000000000000000e+00 7.732240859608003447e+00 9.510380000000000500e-01
9.529291600000000000e+07 1.000000000000000000e+00 6.500000000000000000e+01 6.271940000000000509e+03 3.981856700311680470e+03 1.115610551786901488e+04 0.000000000000000000e+00 7.732240859608003447e+00 7.648139999999999938e-01
9.529184900000000000e+07 1.000000000000000000e+00 6.600000000000000000e+01 6.295890000000000327e+03 4.006026700311678724e+03 1.114565551786901415e+04 0.000000000000000000e+00 1.164386454123668369e+00 2.400000000000000050e-02
9.529184900000000000e+07 1.000000000000000000e+00 6.600000000000000000e+01 6.294489999999999782e+03 4.002736700311679670e+03 1.114425551786901451e+04 0.000000000000000000e+00 3.093849521232030497e+00 4.169999999999999818e-01
9.529184900000000000e+07 1.000000000000000000e+00 6.600000000000000000e+01 6.294520000000000437e+03 4.002846700311680252e+03 1.114439551786901393e+04 0.000000000000000000e+00 2.930866071986462096e+00 9.199999999999999845e-02
9.529184900000000000e+07 1.000000000000000000e+00 6.600000000000000000e+01 6.297470000000000255e+03 4.000976700311679451e+03 1.114489551786901393e+04 0.000000000000000000e+00 3.849438875645005531e+00 9.199999999999999845e-02
9.529185200000000000e+07 1.000000000000000000e+00 6.500000000000000000e+01 6.300340000000000146e+03 3.996186700311680397e+03 1.114394551786901502e+04 0.000000000000000000e+00 4.224897360236166577e+00 2.400000000000000050e-02
9.529299400000000000e+07 1.000000000000000000e+00 6.600000000000000000e+01 6.287149999999999636e+03 3.980966700311679233e+03 1.114511551786901509e+04 0.000000000000000000e+00 8.547105585966527030e+00 1.078999999999999915e+01
9.529299400000000000e+07 1.000000000000000000e+00 6.600000000000000000e+01 6.287149999999999636e+03 3.980966700311679233e+03 1.114511551786901509e+04 0.000000000000000000e+00 8.547105585966527030e+00 2.951869999999999994e+00
9.529299400000000000e+07 1.000000000000000000e+00 6.600000000000000000e+01 6.287149999999999636e+03 3.980966700311679233e+03 1.114511551786901509e+04 0.000000000000000000e+00 8.547105585966527030e+00 2.387900000000000134e+00
9.529185300000000000e+07 1.000000000000000000e+00 6.500000000000000000e+01 6.287630000000000109e+03 3.990016700311680324e+03 1.113915551786901415e+04 0.000000000000000000e+00 8.896260803624018720e+00 6.099999999999999867e-02
9.529185400000000000e+07 1.000000000000000000e+00 6.500000000000000000e+01 6.287789999999999964e+03 3.993806700311679379e+03 1.113568551786901480e+04 0.000000000000000000e+00 6.620775984394628111e+00 2.400000000000000050e-02
9.529185100000000000e+07 1.000000000000000000e+00 6.600000000000000000e+01 6.281149999999999636e+03 4.001356700311680470e+03 1.113504551786901538e+04 0.000000000000000000e+00 8.462417427567064721e+00 6.099999999999999867e-02
9.529185100000000000e+07 1.000000000000000000e+00 6.600000000000000000e+01 6.281029999999999745e+03 4.000606700311680470e+03 1.113444551786901502e+04 0.000000000000000000e+00 9.063554044922353725e+00 2.400000000000000050e-02
9.529185200000000000e+07 0.000000000000000000e+00 6.600000000000000000e+01 6.291550000000000182e+03 4.001186700311680397e+03 1.113412551786901531e+04 0.000000000000000000e+00 3.522336494223417880e+00 2.400000000000000050e-02
9.529185100000000000e+07 1.000000000000000000e+00 6.600000000000000000e+01 6.288809999999999491e+03 4.000416700311679961e+03 1.113569551786901502e+04 0.000000000000000000e+00 4.233687574600623726e+00 6.099999999999999867e-02
9.529185100000000000e+07 1.000000000000000000e+00 6.600000000000000000e+01 6.288309999999999491e+03 3.999246700311679888e+03 1.113588551786901553e+04 0.000000000000000000e+00 5.004159723691963713e+00 4.169999999999999818e-01
9.529185100000000000e+07 1.000000000000000000e+00 6.600000000000000000e+01 6.288309999999999491e+03 3.999246700311679888e+03 1.113588551786901553e+04 0.000000000000000000e+00 5.004159723691963713e+00 7.351239999999999775e+00
9.529176900000000000e+07 1.000000000000000000e+00 6.600000000000000000e+01 6.306409999999999854e+03 3.986016700311680324e+03 1.116212551786901531e+04 0.000000000000000000e+00 7.955282577514362075e+00 2.039999999999999869e-01
9.529176500000000000e+07 1.000000000000000000e+00 6.500000000000000000e+01 6.305020000000000437e+03 3.990976700311679451e+03 1.116425551786901451e+04 0.000000000000000000e+00 6.289826066709091279e+00 1.078999999999999915e+01
9.529176500000000000e+07 1.000000000000000000e+00 6.500000000000000000e+01 6.304069999999999709e+03 3.996916700311679961e+03 1.116057551786901422e+04 0.000000000000000000e+00 1.213281556875147160e+00 9.199999999999999845e-02
9.529176500000000000e+07 1.000000000000000000e+00 6.500000000000000000e+01 6.302979999999999563e+03 4.001776700311680543e+03 1.116321551786901546e+04 0.000000000000000000e+00 5.186376642838347095e+00 2.400000000000000050e-02
9.529176500000000000e+07 1.000000000000000000e+00 6.500000000000000000e+01 6.302809999999999491e+03 3.997666700311679961e+03 1.116039551786901393e+04 0.000000000000000000e+00 2.532398106722171693e+00 9.199999999999999845e-02
9.529176500000000000e+07 0.000000000000000000e+00 6.600000000000000000e+01 6.316319999999999709e+03 4.000246700311679888e+03 1.115491551786901437e+04 0.000000000000000000e+00 3.913534950956267355e+00 6.099999999999999867e-02
9.529176600000000000e+07 1.000000000000000000e+00 6.500000000000000000e+01 6.313619999999999891e+03 4.002946700311680615e+03 1.115483551786901444e+04 0.000000000000000000e+00 3.829386818927270841e+00 4.169999999999999818e-01
9.529176300000000000e+07 1.000000000000000000e+00 6.600000000000000000e+01 6.311369999999999891e+03 4.005126700311680906e+03 1.115597551786901568e+04 0.000000000000000000e+00 4.641126989774345013e+00 6.099999999999999867e-02
9.529176300000000000e+07 0.000000000000000000e+00 6.600000000000000000e+01 6.313600000000000364e+03 4.006126700311680906e+03 1.116064551786901393e+04 0.000000000000000000e+00 1.805262416140241077e+00 9.199999999999999845e-02
9.529176300000000000e+07 1.000000000000000000e+00 6.600000000000000000e+01 6.310949999999999818e+03 4.005496700311679888e+03 1.115900551786901451e+04 0.000000000000000000e+00 3.937932738392234899e+00 4.169999999999999818e-01
9.529176200000000000e+07 1.000000000000000000e+00 6.500000000000000000e+01 6.327210000000000036e+03 3.998096700311680252e+03 1.116390551786901415e+04 0.000000000000000000e+00 3.783179734757405210e+00 9.199999999999999845e-02
9.529176200000000000e+07 1.000000000000000000e+00 6.500000000000000000e+01 6.327270000000000437e+03 3.998046700311679160e+03 1.116401551786901473e+04 0.000000000000000000e+00 3.717896556588685009e+00 9.199999999999999845e-02
9.529175900000000000e+07 1.000000000000000000e+00 6.500000000000000000e+01 6.327460000000000036e+03 4.011266700311680324e+03 1.116310551786901488e+04 0.000000000000000000e+00 1.018440173819094019e+00 9.199999999999999845e-02
9.529184000000000000e+07 1.000000000000000000e+00 6.500000000000000000e+01 6.321170000000000073e+03 4.025386700311679306e+03 1.115052551786901495e+04 0.000000000000000000e+00 8.785661673960223794e+00 9.199999999999999845e-02
9.529184000000000000e+07 1.000000000000000000e+00 6.500000000000000000e+01 6.322569999999999709e+03 4.026946700311680615e+03 1.114980551786901560e+04 0.000000000000000000e+00 9.756490059972446005e+00 2.400000000000000050e-02
9.529176500000000000e+07 1.000000000000000000e+00 6.500000000000000000e+01 6.305020000000000437e+03 3.990976700311679451e+03 1.116425551786901451e+04 0.000000000000000000e+00 6.289826066709091279e+00 6.490490000000000315e+00
9.529340000000000000e+07 1.000000000000000000e+00 6.500000000000000000e+01 6.353690000000000509e+03 3.921386700311679306e+03 1.105954551786901538e+04 0.000000000000000000e+00 8.615259020784083788e+00 6.099999999999999867e-02
9.529340000000000000e+07 1.000000000000000000e+00 6.500000000000000000e+01 6.353559999999999491e+03 3.921126700311679087e+03 1.105905551786901560e+04 0.000000000000000000e+00 9.175303500238909393e+00 4.169999999999999818e-01
9.529339900000000000e+07 1.000000000000000000e+00 6.500000000000000000e+01 6.348860000000000582e+03 3.917136700311679306e+03 1.106022551786901568e+04 0.000000000000000000e+00 9.753279966048904015e+00 2.400000000000000050e-02
9.529325500000000000e+07 1.000000000000000000e+00 6.600000000000000000e+01 6.369500000000000000e+03 3.995556700311679379e+03 1.104964551786901393e+04 0.000000000000000000e+00 8.896282919904697550e+00 6.099999999999999867e-02
9.529325500000000000e+07 1.000000000000000000e+00 6.600000000000000000e+01 6.369699999999999818e+03 3.998896700311679524e+03 1.104871551786901546e+04 0.000000000000000000e+00 5.789417296813065050e+00 6.099999999999999867e-02
9.529325500000000000e+07 1.000000000000000000e+00 6.600000000000000000e+01 6.369729999999999563e+03 3.999436700311680397e+03 1.104856551786901582e+04 0.000000000000000000e+00 5.331016939809986255e+00 4.169999999999999818e-01
9.529325400000000000e+07 1.000000000000000000e+00 6.600000000000000000e+01 6.369119999999999891e+03 4.002256700311680106e+03 1.104524551786901429e+04 0.000000000000000000e+00 3.089858454281079414e+00 9.199999999999999845e-02
9.529325500000000000e+07 1.000000000000000000e+00 6.600000000000000000e+01 6.369590000000000146e+03 3.999126700311679087e+03 1.104870551786901524e+04 0.000000000000000000e+00 5.657772920737691003e+00 9.199999999999999845e-02
9.529325800000000000e+07 1.000000000000000000e+00 6.500000000000000000e+01 6.369699999999999818e+03 4.000686700311680397e+03 1.106095551786901524e+04 0.000000000000000000e+00 5.706448135178103342e+00 4.600000000000000200e-01
9.529325600000000000e+07 1.000000000000000000e+00 6.600000000000000000e+01 6.371190000000000509e+03 4.006216700311679233e+03 1.105625551786901451e+04 0.000000000000000000e+00 1.898804892250227194e+00 6.099999999999999867e-02
9.529325600000000000e+07 1.000000000000000000e+00 6.600000000000000000e+01 6.373920000000000073e+03 4.010926700311680179e+03 1.105825551786901451e+04 0.000000000000000000e+00 1.325012754049626373e+00 2.039999999999999869e-01
9.529325600000000000e+07 0.000000000000000000e+00 6.600000000000000000e+01 6.368539999999999964e+03 4.015616700311678869e+03 1.106068551786901480e+04 0.000000000000000000e+00 1.560962730209703775e+00 6.099999999999999867e-02
9.529325600000000000e+07 0.000000000000000000e+00 6.600000000000000000e+01 6.368420000000000073e+03 4.017166700311679961e+03 1.106019551786901502e+04 0.000000000000000000e+00 8.812012509814516337e-01 9.199999999999999845e-02
9.529325600000000000e+07 0.000000000000000000e+00 6.600000000000000000e+01 6.367329999999999927e+03 4.014746700311679888e+03 1.105891551786901437e+04 0.000000000000000000e+00 1.793399204570474081e+00 4.169999999999999818e-01
9.529325800000000000e+07 0.000000000000000000e+00 6.500000000000000000e+01 6.361869999999999891e+03 4.011906700311679742e+03 1.106163551786901553e+04 0.000000000000000000e+00 1.059370019408218733e+00 9.199999999999999845e-02
9.529325700000000000e+07 1.000000000000000000e+00 6.500000000000000000e+01 6.362579999999999927e+03 4.007376700311680906e+03 1.105763551786901553e+04 0.000000000000000000e+00 1.348120496127420243e+00 6.099999999999999867e-02
9.529341100000000000e+07 1.000000000000000000e+00 6.500000000000000000e+01 6.396190000000000509e+03 3.922246700311679888e+03 1.106905551786901560e+04 0.000000000000000000e+00 9.241661450153642932e+00 4.169999999999999818e-01
9.529341100000000000e+07 1.000000000000000000e+00 6.500000000000000000e+01 6.396190000000000509e+03 3.922246700311679888e+03 1.106905551786901560e+04 0.000000000000000000e+00 9.241661450153642932e+00 7.223290000000000433e+00
9.132443800000000000e+07 1.000000000000000000e+00 6.500000000000000000e+01 6.527975000000000364e+03 3.561786700311680761e+03 1.090864551786901393e+04 0.000000000000000000e+00 6.454912879652750846e+00 6.099999999999999867e-02
9.132443700000000000e+07 1.000000000000000000e+00 6.500000000000000000e+01 6.537925000000000182e+03 3.561426700311680179e+03 1.091679551786901538e+04 0.000000000000000000e+00 3.857616133176478446e+00 9.199999999999999845e-02
9.132443700000000000e+07 1.000000000000000000e+00 6.500000000000000000e+01 6.537359999999999673e+03 3.561966700311679233e+03 1.091867551786901458e+04 0.000000000000000000e+00 4.033186674956455775e+00 6.099999999999999867e-02
9.132443900000000000e+07 1.000000000000000000e+00 6.500000000000000000e+01 6.538641999999999825e+03 3.568036700311680761e+03 1.090533551786901444e+04 0.000000000000000000e+00 6.275445126013295294e+00 4.169999999999999818e-01
9.132443900000000000e+07 1.000000000000000000e+00 6.500000000000000000e+01 6.535939000000000306e+03 3.570056700311679379e+03 1.090245551786901524e+04 0.000000000000000000e+00 8.071137854308188864e+00 4.169999999999999818e-01
9.132443900000000000e+07 1.000000000000000000e+00 6.500000000000000000e+01 6.534264000000000124e+03 3.569046700311679160e+03 1.089917551786901458e+04 0.000000000000000000e+00 8.992228778946762091e+00 9.199999999999999845e-02
9.132459900000000000e+07 1.000000000000000000e+00 6.500000000000000000e+01 6.477390000000000327e+03 3.562776700311680543e+03 1.083214551786901393e+04 0.000000000000000000e+00 6.070150392762343472e+00 2.039999999999999869e-01
9.132459900000000000e+07 1.000000000000000000e+00 6.500000000000000000e+01 6.482939999999999600e+03 3.563716700311679233e+03 1.082654551786901538e+04 0.000000000000000000e+00 2.135662973272616671e+00 9.199999999999999845e-02
9.132460000000000000e+07 0.000000000000000000e+00 6.500000000000000000e+01 6.489359999999999673e+03 3.566126700311679087e+03 1.082792551786901458e+04 0.000000000000000000e+00 4.153738100007943856e+00 9.199999999999999845e-02
9.132460000000000000e+07 1.000000000000000000e+00 6.500000000000000000e+01 6.475170000000000073e+03 3.570136700311679306e+03 1.083070551786901524e+04 0.000000000000000000e+00 9.661610626912466415e+00 2.400000000000000050e-02
9.132459900000000000e+07 1.000000000000000000e+00 6.500000000000000000e+01 6.479350000000000364e+03 3.568696700311680615e+03 1.083443551786901480e+04 0.000000000000000000e+00 9.159475166249725575e+00 6.099999999999999867e-02
9.132459900000000000e+07 1.000000000000000000e+00 6.500000000000000000e+01 6.477590000000000146e+03 3.559096700311680252e+03 1.083503551786901517e+04 0.000000000000000000e+00 8.334333373444085424e+00 9.199999999999999845e-02
9.132459900000000000e+07 1.000000000000000000e+00 6.500000000000000000e+01 6.476479999999999563e+03 3.559196700311680615e+03 1.083480551786901378e+04 0.000000000000000000e+00 8.852528939364249894e+00 9.199999999999999845e-02
9.132459900000000000e+07 1.000000000000000000e+00 6.500000000000000000e+01 6.476479999999999563e+03 3.559196700311680615e+03 1.083480551786901378e+04 0.000000000000000000e+00 8.852528939364249894e+00 7.320689999999999920e+00
9.132333700000000000e+07 1.000000000000000000e+00 6.500000000000000000e+01 6.509048999999999978e+03 3.438366700311680688e+03 1.090739551786901393e+04 0.000000000000000000e+00 6.218603471523379334e+00 9.199999999999999845e-02
9.132333600000000000e+07 1.000000000000000000e+00 6.500000000000000000e+01 6.497520000000000437e+03 3.433166700311679961e+03 1.091644551786901502e+04 0.000000000000000000e+00 9.345421397542228448e+00 9.199999999999999845e-02
9.132332700000000000e+07 0.000000000000000000e+00 6.500000000000000000e+01 6.506726000000000568e+03 3.405876700311680906e+03 1.089234551786901466e+04 0.000000000000000000e+00 9.412696631516976886e-01 1.078999999999999915e+01
9.132332600000000000e+07 0.000000000000000000e+00 6.500000000000000000e+01 6.506551000000000386e+03 3.403256700311680106e+03 1.088933551786901444e+04 0.000000000000000000e+00 9.761874418262480591e-01 9.199999999999999845e-02
9.132332700000000000e+07 1.000000000000000000e+00 6.500000000000000000e+01 6.509345999999999549e+03 3.410516700311680324e+03 1.088621551786901546e+04 0.000000000000000000e+00 2.718296421213980629e+00 1.605000000000000071e+01
9.132424000000000000e+07 1.000000000000000000e+00 6.600000000000000000e+01 6.513873999999999796e+03 3.417216700311679233e+03 1.088557551786901422e+04 0.000000000000000000e+00 6.098183105310001295e+00 9.199999999999999845e-02
9.132423500000000000e+07 1.000000000000000000e+00 6.500000000000000000e+01 6.516456000000000131e+03 3.416876700311680906e+03 1.087991551786901437e+04 0.000000000000000000e+00 7.110357536368598907e+00 9.199999999999999845e-02
9.132423500000000000e+07 1.000000000000000000e+00 6.500000000000000000e+01 6.517354000000000269e+03 3.418356700311680470e+03 1.087764551786901393e+04 0.000000000000000000e+00 4.319945658482716944e+00 9.199999999999999845e-02
9.132423800000000000e+07 1.000000000000000000e+00 6.600000000000000000e+01 6.534157000000000153e+03 3.406776700311680543e+03 1.086741551786901437e+04 0.000000000000000000e+00 4.920397662262343097e+00 9.199999999999999845e-02
9.132423800000000000e+07 1.000000000000000000e+00 6.600000000000000000e+01 6.534435999999999694e+03 3.404996700311679888e+03 1.086739551786901393e+04 0.000000000000000000e+00 6.134376360353275714e+00 2.400000000000000050e-02
9.132331900000000000e+07 1.000000000000000000e+00 6.500000000000000000e+01 6.533902000000000044e+03 3.402716700311679233e+03 1.086500551786901451e+04 0.000000000000000000e+00 8.590091847306474904e+00 9.199999999999999845e-02
9.132416000000000000e+07 0.000000000000000000e+00 6.600000000000000000e+01 6.552444999999999709e+03 3.395816700311679597e+03 1.086903551786901517e+04 0.000000000000000000e+00 4.623217204052873619e+00 2.400000000000000050e-02
9.132415500000000000e+07 1.000000000000000000e+00 6.500000000000000000e+01 6.547532000000000153e+03 3.392546700311679160e+03 1.085854551786901538e+04 0.000000000000000000e+00 3.023385221496428521e+00 2.400000000000000050e-02
9.132415500000000000e+07 1.000000000000000000e+00 6.500000000000000000e+01 6.546167999999999665e+03 3.392586700311680033e+03 1.085672551786901568e+04 0.000000000000000000e+00 2.702109758666753070e+00 8.220000000000000639e+00
9.132415500000000000e+07 1.000000000000000000e+00 6.500000000000000000e+01 6.546167999999999665e+03 3.392586700311680033e+03 1.085672551786901568e+04 0.000000000000000000e+00 2.702109758666753070e+00 5.433019999999999960e+00
9.132332700000000000e+07 1.000000000000000000e+00 6.500000000000000000e+01 6.509345999999999549e+03 3.410516700311680324e+03 1.088621551786901546e+04 0.000000000000000000e+00 2.718296421213980629e+00 6.037980000000000125e+00
9.132332700000000000e+07 0.000000000000000000e+00 6.500000000000000000e+01 6.506726000000000568e+03 3.405876700311680906e+03 1.089234551786901466e+04 0.000000000000000000e+00 9.412696631516976886e-01 3.095390000000000086e+00
9.132225700000000000e+07 1.000000000000000000e+00 6.600000000000000000e+01 6.540547999999999774e+03 3.319096700311680252e+03 1.091701551786901473e+04 0.000000000000000000e+00 7.790282763695883794e+00 1.605000000000000071e+01
9.132225800000000000e+07 1.000000000000000000e+00 6.600000000000000000e+01 6.544363999999999578e+03 3.331666700311679961e+03 1.091064551786901393e+04 0.000000000000000000e+00 5.705149288455956480e+00 4.169999999999999818e-01
9.132225800000000000e+07 1.000000000000000000e+00 6.600000000000000000e+01 6.548006999999999607e+03 3.333206700311679015e+03 1.091441551786901437e+04 0.000000000000000000e+00 9.735796900916641405e+00 4.169999999999999818e-01
9.132225800000000000e+07 1.000000000000000000e+00 6.600000000000000000e+01 6.548006999999999607e+03 3.333206700311679015e+03 1.091441551786901437e+04 0.000000000000000000e+00 9.735796900916641405e+00 6.991819999999999702e+00
9.132316400000000000e+07 1.000000000000000000e+00 6.500000000000000000e+01 6.552926000000000386e+03 3.310806700311679379e+03 1.092953551786901517e+04 0.000000000000000000e+00 7.442189574555919229e+00 2.400000000000000050e-02
9.132215800000000000e+07 1.000000000000000000e+00 6.500000000000000000e+01 6.544432999999999993e+03 3.261986700311679670e+03 1.089377551786901495e+04 0.000000000000000000e+00 8.623544945731500988e+00 2.400000000000000050e-02
9.531391000000000000e+07 1.000000000000000000e+00 6.500000000000000000e+01 6.721273000000000138e+03 2.867055700311679175e+03 1.105194551786901502e+04 0.000000000000000000e+00 7.003935853690409274e+00 6.664299999999999891e+00
9.587969300000000000e+07 1.000000000000000000e+00 6.500000000000000000e+01 6.697095999999999549e+03 2.773851700311679451e+03 1.107730551786901378e+04 0.000000000000000000e+00 8.473258631363462356e+00 1.078999999999999915e+01
9.587969700000000000e+07 1.000000000000000000e+00 6.600000000000000000e+01 6.688323000000000320e+03 2.764364700311680281e+03 1.106543551786901480e+04 0.000000000000000000e+00 5.141705439647353160e+00 6.099999999999999867e-02
9.587969200000000000e+07 1.000000000000000000e+00 6.500000000000000000e+01 6.692828000000000429e+03 2.763287700311679146e+03 1.107832551786901422e+04 0.000000000000000000e+00 4.189306370704931837e+00 1.078999999999999915e+01
9.587969200000000000e+07 1.000000000000000000e+00 6.500000000000000000e+01 6.692828000000000429e+03 2.763287700311679146e+03 1.107832551786901422e+04 0.000000000000000000e+00 4.189306370704931837e+00 4.352470000000000283e+00
9.587969300000000000e+07 1.000000000000000000e+00 6.500000000000000000e+01 6.698286000000000058e+03 2.770676700311680179e+03 1.107600551786901451e+04 0.000000000000000000e+00 7.651237376749868702e+00 2.400000000000000050e-02
9.587969300000000000e+07 1.000000000000000000e+00 6.500000000000000000e+01 6.696815999999999804e+03 2.770812700311680601e+03 1.107382551786901422e+04 0.000000000000000000e+00 8.758147405202217683e+00 1.000000000000000000e+01
9.587969300000000000e+07 1.000000000000000000e+00 6.500000000000000000e+01 6.696815999999999804e+03 2.770812700311680601e+03 1.107382551786901422e+04 0.000000000000000000e+00 8.758147405202217683e+00 7.553370000000000362e-01
9.587969800000000000e+07 1.000000000000000000e+00 6.600000000000000000e+01 6.691440999999999804e+03 2.773383700311680514e+03 1.107146551786901546e+04 0.000000000000000000e+00 5.862857261407104836e+00 1.339000000000000057e+01
9.587842800000000000e+07 1.000000000000000000e+00 6.500000000000000000e+01 6.680654999999999745e+03 2.752839700311680645e+03 1.106489551786901393e+04 0.000000000000000000e+00 4.930286150570204029e+00 9.199999999999999845e-02
9.587969600000000000e+07 1.000000000000000000e+00 6.600000000000000000e+01 6.681923999999999978e+03 2.753466700311679233e+03 1.106943551786901480e+04 0.000000000000000000e+00 6.932766077806356897e+00 6.099999999999999867e-02
9.587969500000000000e+07 1.000000000000000000e+00 6.600000000000000000e+01 6.680483000000000175e+03 2.756255700311679902e+03 1.107505551786901378e+04 0.000000000000000000e+00 4.048563108971043434e+00 9.199999999999999845e-02
9.587842500000000000e+07 1.000000000000000000e+00 6.600000000000000000e+01 6.680253999999999905e+03 2.751940700311679393e+03 1.107422551786901568e+04 0.000000000000000000e+00 6.948709149544669117e+00 9.199999999999999845e-02
9.587843200000000000e+07 1.000000000000000000e+00 6.600000000000000000e+01 6.677020999999999731e+03 2.737351700311679451e+03 1.105483551786901444e+04 0.000000000000000000e+00 4.017857485874468004e+00 9.199999999999999845e-02
9.587843300000000000e+07 1.000000000000000000e+00 6.600000000000000000e+01 6.674711000000000240e+03 2.735547700311679364e+03 1.104382551786901422e+04 0.000000000000000000e+00 1.825321910409976933e+00 6.099999999999999867e-02
9.587843200000000000e+07 0.000000000000000000e+00 6.600000000000000000e+01 6.675087999999999738e+03 2.744204700311680426e+03 1.104804551786901538e+04 0.000000000000000000e+00 6.389286449991085082e-01 2.400000000000000050e-02
9.587843200000000000e+07 0.000000000000000000e+00 6.600000000000000000e+01 6.677757999999999811e+03 2.741893700311680732e+03 1.105090551786901415e+04 0.000000000000000000e+00 3.206378097845932640e+00 9.199999999999999845e-02
9.587834900000000000e+07 1.000000000000000000e+00 6.600000000000000000e+01 6.679993000000000393e+03 2.725260700311679102e+03 1.105280551786901560e+04 0.000000000000000000e+00 4.214605185469400439e+00 2.400000000000000050e-02
9.587843300000000000e+07 1.000000000000000000e+00 6.600000000000000000e+01 6.680556999999999789e+03 2.730465700311679029e+03 1.104463551786901553e+04 0.000000000000000000e+00 6.448862492678952840e+00 9.199999999999999845e-02
9.587843300000000000e+07 1.000000000000000000e+00 6.600000000000000000e+01 6.680135000000000218e+03 2.730399700311680135e+03 1.104502551786901495e+04 0.000000000000000000e+00 6.356693271360604136e+00 4.169999999999999818e-01
9.587843600000000000e+07 1.000000000000000000e+00 6.500000000000000000e+01 6.675399000000000342e+03 2.729278700311679131e+03 1.104123551786901407e+04 0.000000000000000000e+00 4.216008762984056801e+00 1.078999999999999915e+01
9.587843600000000000e+07 1.000000000000000000e+00 6.500000000000000000e+01 6.675399000000000342e+03 2.729278700311679131e+03 1.104123551786901407e+04 0.000000000000000000e+00 4.216008762984056801e+00 1.857040000000000024e+00
9.587843600000000000e+07 1.000000000000000000e+00 6.500000000000000000e+01 6.675399000000000342e+03 2.729278700311679131e+03 1.104123551786901407e+04 0.000000000000000000e+00 4.216008762984056801e+00 1.272119999999999918e-01
9.587969800000000000e+07 1.000000000000000000e+00 6.600000000000000000e+01 6.691440999999999804e+03 2.773383700311680514e+03 1.107146551786901546e+04 0.000000000000000000e+00 5.862857261407104836e+00 5.490760000000000085e-01
9.587951600000000000e+07 0.000000000000000000e+00 6.600000000000000000e+01 6.778176000000000386e+03 2.757953700311680223e+03 1.107786551786901509e+04 0.000000000000000000e+00 1.098946183027536438e+00 9.199999999999999845e-02
9.588078600000000000e+07 1.000000000000000000e+00 6.600000000000000000e+01 6.784934000000000196e+03 2.760825700311679611e+03 1.108530551786901560e+04 0.000000000000000000e+00 4.801683207904269501e+00 6.099999999999999867e-02
9.587951700000000000e+07 1.000000000000000000e+00 6.600000000000000000e+01 6.781001000000000204e+03 2.765299700311679771e+03 1.108210551786901488e+04 0.000000000000000000e+00 4.987047311576835007e+00 9.199999999999999845e-02
9.588078700000000000e+07 0.000000000000000000e+00 6.600000000000000000e+01 6.793947000000000116e+03 2.765041700311679961e+03 1.107853551786901517e+04 0.000000000000000000e+00 6.790508539580815128e-01 8.349999999999999645e-01
9.588079100000000000e+07 0.000000000000000000e+00 6.500000000000000000e+01 6.783805000000000291e+03 2.772531700311679742e+03 1.107174551786901429e+04 0.000000000000000000e+00 1.850239581760797503e+00 4.169999999999999818e-01
9.531513400000000000e+07 1.000000000000000000e+00 6.500000000000000000e+01 6.775996000000000095e+03 2.806208700311679422e+03 1.108051551786901473e+04 0.000000000000000000e+00 1.988151321232402680e+00 6.099999999999999867e-02
9.531513400000000000e+07 1.000000000000000000e+00 6.500000000000000000e+01 6.779887999999999920e+03 2.808005700311679902e+03 1.108059551786901466e+04 0.000000000000000000e+00 1.047158997363875965e+00 6.099999999999999867e-02
9.531513400000000000e+07 1.000000000000000000e+00 6.500000000000000000e+01 6.776445999999999913e+03 2.804425700311679975e+03 1.108006551786901400e+04 0.000000000000000000e+00 1.440800778232810497e+00 9.199999999999999845e-02
9.531385800000000000e+07 1.000000000000000000e+00 6.500000000000000000e+01 6.774086999999999534e+03 2.810759700311680717e+03 1.108434551786901466e+04 0.000000000000000000e+00 6.817494360175615498e+00 9.199999999999999845e-02
9.531385700000000000e+07 1.000000000000000000e+00 6.500000000000000000e+01 6.777457000000000335e+03 2.812467700311679437e+03 1.108800551786901451e+04 0.000000000000000000e+00 7.019967780124472867e+00 9.199999999999999845e-02
9.531513000000000000e+07 1.000000000000000000e+00 6.600000000000000000e+01 6.779404000000000451e+03 2.810202700311680019e+03 1.109099551786901429e+04 0.000000000000000000e+00 8.271428375624438445e+00 9.199999999999999845e-02
9.531385700000000000e+07 1.000000000000000000e+00 6.500000000000000000e+01 6.773443999999999505e+03 2.809814700311679189e+03 1.109298551786901407e+04 0.000000000000000000e+00 6.044909259500915510e+00 2.400000000000000050e-02
9.531385700000000000e+07 1.000000000000000000e+00 6.500000000000000000e+01 6.770649000000000342e+03 2.813154700311679335e+03 1.109137551786901531e+04 0.000000000000000000e+00 1.951484434832632786e+00 4.169999999999999818e-01
9.531385700000000000e+07 0.000000000000000000e+00 6.500000000000000000e+01 6.772949999999999818e+03 2.821807700311679582e+03 1.108647551786901568e+04 0.000000000000000000e+00 2.923802345117643586e+00 9.199999999999999845e-02
9.531385800000000000e+07 1.000000000000000000e+00 6.500000000000000000e+01 6.770622999999999593e+03 2.813739700311680281e+03 1.108374551786901429e+04 0.000000000000000000e+00 2.883621172464449156e+00 9.199999999999999845e-02
9.531513800000000000e+07 1.000000000000000000e+00 6.600000000000000000e+01 6.770568000000000211e+03 2.803285700311680557e+03 1.107533551786901444e+04 0.000000000000000000e+00 2.771875143582523737e+00 8.349999999999999645e-01
9.531513800000000000e+07 1.000000000000000000e+00 6.600000000000000000e+01 6.770568000000000211e+03 2.803285700311680557e+03 1.107533551786901444e+04 0.000000000000000000e+00 2.771875143582523737e+00 7.019180000000000419e+00
9.588075700000000000e+07 1.000000000000000000e+00 6.600000000000000000e+01 6.784876000000000204e+03 2.704086700311680033e+03 1.106870551786901524e+04 0.000000000000000000e+00 8.960352701349929561e+00 6.099999999999999867e-02
9.588075700000000000e+07 1.000000000000000000e+00 6.600000000000000000e+01 6.786685999999999694e+03 2.701175700311679975e+03 1.106827551786901495e+04 0.000000000000000000e+00 6.530986338267479319e+00 2.400000000000000050e-02
9.588075000000000000e+07 1.000000000000000000e+00 6.500000000000000000e+01 6.776686999999999898e+03 2.694056700311679379e+03 1.105176551786901473e+04 0.000000000000000000e+00 7.432091495524246305e+00 9.199999999999999845e-02
9.588082300000000000e+07 1.000000000000000000e+00 6.500000000000000000e+01 6.759173999999999978e+03 2.704325700311679611e+03 1.104511551786901509e+04 0.000000000000000000e+00 5.276231924493760772e+00 2.400000000000000050e-02
9.588082200000000000e+07 1.000000000000000000e+00 6.500000000000000000e+01 6.755095000000000255e+03 2.706337700311680237e+03 1.105141551786901437e+04 0.000000000000000000e+00 5.354873506551597551e+00 2.400000000000000050e-02
9.588082800000000000e+07 0.000000000000000000e+00 6.500000000000000000e+01 6.744920000000000073e+03 2.706571700311680615e+03 1.106356551786901582e+04 0.000000000000000000e+00 1.523098549482591713e+00 9.199999999999999845e-02
9.588082800000000000e+07 0.000000000000000000e+00 6.500000000000000000e+01 6.746025999999999840e+03 2.706845700311680048e+03 1.106250551786901451e+04 0.000000000000000000e+00 1.642541774179363756e+00 9.199999999999999845e-02
9.588082600000000000e+07 0.000000000000000000e+00 6.600000000000000000e+01 6.747216999999999643e+03 2.708954700311680426e+03 1.106082551786901422e+04 0.000000000000000000e+00 1.741312452449626180e+00 9.199999999999999845e-02
9.588082800000000000e+07 0.000000000000000000e+00 6.500000000000000000e+01 6.742720999999999549e+03 2.703318700311680004e+03 1.106266551786901437e+04 0.000000000000000000e+00 1.440341614461360775e+00 4.169999999999999818e-01
9.588082700000000000e+07 1.000000000000000000e+00 6.600000000000000000e+01 6.751881999999999607e+03 2.710629700311679699e+03 1.106313551786901553e+04 0.000000000000000000e+00 1.641907108396930770e+00 9.199999999999999845e-02
9.588083000000000000e+07 0.000000000000000000e+00 6.500000000000000000e+01 6.746653000000000247e+03 2.709219700311679844e+03 1.107308551786901444e+04 0.000000000000000000e+00 2.377506017557443840e+00 9.199999999999999845e-02
9.587949500000000000e+07 0.000000000000000000e+00 6.600000000000000000e+01 6.746524999999999636e+03 2.705854700311680062e+03 1.108802551786901495e+04 0.000000000000000000e+00 2.600998900057244434e+00 9.199999999999999845e-02
9.587949400000000000e+07 0.000000000000000000e+00 6.500000000000000000e+01 6.741186999999999898e+03 2.704218700311679640e+03 1.108972551786901568e+04 0.000000000000000000e+00 1.607899800186642247e+00 9.199999999999999845e-02
9.587949600000000000e+07 1.000000000000000000e+00 6.600000000000000000e+01 6.747698000000000320e+03 2.704889700311679917e+03 1.110226551786901473e+04 0.000000000000000000e+00 2.686076495971755129e+00 6.099999999999999867e-02
9.587957900000000000e+07 0.000000000000000000e+00 6.600000000000000000e+01 6.740896999999999935e+03 2.715949700311679408e+03 1.110433551786901444e+04 0.000000000000000000e+00 1.864719709677407966e+00 9.199999999999999845e-02
9.587957900000000000e+07 0.000000000000000000e+00 6.600000000000000000e+01 6.740219000000000051e+03 2.715664700311679553e+03 1.110355551786901560e+04 0.000000000000000000e+00 1.308557351566799642e+00 9.199999999999999845e-02
9.587958000000000000e+07 0.000000000000000000e+00 6.600000000000000000e+01 6.738172999999999774e+03 2.714806700311679379e+03 1.110029551786901538e+04 0.000000000000000000e+00 1.176222846547927858e+00 2.400000000000000050e-02
9.587940900000000000e+07 1.000000000000000000e+00 6.600000000000000000e+01 6.730103000000000065e+03 2.700287700311679146e+03 1.110604551786901538e+04 0.000000000000000000e+00 3.095382510298291923e+00 6.099999999999999867e-02
9.587940900000000000e+07 1.000000000000000000e+00 6.600000000000000000e+01 6.729118000000000393e+03 2.699051700311680179e+03 1.110712551786901531e+04 0.000000000000000000e+00 4.273389815083301180e+00 4.169999999999999818e-01
9.587988300000000000e+07 1.000000000000000000e+00 6.600000000000000000e+01 6.715141999999999825e+03 2.695659700311680353e+03 1.111469551786901502e+04 0.000000000000000000e+00 9.713581196804335960e+00 9.199999999999999845e-02
9.587988500000000000e+07 0.000000000000000000e+00 6.600000000000000000e+01 6.712524000000000342e+03 2.681229700311680062e+03 1.112183551786901444e+04 0.000000000000000000e+00 2.679135424363161100e+00 4.169999999999999818e-01
9.587988300000000000e+07 1.000000000000000000e+00 6.600000000000000000e+01 6.714760000000000218e+03 2.694718700311679640e+03 1.112086551786901509e+04 0.000000000000000000e+00 6.237600482875884644e+00 9.199999999999999845e-02
9.587988200000000000e+07 1.000000000000000000e+00 6.600000000000000000e+01 6.723298999999999978e+03 2.696734700311679262e+03 1.111527551786901495e+04 0.000000000000000000e+00 7.365802444337563593e+00 4.169999999999999818e-01
9.587988200000000000e+07 1.000000000000000000e+00 6.600000000000000000e+01 6.724047000000000480e+03 2.697341700311679233e+03 1.111488551786901553e+04 0.000000000000000000e+00 7.990197929886464934e+00 2.039999999999999869e-01
9.587988200000000000e+07 1.000000000000000000e+00 6.600000000000000000e+01 6.724047000000000480e+03 2.697341700311679233e+03 1.111488551786901553e+04 0.000000000000000000e+00 7.990197929886464934e+00 7.227280000000000371e+00
7.945295400000000000e+07 1.000000000000000000e+00 6.500000000000000000e+01 6.525252000000000407e+03 1.437280700311679539e+03 9.460015517869014730e+03 0.000000000000000000e+00 4.723979960939878708e+00 1.339000000000000057e+01
7.945295000000000000e+07 1.000000000000000000e+00 6.600000000000000000e+01 6.526131999999999607e+03 1.433649700311680135e+03 9.454788517869015777e+03 0.000000000000000000e+00 3.840134727622437794e+00 9.199999999999999845e-02
7.945295400000000000e+07 1.000000000000000000e+00 6.500000000000000000e+01 6.528833999999999833e+03 1.439916700311679961e+03 9.452745517869014293e+03 0.000000000000000000e+00 5.309086381520266684e+00 5.000000000000000000e-01
7.945296500000000000e+07 1.000000000000000000e+00 6.500000000000000000e+01 6.516121000000000095e+03 1.463956700311679924e+03 9.462043517869014977e+03 0.000000000000000000e+00 1.355692232068308689e+00 6.099999999999999867e-02
7.945296700000000000e+07 1.000000000000000000e+00 6.600000000000000000e+01 6.518448999999999614e+03 1.471784700311679444e+03 9.467441517869014206e+03 0.000000000000000000e+00 1.582315703164792309e+00 6.099999999999999867e-02
7.945296700000000000e+07 1.000000000000000000e+00 6.600000000000000000e+01 6.517628999999999905e+03 1.471543700311679459e+03 9.472509517869013507e+03 0.000000000000000000e+00 3.543986283980349761e+00 4.600000000000000200e-01
7.945296700000000000e+07 1.000000000000000000e+00 6.600000000000000000e+01 6.519109000000000378e+03 1.469448700311680113e+03 9.471506517869014715e+03 0.000000000000000000e+00 3.640964958863056822e+00 9.199999999999999845e-02
7.945296500000000000e+07 1.000000000000000000e+00 6.500000000000000000e+01 6.516699000000000524e+03 1.467784700311680353e+03 9.466099517869013653e+03 0.000000000000000000e+00 4.641457440045568816e+00 4.169999999999999818e-01
7.945296500000000000e+07 1.000000000000000000e+00 6.500000000000000000e+01 6.515493999999999687e+03 1.468864700311680281e+03 9.463891517869014933e+03 0.000000000000000000e+00 3.968878425078808725e+00 9.199999999999999845e-02
7.945296800000000000e+07 0.000000000000000000e+00 6.500000000000000000e+01 6.516841999999999643e+03 1.477366700311679779e+03 9.457492517869013682e+03 0.000000000000000000e+00 9.253445826134578667e-01 9.199999999999999845e-02
7.945296800000000000e+07 0.000000000000000000e+00 6.500000000000000000e+01 6.514471999999999753e+03 1.477239700311680281e+03 9.457375517869015312e+03 0.000000000000000000e+00 2.334116478682591200e+00 2.039999999999999869e-01
7.945296800000000000e+07 0.000000000000000000e+00 6.600000000000000000e+01 6.515966000000000349e+03 1.479380700311679902e+03 9.461497517869014700e+03 0.000000000000000000e+00 2.242477628660555222e+00 6.099999999999999867e-02
7.945297000000000000e+07 1.000000000000000000e+00 6.500000000000000000e+01 6.519708999999999833e+03 1.492363700311680077e+03 9.459575517869016039e+03 0.000000000000000000e+00 6.786913009178149103e+00 4.169999999999999818e-01
7.945296900000000000e+07 1.000000000000000000e+00 6.500000000000000000e+01 6.521546999999999571e+03 1.489858700311679968e+03 9.459210517869014438e+03 0.000000000000000000e+00 5.597705215673433266e+00 9.199999999999999845e-02
7.945296900000000000e+07 1.000000000000000000e+00 6.500000000000000000e+01 6.525333999999999833e+03 1.488951700311679815e+03 9.459076517869014424e+03 0.000000000000000000e+00 7.409130281436091536e+00 9.199999999999999845e-02
7.945296900000000000e+07 1.000000000000000000e+00 6.500000000000000000e+01 6.525333999999999833e+03 1.488951700311679815e+03 9.459076517869014424e+03 0.000000000000000000e+00 7.409130281436091536e+00 7.361729999999999663e+00
7.945295400000000000e+07 1.000000000000000000e+00 6.500000000000000000e+01 6.525252000000000407e+03 1.437280700311679539e+03 9.460015517869014730e+03 0.000000000000000000e+00 4.723979960939878708e+00 2.041519999999999779e+00
7.945378900000000000e+07 1.000000000000000000e+00 6.600000000000000000e+01 6.443710000000000036e+03 1.442005700311679902e+03 9.371680117869014794e+03 0.000000000000000000e+00 2.690930034588068676e+00 1.618020000000000014e+00
7.945378000000000000e+07 1.000000000000000000e+00 6.600000000000000000e+01 6.433399999999999636e+03 1.442031700311679742e+03 9.360009017869015224e+03 0.000000000000000000e+00 7.583299938337606072e+00 6.099999999999999867e-02
7.945377900000000000e+07 1.000000000000000000e+00 6.600000000000000000e+01 6.436229999999999563e+03 1.434629700311679699e+03 9.360092817869015562e+03 0.000000000000000000e+00 5.684320007329010771e+00 6.099999999999999867e-02
7.945377900000000000e+07 1.000000000000000000e+00 6.600000000000000000e+01 6.438789999999999964e+03 1.433935700311680193e+03 9.359095317869014252e+03 0.000000000000000000e+00 4.532008198846746438e+00 9.199999999999999845e-02
7.945377900000000000e+07 1.000000000000000000e+00 6.600000000000000000e+01 6.435059999999999491e+03 1.430665700311679757e+03 9.362097017869014962e+03 0.000000000000000000e+00 7.586023708167386914e+00 9.199999999999999845e-02
7.945377500000000000e+07 1.000000000000000000e+00 6.500000000000000000e+01 6.429210000000000036e+03 1.434934700311679990e+03 9.357293017869014875e+03 0.000000000000000000e+00 6.781112289638953960e+00 2.039999999999999869e-01
7.945249700000000000e+07 1.000000000000000000e+00 6.600000000000000000e+01 6.432110000000000582e+03 1.443270700311680230e+03 9.356489917869013880e+03 0.000000000000000000e+00 6.423113125770781195e+00 6.099999999999999867e-02
7.945249700000000000e+07 1.000000000000000000e+00 6.600000000000000000e+01 6.432460000000000036e+03 1.443698700311680113e+03 9.355253717869014508e+03 0.000000000000000000e+00 5.670064969107404984e+00 9.199999999999999845e-02
7.945378000000000000e+07 1.000000000000000000e+00 6.600000000000000000e+01 6.434180000000000291e+03 1.442991700311679779e+03 9.353877617869015012e+03 0.000000000000000000e+00 4.430624198581574191e+00 6.099999999999999867e-02
7.945378000000000000e+07 1.000000000000000000e+00 6.600000000000000000e+01 6.433800000000000182e+03 1.443103700311679859e+03 9.353901317869014747e+03 0.000000000000000000e+00 4.814411733105648850e+00 6.099999999999999867e-02
7.945378400000000000e+07 1.000000000000000000e+00 6.500000000000000000e+01 6.446029999999999745e+03 1.447337700311680237e+03 9.357203217869015134e+03 0.000000000000000000e+00 2.660041993240178648e+00 4.169999999999999818e-01
7.945378500000000000e+07 1.000000000000000000e+00 6.500000000000000000e+01 6.445729999999999563e+03 1.448803700311679677e+03 9.356359117869014881e+03 0.000000000000000000e+00 2.503455764990322852e+00 6.099999999999999867e-02
7.945378500000000000e+07 1.000000000000000000e+00 6.500000000000000000e+01 6.443149999999999636e+03 1.451972700311679546e+03 9.358939717869016022e+03 0.000000000000000000e+00 3.575525169188111807e+00 1.000000000000000021e-02
7.945378900000000000e+07 1.000000000000000000e+00 6.600000000000000000e+01 6.438920000000000073e+03 1.440865700311679575e+03 9.374287817869015271e+03 0.000000000000000000e+00 7.870940991042843393e+00 9.199999999999999845e-02
7.945386600000000000e+07 1.000000000000000000e+00 6.500000000000000000e+01 6.432610000000000582e+03 1.417662700311680055e+03 9.382092017869013944e+03 0.000000000000000000e+00 6.194294451058129702e+00 9.199999999999999845e-02
7.945386600000000000e+07 1.000000000000000000e+00 6.500000000000000000e+01 6.431430000000000291e+03 1.416964700311679735e+03 9.381388217869014625e+03 0.000000000000000000e+00 7.298413674140729057e+00 4.169999999999999818e-01
7.945385600000000000e+07 1.000000000000000000e+00 6.500000000000000000e+01 6.426420000000000073e+03 1.413584700311679626e+03 9.377800017869014482e+03 0.000000000000000000e+00 7.782539041318758066e+00 4.169999999999999818e-01
7.945368900000000000e+07 1.000000000000000000e+00 6.600000000000000000e+01 6.385239999999999782e+03 1.513079700311679517e+03 9.353723517869013449e+03 0.000000000000000000e+00 1.206027924641701832e+00 2.400000000000000050e-02
7.335875200000000000e+07 1.000000000000000000e+00 6.500000000000000000e+01 4.991030000000000655e+03 1.106461700311680033e+03 8.555698517869015632e+03 0.000000000000000000e+00 4.838193781942481841e+00 9.199999999999999845e-02
7.335875200000000000e+07 0.000000000000000000e+00 6.500000000000000000e+01 4.980020000000000437e+03 1.107382700311680310e+03 8.552498517869014904e+03 0.000000000000000000e+00 1.587706334085257742e+00 5.000000000000000000e-01
7.335874900000000000e+07 1.000000000000000000e+00 6.600000000000000000e+01 4.984960000000000036e+03 1.112789700311679553e+03 8.546002517869015719e+03 0.000000000000000000e+00 2.670937015565927330e-01 6.099999999999999867e-02
7.335874800000000000e+07 1.000000000000000000e+00 6.600000000000000000e+01 4.986819999999999709e+03 1.114511700311680215e+03 8.539817517869014409e+03 0.000000000000000000e+00 2.621285953162075355e+00 9.199999999999999845e-02
7.335875000000000000e+07 1.000000000000000000e+00 6.600000000000000000e+01 4.993239999999999782e+03 1.111385700311680012e+03 8.548161517869015370e+03 0.000000000000000000e+00 8.263084808864840980e+00 9.199999999999999845e-02
7.335883200000000000e+07 1.000000000000000000e+00 6.500000000000000000e+01 5.008930000000000291e+03 1.092391700311680324e+03 8.546756517869014715e+03 0.000000000000000000e+00 6.688817739811081520e-01 2.400000000000000050e-02
7.335883100000000000e+07 1.000000000000000000e+00 6.500000000000000000e+01 5.009970000000000255e+03 1.096554700311679881e+03 8.542951517869014424e+03 0.000000000000000000e+00 5.054616312664814259e+00 2.400000000000000050e-02
7.335883100000000000e+07 1.000000000000000000e+00 6.500000000000000000e+01 5.001460000000000036e+03 1.103032700311679946e+03 8.547628517869015923e+03 0.000000000000000000e+00 4.420839308623859765e+00 9.199999999999999845e-02
7.335883100000000000e+07 1.000000000000000000e+00 6.500000000000000000e+01 4.999260000000000218e+03 1.104955700311679720e+03 8.546436517869015006e+03 0.000000000000000000e+00 5.948249321578534143e+00 9.199999999999999845e-02
7.335883000000000000e+07 1.000000000000000000e+00 6.500000000000000000e+01 5.000299999999999272e+03 1.109182700311679582e+03 8.540454517869015035e+03 0.000000000000000000e+00 9.834306370066187242e+00 2.400000000000000050e-02
7.335883000000000000e+07 1.000000000000000000e+00 6.500000000000000000e+01 4.998619999999999891e+03 1.105647700311679728e+03 8.537797517869013973e+03 0.000000000000000000e+00 6.193238217670560708e+00 2.400000000000000050e-02
6.306344300000000000e+07 0.000000000000000000e+00 6.600000000000000000e+01 6.082869999999999891e+03 3.035286700311680761e+03 7.500245517869015202e+03 1.000000000000000000e+00 1.456619553038564829e+00 3.690000000000000000e+02
6.306350800000000000e+07 0.000000000000000000e+00 6.600000000000000000e+01 6.128140000000000327e+03 3.037626700311680906e+03 7.485965517869014548e+03 1.000000000000000000e+00 2.580050816448639650e-01 3.690000000000000000e+02
6.140470000000000000e+07 0.000000000000000000e+00 6.500000000000000000e+01 6.916252000000000407e+03 3.320886700311679306e+03 7.180625517869015312e+03 1.000000000000000000e+00 1.650471718610238447e+00 3.690000000000000000e+02
6.306528500000000000e+07 1.000000000000000000e+00 6.500000000000000000e+01 6.101300000000000182e+03 2.993346700311680252e+03 7.437065517869014911e+03 1.000000000000000000e+00 7.625151811854757877e-01 3.690000000000000000e+02
6.306336200000000000e+07 0.000000000000000000e+00 6.500000000000000000e+01 6.106130000000000109e+03 3.035086700311680033e+03 7.478785517869015166e+03 1.000000000000000000e+00 2.746725877519210712e+00 3.690000000000000000e+02
6.140688300000000000e+07 0.000000000000000000e+00 6.500000000000000000e+01 6.989145000000000437e+03 3.085436700311680397e+03 7.176475517869014766e+03 1.000000000000000000e+00 1.940469593029653605e+00 3.690000000000000000e+02
6.140470400000000000e+07 1.000000000000000000e+00 6.600000000000000000e+01 6.925688000000000102e+03 3.326166700311679961e+03 7.196095517869014657e+03 1.000000000000000000e+00 8.475428920606524752e-01 3.690000000000000000e+02
6.306350200000000000e+07 1.000000000000000000e+00 6.500000000000000000e+01 6.135670000000000073e+03 3.034306700311679379e+03 7.500345517869014657e+03 1.000000000000000000e+00 1.256150149920867709e-01 3.690000000000000000e+02
6.306335900000000000e+07 0.000000000000000000e+00 6.500000000000000000e+01 6.105739999999999782e+03 3.044856700311680470e+03 7.478225517869014766e+03 1.000000000000000000e+00 1.082807120096258124e+00 3.690000000000000000e+02
6.140688000000000000e+07 0.000000000000000000e+00 6.500000000000000000e+01 6.969353000000000065e+03 3.084206700311679015e+03 7.170935517869014802e+03 1.000000000000000000e+00 2.428172900750459551e+00 3.690000000000000000e+02
6.140462600000000000e+07 0.000000000000000000e+00 6.600000000000000000e+01 6.901047000000000480e+03 3.328946700311680615e+03 7.207275517869014948e+03 1.000000000000000000e+00 2.835897600959365494e+00 3.690000000000000000e+02
6.140470000000000000e+07 0.000000000000000000e+00 6.500000000000000000e+01 6.912916000000000167e+03 3.328006700311680106e+03 7.179185517869014802e+03 1.000000000000000000e+00 2.678736315221721842e+00 3.690000000000000000e+02
6.140556800000000000e+07 0.000000000000000000e+00 6.500000000000000000e+01 6.827621000000000095e+03 3.259846700311680252e+03 7.200205517869015239e+03 1.000000000000000000e+00 1.340142169417664508e+00 3.690000000000000000e+02
6.140470300000000000e+07 1.000000000000000000e+00 6.600000000000000000e+01 6.922813000000000102e+03 3.331306700311679379e+03 7.189605517869014875e+03 1.000000000000000000e+00 6.737934343101014134e-01 3.690000000000000000e+02
6.140556400000000000e+07 1.000000000000000000e+00 6.500000000000000000e+01 6.831961999999999534e+03 3.267756700311680106e+03 7.194825517869014220e+03 1.000000000000000000e+00 7.472361340654647410e-01 3.690000000000000000e+02
6.306435300000000000e+07 0.000000000000000000e+00 6.500000000000000000e+01 6.114829999999999927e+03 3.029846700311680252e+03 7.486135517869014620e+03 1.000000000000000000e+00 7.964208813589489511e-01 3.690000000000000000e+02
