1.941717000000000000e+07 0.000000000000000000e+00 6.600000000000000000e+01 4.214569107281296056e+03 1.215150356593663673e+04 2.178039999999999964e+03 0.000000000000000000e+00 1.940083283034753192e+00 1.078999999999999915e+01
2.507306600000000000e+07 1.000000000000000000e+00 6.500000000000000000e+01 4.141764107281295765e+03 1.219679383593663624e+04 2.711449999999999818e+03 0.000000000000000000e+00 2.666879381845504771e+00 1.078999999999999915e+01
8.244190100000000000e+07 1.000000000000000000e+00 6.600000000000000000e+01 2.653748107281295233e+03 1.250379446593663670e+04 9.838840000000000146e+03 0.000000000000000000e+00 2.179970963228009317e+00 1.078999999999999915e+01
8.721011500000000000e+07 1.000000000000000000e+00 6.600000000000000000e+01 2.584578107281296070e+03 1.255978946593663568e+04 1.008396999999999935e+04 0.000000000000000000e+00 3.988657326802230063e+00 3.229999999999999716e+01
1.165141260000000000e+08 1.000000000000000000e+00 6.500000000000000000e+01 1.230678107281295524e+03 1.313266146593663689e+04 1.375479000000000087e+04 0.000000000000000000e+00 8.739909387376687988e+00 1.124000000000000021e+01
1.165141260000000000e+08 1.000000000000000000e+00 6.500000000000000000e+01 1.230678107281295524e+03 1.313266346593663729e+04 1.375479000000000087e+04 0.000000000000000000e+00 8.741116471212702521e+00 2.400000000000000050e-02
8.721159900000000000e+07 1.000000000000000000e+00 6.600000000000000000e+01 2.593048107281296325e+03 1.269045346593663635e+04 1.013427000000000044e+04 0.000000000000000000e+00 9.669679654446477812e+00 1.605000000000000071e+01
8.721160300000000000e+07 1.000000000000000000e+00 6.500000000000000000e+01 2.607998107281295233e+03 1.268113846593663766e+04 1.013646999999999935e+04 0.000000000000000000e+00 4.955852135929214697e+00 1.605000000000000071e+01
8.721064900000000000e+07 0.000000000000000000e+00 6.500000000000000000e+01 2.627088107281295379e+03 1.266441846593663649e+04 1.014393000000000029e+04 0.000000000000000000e+00 4.365526229730574137e+00 1.078999999999999915e+01
8.721065200000000000e+07 1.000000000000000000e+00 6.600000000000000000e+01 2.629648107281295779e+03 1.266265246593663687e+04 1.014457999999999993e+04 0.000000000000000000e+00 5.749871221102650587e+00 1.078999999999999915e+01
8.721064700000000000e+07 1.000000000000000000e+00 6.500000000000000000e+01 2.631698107281295961e+03 1.266105146593663630e+04 1.014461999999999898e+04 0.000000000000000000e+00 5.738547427674735246e+00 1.339000000000000057e+01
8.720972400000000000e+07 1.000000000000000000e+00 6.500000000000000000e+01 2.646038107281296107e+03 1.262299046593663661e+04 1.016970999999999913e+04 0.000000000000000000e+00 3.987502415644923914e+00 1.078999999999999915e+01
8.720972400000000000e+07 1.000000000000000000e+00 6.500000000000000000e+01 2.646358107281295815e+03 1.261813146593663623e+04 1.017652000000000044e+04 0.000000000000000000e+00 6.424774728543597213e+00 1.339000000000000057e+01
8.721059700000000000e+07 1.000000000000000000e+00 6.500000000000000000e+01 2.648358107281295815e+03 1.260514846593663606e+04 1.019334000000000015e+04 0.000000000000000000e+00 7.669440541720838889e-01 1.339000000000000057e+01
8.721060000000000000e+07 1.000000000000000000e+00 6.500000000000000000e+01 2.647968107281295488e+03 1.259283846593663657e+04 1.021052000000000044e+04 0.000000000000000000e+00 5.399642886338231307e+00 1.339000000000000057e+01
8.720957200000000000e+07 1.000000000000000000e+00 6.500000000000000000e+01 2.644978107281295706e+03 1.251463046593663603e+04 1.019420000000000073e+04 0.000000000000000000e+00 5.049442766934181925e+00 1.078999999999999915e+01
8.720957200000000000e+07 1.000000000000000000e+00 6.500000000000000000e+01 2.644498107281295233e+03 1.251458546593663596e+04 1.019388000000000102e+04 0.000000000000000000e+00 4.904370023989472749e+00 1.078999999999999915e+01
8.720957600000000000e+07 1.000000000000000000e+00 6.600000000000000000e+01 2.636808107281295634e+03 1.251363146593663623e+04 1.019564999999999964e+04 0.000000000000000000e+00 8.253807453412166595e+00 9.199999999999999845e-02
8.720957100000000000e+07 1.000000000000000000e+00 6.500000000000000000e+01 2.637918107281295306e+03 1.252018646593663652e+04 1.019075000000000000e+04 0.000000000000000000e+00 8.275378601992606775e+00 9.199999999999999845e-02
8.720957100000000000e+07 1.000000000000000000e+00 6.500000000000000000e+01 2.640068107281295852e+03 1.251559146593663536e+04 1.019032999999999993e+04 0.000000000000000000e+00 4.568029045244052178e+00 2.400000000000000050e-02
8.720957200000000000e+07 1.000000000000000000e+00 6.500000000000000000e+01 2.644498107281295233e+03 1.251458546593663596e+04 1.019388000000000102e+04 0.000000000000000000e+00 4.904370023989472749e+00 4.830930000000000391e+00
8.720957200000000000e+07 1.000000000000000000e+00 6.500000000000000000e+01 2.644978107281295706e+03 1.251463046593663603e+04 1.019420000000000073e+04 0.000000000000000000e+00 5.049442766934181925e+00 5.246900000000000119e+00
8.720869100000000000e+07 1.000000000000000000e+00 6.500000000000000000e+01 2.641368107281296034e+03 1.251036646593663681e+04 1.023701000000000022e+04 0.000000000000000000e+00 3.472016380816654646e+00 9.199999999999999845e-02
8.720869000000000000e+07 1.000000000000000000e+00 6.500000000000000000e+01 2.637938107281295743e+03 1.251139046593663625e+04 1.024105999999999949e+04 0.000000000000000000e+00 6.414321879397186343e+00 2.400000000000000050e-02
8.720869000000000000e+07 1.000000000000000000e+00 6.500000000000000000e+01 2.636518107281295670e+03 1.250972446593663699e+04 1.024400000000000000e+04 0.000000000000000000e+00 4.641418403113322100e+00 9.199999999999999845e-02
8.720868900000000000e+07 1.000000000000000000e+00 6.500000000000000000e+01 2.646488107281295015e+03 1.250517646593663630e+04 1.025306999999999971e+04 0.000000000000000000e+00 5.361361554807066554e+00 8.220000000000000639e+00
8.720868900000000000e+07 1.000000000000000000e+00 6.500000000000000000e+01 2.646488107281295015e+03 1.250517646593663630e+04 1.025306999999999971e+04 0.000000000000000000e+00 5.361361554807066554e+00 2.349359999999999893e+00
8.720967800000000000e+07 1.000000000000000000e+00 6.500000000000000000e+01 2.644348107281295597e+03 1.255447046593663617e+04 1.022190999999999985e+04 0.000000000000000000e+00 7.760574069547354625e+00 1.078999999999999915e+01
8.720967800000000000e+07 1.000000000000000000e+00 6.500000000000000000e+01 2.644348107281295597e+03 1.255447046593663617e+04 1.022190999999999985e+04 0.000000000000000000e+00 7.760574069547354625e+00 1.968909999999999938e+00
8.720967800000000000e+07 1.000000000000000000e+00 6.500000000000000000e+01 2.644348107281295597e+03 1.255447046593663617e+04 1.022190999999999985e+04 0.000000000000000000e+00 7.760574069547354625e+00 1.327849999999999975e+00
8.720967700000000000e+07 1.000000000000000000e+00 6.500000000000000000e+01 2.646668107281295306e+03 1.256020646593663696e+04 1.021768000000000029e+04 0.000000000000000000e+00 7.842348584166506598e+00 9.199999999999999845e-02
8.720967700000000000e+07 1.000000000000000000e+00 6.500000000000000000e+01 2.644828107281296070e+03 1.256300746593663644e+04 1.021593000000000029e+04 0.000000000000000000e+00 7.032208379837502576e+00 9.199999999999999845e-02
8.720968200000000000e+07 1.000000000000000000e+00 6.600000000000000000e+01 2.630708107281296179e+03 1.256863246593663644e+04 1.022443000000000029e+04 0.000000000000000000e+00 3.661981079311226406e+00 9.199999999999999845e-02
8.720968100000000000e+07 1.000000000000000000e+00 6.600000000000000000e+01 2.630988107281295925e+03 1.256631346593663693e+04 1.021522999999999956e+04 0.000000000000000000e+00 4.167253103232267719e+00 9.199999999999999845e-02
8.720968100000000000e+07 1.000000000000000000e+00 6.600000000000000000e+01 2.638938107281295743e+03 1.256777746593663687e+04 1.021547000000000116e+04 0.000000000000000000e+00 7.302131610801409600e+00 9.199999999999999845e-02
8.720968100000000000e+07 1.000000000000000000e+00 6.600000000000000000e+01 2.638158107281295088e+03 1.256731946593663633e+04 1.021553000000000065e+04 0.000000000000000000e+00 6.451053146942565597e+00 8.349999999999999645e-01
8.720968100000000000e+07 1.000000000000000000e+00 6.600000000000000000e+01 2.638158107281295088e+03 1.256731946593663633e+04 1.021553000000000065e+04 0.000000000000000000e+00 6.451053146942565597e+00 7.157110000000000305e+00
8.721060000000000000e+07 1.000000000000000000e+00 6.500000000000000000e+01 2.648828107281295161e+03 1.259319646593663674e+04 1.021061000000000058e+04 0.000000000000000000e+00 5.971610355208913923e+00 9.199999999999999845e-02
8.721059600000000000e+07 1.000000000000000000e+00 6.600000000000000000e+01 2.636528107281295888e+03 1.258726846593663686e+04 1.020056000000000131e+04 0.000000000000000000e+00 7.696350057464552918e+00 6.099999999999999867e-02
8.721059500000000000e+07 1.000000000000000000e+00 6.600000000000000000e+01 2.637348107281295597e+03 1.258536746593663702e+04 1.019861000000000058e+04 0.000000000000000000e+00 9.708475782572286050e+00 6.099999999999999867e-02
8.721059600000000000e+07 1.000000000000000000e+00 6.600000000000000000e+01 2.622618107281296034e+03 1.258365446593663728e+04 1.020403000000000065e+04 0.000000000000000000e+00 9.081933943090223949e+00 9.199999999999999845e-02
8.721059700000000000e+07 1.000000000000000000e+00 6.600000000000000000e+01 2.618198107281295961e+03 1.259416846593663649e+04 1.021675000000000000e+04 0.000000000000000000e+00 7.252202192933463465e+00 2.400000000000000050e-02
8.721059700000000000e+07 1.000000000000000000e+00 6.600000000000000000e+01 2.618038107281296107e+03 1.259461646593663681e+04 1.021704999999999927e+04 0.000000000000000000e+00 7.485075163042009372e+00 6.099999999999999867e-02
8.721067800000000000e+07 1.000000000000000000e+00 6.500000000000000000e+01 2.617838107281295379e+03 1.259533946593663677e+04 1.021711000000000058e+04 0.000000000000000000e+00 7.098950467569091316e+00 2.400000000000000050e-02
8.721067900000000000e+07 1.000000000000000000e+00 6.500000000000000000e+01 2.618438107281295743e+03 1.259224046593663661e+04 1.021986000000000058e+04 0.000000000000000000e+00 9.411713250961785349e+00 4.169999999999999818e-01
8.721067900000000000e+07 1.000000000000000000e+00 6.500000000000000000e+01 2.618438107281295743e+03 1.259224046593663661e+04 1.021986000000000058e+04 0.000000000000000000e+00 9.411713250961785349e+00 7.122600000000000264e+00
8.721059600000000000e+07 1.000000000000000000e+00 6.500000000000000000e+01 2.647288107281296107e+03 1.261260746593663680e+04 1.019172999999999956e+04 0.000000000000000000e+00 4.802861149588738776e+00 9.199999999999999845e-02
8.721059700000000000e+07 1.000000000000000000e+00 6.500000000000000000e+01 2.649018107281295670e+03 1.261423546593663559e+04 1.019081999999999971e+04 0.000000000000000000e+00 7.152893545190238456e+00 6.099999999999999867e-02
8.720972000000000000e+07 1.000000000000000000e+00 6.600000000000000000e+01 2.649238107281295925e+03 1.261470246593663614e+04 1.018892000000000007e+04 0.000000000000000000e+00 7.337669477886096026e+00 9.199999999999999845e-02
8.721059800000000000e+07 0.000000000000000000e+00 6.500000000000000000e+01 2.638578107281295161e+03 1.260383146593663696e+04 1.019963000000000102e+04 0.000000000000000000e+00 1.591585410172245529e+00 2.400000000000000050e-02
8.721060100000000000e+07 1.000000000000000000e+00 6.600000000000000000e+01 2.651048107281295415e+03 1.261271746593663556e+04 1.019547999999999956e+04 0.000000000000000000e+00 4.852846833705243057e+00 9.199999999999999845e-02
8.721059900000000000e+07 0.000000000000000000e+00 6.500000000000000000e+01 2.640918107281295306e+03 1.260040746593663607e+04 1.020686000000000058e+04 0.000000000000000000e+00 1.352064767945226897e+00 6.099999999999999867e-02
8.721060000000000000e+07 1.000000000000000000e+00 6.600000000000000000e+01 2.638068107281295852e+03 1.261080446593663692e+04 1.020423999999999978e+04 0.000000000000000000e+00 2.382477291872538760e+00 4.169999999999999818e-01
8.721059600000000000e+07 0.000000000000000000e+00 6.500000000000000000e+01 2.633818107281295852e+03 1.260471846593663577e+04 1.019613999999999942e+04 0.000000000000000000e+00 1.617186543319764525e+00 9.199999999999999845e-02
8.721066700000000000e+07 1.000000000000000000e+00 6.500000000000000000e+01 2.611308107281295634e+03 1.261820646593663696e+04 1.018878000000000065e+04 0.000000000000000000e+00 6.066708405133526938e+00 6.099999999999999867e-02
8.720980200000000000e+07 1.000000000000000000e+00 6.600000000000000000e+01 2.622608107281295815e+03 1.262300346593663562e+04 1.018293999999999869e+04 0.000000000000000000e+00 5.689557443557423433e+00 2.039999999999999869e-01
8.720980100000000000e+07 1.000000000000000000e+00 6.600000000000000000e+01 2.617898107281295779e+03 1.262564346593663686e+04 1.018403999999999905e+04 0.000000000000000000e+00 3.355519670061018811e+00 4.169999999999999818e-01
8.720980100000000000e+07 1.000000000000000000e+00 6.600000000000000000e+01 2.619618107281296034e+03 1.262700246593663542e+04 1.018218000000000029e+04 0.000000000000000000e+00 3.451860732939041831e+00 9.199999999999999845e-02
8.720980400000000000e+07 1.000000000000000000e+00 6.500000000000000000e+01 2.620878107281295343e+03 1.262777446593663626e+04 1.018029999999999927e+04 0.000000000000000000e+00 2.780630019799851027e+00 9.199999999999999845e-02
8.720981000000000000e+07 1.000000000000000000e+00 6.600000000000000000e+01 2.620188107281295743e+03 1.261477746593663687e+04 1.016806000000000131e+04 0.000000000000000000e+00 2.413820672092524600e+00 6.099999999999999867e-02
8.720981600000000000e+07 0.000000000000000000e+00 6.500000000000000000e+01 2.618858107281295815e+03 1.260312546593663683e+04 1.015511000000000058e+04 0.000000000000000000e+00 2.005770408334309973e+00 9.199999999999999845e-02
8.720966800000000000e+07 0.000000000000000000e+00 6.500000000000000000e+01 2.618328107281295161e+03 1.260276546593663625e+04 1.015212999999999920e+04 0.000000000000000000e+00 3.089779242585426022e+00 4.169999999999999818e-01
8.720981600000000000e+07 0.000000000000000000e+00 6.600000000000000000e+01 2.619378107281295343e+03 1.260424146593663681e+04 1.014870999999999913e+04 0.000000000000000000e+00 1.934680614731566051e+00 6.099999999999999867e-02
8.720981500000000000e+07 0.000000000000000000e+00 6.600000000000000000e+01 2.621138107281295561e+03 1.260839146593663645e+04 1.014948999999999978e+04 0.000000000000000000e+00 8.343110893658948202e-01 2.400000000000000050e-02
8.720981600000000000e+07 1.000000000000000000e+00 6.600000000000000000e+01 2.622828107281296070e+03 1.261193846593663693e+04 1.014379000000000087e+04 0.000000000000000000e+00 2.821587604556501816e+00 2.039999999999999869e-01
8.720981600000000000e+07 1.000000000000000000e+00 6.600000000000000000e+01 2.622448107281295961e+03 1.261235646593663660e+04 1.014420999999999913e+04 0.000000000000000000e+00 3.485393894443242768e+00 9.199999999999999845e-02
8.720973400000000000e+07 1.000000000000000000e+00 6.500000000000000000e+01 2.638158107281295088e+03 1.260226246593663745e+04 1.016054999999999927e+04 0.000000000000000000e+00 4.246702035581868095e+00 4.169999999999999818e-01
8.720973500000000000e+07 1.000000000000000000e+00 6.500000000000000000e+01 2.645388107281295561e+03 1.259892846593663671e+04 1.016654999999999927e+04 0.000000000000000000e+00 5.943166469185454659e+00 9.199999999999999845e-02
8.720973400000000000e+07 1.000000000000000000e+00 6.500000000000000000e+01 2.644048107281295415e+03 1.260085646593663660e+04 1.016664999999999964e+04 0.000000000000000000e+00 6.733852175046934896e+00 6.099999999999999867e-02
8.721058800000000000e+07 1.000000000000000000e+00 6.500000000000000000e+01 2.640518107281295670e+03 1.260322446593663699e+04 1.016711000000000058e+04 0.000000000000000000e+00 4.566457276239439977e+00 8.349999999999999645e-01
8.721058800000000000e+07 1.000000000000000000e+00 6.500000000000000000e+01 2.640518107281295670e+03 1.260322446593663699e+04 1.016711000000000058e+04 0.000000000000000000e+00 4.566457276239439977e+00 6.589750000000000441e+00
8.720972400000000000e+07 1.000000000000000000e+00 6.500000000000000000e+01 2.646358107281295815e+03 1.261813146593663623e+04 1.017652000000000044e+04 0.000000000000000000e+00 6.424774728543597213e+00 6.845550000000000246e+00
8.720972400000000000e+07 1.000000000000000000e+00 6.500000000000000000e+01 2.646038107281296107e+03 1.262299046593663661e+04 1.016970999999999913e+04 0.000000000000000000e+00 3.987502415644923914e+00 5.356760000000000410e+00
8.721064100000000000e+07 1.000000000000000000e+00 6.600000000000000000e+01 2.642718107281295488e+03 1.266352346593663606e+04 1.016052999999999884e+04 0.000000000000000000e+00 8.910765745182766651e+00 1.078999999999999915e+01
8.721064100000000000e+07 1.000000000000000000e+00 6.600000000000000000e+01 2.642718107281295488e+03 1.266352346593663606e+04 1.016052999999999884e+04 0.000000000000000000e+00 8.910765745182766651e+00 5.700849999999999973e+00
8.721064100000000000e+07 1.000000000000000000e+00 6.600000000000000000e+01 2.642718107281295488e+03 1.266352346593663606e+04 1.016052999999999884e+04 0.000000000000000000e+00 8.910765745182766651e+00 8.247039999999999926e-01
8.721065200000000000e+07 1.000000000000000000e+00 6.600000000000000000e+01 2.629648107281295779e+03 1.266265246593663687e+04 1.014457999999999993e+04 0.000000000000000000e+00 5.749871221102650587e+00 3.307580000000000187e+00
8.721064600000000000e+07 0.000000000000000000e+00 6.500000000000000000e+01 2.627948107281295961e+03 1.267235446593663619e+04 1.015273999999999978e+04 0.000000000000000000e+00 9.951008151046707439e-01 2.400000000000000050e-02
8.721064600000000000e+07 0.000000000000000000e+00 6.500000000000000000e+01 2.630918107281295306e+03 1.267388946593663604e+04 1.014714999999999964e+04 0.000000000000000000e+00 2.367683657553686150e+00 9.199999999999999845e-02
8.721064600000000000e+07 1.000000000000000000e+00 6.600000000000000000e+01 2.627918107281295306e+03 1.267883046593663676e+04 1.014092000000000007e+04 0.000000000000000000e+00 1.392526883922859948e+00 9.199999999999999845e-02
8.721064600000000000e+07 1.000000000000000000e+00 6.600000000000000000e+01 2.626738107281295925e+03 1.267698046593663639e+04 1.013950000000000000e+04 0.000000000000000000e+00 3.768185501409893057e+00 9.199999999999999845e-02
8.721064100000000000e+07 1.000000000000000000e+00 6.500000000000000000e+01 2.633428107281295524e+03 1.268452246593663585e+04 1.015232999999999993e+04 0.000000000000000000e+00 1.739927350579360432e+00 6.099999999999999867e-02
8.721064100000000000e+07 1.000000000000000000e+00 6.500000000000000000e+01 2.632478107281295706e+03 1.268585146593663740e+04 1.015435000000000036e+04 0.000000000000000000e+00 1.915364937263841716e+00 4.169999999999999818e-01
8.721064100000000000e+07 1.000000000000000000e+00 6.500000000000000000e+01 2.631288107281296107e+03 1.268799746593663622e+04 1.015681999999999971e+04 0.000000000000000000e+00 4.055318268286938199e+00 2.400000000000000050e-02
8.721160300000000000e+07 1.000000000000000000e+00 6.500000000000000000e+01 2.608578107281296070e+03 1.268121946593663597e+04 1.013613000000000102e+04 0.000000000000000000e+00 4.422418967177159210e+00 4.169999999999999818e-01
8.721064900000000000e+07 1.000000000000000000e+00 6.500000000000000000e+01 2.625818107281295852e+03 1.267467246593663731e+04 1.014107999999999993e+04 0.000000000000000000e+00 3.822237883492821009e+00 4.169999999999999818e-01
8.721064700000000000e+07 1.000000000000000000e+00 6.500000000000000000e+01 2.633268107281295670e+03 1.267015146593663667e+04 1.014426000000000022e+04 0.000000000000000000e+00 8.258377613071350432e-01 2.400000000000000050e-02
8.721064700000000000e+07 1.000000000000000000e+00 6.500000000000000000e+01 2.632288107281296107e+03 1.267009146593663536e+04 1.014451000000000022e+04 0.000000000000000000e+00 1.296805237598030347e+00 1.078999999999999915e+01
8.721064600000000000e+07 0.000000000000000000e+00 6.500000000000000000e+01 2.628348107281295597e+03 1.266899546593663763e+04 1.015247999999999956e+04 0.000000000000000000e+00 1.753234179774904700e+00 6.099999999999999867e-02
8.721064700000000000e+07 0.000000000000000000e+00 6.600000000000000000e+01 2.622998107281295233e+03 1.266929046593663588e+04 1.015455999999999949e+04 0.000000000000000000e+00 2.636878636531370557e+00 9.199999999999999845e-02
8.721064900000000000e+07 0.000000000000000000e+00 6.500000000000000000e+01 2.621068107281295852e+03 1.266667746593663651e+04 1.015115999999999985e+04 0.000000000000000000e+00 2.069590999691563571e+00 4.169999999999999818e-01
8.721065000000000000e+07 0.000000000000000000e+00 6.600000000000000000e+01 2.621998107281295233e+03 1.266317646593663630e+04 1.015070999999999913e+04 0.000000000000000000e+00 1.729847621605668850e+00 9.199999999999999845e-02
8.721056400000000000e+07 0.000000000000000000e+00 6.500000000000000000e+01 2.622428107281295524e+03 1.266064246593663665e+04 1.013287999999999920e+04 0.000000000000000000e+00 3.144113934879481764e+00 2.400000000000000050e-02
8.721056400000000000e+07 0.000000000000000000e+00 6.500000000000000000e+01 2.619308107281295634e+03 1.266048446593663539e+04 1.013240999999999985e+04 0.000000000000000000e+00 1.904805445266286812e+00 2.400000000000000050e-02
8.721056600000000000e+07 0.000000000000000000e+00 6.500000000000000000e+01 2.616348107281295597e+03 1.266140946593663648e+04 1.013709000000000015e+04 0.000000000000000000e+00 1.280992379723082442e+00 9.199999999999999845e-02
8.721056700000000000e+07 0.000000000000000000e+00 6.600000000000000000e+01 2.615648107281295779e+03 1.266432046593663654e+04 1.013897999999999956e+04 0.000000000000000000e+00 1.464205140609575517e+00 6.099999999999999867e-02
8.721056800000000000e+07 0.000000000000000000e+00 6.500000000000000000e+01 2.614868107281296034e+03 1.266940246593663687e+04 1.014172000000000116e+04 0.000000000000000000e+00 1.542762464684557910e+00 2.400000000000000050e-02
8.721064600000000000e+07 1.000000000000000000e+00 6.600000000000000000e+01 2.621568107281295852e+03 1.267922646593663740e+04 1.014337000000000080e+04 0.000000000000000000e+00 3.934255202381356842e+00 4.169999999999999818e-01
8.721064600000000000e+07 1.000000000000000000e+00 6.600000000000000000e+01 2.621568107281295852e+03 1.267922646593663740e+04 1.014337000000000080e+04 0.000000000000000000e+00 3.934255202381356842e+00 6.999729999999999563e+00
8.721064700000000000e+07 1.000000000000000000e+00 6.500000000000000000e+01 2.632288107281296107e+03 1.267009146593663536e+04 1.014451000000000022e+04 0.000000000000000000e+00 1.296805237598030347e+00 3.690170000000000172e+00
8.721074800000000000e+07 1.000000000000000000e+00 6.600000000000000000e+01 2.590518107281295670e+03 1.269002546593663646e+04 1.013628000000000065e+04 0.000000000000000000e+00 7.511891199217759940e+00 1.078999999999999915e+01
8.721057400000000000e+07 1.000000000000000000e+00 6.600000000000000000e+01 2.607518107281295670e+03 1.268856646593663754e+04 1.015475000000000000e+04 0.000000000000000000e+00 8.386187779161556222e+00 6.099999999999999867e-02
8.721064700000000000e+07 1.000000000000000000e+00 6.600000000000000000e+01 2.612448107281295961e+03 1.267691346593663548e+04 1.015118000000000029e+04 0.000000000000000000e+00 3.985031679523393766e+00 6.099999999999999867e-02
8.721072400000000000e+07 1.000000000000000000e+00 6.600000000000000000e+01 2.620158107281295997e+03 1.268787446593663662e+04 1.016111999999999898e+04 0.000000000000000000e+00 6.851236916992819559e+00 9.199999999999999845e-02
8.721072400000000000e+07 1.000000000000000000e+00 6.600000000000000000e+01 2.620428107281295524e+03 1.268834246593663556e+04 1.015993999999999869e+04 0.000000000000000000e+00 8.094096277000636164e+00 2.400000000000000050e-02
8.721074800000000000e+07 1.000000000000000000e+00 6.600000000000000000e+01 2.584758107281295452e+03 1.269046946593663597e+04 1.013522999999999956e+04 0.000000000000000000e+00 7.190246036131399343e+00 1.078999999999999915e+01
8.721074800000000000e+07 1.000000000000000000e+00 6.600000000000000000e+01 2.584758107281295452e+03 1.269046946593663597e+04 1.013522999999999956e+04 0.000000000000000000e+00 7.190246036131399343e+00 4.856530000000000236e+00
8.721074800000000000e+07 1.000000000000000000e+00 6.600000000000000000e+01 2.584758107281295452e+03 1.269046946593663597e+04 1.013522999999999956e+04 0.000000000000000000e+00 7.190246036131399343e+00 1.546000000000000041e+00
8.721075700000000000e+07 1.000000000000000000e+00 6.600000000000000000e+01 2.555878107281296252e+03 1.270618546593663632e+04 1.013672999999999956e+04 0.000000000000000000e+00 5.848730401430488612e+00 2.400000000000000050e-02
8.721075800000000000e+07 1.000000000000000000e+00 6.600000000000000000e+01 2.557468107281295488e+03 1.270859946593663699e+04 1.014055999999999949e+04 0.000000000000000000e+00 3.501462508911785676e+00 1.124000000000000021e+01
8.721075800000000000e+07 1.000000000000000000e+00 6.600000000000000000e+01 2.557468107281295488e+03 1.270859946593663699e+04 1.014055999999999949e+04 0.000000000000000000e+00 3.501462508911785676e+00 2.825050000000000061e+00
8.721071000000000000e+07 1.000000000000000000e+00 6.500000000000000000e+01 2.629678107281295524e+03 1.267726846593663686e+04 1.021854000000000087e+04 0.000000000000000000e+00 6.420752908068592113e+00 1.078999999999999915e+01
8.721071100000000000e+07 1.000000000000000000e+00 6.500000000000000000e+01 2.632108107281295815e+03 1.267991046593663668e+04 1.021035000000000036e+04 0.000000000000000000e+00 2.965954206199142629e+00 1.078999999999999915e+01
8.721071000000000000e+07 1.000000000000000000e+00 6.500000000000000000e+01 2.634128107281295343e+03 1.267970946593663757e+04 1.021037999999999920e+04 0.000000000000000000e+00 3.617709756153021150e+00 2.400000000000000050e-02
8.721071000000000000e+07 1.000000000000000000e+00 6.500000000000000000e+01 2.636068107281295852e+03 1.267951546593663625e+04 1.021040999999999985e+04 0.000000000000000000e+00 3.876553512133102508e+00 6.099999999999999867e-02
8.721071000000000000e+07 1.000000000000000000e+00 6.500000000000000000e+01 2.640728107281295706e+03 1.267904946593663772e+04 1.021047999999999956e+04 0.000000000000000000e+00 5.921812964217348707e+00 9.199999999999999845e-02
8.721070900000000000e+07 1.000000000000000000e+00 6.500000000000000000e+01 2.647048107281295415e+03 1.267888946593663604e+04 1.020704000000000087e+04 0.000000000000000000e+00 7.498895560232093693e+00 6.099999999999999867e-02
8.721070800000000000e+07 1.000000000000000000e+00 6.500000000000000000e+01 2.639458107281296179e+03 1.266761546593663661e+04 1.021104000000000087e+04 0.000000000000000000e+00 1.663281420827998236e+00 6.099999999999999867e-02
8.721070800000000000e+07 1.000000000000000000e+00 6.500000000000000000e+01 2.639838107281295379e+03 1.266610946593663539e+04 1.021123999999999978e+04 0.000000000000000000e+00 1.487321625441193174e+00 4.169999999999999818e-01
8.721070700000000000e+07 1.000000000000000000e+00 6.500000000000000000e+01 2.641458107281296179e+03 1.266124646593663601e+04 1.021105999999999949e+04 0.000000000000000000e+00 2.225866305277852231e+00 4.169999999999999818e-01
8.721070500000000000e+07 1.000000000000000000e+00 6.600000000000000000e+01 2.642158107281295997e+03 1.266448746593663600e+04 1.021736000000000058e+04 0.000000000000000000e+00 4.131410764094089139e+00 9.199999999999999845e-02
8.721070500000000000e+07 1.000000000000000000e+00 6.600000000000000000e+01 2.642158107281295997e+03 1.266448746593663600e+04 1.021736000000000058e+04 0.000000000000000000e+00 4.131410764094089139e+00 7.311200000000000365e+00
8.721071100000000000e+07 1.000000000000000000e+00 6.500000000000000000e+01 2.632108107281295815e+03 1.267991046593663668e+04 1.021035000000000036e+04 0.000000000000000000e+00 2.965954206199142629e+00 3.212860000000000049e+00
8.721071000000000000e+07 1.000000000000000000e+00 6.500000000000000000e+01 2.629678107281295524e+03 1.267726846593663686e+04 1.021854000000000087e+04 0.000000000000000000e+00 6.420752908068592113e+00 4.678679999999999950e+00
8.721071500000000000e+07 1.000000000000000000e+00 6.500000000000000000e+01 2.618368107281296034e+03 1.267203346593663628e+04 1.019989999999999964e+04 0.000000000000000000e+00 8.619459812100552787e-01 9.199999999999999845e-02
8.721071200000000000e+07 1.000000000000000000e+00 6.600000000000000000e+01 2.622238107281295925e+03 1.266467846593663671e+04 1.020020999999999913e+04 0.000000000000000000e+00 5.804271616577558746e+00 9.199999999999999845e-02
8.721071100000000000e+07 1.000000000000000000e+00 6.600000000000000000e+01 2.620888107281295561e+03 1.266380946593663612e+04 1.020410000000000036e+04 0.000000000000000000e+00 4.638314155621047874e+00 6.099999999999999867e-02
8.721071100000000000e+07 1.000000000000000000e+00 6.600000000000000000e+01 2.618758107281295452e+03 1.266357646593663594e+04 1.020619000000000051e+04 0.000000000000000000e+00 4.330784203050750847e+00 6.099999999999999867e-02
8.721071100000000000e+07 1.000000000000000000e+00 6.600000000000000000e+01 2.621748107281295233e+03 1.266428246593663607e+04 1.020520000000000073e+04 0.000000000000000000e+00 3.305169482207959142e+00 2.400000000000000050e-02
8.721071100000000000e+07 1.000000000000000000e+00 6.600000000000000000e+01 2.620178107281295524e+03 1.266406046593663632e+04 1.020827999999999884e+04 0.000000000000000000e+00 2.629583601815129512e+00 2.400000000000000050e-02
8.721070600000000000e+07 0.000000000000000000e+00 6.500000000000000000e+01 2.629418107281295306e+03 1.265835246593663760e+04 1.021719000000000051e+04 0.000000000000000000e+00 1.093351141497791890e+00 9.199999999999999845e-02
8.721070500000000000e+07 0.000000000000000000e+00 6.500000000000000000e+01 2.629828107281295161e+03 1.265776246593663745e+04 1.022125000000000000e+04 0.000000000000000000e+00 1.266864309322229154e+00 9.199999999999999845e-02
8.721070400000000000e+07 0.000000000000000000e+00 6.600000000000000000e+01 2.636908107281295997e+03 1.265733146593663696e+04 1.022245000000000073e+04 0.000000000000000000e+00 1.363645228397611264e+00 2.039999999999999869e-01
8.721070400000000000e+07 1.000000000000000000e+00 6.600000000000000000e+01 2.639738107281295015e+03 1.265503546593663668e+04 1.021892000000000007e+04 0.000000000000000000e+00 2.144524561932215079e+00 6.099999999999999867e-02
8.721070300000000000e+07 1.000000000000000000e+00 6.600000000000000000e+01 2.640268107281295670e+03 1.265282346593663533e+04 1.021868000000000029e+04 0.000000000000000000e+00 1.724004570691248128e+00 6.099999999999999867e-02
8.720986700000000000e+07 1.000000000000000000e+00 6.600000000000000000e+01 2.563378107281295343e+03 1.263400346593663562e+04 1.017897999999999956e+04 0.000000000000000000e+00 7.538523308910271226e+00 6.099999999999999867e-02
8.720986600000000000e+07 1.000000000000000000e+00 6.600000000000000000e+01 2.564648107281295779e+03 1.262708746593663636e+04 1.018052000000000044e+04 0.000000000000000000e+00 4.603982299896784980e+00 2.400000000000000050e-02
8.720986600000000000e+07 1.000000000000000000e+00 6.600000000000000000e+01 2.563108107281295815e+03 1.262487046593663763e+04 1.018177999999999884e+04 0.000000000000000000e+00 5.778221666594637540e+00 6.099999999999999867e-02
8.720986200000000000e+07 1.000000000000000000e+00 6.500000000000000000e+01 2.558568107281295852e+03 1.261308946593663677e+04 1.017759000000000015e+04 0.000000000000000000e+00 2.877298514025067533e+00 2.400000000000000050e-02
8.720986300000000000e+07 1.000000000000000000e+00 6.500000000000000000e+01 2.552848107281295597e+03 1.260413446593663684e+04 1.017715999999999985e+04 0.000000000000000000e+00 9.064771677620939272e+00 6.099999999999999867e-02
8.720986300000000000e+07 1.000000000000000000e+00 6.500000000000000000e+01 2.553188107281295743e+03 1.260516846593663649e+04 1.017825000000000000e+04 0.000000000000000000e+00 8.533428178384633966e+00 4.169999999999999818e-01
8.720986300000000000e+07 1.000000000000000000e+00 6.500000000000000000e+01 2.552818107281295852e+03 1.261109546593663617e+04 1.017801000000000022e+04 0.000000000000000000e+00 4.301974256127234497e+00 9.199999999999999845e-02
8.720986300000000000e+07 1.000000000000000000e+00 6.500000000000000000e+01 2.552158107281295997e+03 1.261815646593663769e+04 1.017968000000000029e+04 0.000000000000000000e+00 8.035571382687230368e+00 2.400000000000000050e-02
8.720986700000000000e+07 1.000000000000000000e+00 6.600000000000000000e+01 2.554568107281295852e+03 1.262093246593663571e+04 1.018268000000000029e+04 0.000000000000000000e+00 9.058804002538515476e+00 9.199999999999999845e-02
8.721011500000000000e+07 1.000000000000000000e+00 6.600000000000000000e+01 2.580118107281296034e+03 1.256155346593663671e+04 1.008386999999999898e+04 0.000000000000000000e+00 3.762320101472637290e+00 1.339000000000000057e+01
8.721011600000000000e+07 1.000000000000000000e+00 6.600000000000000000e+01 2.583728107281295706e+03 1.257170346593663635e+04 1.008670000000000073e+04 0.000000000000000000e+00 8.193441824568873599e+00 1.078999999999999915e+01
8.721011100000000000e+07 1.000000000000000000e+00 6.500000000000000000e+01 2.586478107281295706e+03 1.256930046593663610e+04 1.008770000000000073e+04 0.000000000000000000e+00 4.719680848511755400e+00 1.078999999999999915e+01
8.721144800000000000e+07 1.000000000000000000e+00 6.600000000000000000e+01 2.585098107281295597e+03 1.257853146593663769e+04 1.008460000000000036e+04 0.000000000000000000e+00 4.537158509395677441e+00 1.339000000000000057e+01
8.721144800000000000e+07 1.000000000000000000e+00 6.600000000000000000e+01 2.584128107281296252e+03 1.258167446593663772e+04 1.008312000000000080e+04 0.000000000000000000e+00 5.086266134004160833e+00 9.199999999999999845e-02
8.721136900000000000e+07 1.000000000000000000e+00 6.600000000000000000e+01 2.586808107281295634e+03 1.262370546593663676e+04 1.005495000000000073e+04 0.000000000000000000e+00 8.370418615416364005e+00 2.039999999999999869e-01
8.721136900000000000e+07 1.000000000000000000e+00 6.600000000000000000e+01 2.587118107281296034e+03 1.262520946593663757e+04 1.005505999999999949e+04 0.000000000000000000e+00 8.522473528802215981e+00 6.099999999999999867e-02
8.721137000000000000e+07 1.000000000000000000e+00 6.600000000000000000e+01 2.586818107281295852e+03 1.262745046593663574e+04 1.005468999999999869e+04 0.000000000000000000e+00 9.225685818804240768e+00 2.400000000000000050e-02
8.721137000000000000e+07 1.000000000000000000e+00 6.600000000000000000e+01 2.582518107281295670e+03 1.263105446593663510e+04 1.006143999999999869e+04 0.000000000000000000e+00 8.443367325886027785e+00 2.400000000000000050e-02
8.721137000000000000e+07 1.000000000000000000e+00 6.600000000000000000e+01 2.581248107281295233e+03 1.262642746593663651e+04 1.006279999999999927e+04 0.000000000000000000e+00 8.512962553579638936e+00 9.199999999999999845e-02
8.721137100000000000e+07 1.000000000000000000e+00 6.600000000000000000e+01 2.578778107281295888e+03 1.262969046593663734e+04 1.006860000000000036e+04 0.000000000000000000e+00 7.561323258751500909e+00 9.199999999999999845e-02
8.721137400000000000e+07 0.000000000000000000e+00 6.500000000000000000e+01 2.577758107281295452e+03 1.262054646593663711e+04 1.008018000000000029e+04 0.000000000000000000e+00 7.620787090808293085e-01 9.199999999999999845e-02
8.721136700000000000e+07 0.000000000000000000e+00 6.600000000000000000e+01 2.597898107281295779e+03 1.261848946593663641e+04 1.006831999999999971e+04 0.000000000000000000e+00 8.760509726425886878e-01 2.400000000000000050e-02
8.721136700000000000e+07 0.000000000000000000e+00 6.600000000000000000e+01 2.598308107281295634e+03 1.261962746593663542e+04 1.006817000000000007e+04 0.000000000000000000e+00 1.447632048938287008e+00 8.349999999999999645e-01
8.721136600000000000e+07 1.000000000000000000e+00 6.600000000000000000e+01 2.605248107281295233e+03 1.261990546593663748e+04 1.006945000000000073e+04 0.000000000000000000e+00 5.420139252349159165e+00 2.039999999999999869e-01
8.721136600000000000e+07 1.000000000000000000e+00 6.600000000000000000e+01 2.603788107281296107e+03 1.261704846593663751e+04 1.007065999999999985e+04 0.000000000000000000e+00 3.135517675205617305e+00 9.199999999999999845e-02
8.721136700000000000e+07 1.000000000000000000e+00 6.600000000000000000e+01 2.595448107281295961e+03 1.261516346593663548e+04 1.007415999999999985e+04 0.000000000000000000e+00 3.960237851537570020e+00 2.400000000000000050e-02
8.721136900000000000e+07 0.000000000000000000e+00 6.500000000000000000e+01 2.593228107281295706e+03 1.261719046593663734e+04 1.007406999999999971e+04 0.000000000000000000e+00 3.039041176060918836e+00 2.400000000000000050e-02
8.721137000000000000e+07 0.000000000000000000e+00 6.500000000000000000e+01 2.590938107281295743e+03 1.261776846593663686e+04 1.007427000000000044e+04 0.000000000000000000e+00 2.843057791021232905e+00 9.199999999999999845e-02
8.721138000000000000e+07 0.000000000000000000e+00 6.600000000000000000e+01 2.559498107281295233e+03 1.262017346593663751e+04 1.009152000000000044e+04 0.000000000000000000e+00 2.213246296740768226e+00 4.169999999999999818e-01
8.721004700000000000e+07 1.000000000000000000e+00 6.600000000000000000e+01 2.559928107281295524e+03 1.260989346593663686e+04 1.007743000000000029e+04 0.000000000000000000e+00 6.684207017117102190e+00 9.199999999999999845e-02
8.721004700000000000e+07 1.000000000000000000e+00 6.600000000000000000e+01 2.559928107281295524e+03 1.260989346593663686e+04 1.007743000000000029e+04 0.000000000000000000e+00 6.684207017117102190e+00 7.309009999999999785e+00
8.721144700000000000e+07 0.000000000000000000e+00 6.600000000000000000e+01 2.593188107281295743e+03 1.258010446593663619e+04 1.008398999999999978e+04 0.000000000000000000e+00 2.024651456381275860e+00 2.400000000000000050e-02
8.721144800000000000e+07 1.000000000000000000e+00 6.600000000000000000e+01 2.591408107281295997e+03 1.257922746593663760e+04 1.008470000000000073e+04 0.000000000000000000e+00 1.194268141388268534e+00 4.169999999999999818e-01
8.721144800000000000e+07 1.000000000000000000e+00 6.600000000000000000e+01 2.589418107281295306e+03 1.258143046593663530e+04 1.008372999999999956e+04 0.000000000000000000e+00 9.031852838834785180e-01 4.169999999999999818e-01
8.721018400000000000e+07 1.000000000000000000e+00 6.500000000000000000e+01 2.591118107281296034e+03 1.257560846593663518e+04 1.008869000000000051e+04 0.000000000000000000e+00 2.274583355196219348e+00 9.199999999999999845e-02
8.721003300000000000e+07 1.000000000000000000e+00 6.600000000000000000e+01 2.579648107281295779e+03 1.257351146593663725e+04 1.009192000000000007e+04 0.000000000000000000e+00 6.003964647814485467e+00 4.169999999999999818e-01
8.721003300000000000e+07 1.000000000000000000e+00 6.600000000000000000e+01 2.579578107281295161e+03 1.257330146593663630e+04 1.009197000000000116e+04 0.000000000000000000e+00 6.093175754845492342e+00 9.199999999999999845e-02
8.721003300000000000e+07 1.000000000000000000e+00 6.600000000000000000e+01 2.579578107281295161e+03 1.257330146593663630e+04 1.009197000000000116e+04 0.000000000000000000e+00 6.093175754845492342e+00 7.370320000000000427e+00
8.721011100000000000e+07 1.000000000000000000e+00 6.500000000000000000e+01 2.586478107281295706e+03 1.256930046593663610e+04 1.008770000000000073e+04 0.000000000000000000e+00 4.719680848511755400e+00 6.910770000000000302e+00
8.721011100000000000e+07 1.000000000000000000e+00 6.500000000000000000e+01 2.584488107281295925e+03 1.257107446593663553e+04 1.008488000000000102e+04 0.000000000000000000e+00 8.525181984886060604e+00 6.099999999999999867e-02
8.721018500000000000e+07 0.000000000000000000e+00 6.600000000000000000e+01 2.595348107281295597e+03 1.256948746593663600e+04 1.009829999999999927e+04 0.000000000000000000e+00 2.159317591207720266e+00 9.199999999999999845e-02
8.721018700000000000e+07 1.000000000000000000e+00 6.600000000000000000e+01 2.602158107281295088e+03 1.257133346593663737e+04 1.009661000000000058e+04 0.000000000000000000e+00 2.494805219976842903e+00 6.099999999999999867e-02
8.721018600000000000e+07 0.000000000000000000e+00 6.600000000000000000e+01 2.599098107281295597e+03 1.256915546593663748e+04 1.009731999999999971e+04 0.000000000000000000e+00 1.520841064001909659e+00 9.199999999999999845e-02
8.721018600000000000e+07 1.000000000000000000e+00 6.600000000000000000e+01 2.599588107281295379e+03 1.256970146593663594e+04 1.010277000000000044e+04 0.000000000000000000e+00 1.253405415683165769e+00 9.199999999999999845e-02
8.721018400000000000e+07 0.000000000000000000e+00 6.600000000000000000e+01 2.594618107281296034e+03 1.257473646593663580e+04 1.010064999999999964e+04 0.000000000000000000e+00 1.774172583159764782e+00 1.078999999999999915e+01
8.721018400000000000e+07 0.000000000000000000e+00 6.600000000000000000e+01 2.594618107281296034e+03 1.257473646593663580e+04 1.010064999999999964e+04 0.000000000000000000e+00 1.774172583159764782e+00 7.534419999999999451e-01
8.721018400000000000e+07 0.000000000000000000e+00 6.600000000000000000e+01 2.594618107281296034e+03 1.257473646593663580e+04 1.010064999999999964e+04 0.000000000000000000e+00 1.774172583159764782e+00 3.072099999999999831e-02
8.244200300000000000e+07 1.000000000000000000e+00 6.600000000000000000e+01 2.633248107281295233e+03 1.253663346593663664e+04 9.868319999999999709e+03 0.000000000000000000e+00 8.665439055142927671e+00 6.099999999999999867e-02
8.244199900000000000e+07 1.000000000000000000e+00 6.500000000000000000e+01 2.633368107281296034e+03 1.254759546593663617e+04 9.861959999999999127e+03 0.000000000000000000e+00 3.275789569745652052e+00 6.099999999999999867e-02
8.244199900000000000e+07 1.000000000000000000e+00 6.500000000000000000e+01 2.633298107281296325e+03 1.254771446593663677e+04 9.861639999999999418e+03 0.000000000000000000e+00 2.986080269985319724e+00 6.099999999999999867e-02
8.244199800000000000e+07 1.000000000000000000e+00 6.500000000000000000e+01 2.645288107281296107e+03 1.254444446593663633e+04 9.861299999999999272e+03 0.000000000000000000e+00 6.345473253193807395e+00 6.099999999999999867e-02
8.244199900000000000e+07 1.000000000000000000e+00 6.500000000000000000e+01 2.632138107281295561e+03 1.254291846593663649e+04 9.853709999999999127e+03 0.000000000000000000e+00 6.058218253850219170e+00 6.099999999999999867e-02
8.244199800000000000e+07 1.000000000000000000e+00 6.500000000000000000e+01 2.636608107281295815e+03 1.253903946593663568e+04 9.853680000000000291e+03 0.000000000000000000e+00 8.433435517549852989e+00 6.099999999999999867e-02
8.244200200000000000e+07 1.000000000000000000e+00 6.600000000000000000e+01 2.636018107281295670e+03 1.254256346593663693e+04 9.866319999999999709e+03 0.000000000000000000e+00 5.523787346459520187e+00 2.400000000000000050e-02
8.244200200000000000e+07 0.000000000000000000e+00 6.600000000000000000e+01 2.633538107281296107e+03 1.254686746593663702e+04 9.868040000000000873e+03 0.000000000000000000e+00 2.943539049978651789e+00 9.199999999999999845e-02
8.244200100000000000e+07 0.000000000000000000e+00 6.500000000000000000e+01 2.634138107281295561e+03 1.255044446593663633e+04 9.865750000000000000e+03 0.000000000000000000e+00 1.379635315459194045e+00 4.169999999999999818e-01
8.244200100000000000e+07 0.000000000000000000e+00 6.500000000000000000e+01 2.632258107281295452e+03 1.255013246593663644e+04 9.864950000000000728e+03 0.000000000000000000e+00 2.139426157063822220e+00 2.400000000000000050e-02
8.244200200000000000e+07 1.000000000000000000e+00 6.500000000000000000e+01 2.629648107281295779e+03 1.255961746593663702e+04 9.870030000000000655e+03 0.000000000000000000e+00 9.909889896093349027e-01 9.199999999999999845e-02
8.244200300000000000e+07 1.000000000000000000e+00 6.500000000000000000e+01 2.630258107281295452e+03 1.256341646593663609e+04 9.876049999999999272e+03 0.000000000000000000e+00 2.806275989196795440e+00 2.400000000000000050e-02
8.244200600000000000e+07 1.000000000000000000e+00 6.500000000000000000e+01 2.636398107281295779e+03 1.255416046593663668e+04 9.888989999999999782e+03 0.000000000000000000e+00 2.472295752052892315e+00 2.400000000000000050e-02
8.244200600000000000e+07 1.000000000000000000e+00 6.500000000000000000e+01 2.634658107281295997e+03 1.255593846593663693e+04 9.889369999999998981e+03 0.000000000000000000e+00 3.902076398199429530e+00 4.169999999999999818e-01
8.244200900000000000e+07 0.000000000000000000e+00 6.600000000000000000e+01 2.630938107281295743e+03 1.255863346593663664e+04 9.892040000000000873e+03 0.000000000000000000e+00 3.825947093850896596e+00 9.199999999999999845e-02
8.244201000000000000e+07 1.000000000000000000e+00 6.600000000000000000e+01 2.631188107281295743e+03 1.256013346593663664e+04 9.891350000000000364e+03 0.000000000000000000e+00 2.762342115531027265e+00 9.199999999999999845e-02
8.244200900000000000e+07 1.000000000000000000e+00 6.600000000000000000e+01 2.631848107281295597e+03 1.256986346593663620e+04 9.883709999999999127e+03 0.000000000000000000e+00 5.619162335289506593e+00 6.099999999999999867e-02
8.244200800000000000e+07 1.000000000000000000e+00 6.600000000000000000e+01 2.629498107281295233e+03 1.257353546593663668e+04 9.881350000000000364e+03 0.000000000000000000e+00 9.222726993406331175e+00 9.199999999999999845e-02
8.244200800000000000e+07 1.000000000000000000e+00 6.600000000000000000e+01 2.625738107281295925e+03 1.257216446593663568e+04 9.880209999999999127e+03 0.000000000000000000e+00 7.463004370981698443e+00 9.199999999999999845e-02
8.244200800000000000e+07 1.000000000000000000e+00 6.600000000000000000e+01 2.629218107281295488e+03 1.256835646593663660e+04 9.882700000000000728e+03 0.000000000000000000e+00 4.526277293451659745e+00 4.169999999999999818e-01
8.244200800000000000e+07 1.000000000000000000e+00 6.600000000000000000e+01 2.629458107281296179e+03 1.256809946593663699e+04 9.882690000000000509e+03 0.000000000000000000e+00 4.451784287318220734e+00 6.099999999999999867e-02
8.244201000000000000e+07 1.000000000000000000e+00 6.600000000000000000e+01 2.641018107281295670e+03 1.256606546593663734e+04 9.892979999999999563e+03 0.000000000000000000e+00 7.636024162140919280e+00 9.199999999999999845e-02
8.244201000000000000e+07 1.000000000000000000e+00 6.600000000000000000e+01 2.642308107281295634e+03 1.256589546593663545e+04 9.894130000000001019e+03 0.000000000000000000e+00 9.037235272586567447e+00 4.169999999999999818e-01
8.244201000000000000e+07 1.000000000000000000e+00 6.600000000000000000e+01 2.642308107281295634e+03 1.256589546593663545e+04 9.894130000000001019e+03 0.000000000000000000e+00 9.037235272586567447e+00 7.077630000000000088e+00
8.244101500000000000e+07 1.000000000000000000e+00 6.600000000000000000e+01 2.630528107281295888e+03 1.249430446593663692e+04 9.899950000000000728e+03 0.000000000000000000e+00 6.973115364695061658e+00 6.099999999999999867e-02
8.244101400000000000e+07 1.000000000000000000e+00 6.600000000000000000e+01 2.625908107281295997e+03 1.249353546593663668e+04 9.906899999999999636e+03 0.000000000000000000e+00 4.910746080048399520e+00 6.099999999999999867e-02
8.244101400000000000e+07 1.000000000000000000e+00 6.600000000000000000e+01 2.625168107281295306e+03 1.248985246593663760e+04 9.910440000000000509e+03 0.000000000000000000e+00 3.328861186221140134e+00 9.199999999999999845e-02
8.244101400000000000e+07 1.000000000000000000e+00 6.600000000000000000e+01 2.627508107281295452e+03 1.248797546593663719e+04 9.909219999999999345e+03 0.000000000000000000e+00 2.879391107066823441e+00 9.199999999999999845e-02
8.244101100000000000e+07 0.000000000000000000e+00 6.500000000000000000e+01 2.634678107281295524e+03 1.248146346593663657e+04 9.911209999999999127e+03 0.000000000000000000e+00 1.036981848047510368e+00 9.199999999999999845e-02
8.244101100000000000e+07 1.000000000000000000e+00 6.600000000000000000e+01 2.632288107281296107e+03 1.247811246593663600e+04 9.923649999999999636e+03 0.000000000000000000e+00 3.129829605328594333e+00 9.199999999999999845e-02
8.244101200000000000e+07 1.000000000000000000e+00 6.600000000000000000e+01 2.626698107281295961e+03 1.248015646593663769e+04 9.917430000000000291e+03 0.000000000000000000e+00 5.092030984740496535e+00 6.099999999999999867e-02
8.244101300000000000e+07 1.000000000000000000e+00 6.600000000000000000e+01 2.617968107281295488e+03 1.248817446593663772e+04 9.922139999999999418e+03 0.000000000000000000e+00 9.391876543453674842e+00 2.400000000000000050e-02
8.244101200000000000e+07 1.000000000000000000e+00 6.600000000000000000e+01 2.620738107281295925e+03 1.248743446593663612e+04 9.924200000000000728e+03 0.000000000000000000e+00 8.820817588534824338e+00 9.199999999999999845e-02
8.244108700000000000e+07 1.000000000000000000e+00 6.500000000000000000e+01 2.653878107281295343e+03 1.248232346593663533e+04 9.839130000000001019e+03 0.000000000000000000e+00 8.035085564977414663e+00 1.078999999999999915e+01
8.244182300000000000e+07 1.000000000000000000e+00 6.600000000000000000e+01 2.665288107281296107e+03 1.248795246593663614e+04 9.839079999999999927e+03 0.000000000000000000e+00 6.708872615895876024e+00 9.199999999999999845e-02
8.244182400000000000e+07 1.000000000000000000e+00 6.600000000000000000e+01 2.668618107281296034e+03 1.248923246593663680e+04 9.844440000000000509e+03 0.000000000000000000e+00 4.110837767977472801e+00 4.169999999999999818e-01
8.244182300000000000e+07 1.000000000000000000e+00 6.600000000000000000e+01 2.670668107281295306e+03 1.248586746593663702e+04 9.842719999999999345e+03 0.000000000000000000e+00 5.404133130123837780e+00 4.169999999999999818e-01
8.244182400000000000e+07 1.000000000000000000e+00 6.600000000000000000e+01 2.666568107281295852e+03 1.248915946593663648e+04 9.848239999999999782e+03 0.000000000000000000e+00 5.889031794325220837e+00 6.099999999999999867e-02
8.244182300000000000e+07 1.000000000000000000e+00 6.600000000000000000e+01 2.662808107281295634e+03 1.249649446593663743e+04 9.841629999999999200e+03 0.000000000000000000e+00 7.084879683000728789e+00 6.099999999999999867e-02
8.244190300000000000e+07 1.000000000000000000e+00 6.500000000000000000e+01 2.663778107281295888e+03 1.249642546593663610e+04 9.844559999999999491e+03 0.000000000000000000e+00 5.872618710908059647e+00 6.099999999999999867e-02
8.244190300000000000e+07 1.000000000000000000e+00 6.500000000000000000e+01 2.664128107281296252e+03 1.250266646593663609e+04 9.850170000000000073e+03 0.000000000000000000e+00 7.316946509207208349e-01 4.169999999999999818e-01
8.244190200000000000e+07 1.000000000000000000e+00 6.500000000000000000e+01 2.662498107281295233e+03 1.250295646593663696e+04 9.841559999999999491e+03 0.000000000000000000e+00 5.353848324668237346e+00 2.400000000000000050e-02
8.244190100000000000e+07 1.000000000000000000e+00 6.600000000000000000e+01 2.652648107281295779e+03 1.250196846593663577e+04 9.834409999999999854e+03 0.000000000000000000e+00 6.457402432950522631e+00 6.099999999999999867e-02
8.244190100000000000e+07 1.000000000000000000e+00 6.600000000000000000e+01 2.651638107281295561e+03 1.250138246593663644e+04 9.834270000000000437e+03 0.000000000000000000e+00 7.040501529420499338e+00 2.400000000000000050e-02
8.244108900000000000e+07 1.000000000000000000e+00 6.600000000000000000e+01 2.661218107281295488e+03 1.249583646593663616e+04 9.823409999999999854e+03 0.000000000000000000e+00 3.757731992856030434e+00 9.199999999999999845e-02
8.244108900000000000e+07 1.000000000000000000e+00 6.600000000000000000e+01 2.658788107281296107e+03 1.250269946593663553e+04 9.820319999999999709e+03 0.000000000000000000e+00 9.454817977586587929e+00 6.099999999999999867e-02
8.244109000000000000e+07 1.000000000000000000e+00 6.600000000000000000e+01 2.661608107281295815e+03 1.249905346593663671e+04 9.828590000000000146e+03 0.000000000000000000e+00 6.956780618026896512e+00 4.169999999999999818e-01
8.244109000000000000e+07 1.000000000000000000e+00 6.600000000000000000e+01 2.661608107281295815e+03 1.249905346593663671e+04 9.828590000000000146e+03 0.000000000000000000e+00 6.956780618026896512e+00 7.336179999999999701e+00
8.244108700000000000e+07 1.000000000000000000e+00 6.500000000000000000e+01 2.653878107281295343e+03 1.248232346593663533e+04 9.839130000000001019e+03 0.000000000000000000e+00 8.035085564977414663e+00 3.354690000000000172e+00
3.073199800000000000e+07 1.000000000000000000e+00 6.500000000000000000e+01 4.060313107281295743e+03 1.218178686593663588e+04 3.346260000000000218e+03 0.000000000000000000e+00 7.599456217929975388e+00 9.199999999999999845e-02
3.073208200000000000e+07 1.000000000000000000e+00 6.500000000000000000e+01 4.066743107281296034e+03 1.218800058593663562e+04 3.361039999999999964e+03 0.000000000000000000e+00 2.854202954527595537e+00 9.199999999999999845e-02
3.073199900000000000e+07 1.000000000000000000e+00 6.500000000000000000e+01 4.071246107281295735e+03 1.217732836593663524e+04 3.350869999999999891e+03 0.000000000000000000e+00 2.161738609691060908e+00 9.199999999999999845e-02
3.073199900000000000e+07 1.000000000000000000e+00 6.500000000000000000e+01 4.068632107281295248e+03 1.217989806593663525e+04 3.351960000000000036e+03 0.000000000000000000e+00 4.250938173481490168e+00 6.099999999999999867e-02
3.073200000000000000e+07 1.000000000000000000e+00 6.500000000000000000e+01 4.076686107281295335e+03 1.217231496593663542e+04 3.346579999999999927e+03 0.000000000000000000e+00 1.901479790801490211e+00 9.199999999999999845e-02
3.073199900000000000e+07 0.000000000000000000e+00 6.500000000000000000e+01 4.074279107281296092e+03 1.217350506593663522e+04 3.343030000000000655e+03 0.000000000000000000e+00 3.327983846460577766e+00 6.099999999999999867e-02
3.073200300000000000e+07 1.000000000000000000e+00 6.600000000000000000e+01 4.072713107281295379e+03 1.218501196593663553e+04 3.342659999999999854e+03 0.000000000000000000e+00 8.981929000275151509e+00 9.199999999999999845e-02
3.073208400000000000e+07 1.000000000000000000e+00 6.500000000000000000e+01 4.078530107281295386e+03 1.218608529593663661e+04 3.348430000000000291e+03 0.000000000000000000e+00 1.557986686298740597e+00 2.039999999999999869e-01
3.073208800000000000e+07 1.000000000000000000e+00 6.600000000000000000e+01 4.084581107281295772e+03 1.218871424593663687e+04 3.353590000000000146e+03 0.000000000000000000e+00 1.210119291868706259e+00 8.349999999999999645e-01
3.073208800000000000e+07 1.000000000000000000e+00 6.600000000000000000e+01 4.085012107281295357e+03 1.218999964593663753e+04 3.352710000000000036e+03 0.000000000000000000e+00 1.541595560105468721e+00 9.199999999999999845e-02
3.073209400000000000e+07 1.000000000000000000e+00 6.600000000000000000e+01 4.094652107281295685e+03 1.221421216593663667e+04 3.361769999999999527e+03 0.000000000000000000e+00 3.981590136316922379e+00 9.199999999999999845e-02
3.073209300000000000e+07 1.000000000000000000e+00 6.600000000000000000e+01 4.092400107281295277e+03 1.221961386593663701e+04 3.357050000000000182e+03 0.000000000000000000e+00 8.304728258553968345e+00 9.199999999999999845e-02
3.073209300000000000e+07 1.000000000000000000e+00 6.600000000000000000e+01 4.090790107281295604e+03 1.221891596593663780e+04 3.354619999999999891e+03 0.000000000000000000e+00 8.306338144953240743e+00 9.199999999999999845e-02
2.507306700000000000e+07 1.000000000000000000e+00 6.500000000000000000e+01 4.141127107281296048e+03 1.219666125593663673e+04 2.709789999999999964e+03 0.000000000000000000e+00 2.484620850205541132e+00 1.078999999999999915e+01
2.507306700000000000e+07 1.000000000000000000e+00 6.500000000000000000e+01 4.142243107281296034e+03 1.219493090893663611e+04 2.708630000000000109e+03 0.000000000000000000e+00 2.002864169878824097e+00 1.605000000000000071e+01
2.507306700000000000e+07 1.000000000000000000e+00 6.500000000000000000e+01 4.142995107281295532e+03 1.219520455173663686e+04 2.709149999999999636e+03 0.000000000000000000e+00 2.153791579661777700e+00 6.099999999999999867e-02
2.507306700000000000e+07 1.000000000000000000e+00 6.500000000000000000e+01 4.142978107281295706e+03 1.219681667593663587e+04 2.709340000000000146e+03 0.000000000000000000e+00 1.828304782385416827e+00 2.400000000000000050e-02
2.507306600000000000e+07 1.000000000000000000e+00 6.500000000000000000e+01 4.142941107281295444e+03 1.220031849593663719e+04 2.709769999999999527e+03 0.000000000000000000e+00 6.817275723531441844e-01 6.099999999999999867e-02
2.507306600000000000e+07 1.000000000000000000e+00 6.500000000000000000e+01 4.142913107281296107e+03 1.220299468593663551e+04 2.710100000000000364e+03 0.000000000000000000e+00 1.735210295148657877e+00 1.078999999999999915e+01
2.507306600000000000e+07 1.000000000000000000e+00 6.500000000000000000e+01 4.143266107281295263e+03 1.220374966593663703e+04 2.710260000000000218e+03 0.000000000000000000e+00 2.227998702879321336e+00 6.099999999999999867e-02
2.507306900000000000e+07 1.000000000000000000e+00 6.600000000000000000e+01 4.148747107281295939e+03 1.222179416593663700e+04 2.708250000000000000e+03 0.000000000000000000e+00 8.631260503423524355e+00 2.400000000000000050e-02
2.507306900000000000e+07 1.000000000000000000e+00 6.600000000000000000e+01 4.148178107281295524e+03 1.222221356593663586e+04 2.707599999999999454e+03 0.000000000000000000e+00 8.462080284390740559e+00 1.078999999999999915e+01
2.507306900000000000e+07 1.000000000000000000e+00 6.600000000000000000e+01 4.145519107281295874e+03 1.222050046593663683e+04 2.709010000000000218e+03 0.000000000000000000e+00 6.176452089626932818e+00 6.099999999999999867e-02
2.507306400000000000e+07 1.000000000000000000e+00 6.500000000000000000e+01 4.147417107281296012e+03 1.222139096593663635e+04 2.710149999999999636e+03 0.000000000000000000e+00 7.395544962843472625e+00 4.169999999999999818e-01
2.507306400000000000e+07 1.000000000000000000e+00 6.500000000000000000e+01 4.149245107281295532e+03 1.222079886593663650e+04 2.711599999999999454e+03 0.000000000000000000e+00 7.629124503223627229e+00 4.169999999999999818e-01
2.507306400000000000e+07 1.000000000000000000e+00 6.500000000000000000e+01 4.149479107281295910e+03 1.222027806593663627e+04 2.713460000000000036e+03 0.000000000000000000e+00 6.939229678698643156e+00 9.199999999999999845e-02
2.507306400000000000e+07 1.000000000000000000e+00 6.500000000000000000e+01 4.146901107281295481e+03 1.222132376593663685e+04 2.715769999999999527e+03 0.000000000000000000e+00 4.389217383685843465e+00 9.199999999999999845e-02
2.507306400000000000e+07 1.000000000000000000e+00 6.500000000000000000e+01 4.148471107281295190e+03 1.222222706593663679e+04 2.713890000000000327e+03 0.000000000000000000e+00 6.457983406268700932e+00 9.199999999999999845e-02
2.507306400000000000e+07 1.000000000000000000e+00 6.500000000000000000e+01 4.150526107281295481e+03 1.222190396593663536e+04 2.716069999999999709e+03 0.000000000000000000e+00 7.974884840767776595e+00 6.099999999999999867e-02
2.507315100000000000e+07 1.000000000000000000e+00 6.600000000000000000e+01 4.148579107281295364e+03 1.222990466593663587e+04 2.707429999999999382e+03 0.000000000000000000e+00 5.341870304884904996e+00 9.199999999999999845e-02
2.507315200000000000e+07 1.000000000000000000e+00 6.600000000000000000e+01 4.148198107281295961e+03 1.222732346593663533e+04 2.704890000000000327e+03 0.000000000000000000e+00 6.182234400823938714e+00 2.400000000000000050e-02
2.507306900000000000e+07 1.000000000000000000e+00 6.600000000000000000e+01 4.141468107281295488e+03 1.221659966593663557e+04 2.707639999999999418e+03 0.000000000000000000e+00 2.482973904641057494e+00 2.400000000000000050e-02
2.507306800000000000e+07 1.000000000000000000e+00 6.600000000000000000e+01 4.135223107281295597e+03 1.222447646593663740e+04 2.704479999999999563e+03 0.000000000000000000e+00 6.363688540876177413e+00 4.169999999999999818e-01
2.507315200000000000e+07 1.000000000000000000e+00 6.600000000000000000e+01 4.138802107281295321e+03 1.222472996593663629e+04 2.703800000000000182e+03 0.000000000000000000e+00 4.830311003785289437e+00 8.349999999999999645e-01
2.507314800000000000e+07 1.000000000000000000e+00 6.500000000000000000e+01 4.137172107281296121e+03 1.223227246593663585e+04 2.706489999999999782e+03 0.000000000000000000e+00 4.617840465069063427e+00 2.039999999999999869e-01
2.507434200000000000e+07 1.000000000000000000e+00 6.500000000000000000e+01 4.126165107281295604e+03 1.223014016593663655e+04 2.676060000000000400e+03 0.000000000000000000e+00 6.179541123925610613e+00 2.400000000000000050e-02
2.507434300000000000e+07 1.000000000000000000e+00 6.500000000000000000e+01 4.122678107281295524e+03 1.223591136593663759e+04 2.677770000000000437e+03 0.000000000000000000e+00 9.327887465629270736e+00 2.400000000000000050e-02
2.507434000000000000e+07 1.000000000000000000e+00 6.600000000000000000e+01 4.119899107281295983e+03 1.223755186593663529e+04 2.679590000000000146e+03 0.000000000000000000e+00 8.806186735979162350e+00 8.349999999999999645e-01
2.507434000000000000e+07 1.000000000000000000e+00 6.600000000000000000e+01 4.120144107281295874e+03 1.223817176593663680e+04 2.680150000000000546e+03 0.000000000000000000e+00 8.385980402732506889e+00 2.400000000000000050e-02
2.507306900000000000e+07 1.000000000000000000e+00 6.600000000000000000e+01 4.148178107281295524e+03 1.222221356593663586e+04 2.707599999999999454e+03 0.000000000000000000e+00 8.462080284390740559e+00 3.511929999999999996e+00
2.507306900000000000e+07 0.000000000000000000e+00 6.500000000000000000e+01 4.136993107281296034e+03 1.220364466593663747e+04 2.701500000000000000e+03 0.000000000000000000e+00 1.486760136806617894e+00 6.099999999999999867e-02
2.507306800000000000e+07 1.000000000000000000e+00 6.500000000000000000e+01 4.132156107281295590e+03 1.220194326593663573e+04 2.708250000000000000e+03 0.000000000000000000e+00 3.498836461259832831e+00 9.199999999999999845e-02
2.507306900000000000e+07 1.000000000000000000e+00 6.500000000000000000e+01 4.127889107281295765e+03 1.219377465593663510e+04 2.702800000000000182e+03 0.000000000000000000e+00 6.346698253922760102e+00 2.400000000000000050e-02
2.507554500000000000e+07 0.000000000000000000e+00 6.600000000000000000e+01 4.115051107281296026e+03 1.218632989593663660e+04 2.706569999999999709e+03 0.000000000000000000e+00 1.094680511862506922e+00 6.099999999999999867e-02
2.507554500000000000e+07 0.000000000000000000e+00 6.600000000000000000e+01 4.114467107281295284e+03 1.218595137593663640e+04 2.705630000000000109e+03 0.000000000000000000e+00 1.437220911417661284e+00 9.199999999999999845e-02
2.507554600000000000e+07 0.000000000000000000e+00 6.600000000000000000e+01 4.114459107281295474e+03 1.218557072593663543e+04 2.707390000000000327e+03 0.000000000000000000e+00 1.871300741439693160e+00 6.099999999999999867e-02
2.507554600000000000e+07 0.000000000000000000e+00 6.600000000000000000e+01 4.114324107281295255e+03 1.218526056593663634e+04 2.709710000000000036e+03 0.000000000000000000e+00 7.132401224859579170e-01 9.199999999999999845e-02
2.507555000000000000e+07 0.000000000000000000e+00 6.500000000000000000e+01 4.119201107281295663e+03 1.218524816593663672e+04 2.721680000000000291e+03 0.000000000000000000e+00 4.160629852350997915e+00 4.169999999999999818e-01
2.507423500000000000e+07 1.000000000000000000e+00 6.500000000000000000e+01 4.064880107281295750e+03 1.219708390593663717e+04 2.723869999999999891e+03 0.000000000000000000e+00 9.372816293219280226e+00 9.199999999999999845e-02
2.507306700000000000e+07 1.000000000000000000e+00 6.500000000000000000e+01 4.145808107281295634e+03 1.219116351593663603e+04 2.701269999999999527e+03 0.000000000000000000e+00 5.629001588597292383e+00 1.078999999999999915e+01
2.507307100000000000e+07 1.000000000000000000e+00 6.600000000000000000e+01 4.146488107281295925e+03 1.219305099593663545e+04 2.698099999999999454e+03 0.000000000000000000e+00 2.371252743137695962e+00 9.199999999999999845e-02
2.507413800000000000e+07 1.000000000000000000e+00 6.500000000000000000e+01 4.140793107281295306e+03 1.217385366593663639e+04 2.715739999999999782e+03 0.000000000000000000e+00 2.012784815705969788e+00 9.199999999999999845e-02
2.507413800000000000e+07 1.000000000000000000e+00 6.500000000000000000e+01 4.141559107281295837e+03 1.217278486593663547e+04 2.715710000000000036e+03 0.000000000000000000e+00 2.573568286082569490e+00 2.400000000000000050e-02
2.507428600000000000e+07 1.000000000000000000e+00 6.600000000000000000e+01 4.153712107281296085e+03 1.216222706593663679e+04 2.709239999999999782e+03 0.000000000000000000e+00 6.280082958753012257e+00 9.199999999999999845e-02
2.507420400000000000e+07 1.000000000000000000e+00 6.500000000000000000e+01 4.153828107281296070e+03 1.216127936593663617e+04 2.709409999999999854e+03 0.000000000000000000e+00 6.397622520202287610e+00 2.039999999999999869e-01
2.507420300000000000e+07 1.000000000000000000e+00 6.500000000000000000e+01 4.154149107281295983e+03 1.214998676593663549e+04 2.702180000000000291e+03 0.000000000000000000e+00 4.823486626682244705e+00 4.169999999999999818e-01
2.507420200000000000e+07 1.000000000000000000e+00 6.500000000000000000e+01 4.160708107281295270e+03 1.213502646593663667e+04 2.704940000000000509e+03 0.000000000000000000e+00 2.471641090807629837e+00 9.199999999999999845e-02
2.507465300000000000e+07 1.000000000000000000e+00 6.600000000000000000e+01 4.184660107281295495e+03 1.212726106593663644e+04 2.711510000000000218e+03 0.000000000000000000e+00 9.170187655401008442e+00 1.000000000000000021e-02
2.507450800000000000e+07 1.000000000000000000e+00 6.600000000000000000e+01 4.184681107281295226e+03 1.212977646593663667e+04 2.708059999999999491e+03 0.000000000000000000e+00 8.480312796643215023e+00 9.199999999999999845e-02
2.507564600000000000e+07 1.000000000000000000e+00 6.500000000000000000e+01 4.187604107281295910e+03 1.209038946593663604e+04 2.718929999999999382e+03 0.000000000000000000e+00 7.589853770022055635e+00 9.199999999999999845e-02
2.507563900000000000e+07 1.000000000000000000e+00 6.600000000000000000e+01 4.164222107281295393e+03 1.210198326593663660e+04 2.728460000000000036e+03 0.000000000000000000e+00 9.856958331263150797e+00 6.099999999999999867e-02
2.507565400000000000e+07 1.000000000000000000e+00 6.500000000000000000e+01 4.155057107281295430e+03 1.207068746593663673e+04 2.736769999999999527e+03 0.000000000000000000e+00 5.196473878269629587e+00 6.099999999999999867e-02
2.507565500000000000e+07 1.000000000000000000e+00 6.500000000000000000e+01 4.170071107281295554e+03 1.206591946593663670e+04 2.730849999999999454e+03 0.000000000000000000e+00 2.679929051829330611e+00 4.169999999999999818e-01
2.507565600000000000e+07 1.000000000000000000e+00 6.500000000000000000e+01 4.166540107281295604e+03 1.205877446593663626e+04 2.722800000000000182e+03 0.000000000000000000e+00 6.762838368098288200e+00 9.199999999999999845e-02
2.507306700000000000e+07 1.000000000000000000e+00 6.500000000000000000e+01 4.141127107281296048e+03 1.219666125593663673e+04 2.709789999999999964e+03 0.000000000000000000e+00 2.484620850205541132e+00 2.710030000000000161e+00
1.941617500000000000e+07 0.000000000000000000e+00 6.600000000000000000e+01 4.217871107281295735e+03 1.214689166593663685e+04 2.165829999999999927e+03 0.000000000000000000e+00 1.923746959319298622e+00 2.400000000000000050e-02
1.941617600000000000e+07 0.000000000000000000e+00 6.600000000000000000e+01 4.219795107281295714e+03 1.214857756593663726e+04 2.163380000000000109e+03 0.000000000000000000e+00 1.699854459031706844e+00 1.078999999999999915e+01
1.941617600000000000e+07 0.000000000000000000e+00 6.600000000000000000e+01 4.219795107281295714e+03 1.214857756593663726e+04 2.163380000000000109e+03 0.000000000000000000e+00 1.699854459031706844e+00 5.657020000000000159e+00
1.941617600000000000e+07 0.000000000000000000e+00 6.600000000000000000e+01 4.219795107281295714e+03 1.214857756593663726e+04 2.163380000000000109e+03 0.000000000000000000e+00 1.699854459031706844e+00 2.818319999999999936e+00
5.888437600000000000e+07 1.000000000000000000e+00 6.600000000000000000e+01 1.727468107281295488e+03 1.205253746593663527e+04 6.890623999999999796e+03 1.000000000000000000e+00 6.322798819269253023e-01 1.480000000000000000e+02
