1.526866000000000000e+06 1.000000000000000000e+00 6.600000000000000000e+01 8.777099763716732923e+03 5.998864614038367108e+03 1.220199999999995271e+02 0.000000000000000000e+00 7.106475635420601122e+00 1.078999999999999915e+01
1.526936000000000000e+06 1.000000000000000000e+00 6.600000000000000000e+01 8.777018173116732214e+03 5.995866654038367415e+03 1.678099999999994907e+02 0.000000000000000000e+00 6.692504014012280678e+00 1.078999999999999915e+01
9.851009000000000000e+06 1.000000000000000000e+00 6.500000000000000000e+01 8.813481563716733945e+03 5.927677014038366906e+03 1.095980000000000473e+03 0.000000000000000000e+00 7.683825948217354984e+00 1.339000000000000057e+01
9.851235000000000000e+06 1.000000000000000000e+00 6.500000000000000000e+01 8.816411063716732315e+03 5.917428414038367009e+03 1.219300000000000182e+03 0.000000000000000000e+00 2.154045803177303320e+00 1.078999999999999915e+01
3.241812100000000000e+07 1.000000000000000000e+00 6.600000000000000000e+01 8.361813763716732865e+03 6.435876614038366824e+03 3.719279999999999745e+03 0.000000000000000000e+00 7.891168434663874187e+00 1.078999999999999915e+01
6.082277900000000000e+07 1.000000000000000000e+00 6.600000000000000000e+01 7.495629763716732668e+03 7.496044614038367399e+03 7.166979999999999563e+03 0.000000000000000000e+00 1.262269262431484629e+00 1.078999999999999915e+01
9.812911800000000000e+07 1.000000000000000000e+00 6.600000000000000000e+01 5.879799763716733651e+03 9.101004614038367436e+03 1.143310000000000036e+04 0.000000000000000000e+00 1.902852905563214625e+00 1.078999999999999915e+01
1.110978450000000000e+08 1.000000000000000000e+00 6.600000000000000000e+01 5.004499763716732559e+03 1.006154461403836831e+04 1.306402999999999884e+04 0.000000000000000000e+00 1.517042240008059872e+00 1.078999999999999915e+01
1.223792890000000000e+08 1.000000000000000000e+00 6.500000000000000000e+01 4.190459763716732596e+03 1.100381461403836875e+04 1.437712000000000080e+04 0.000000000000000000e+00 1.914748639922945861e+00 3.229999999999999716e+01
1.223781660000000000e+08 1.000000000000000000e+00 6.500000000000000000e+01 4.146449763716732377e+03 1.102814461403836685e+04 1.442822999999999956e+04 0.000000000000000000e+00 8.793248256887469694e+00 9.199999999999999845e-02
1.223781660000000000e+08 1.000000000000000000e+00 6.500000000000000000e+01 4.146969763716732814e+03 1.102656461403836875e+04 1.441929999999999927e+04 0.000000000000000000e+00 9.379310465671244046e+00 9.199999999999999845e-02
1.223781660000000000e+08 1.000000000000000000e+00 6.500000000000000000e+01 4.144089763716732705e+03 1.102239461403836685e+04 1.442179000000000087e+04 0.000000000000000000e+00 4.218991986537887762e+00 4.169999999999999818e-01
1.223781660000000000e+08 1.000000000000000000e+00 6.500000000000000000e+01 4.144089763716732705e+03 1.102239461403836685e+04 1.442179000000000087e+04 0.000000000000000000e+00 4.218991986537887762e+00 7.374819999999999709e+00
1.110978400000000000e+08 1.000000000000000000e+00 6.500000000000000000e+01 5.013719763716733723e+03 1.005629461403836831e+04 1.306295000000000073e+04 0.000000000000000000e+00 4.920709041548079199e+00 2.400000000000000050e-02
1.110978350000000000e+08 1.000000000000000000e+00 6.600000000000000000e+01 5.021599763716732923e+03 1.005578461403836627e+04 1.305663999999999942e+04 0.000000000000000000e+00 5.883509828519426499e+00 2.400000000000000050e-02
1.110978330000000000e+08 1.000000000000000000e+00 6.600000000000000000e+01 5.026189763716733069e+03 1.005657461403836714e+04 1.304047999999999956e+04 0.000000000000000000e+00 3.031903333455887140e+00 1.078999999999999915e+01
1.110978330000000000e+08 1.000000000000000000e+00 6.600000000000000000e+01 5.025649763716732195e+03 1.005567461403836933e+04 1.303852999999999884e+04 0.000000000000000000e+00 3.156889884094479903e+00 6.099999999999999867e-02
1.110978320000000000e+08 0.000000000000000000e+00 6.600000000000000000e+01 5.018099763716732923e+03 1.005923461403836700e+04 1.303478000000000065e+04 0.000000000000000000e+00 1.269306035006172895e+00 2.039999999999999869e-01
1.110978330000000000e+08 0.000000000000000000e+00 6.600000000000000000e+01 5.015059763716732959e+03 1.005880461403836671e+04 1.303563999999999942e+04 0.000000000000000000e+00 1.986178244827657258e+00 4.169999999999999818e-01
1.110978320000000000e+08 0.000000000000000000e+00 6.600000000000000000e+01 5.020369763716733360e+03 1.005981461403836875e+04 1.303886999999999898e+04 0.000000000000000000e+00 5.590056961259182167e-01 9.199999999999999845e-02
1.110978290000000000e+08 0.000000000000000000e+00 6.500000000000000000e+01 5.026669763716732632e+03 1.006719461403836613e+04 1.303871000000000095e+04 0.000000000000000000e+00 1.794522174934611636e+00 4.169999999999999818e-01
1.110978290000000000e+08 0.000000000000000000e+00 6.500000000000000000e+01 5.026669763716732632e+03 1.006719461403836613e+04 1.303871000000000095e+04 0.000000000000000000e+00 1.794522174934611636e+00 7.078630000000000422e+00
1.110978330000000000e+08 1.000000000000000000e+00 6.600000000000000000e+01 5.026189763716733069e+03 1.005657461403836714e+04 1.304047999999999956e+04 0.000000000000000000e+00 3.031903333455887140e+00 9.117439999999999989e-01
9.812911900000000000e+07 1.000000000000000000e+00 6.600000000000000000e+01 5.879839763716732705e+03 9.101294614038368309e+03 1.143301000000000022e+04 0.000000000000000000e+00 1.870679968715761587e+00 2.400000000000000050e-02
9.812912000000000000e+07 1.000000000000000000e+00 6.600000000000000000e+01 5.873559763716732959e+03 9.106004614038367436e+03 1.143675000000000000e+04 0.000000000000000000e+00 8.902435300498892090e-01 1.000000000000000021e-02
9.812793800000000000e+07 1.000000000000000000e+00 6.500000000000000000e+01 5.865109763716733141e+03 9.107584614038369182e+03 1.142973999999999978e+04 0.000000000000000000e+00 1.258877106666405954e+00 9.199999999999999845e-02
9.812793800000000000e+07 1.000000000000000000e+00 6.500000000000000000e+01 5.864269763716732996e+03 9.107414614038367290e+03 1.142844000000000051e+04 0.000000000000000000e+00 9.436555264112324037e-01 6.099999999999999867e-02
9.812793900000000000e+07 1.000000000000000000e+00 6.500000000000000000e+01 5.863159763716732414e+03 9.104874614038366417e+03 1.142579000000000087e+04 0.000000000000000000e+00 1.604404530121819938e+00 9.199999999999999845e-02
9.812912000000000000e+07 1.000000000000000000e+00 6.600000000000000000e+01 5.862369763716733360e+03 9.100834614038369182e+03 1.143745000000000073e+04 0.000000000000000000e+00 8.233420977965449694e+00 4.169999999999999818e-01
9.812912000000000000e+07 1.000000000000000000e+00 6.600000000000000000e+01 5.865199763716733287e+03 9.099054614038366708e+03 1.144407999999999993e+04 0.000000000000000000e+00 4.899796491748165117e+00 9.199999999999999845e-02
9.812912000000000000e+07 1.000000000000000000e+00 6.600000000000000000e+01 5.863109763716733141e+03 9.102774614038367872e+03 1.144013000000000102e+04 0.000000000000000000e+00 6.487490252019346038e+00 9.199999999999999845e-02
9.812919700000000000e+07 1.000000000000000000e+00 6.500000000000000000e+01 5.862819763716733178e+03 9.097894614038366853e+03 1.144215999999999985e+04 0.000000000000000000e+00 7.102450450007193439e+00 1.078999999999999915e+01
9.812919700000000000e+07 1.000000000000000000e+00 6.500000000000000000e+01 5.862819763716733178e+03 9.097894614038366853e+03 1.144215999999999985e+04 0.000000000000000000e+00 7.102450450007193439e+00 2.600929999999999964e+00
9.812919700000000000e+07 1.000000000000000000e+00 6.500000000000000000e+01 5.862819763716733178e+03 9.097894614038366853e+03 1.144215999999999985e+04 0.000000000000000000e+00 7.102450450007193439e+00 5.370669999999999611e-01
8.626179200000000000e+07 1.000000000000000000e+00 6.600000000000000000e+01 6.600009763716732778e+03 8.229294614038368309e+03 1.014654000000000087e+04 0.000000000000000000e+00 2.314172068123549142e+00 9.199999999999999845e-02
8.626162400000000000e+07 0.000000000000000000e+00 6.600000000000000000e+01 6.599159763716732414e+03 8.225124614038366417e+03 1.014932999999999993e+04 0.000000000000000000e+00 2.851649253326082434e+00 6.099999999999999867e-02
8.626161800000000000e+07 1.000000000000000000e+00 6.500000000000000000e+01 6.594659763716732414e+03 8.232674614038365689e+03 1.013801000000000022e+04 0.000000000000000000e+00 3.058873788806691696e+00 9.199999999999999845e-02
8.626161800000000000e+07 1.000000000000000000e+00 6.500000000000000000e+01 6.595539763716733432e+03 8.233604614038365980e+03 1.013587000000000080e+04 0.000000000000000000e+00 4.324988451853623239e+00 9.199999999999999845e-02
8.626265100000000000e+07 1.000000000000000000e+00 6.600000000000000000e+01 6.585669763716732632e+03 8.245564614038368745e+03 1.013251000000000022e+04 0.000000000000000000e+00 4.125962600527320667e+00 9.199999999999999845e-02
8.626265100000000000e+07 1.000000000000000000e+00 6.600000000000000000e+01 6.586859763716733141e+03 8.246864614038368018e+03 1.013015999999999985e+04 0.000000000000000000e+00 1.732607384919895521e+00 9.199999999999999845e-02
8.626265100000000000e+07 1.000000000000000000e+00 6.600000000000000000e+01 6.585529763716733214e+03 8.245814614038368745e+03 1.013251000000000022e+04 0.000000000000000000e+00 4.046447399812624468e+00 4.169999999999999818e-01
8.626265100000000000e+07 1.000000000000000000e+00 6.600000000000000000e+01 6.585409763716732414e+03 8.245844614038367581e+03 1.013245000000000073e+04 0.000000000000000000e+00 3.961526739748324921e+00 6.099999999999999867e-02
8.626264600000000000e+07 1.000000000000000000e+00 6.500000000000000000e+01 6.594599763716732923e+03 8.256874614038366417e+03 1.013179999999999927e+04 0.000000000000000000e+00 3.988266408295203291e+00 6.099999999999999867e-02
8.626264600000000000e+07 1.000000000000000000e+00 6.500000000000000000e+01 6.595269763716732996e+03 8.253824614038367145e+03 1.012460000000000036e+04 0.000000000000000000e+00 1.389032228184890805e+00 5.000000000000000000e-01
8.626264600000000000e+07 1.000000000000000000e+00 6.500000000000000000e+01 6.601329763716732487e+03 8.252734614038366999e+03 1.012345000000000073e+04 0.000000000000000000e+00 5.245167814169914067e+00 2.039999999999999869e-01
8.626264600000000000e+07 1.000000000000000000e+00 6.500000000000000000e+01 6.595449763716733287e+03 8.250784614038366271e+03 1.012857999999999993e+04 0.000000000000000000e+00 3.674212265476087147e+00 8.349999999999999645e-01
8.626264600000000000e+07 1.000000000000000000e+00 6.500000000000000000e+01 6.595449763716733287e+03 8.250784614038366271e+03 1.012857999999999993e+04 0.000000000000000000e+00 3.674212265476087147e+00 7.024670000000000414e+00
8.626179200000000000e+07 1.000000000000000000e+00 6.500000000000000000e+01 6.596119763716733360e+03 8.239174614038365689e+03 1.013218000000000029e+04 0.000000000000000000e+00 7.362658616606746698e+00 9.199999999999999845e-02
8.626265200000000000e+07 1.000000000000000000e+00 6.600000000000000000e+01 6.590339763716732705e+03 8.239554614038366708e+03 1.013077999999999884e+04 0.000000000000000000e+00 5.897504211723255452e+00 8.598530000000000229e+00
6.082278000000000000e+07 1.000000000000000000e+00 6.600000000000000000e+01 7.496389763716732887e+03 7.491584614038366453e+03 7.165635000000000218e+03 0.000000000000000000e+00 8.097691134673244973e-01 2.400000000000000050e-02
6.082277800000000000e+07 0.000000000000000000e+00 6.600000000000000000e+01 7.498279763716733214e+03 7.499444614038367035e+03 7.166636000000000422e+03 0.000000000000000000e+00 2.639496282283554152e+00 9.199999999999999845e-02
6.082277900000000000e+07 1.000000000000000000e+00 6.600000000000000000e+01 7.498249763716732559e+03 7.498084614038366453e+03 7.168627999999999702e+03 0.000000000000000000e+00 2.716809004458750287e+00 9.199999999999999845e-02
6.082277600000000000e+07 1.000000000000000000e+00 6.500000000000000000e+01 7.503189763716733069e+03 7.497824614038366235e+03 7.164458999999999833e+03 0.000000000000000000e+00 6.427065234799034243e+00 9.199999999999999845e-02
6.082277600000000000e+07 1.000000000000000000e+00 6.500000000000000000e+01 7.503169763716732632e+03 7.497784614038367181e+03 7.164453000000000429e+03 0.000000000000000000e+00 6.464901751815132158e+00 9.199999999999999845e-02
6.082278000000000000e+07 1.000000000000000000e+00 6.600000000000000000e+01 7.507459763716732596e+03 7.490684614038366817e+03 7.163942000000000007e+03 0.000000000000000000e+00 5.070585369875916015e+00 4.169999999999999818e-01
6.082278100000000000e+07 1.000000000000000000e+00 6.600000000000000000e+01 7.508519763716732996e+03 7.490244614038366308e+03 7.158154999999999745e+03 0.000000000000000000e+00 6.104894664764041856e+00 2.400000000000000050e-02
6.082278100000000000e+07 1.000000000000000000e+00 6.600000000000000000e+01 7.508689763716733069e+03 7.490154614038367981e+03 7.158298999999999978e+03 0.000000000000000000e+00 6.241766096598964531e+00 2.400000000000000050e-02
6.082286300000000000e+07 1.000000000000000000e+00 6.500000000000000000e+01 7.507489763716732341e+03 7.481014614038366744e+03 7.159992000000000189e+03 0.000000000000000000e+00 7.790681500021788608e+00 2.039999999999999869e-01
6.082278100000000000e+07 1.000000000000000000e+00 6.600000000000000000e+01 7.494589763716732705e+03 7.487344614038366672e+03 7.163391999999999825e+03 0.000000000000000000e+00 2.717666323123402172e+00 9.199999999999999845e-02
6.082278000000000000e+07 0.000000000000000000e+00 6.600000000000000000e+01 7.494569763716733178e+03 7.493264614038366744e+03 7.160452999999999520e+03 0.000000000000000000e+00 1.177610269560661171e+00 2.400000000000000050e-02
6.082375500000000000e+07 1.000000000000000000e+00 6.500000000000000000e+01 7.486759763716732778e+03 7.488834614038366453e+03 7.169805000000000291e+03 0.000000000000000000e+00 7.170984903525347676e+00 9.199999999999999845e-02
6.082278200000000000e+07 1.000000000000000000e+00 6.500000000000000000e+01 7.484159763716732414e+03 7.486624614038367326e+03 7.168386999999999716e+03 0.000000000000000000e+00 6.807424173413454405e+00 9.199999999999999845e-02
6.082278000000000000e+07 1.000000000000000000e+00 6.600000000000000000e+01 7.490999763716732559e+03 7.487134614038367545e+03 7.170997999999999593e+03 0.000000000000000000e+00 7.464129801046196278e+00 6.099999999999999867e-02
6.082278000000000000e+07 1.000000000000000000e+00 6.600000000000000000e+01 7.491479763716733032e+03 7.486994614038368127e+03 7.172029000000000451e+03 0.000000000000000000e+00 8.182066702501890276e+00 9.199999999999999845e-02
6.082278000000000000e+07 1.000000000000000000e+00 6.600000000000000000e+01 7.495899763716733105e+03 7.489214614038367472e+03 7.167143000000000029e+03 0.000000000000000000e+00 2.792022177389881232e+00 9.199999999999999845e-02
3.241684700000000000e+07 1.000000000000000000e+00 6.600000000000000000e+01 8.381978763716731919e+03 6.425078614038367050e+03 3.724559999999999945e+03 0.000000000000000000e+00 2.539149086643522679e+00 1.078999999999999915e+01
3.241811700000000000e+07 1.000000000000000000e+00 6.500000000000000000e+01 8.367400763716734218e+03 6.432035614038367385e+03 3.742999999999999545e+03 0.000000000000000000e+00 4.218238903381146265e+00 1.078999999999999915e+01
3.241811600000000000e+07 1.000000000000000000e+00 6.500000000000000000e+01 8.357816763716731657e+03 6.436257614038367137e+03 3.747910000000000309e+03 0.000000000000000000e+00 9.010268741232227541e+00 1.260999999999999943e+01
3.241811600000000000e+07 1.000000000000000000e+00 6.500000000000000000e+01 8.357816763716731657e+03 6.436257614038367137e+03 3.747910000000000309e+03 0.000000000000000000e+00 9.010268741232227541e+00 4.617939999999999934e+00
3.241811700000000000e+07 1.000000000000000000e+00 6.500000000000000000e+01 8.367400763716734218e+03 6.432035614038367385e+03 3.742999999999999545e+03 0.000000000000000000e+00 4.218238903381146265e+00 1.542450000000000099e+00
3.241812300000000000e+07 1.000000000000000000e+00 6.600000000000000000e+01 8.377142763716732588e+03 6.426966614038366970e+03 3.721570000000000164e+03 0.000000000000000000e+00 1.683334113665176934e+00 9.199999999999999845e-02
3.241812400000000000e+07 1.000000000000000000e+00 6.600000000000000000e+01 8.378746763716731948e+03 6.424429614038366708e+03 3.719139999999999873e+03 0.000000000000000000e+00 6.426158688871203006e-01 2.400000000000000050e-02
3.241812300000000000e+07 1.000000000000000000e+00 6.500000000000000000e+01 8.381574763716733287e+03 6.434930614038366912e+03 3.698170000000000073e+03 0.000000000000000000e+00 6.148854563580652410e+00 4.169999999999999818e-01
3.241812300000000000e+07 1.000000000000000000e+00 6.500000000000000000e+01 8.381201763716733694e+03 6.433154614038367072e+03 3.699009999999999764e+03 0.000000000000000000e+00 6.326437405610205289e+00 9.199999999999999845e-02
3.241812200000000000e+07 1.000000000000000000e+00 6.500000000000000000e+01 8.381883763716732574e+03 6.446262614038367246e+03 3.705269999999999982e+03 0.000000000000000000e+00 8.621153705068710593e+00 2.039999999999999869e-01
3.241812200000000000e+07 1.000000000000000000e+00 6.500000000000000000e+01 8.381883763716732574e+03 6.446262614038367246e+03 3.705269999999999982e+03 0.000000000000000000e+00 8.621153705068710593e+00 7.204810000000000159e+00
9.851235000000000000e+06 1.000000000000000000e+00 6.500000000000000000e+01 8.816411063716732315e+03 5.917428414038367009e+03 1.219300000000000182e+03 0.000000000000000000e+00 2.154045803177303320e+00 6.394709999999999894e+00
9.851009000000000000e+06 1.000000000000000000e+00 6.500000000000000000e+01 8.813481563716733945e+03 5.927677014038366906e+03 1.095980000000000473e+03 0.000000000000000000e+00 7.683825948217354984e+00 1.612530000000000019e+00
1.526936000000000000e+06 1.000000000000000000e+00 6.600000000000000000e+01 8.775802483716732240e+03 5.993491224038367363e+03 1.693699999999998909e+02 0.000000000000000000e+00 7.873987461841009505e+00 1.078999999999999915e+01
1.526936000000000000e+06 1.000000000000000000e+00 6.600000000000000000e+01 8.775802483716732240e+03 5.993491224038367363e+03 1.693699999999998909e+02 0.000000000000000000e+00 7.873987461841009505e+00 2.990159999999999929e+00
1.526936000000000000e+06 1.000000000000000000e+00 6.600000000000000000e+01 8.775802483716732240e+03 5.993491224038367363e+03 1.693699999999998909e+02 0.000000000000000000e+00 7.873987461841009505e+00 2.042339999999999989e-01
1.526866000000000000e+06 1.000000000000000000e+00 6.600000000000000000e+01 8.772783373716732967e+03 6.001478424038366938e+03 1.259399999999995998e+02 0.000000000000000000e+00 4.932949759295627068e+00 1.339000000000000057e+01
1.526861000000000000e+06 1.000000000000000000e+00 6.500000000000000000e+01 8.763355063716731820e+03 6.002248454038367527e+03 1.280100000000002183e+02 0.000000000000000000e+00 2.179519842476007607e+00 1.078999999999999915e+01
1.526860000000000000e+06 1.000000000000000000e+00 6.500000000000000000e+01 8.758955863716731983e+03 6.006167904038366942e+03 1.257500000000000000e+02 0.000000000000000000e+00 4.470974643702619211e+00 6.099999999999999867e-02
1.526860000000000000e+06 1.000000000000000000e+00 6.500000000000000000e+01 8.753541463716734143e+03 6.008572384038367090e+03 1.238599999999996726e+02 0.000000000000000000e+00 3.563290472979852908e+00 1.124000000000000021e+01
1.526860000000000000e+06 1.000000000000000000e+00 6.500000000000000000e+01 8.755072363716732070e+03 6.004473104038366728e+03 1.255900000000001455e+02 0.000000000000000000e+00 2.155377741724714635e+00 9.199999999999999845e-02
1.527829000000000000e+06 1.000000000000000000e+00 6.600000000000000000e+01 8.773793183716732528e+03 5.988340514038367473e+03 1.194799999999995634e+02 0.000000000000000000e+00 8.318067451060471740e+00 1.000000000000000021e-02
1.527829000000000000e+06 1.000000000000000000e+00 6.600000000000000000e+01 8.773842563716732911e+03 5.988300214038366903e+03 1.195000000000000000e+02 0.000000000000000000e+00 8.307526006168457045e+00 1.078999999999999915e+01
1.527829000000000000e+06 1.000000000000000000e+00 6.600000000000000000e+01 8.773691723716732668e+03 5.986498814038367527e+03 1.201000000000003638e+02 0.000000000000000000e+00 8.542498676691801407e+00 9.199999999999999845e-02
1.527829000000000000e+06 1.000000000000000000e+00 6.600000000000000000e+01 8.772195823716732775e+03 5.986632514038366935e+03 1.202799999999997453e+02 0.000000000000000000e+00 9.308741032997302156e+00 9.199999999999999845e-02
1.527829000000000000e+06 1.000000000000000000e+00 6.600000000000000000e+01 8.771410323716732819e+03 5.986582414038367460e+03 1.205799999999999272e+02 0.000000000000000000e+00 9.944809159243806818e+00 9.199999999999999845e-02
1.526865000000000000e+06 1.000000000000000000e+00 6.600000000000000000e+01 8.762966963716731698e+03 6.000164104038367441e+03 1.183499999999994543e+02 0.000000000000000000e+00 7.136778775901906791e+00 6.099999999999999867e-02
1.526865000000000000e+06 1.000000000000000000e+00 6.600000000000000000e+01 8.763635863716732274e+03 6.001845414038367380e+03 1.180099999999993088e+02 0.000000000000000000e+00 5.613446840400461824e+00 1.078999999999999915e+01
1.526865000000000000e+06 1.000000000000000000e+00 6.600000000000000000e+01 8.763635863716732274e+03 6.001845414038367380e+03 1.180099999999993088e+02 0.000000000000000000e+00 5.613446840400461824e+00 5.050559999999999938e+00
1.526865000000000000e+06 1.000000000000000000e+00 6.600000000000000000e+01 8.763635863716732274e+03 6.001845414038367380e+03 1.180099999999993088e+02 0.000000000000000000e+00 5.613446840400461824e+00 2.475870000000000015e+00
1.527829000000000000e+06 1.000000000000000000e+00 6.600000000000000000e+01 8.773842563716732911e+03 5.988300214038366903e+03 1.195000000000000000e+02 0.000000000000000000e+00 8.307526006168457045e+00 1.623620000000000063e+00
1.526865000000000000e+06 0.000000000000000000e+00 6.600000000000000000e+01 8.772669483716734248e+03 6.007341774038367475e+03 1.270200000000004366e+02 0.000000000000000000e+00 2.450309618599475048e+00 9.199999999999999845e-02
1.526866000000000000e+06 1.000000000000000000e+00 6.600000000000000000e+01 8.774165093716732372e+03 6.003502304038366674e+03 1.267599999999993088e+02 0.000000000000000000e+00 2.725415471051321425e+00 6.099999999999999867e-02
1.526866000000000000e+06 1.000000000000000000e+00 6.600000000000000000e+01 8.771460913716731739e+03 6.002022154038367262e+03 1.282899999999999636e+02 0.000000000000000000e+00 6.104264563249748754e+00 8.349999999999999645e-01
1.526869000000000000e+06 0.000000000000000000e+00 6.500000000000000000e+01 8.783186783716733771e+03 6.014464614038367472e+03 1.258699999999998909e+02 0.000000000000000000e+00 2.367060455420864074e+00 1.000000000000000021e-02
1.526867000000000000e+06 0.000000000000000000e+00 6.600000000000000000e+01 8.781778453716731747e+03 6.013203414038367555e+03 1.279800000000004729e+02 0.000000000000000000e+00 2.058578841595228415e+00 2.039999999999999869e-01
1.526866000000000000e+06 1.000000000000000000e+00 6.600000000000000000e+01 8.775122893716732506e+03 6.008283524038367432e+03 1.238599999999996726e+02 0.000000000000000000e+00 4.011658583225929942e-01 6.099999999999999867e-02
1.526865000000000000e+06 0.000000000000000000e+00 6.600000000000000000e+01 8.771999043716732558e+03 6.005574854038367448e+03 1.293299999999999272e+02 0.000000000000000000e+00 4.095751739201420882e+00 4.169999999999999818e-01
1.526866000000000000e+06 0.000000000000000000e+00 6.600000000000000000e+01 8.779802053716732189e+03 6.010691314038366727e+03 1.324799999999995634e+02 0.000000000000000000e+00 1.265585916913807951e+00 4.169999999999999818e-01
1.526866000000000000e+06 0.000000000000000000e+00 6.600000000000000000e+01 8.777554908716732825e+03 6.010782314038367076e+03 1.317600000000002183e+02 0.000000000000000000e+00 1.870012337151192305e+00 9.199999999999999845e-02
1.526865000000000000e+06 0.000000000000000000e+00 6.600000000000000000e+01 8.777174530816733750e+03 6.010715314038367069e+03 1.318400000000001455e+02 0.000000000000000000e+00 1.992889537995615301e+00 8.349999999999999645e-01
1.526865000000000000e+06 0.000000000000000000e+00 6.600000000000000000e+01 8.775715673716733363e+03 6.010458414038366755e+03 1.321499999999996362e+02 0.000000000000000000e+00 1.358018780045636920e+00 2.400000000000000050e-02
1.526861000000000000e+06 1.000000000000000000e+00 6.500000000000000000e+01 8.762470063716733421e+03 6.005557254038367319e+03 1.306300000000001091e+02 0.000000000000000000e+00 1.836519932004402555e+00 9.199999999999999845e-02
1.526861000000000000e+06 1.000000000000000000e+00 6.500000000000000000e+01 8.762431763716733258e+03 6.005022014038367161e+03 1.307699999999995271e+02 0.000000000000000000e+00 1.362027646032277772e+00 6.099999999999999867e-02
1.526861000000000000e+06 1.000000000000000000e+00 6.500000000000000000e+01 8.762503663716732262e+03 6.004405574038367376e+03 1.315299999999997453e+02 0.000000000000000000e+00 1.078718439168199428e+00 2.400000000000000050e-02
1.526861000000000000e+06 1.000000000000000000e+00 6.500000000000000000e+01 8.763099163716731709e+03 6.001760264038367495e+03 1.359200000000000728e+02 0.000000000000000000e+00 4.024863843019820031e+00 9.199999999999999845e-02
1.526861000000000000e+06 1.000000000000000000e+00 6.500000000000000000e+01 8.767463333716732450e+03 6.000647604038366808e+03 1.350099999999993088e+02 0.000000000000000000e+00 4.090239182119274730e+00 9.199999999999999845e-02
1.526866000000000000e+06 1.000000000000000000e+00 6.600000000000000000e+01 8.777446311716732453e+03 6.001957914038367562e+03 1.305500000000001819e+02 0.000000000000000000e+00 5.071978385847688564e+00 6.099999999999999867e-02
1.526861000000000000e+06 1.000000000000000000e+00 6.500000000000000000e+01 8.759331863716732187e+03 5.997272924038366909e+03 1.229899999999997817e+02 0.000000000000000000e+00 9.967476477489453757e+00 9.199999999999999845e-02
1.526860000000000000e+06 1.000000000000000000e+00 6.500000000000000000e+01 8.757382563716731966e+03 6.004978844038367242e+03 1.253099999999994907e+02 0.000000000000000000e+00 4.250921289160432437e+00 2.400000000000000050e-02
1.527826000000000000e+06 1.000000000000000000e+00 6.600000000000000000e+01 8.766660963716733022e+03 6.000533834038366876e+03 1.090200000000004366e+02 0.000000000000000000e+00 7.703024056674190767e+00 2.400000000000000050e-02
1.527826000000000000e+06 1.000000000000000000e+00 6.600000000000000000e+01 8.766796463716733342e+03 5.999206419038367130e+03 1.122500000000000000e+02 0.000000000000000000e+00 9.317563557027451537e+00 6.099999999999999867e-02
1.527826000000000000e+06 1.000000000000000000e+00 6.600000000000000000e+01 8.766796463716733342e+03 5.999206419038367130e+03 1.122500000000000000e+02 0.000000000000000000e+00 9.317563557027451537e+00 7.353080000000000283e+00
1.526789000000000000e+06 1.000000000000000000e+00 6.500000000000000000e+01 8.789382663716733077e+03 6.007000424038366873e+03 1.228899999999994179e+02 1.000000000000000000e+00 3.801470118646590457e-01 1.410000000000000000e+02
2.415624500000000000e+07 0.000000000000000000e+00 6.600000000000000000e+01 8.904686763716734276e+03 5.744048614038367305e+03 2.765949999999999818e+03 1.000000000000000000e+00 1.136785093324146567e+00 1.410000000000000000e+02
1.526859000000000000e+06 0.000000000000000000e+00 6.600000000000000000e+01 8.763570563716733886e+03 6.010222414038366878e+03 1.435499999999992724e+02 1.000000000000000000e+00 2.207929966942506539e+00 1.410000000000000000e+02
2.415453900000000000e+07 0.000000000000000000e+00 6.600000000000000000e+01 8.903443763716732064e+03 5.757924614038367508e+03 2.756720000000000255e+03 1.000000000000000000e+00 2.822835657257205977e+00 1.410000000000000000e+02
7.309165500000000000e+07 0.000000000000000000e+00 6.600000000000000000e+01 1.060564976371673220e+04 2.749774614038366963e+03 8.414387000000000626e+03 1.000000000000000000e+00 8.306923668381059889e-01 1.410000000000000000e+02
4.037463400000000000e+07 0.000000000000000000e+00 6.500000000000000000e+01 9.354755763716733782e+03 5.216487614038366701e+03 4.772309999999999491e+03 1.000000000000000000e+00 1.383231511833766136e+00 1.410000000000000000e+02
2.415624800000000000e+07 1.000000000000000000e+00 6.600000000000000000e+01 8.889444763716732268e+03 5.743039614038367290e+03 2.761039999999999964e+03 1.000000000000000000e+00 8.404396309107434737e-01 1.410000000000000000e+02
6.716062600000000000e+07 0.000000000000000000e+00 6.500000000000000000e+01 1.037399976371673256e+04 3.259064614038366926e+03 7.832270000000000437e+03 1.000000000000000000e+00 5.551514620756817786e-01 1.410000000000000000e+02
7.309040300000000000e+07 0.000000000000000000e+00 6.500000000000000000e+01 1.059252976371673321e+04 2.707574614038367145e+03 8.456175999999999476e+03 1.000000000000000000e+00 2.871191428993200123e+00 1.410000000000000000e+02
7.309119200000000000e+07 0.000000000000000000e+00 6.600000000000000000e+01 1.058539976371673220e+04 2.670694614038367035e+03 8.484995999999999185e+03 1.000000000000000000e+00 1.434403393718610698e+00 1.410000000000000000e+02
7.965708900000000000e+07 0.000000000000000000e+00 6.500000000000000000e+01 1.092262976371673358e+04 1.704554614038367617e+03 9.426110000000000582e+03 1.000000000000000000e+00 2.104291768562481124e+00 1.410000000000000000e+02
7.309164500000000000e+07 0.000000000000000000e+00 6.500000000000000000e+01 1.058965976371673241e+04 2.727474614038367690e+03 8.427072000000000116e+03 1.000000000000000000e+00 1.690962176160783148e+00 1.410000000000000000e+02
