6.190648900000000000e+07 1.000000000000000000e+00 6.600000000000000000e+01 6.306759766947013304e+03 2.567243417951153788e+03 7.055002999999999702e+03 0.000000000000000000e+00 9.159195594544119245e+00 8.220000000000000639e+00
6.250105700000000000e+07 1.000000000000000000e+00 6.600000000000000000e+01 6.330618446947013581e+03 2.651011417951153817e+03 7.490721040000000357e+03 0.000000000000000000e+00 8.626122632492320141e-01 3.229999999999999716e+01
8.962579900000000000e+07 1.000000000000000000e+00 6.600000000000000000e+01 6.455920746947012958e+03 3.208440417951154814e+03 1.042917000000000007e+04 0.000000000000000000e+00 9.274481367219463479e+00 1.605000000000000071e+01
1.253160380000000000e+08 1.000000000000000000e+00 6.600000000000000000e+01 6.955582746947013220e+03 4.169289417951153155e+03 1.492620000000000073e+04 0.000000000000000000e+00 9.030894263525143018e+00 9.199999999999999845e-02
1.179144730000000000e+08 1.000000000000000000e+00 6.500000000000000000e+01 6.621149746947013227e+03 3.910529417951154755e+03 1.388352000000000044e+04 0.000000000000000000e+00 8.211644476156363837e+00 4.169999999999999818e-01
1.179144730000000000e+08 1.000000000000000000e+00 6.500000000000000000e+01 6.618857746947013766e+03 3.910879417951153300e+03 1.388011999999999898e+04 0.000000000000000000e+00 4.477457830501422542e+00 4.169999999999999818e-01
1.179144740000000000e+08 1.000000000000000000e+00 6.500000000000000000e+01 6.616945746947013504e+03 3.913179417951154392e+03 1.387945000000000073e+04 0.000000000000000000e+00 3.948737681052439719e+00 2.400000000000000050e-02
1.179144770000000000e+08 1.000000000000000000e+00 6.600000000000000000e+01 6.616383746947013606e+03 3.914709417951155046e+03 1.386686000000000058e+04 0.000000000000000000e+00 2.824057433491664160e+00 9.199999999999999845e-02
1.179143930000000000e+08 1.000000000000000000e+00 6.600000000000000000e+01 6.610708746947013424e+03 3.905949417951154828e+03 1.386442000000000007e+04 0.000000000000000000e+00 8.343894399974582043e+00 5.000000000000000000e-01
1.179143930000000000e+08 1.000000000000000000e+00 6.600000000000000000e+01 6.612969746947012936e+03 3.903219417951153446e+03 1.386264999999999964e+04 0.000000000000000000e+00 5.702479288784710221e+00 4.169999999999999818e-01
1.179143930000000000e+08 1.000000000000000000e+00 6.600000000000000000e+01 6.609986746947013671e+03 3.902989417951153882e+03 1.386377000000000044e+04 0.000000000000000000e+00 7.754763548657995109e+00 9.199999999999999845e-02
1.179144770000000000e+08 1.000000000000000000e+00 6.600000000000000000e+01 6.609433746947013788e+03 3.909779417951154755e+03 1.386711000000000058e+04 0.000000000000000000e+00 4.580066245905810796e+00 9.199999999999999845e-02
1.179144770000000000e+08 1.000000000000000000e+00 6.600000000000000000e+01 6.608745746947013686e+03 3.911509417951154319e+03 1.386529999999999927e+04 0.000000000000000000e+00 4.252374770549013583e+00 4.169999999999999818e-01
1.179144770000000000e+08 1.000000000000000000e+00 6.600000000000000000e+01 6.608745746947013686e+03 3.911509417951154319e+03 1.386529999999999927e+04 0.000000000000000000e+00 4.252374770549013583e+00 7.311919999999999753e+00
8.962445300000000000e+07 1.000000000000000000e+00 6.600000000000000000e+01 6.456499746947013591e+03 3.207589417951154246e+03 1.042929000000000087e+04 0.000000000000000000e+00 9.190729878716128454e+00 2.400000000000000050e-02
8.962445300000000000e+07 1.000000000000000000e+00 6.600000000000000000e+01 6.455202746947013111e+03 3.205277417951154348e+03 1.042913000000000102e+04 0.000000000000000000e+00 7.863965076018658351e+00 6.099999999999999867e-02
8.962445200000000000e+07 1.000000000000000000e+00 6.600000000000000000e+01 6.456934746947013082e+03 3.203086417951153635e+03 1.043856999999999971e+04 0.000000000000000000e+00 9.168289010272403061e+00 9.199999999999999845e-02
6.250105700000000000e+07 1.000000000000000000e+00 6.600000000000000000e+01 6.330618446947013581e+03 2.651011417951153817e+03 7.490721040000000357e+03 0.000000000000000000e+00 8.626122632492320141e-01 3.550870000000000193e+00
6.190485000000000000e+07 1.000000000000000000e+00 6.600000000000000000e+01 6.327640646947013011e+03 2.612220417951153649e+03 7.239025999999999840e+03 0.000000000000000000e+00 9.606968833766160287e+00 2.400000000000000050e-02
6.190485000000000000e+07 1.000000000000000000e+00 6.600000000000000000e+01 6.329118546947013783e+03 2.612539417951154064e+03 7.236113000000000284e+03 0.000000000000000000e+00 6.882435862525176695e+00 9.199999999999999845e-02
6.190485000000000000e+07 1.000000000000000000e+00 6.600000000000000000e+01 6.328764846947013211e+03 2.612524417951153737e+03 7.236161000000000058e+03 0.000000000000000000e+00 7.115410759957657483e+00 6.099999999999999867e-02
6.190484500000000000e+07 1.000000000000000000e+00 6.500000000000000000e+01 6.322498046947013790e+03 2.619412417951153657e+03 7.224386000000000422e+03 0.000000000000000000e+00 8.303137802891761510e+00 2.400000000000000050e-02
6.190484900000000000e+07 1.000000000000000000e+00 6.600000000000000000e+01 6.326806246947013278e+03 2.615040417951154268e+03 7.230122999999999593e+03 0.000000000000000000e+00 7.065287463382454725e+00 9.199999999999999845e-02
6.190484900000000000e+07 1.000000000000000000e+00 6.600000000000000000e+01 6.326806246947013278e+03 2.615040417951154268e+03 7.230122999999999593e+03 0.000000000000000000e+00 7.065287463382454725e+00 7.311799999999999855e+00
4.494119100000000000e+07 1.000000000000000000e+00 6.500000000000000000e+01 6.481552746947013475e+03 2.190714417951154246e+03 5.019489999999999782e+03 1.000000000000000000e+00 8.209593580757315046e-01 6.500000000000000000e+01
