8.066415800000000000e+07 1.000000000000000000e+00 6.500000000000000000e+01 8.460291567899132133e+03 6.930265999999999622e+03 9.569281240835000062e+03 0.000000000000000000e+00 5.869314937505232699e+00 1.078999999999999915e+01
8.066316500000000000e+07 1.000000000000000000e+00 6.600000000000000000e+01 8.457387567899131682e+03 6.926426000000000386e+03 9.568494240834999800e+03 0.000000000000000000e+00 3.327072787479928628e+00 1.078999999999999915e+01
8.066415500000000000e+07 1.000000000000000000e+00 6.600000000000000000e+01 8.453926567899132351e+03 6.924918999999999869e+03 9.571564240834999509e+03 0.000000000000000000e+00 1.686951049066658825e+00 9.199999999999999845e-02
8.066415500000000000e+07 1.000000000000000000e+00 6.600000000000000000e+01 8.449929567899132962e+03 6.923454999999999927e+03 9.575320240835000732e+03 0.000000000000000000e+00 1.057022857827334850e+00 9.199999999999999845e-02
8.066415400000000000e+07 1.000000000000000000e+00 6.600000000000000000e+01 8.451877567899133282e+03 6.923514000000000124e+03 9.568537240835001285e+03 0.000000000000000000e+00 3.044116486325664783e-01 9.199999999999999845e-02
8.066416200000000000e+07 1.000000000000000000e+00 6.600000000000000000e+01 8.457247567899132264e+03 6.947265999999999622e+03 9.553627240835001430e+03 0.000000000000000000e+00 1.582516715888657277e+00 6.099999999999999867e-02
8.066416800000000000e+07 1.000000000000000000e+00 6.500000000000000000e+01 8.463333567899131594e+03 6.963797000000000480e+03 9.542303240835000906e+03 0.000000000000000000e+00 1.610662961737018062e+00 1.376999999999999957e+01
8.066416700000000000e+07 1.000000000000000000e+00 6.600000000000000000e+01 8.452407567899132118e+03 6.964453999999999724e+03 9.563354240835000383e+03 0.000000000000000000e+00 4.113841925542591760e+00 1.078999999999999915e+01
8.066416700000000000e+07 1.000000000000000000e+00 6.600000000000000000e+01 8.449059567899132162e+03 6.960952000000000226e+03 9.565011240834999626e+03 0.000000000000000000e+00 4.053953066199504462e+00 9.199999999999999845e-02
8.066416300000000000e+07 1.000000000000000000e+00 6.500000000000000000e+01 8.442129567899131871e+03 6.955692000000000007e+03 9.571718240835001779e+03 0.000000000000000000e+00 3.474232164590763894e+00 2.400000000000000050e-02
8.066416700000000000e+07 1.000000000000000000e+00 6.600000000000000000e+01 8.452407567899132118e+03 6.964453999999999724e+03 9.563354240835000383e+03 0.000000000000000000e+00 4.113841925542591760e+00 5.576349999999999696e+00
8.066316500000000000e+07 1.000000000000000000e+00 6.600000000000000000e+01 8.457387567899131682e+03 6.926426000000000386e+03 9.568494240834999800e+03 0.000000000000000000e+00 3.327072787479928628e+00 6.352780000000000094e+00
8.066315700000000000e+07 1.000000000000000000e+00 6.500000000000000000e+01 8.455230567899132438e+03 6.894225000000000364e+03 9.570162240835001285e+03 0.000000000000000000e+00 5.133920316744888801e+00 6.099999999999999867e-02
8.066315600000000000e+07 1.000000000000000000e+00 6.500000000000000000e+01 8.443817567899131973e+03 6.895095999999999549e+03 9.573112240835000193e+03 0.000000000000000000e+00 1.936277498860910162e+00 9.199999999999999845e-02
8.066315600000000000e+07 1.000000000000000000e+00 6.500000000000000000e+01 8.443146567899133515e+03 6.894502999999999702e+03 9.573583240834999742e+03 0.000000000000000000e+00 2.485504395194056304e+00 4.169999999999999818e-01
8.066315800000000000e+07 0.000000000000000000e+00 6.500000000000000000e+01 8.444433567899131958e+03 6.903231999999999971e+03 9.574789240835001692e+03 0.000000000000000000e+00 1.175710402421354273e+00 6.099999999999999867e-02
8.066415000000000000e+07 1.000000000000000000e+00 6.500000000000000000e+01 8.441370567899131856e+03 6.911948000000000320e+03 9.578285240835000877e+03 0.000000000000000000e+00 9.263099495553306362e-01 6.099999999999999867e-02
8.066415000000000000e+07 1.000000000000000000e+00 6.500000000000000000e+01 8.440873567899132468e+03 6.910756000000000313e+03 9.582062240835000921e+03 0.000000000000000000e+00 2.494070906232135787e+00 8.220000000000000639e+00
8.066415000000000000e+07 1.000000000000000000e+00 6.500000000000000000e+01 8.440873567899132468e+03 6.910756000000000313e+03 9.582062240835000921e+03 0.000000000000000000e+00 2.494070906232135787e+00 2.903480000000000061e+00
