2.912169900000000000e+07 1.000000000000000000e+00 6.500000000000000000e+01 6.019391641674609673e+03 5.096110000000000582e+03 3.468577102844576984e+03 0.000000000000000000e+00 2.318174965884805427e+00 3.229999999999999716e+01
2.912177900000000000e+07 1.000000000000000000e+00 6.500000000000000000e+01 6.016234941674610127e+03 5.124309999999999491e+03 3.493644102844576992e+03 0.000000000000000000e+00 8.810698738715291967e+00 6.099999999999999867e-02
2.912177900000000000e+07 1.000000000000000000e+00 6.500000000000000000e+01 6.016095141674609295e+03 5.123850000000000364e+03 3.494928902844577351e+03 0.000000000000000000e+00 8.493847832495944772e+00 9.199999999999999845e-02
2.912178000000000000e+07 1.000000000000000000e+00 6.500000000000000000e+01 6.012600441674610011e+03 5.126260000000000218e+03 3.490703602844577290e+03 0.000000000000000000e+00 6.467504875827080113e+00 6.099999999999999867e-02
2.912178200000000000e+07 1.000000000000000000e+00 6.600000000000000000e+01 5.998149941674610091e+03 5.122809999999999491e+03 3.497344202844577012e+03 0.000000000000000000e+00 3.162786911124471079e+00 6.099999999999999867e-02
2.912178000000000000e+07 0.000000000000000000e+00 6.600000000000000000e+01 5.996015041674610075e+03 5.130210000000000036e+03 3.504451902844577489e+03 0.000000000000000000e+00 9.236768585955378308e-01 9.199999999999999845e-02
2.912178100000000000e+07 1.000000000000000000e+00 6.600000000000000000e+01 5.989158941674610105e+03 5.123420000000000073e+03 3.504106902844577235e+03 0.000000000000000000e+00 5.158766851407701637e+00 4.169999999999999818e-01
2.912178100000000000e+07 1.000000000000000000e+00 6.600000000000000000e+01 5.986644941674609981e+03 5.121659999999999854e+03 3.503129102844576664e+03 0.000000000000000000e+00 8.133460336437007498e+00 9.199999999999999845e-02
2.912178300000000000e+07 1.000000000000000000e+00 6.600000000000000000e+01 5.996683241674610144e+03 5.121409999999999854e+03 3.489296402844576733e+03 0.000000000000000000e+00 5.094693519590792086e+00 4.169999999999999818e-01
2.912078300000000000e+07 1.000000000000000000e+00 6.500000000000000000e+01 6.001861441674609523e+03 5.116329999999999927e+03 3.490573802844576676e+03 0.000000000000000000e+00 1.429150038622962526e+00 6.099999999999999867e-02
2.912078300000000000e+07 1.000000000000000000e+00 6.500000000000000000e+01 6.003047441674610127e+03 5.115619999999999891e+03 3.490487702844577143e+03 0.000000000000000000e+00 1.222641429543191993e+00 9.199999999999999845e-02
2.912086800000000000e+07 1.000000000000000000e+00 6.500000000000000000e+01 5.994347141674609702e+03 5.124949999999999818e+03 3.479410802844577120e+03 0.000000000000000000e+00 1.734892111858288288e+00 9.199999999999999845e-02
2.912087000000000000e+07 0.000000000000000000e+00 6.500000000000000000e+01 5.986777441674609690e+03 5.126250000000000000e+03 3.474244002844577153e+03 0.000000000000000000e+00 1.277624699137620778e+00 4.169999999999999818e-01
2.912170700000000000e+07 1.000000000000000000e+00 6.600000000000000000e+01 5.993141241674609773e+03 5.123460000000000036e+03 3.468439502844576964e+03 0.000000000000000000e+00 1.873299398873620625e+00 9.199999999999999845e-02
2.912162900000000000e+07 1.000000000000000000e+00 6.500000000000000000e+01 5.993485541674609522e+03 5.132899999999999636e+03 3.467295502844576731e+03 0.000000000000000000e+00 5.756361802360140167e+00 9.199999999999999845e-02
2.912170700000000000e+07 1.000000000000000000e+00 6.600000000000000000e+01 5.999431941674609334e+03 5.127850000000000364e+03 3.474266602844577392e+03 0.000000000000000000e+00 3.753858455441072994e+00 9.199999999999999845e-02
2.912170700000000000e+07 1.000000000000000000e+00 6.600000000000000000e+01 5.998603241674609308e+03 5.128289999999999964e+03 3.473695202844576670e+03 0.000000000000000000e+00 2.985984080869395374e+00 9.199999999999999845e-02
2.912170700000000000e+07 1.000000000000000000e+00 6.600000000000000000e+01 5.999695841674609255e+03 5.125710000000000036e+03 3.472366702844577048e+03 0.000000000000000000e+00 3.883168868922675543e+00 9.199999999999999845e-02
2.912268200000000000e+07 1.000000000000000000e+00 6.500000000000000000e+01 5.993848341674609401e+03 5.123510000000000218e+03 3.454865102844577450e+03 0.000000000000000000e+00 2.922207758618934559e+00 6.099999999999999867e-02
2.912268300000000000e+07 0.000000000000000000e+00 6.500000000000000000e+01 5.993901841674609386e+03 5.124059999999999491e+03 3.453759902844577482e+03 0.000000000000000000e+00 2.650386982180069406e+00 6.099999999999999867e-02
2.912162800000000000e+07 1.000000000000000000e+00 6.500000000000000000e+01 5.993628641674609753e+03 5.125989999999999782e+03 3.456190302844576763e+03 0.000000000000000000e+00 2.720697376640513365e+00 4.169999999999999818e-01
2.912162900000000000e+07 1.000000000000000000e+00 6.500000000000000000e+01 5.992624241674609948e+03 5.129559999999999491e+03 3.461955702844576990e+03 0.000000000000000000e+00 7.956097174607036360e-01 9.199999999999999845e-02
2.912163000000000000e+07 1.000000000000000000e+00 6.500000000000000000e+01 5.988506541674609252e+03 5.124100000000000364e+03 3.470780802844577011e+03 0.000000000000000000e+00 1.364029327219582477e+00 2.039999999999999869e-01
2.912170700000000000e+07 0.000000000000000000e+00 6.600000000000000000e+01 5.994354841674609816e+03 5.121440000000000509e+03 3.470938002844576658e+03 0.000000000000000000e+00 3.759496613953854371e-01 9.199999999999999845e-02
2.912170700000000000e+07 0.000000000000000000e+00 6.600000000000000000e+01 5.994354841674609816e+03 5.121440000000000509e+03 3.470938002844576658e+03 0.000000000000000000e+00 3.759496613953854371e-01 7.324139999999999873e+00
2.912078000000000000e+07 1.000000000000000000e+00 6.500000000000000000e+01 6.025834841674609379e+03 5.104860000000000582e+03 3.492588402844577104e+03 0.000000000000000000e+00 4.874441378590403495e+00 2.400000000000000050e-02
2.912078000000000000e+07 1.000000000000000000e+00 6.500000000000000000e+01 6.027241071674609884e+03 5.102770000000000437e+03 3.490659202844577521e+03 0.000000000000000000e+00 6.637034862110636091e+00 4.169999999999999818e-01
2.912078000000000000e+07 1.000000000000000000e+00 6.500000000000000000e+01 6.027241071674609884e+03 5.102770000000000437e+03 3.490659202844577521e+03 0.000000000000000000e+00 6.637034862110636091e+00 7.283500000000000085e+00
