6.103650000000000000e+06 0.000000000000000000e+00 6.500000000000000000e+01 1.082346907594885488e+04 7.970000000000072760e+01 8.783872823182746288e+02 0.000000000000000000e+00 1.006661542397415010e+00 1.078999999999999915e+01
6.104584000000000000e+06 1.000000000000000000e+00 6.600000000000000000e+01 1.082264902994885415e+04 1.203200000000006185e+02 8.781899863182743502e+02 0.000000000000000000e+00 3.873992069697020479e+00 1.339000000000000057e+01
6.124746000000000000e+06 1.000000000000000000e+00 6.600000000000000000e+01 1.083053762594885484e+04 1.466600000000000364e+03 7.356122823182749926e+02 0.000000000000000000e+00 4.041705593460510393e+00 1.078999999999999915e+01
6.124746000000000000e+06 1.000000000000000000e+00 6.600000000000000000e+01 1.082653345594885468e+04 1.464720000000000255e+03 7.321302823182750217e+02 0.000000000000000000e+00 5.115560137739535662e+00 1.339000000000000057e+01
6.124746000000000000e+06 1.000000000000000000e+00 6.600000000000000000e+01 1.082653345594885468e+04 1.464720000000000255e+03 7.321302823182750217e+02 0.000000000000000000e+00 5.115560137739535662e+00 1.282100000000000017e+00
6.124746000000000000e+06 1.000000000000000000e+00 6.600000000000000000e+01 1.082653345594885468e+04 1.464720000000000255e+03 7.321302823182750217e+02 0.000000000000000000e+00 5.115560137739535662e+00 7.409000000000000030e-01
6.104584000000000000e+06 1.000000000000000000e+00 6.600000000000000000e+01 1.082264902994885415e+04 1.203200000000006185e+02 8.781899863182743502e+02 0.000000000000000000e+00 3.873992069697020479e+00 2.361130000000000173e+00
6.103650000000000000e+06 1.000000000000000000e+00 6.500000000000000000e+01 1.082251546794885508e+04 7.943000000000029104e+01 8.777006463182742664e+02 0.000000000000000000e+00 1.220605559254269723e+00 2.400000000000000050e-02
6.103650000000000000e+06 1.000000000000000000e+00 6.500000000000000000e+01 1.082329639294885419e+04 8.384999999999945430e+01 8.791193093182746452e+02 0.000000000000000000e+00 1.241269120306912166e+00 6.099999999999999867e-02
6.103573000000000000e+06 1.000000000000000000e+00 6.600000000000000000e+01 1.082283213194885502e+04 9.776999999999952706e+01 8.827328923182749350e+02 0.000000000000000000e+00 5.402735685269915322e+00 6.099999999999999867e-02
6.103578000000000000e+06 1.000000000000000000e+00 6.500000000000000000e+01 1.082911223594885450e+04 1.075900000000001455e+02 8.811805823182749009e+02 0.000000000000000000e+00 7.240325553738619746e+00 9.199999999999999845e-02
6.103654000000000000e+06 1.000000000000000000e+00 6.600000000000000000e+01 1.084375597594885403e+04 7.358000000000083674e+01 8.822725723182747970e+02 0.000000000000000000e+00 5.997377981454815377e+00 4.169999999999999818e-01
6.103653000000000000e+06 1.000000000000000000e+00 6.600000000000000000e+01 1.084335907594885430e+04 6.965000000000054570e+01 8.843297623182743337e+02 0.000000000000000000e+00 6.538022534217131643e+00 4.169999999999999818e-01
6.103654000000000000e+06 1.000000000000000000e+00 6.600000000000000000e+01 1.084005907594885502e+04 7.989000000000032742e+01 8.717603023182746256e+02 0.000000000000000000e+00 9.174862491973268419e+00 4.169999999999999818e-01
6.103654000000000000e+06 1.000000000000000000e+00 6.600000000000000000e+01 1.084022317594885499e+04 7.902999999999974534e+01 8.722183923182747094e+02 0.000000000000000000e+00 9.092030056653388925e+00 4.169999999999999818e-01
6.103654000000000000e+06 1.000000000000000000e+00 6.600000000000000000e+01 1.084010027594885469e+04 7.865999999999985448e+01 8.732593023182744219e+02 0.000000000000000000e+00 8.426659696166053592e+00 4.169999999999999818e-01
6.103654000000000000e+06 1.000000000000000000e+00 6.600000000000000000e+01 1.084016627594885358e+04 7.928000000000065484e+01 8.751910023182745135e+02 0.000000000000000000e+00 7.382045352518652237e+00 9.199999999999999845e-02
6.103658000000000000e+06 1.000000000000000000e+00 6.500000000000000000e+01 1.084515637594885447e+04 8.073000000000047294e+01 8.781680893182747241e+02 0.000000000000000000e+00 8.111350136985338466e+00 9.199999999999999845e-02
6.103658000000000000e+06 1.000000000000000000e+00 6.500000000000000000e+01 1.084689647594885537e+04 8.116000000000076398e+01 8.798620623182741838e+02 0.000000000000000000e+00 6.807298523940880308e+00 9.199999999999999845e-02
6.103659000000000000e+06 1.000000000000000000e+00 6.500000000000000000e+01 1.085055907594885502e+04 8.646000000000094587e+01 8.786463143182745625e+02 0.000000000000000000e+00 6.787265974882949138e+00 9.199999999999999845e-02
