4.757757000000000000e+06 0.000000000000000000e+00 6.500000000000000000e+01 5.065924328357473314e+03 4.855181493822108678e+03 3.941599999999998545e+02 0.000000000000000000e+00 2.389333828846273100e+00 1.339000000000000057e+01
4.756486000000000000e+06 1.000000000000000000e+00 6.600000000000000000e+01 5.053360328357473009e+03 4.847460393822108017e+03 3.907500000000009095e+02 0.000000000000000000e+00 3.167586029134052072e+00 1.078999999999999915e+01
4.756400000000000000e+06 1.000000000000000000e+00 6.500000000000000000e+01 5.022247328357473634e+03 4.860664793822108550e+03 4.014100000000007640e+02 0.000000000000000000e+00 2.284755737905774797e+00 1.339000000000000057e+01
4.756400000000000000e+06 1.000000000000000000e+00 6.500000000000000000e+01 5.021109328357473714e+03 4.861331093822108414e+03 4.013599999999996726e+02 0.000000000000000000e+00 2.682707445403261559e+00 1.339000000000000057e+01
4.757733000000000000e+06 1.000000000000000000e+00 6.500000000000000000e+01 4.993839328357473278e+03 4.877695393822108599e+03 4.030199999999995271e+02 0.000000000000000000e+00 2.541539280824173019e+00 1.339000000000000057e+01
4.757733000000000000e+06 1.000000000000000000e+00 6.500000000000000000e+01 4.989737328357473416e+03 4.883047433822108360e+03 4.032399999999997817e+02 0.000000000000000000e+00 6.108505886980612587e+00 1.605000000000000071e+01
4.757733000000000000e+06 1.000000000000000000e+00 6.500000000000000000e+01 4.989535328357473190e+03 4.883301373822107962e+03 4.030500000000001819e+02 0.000000000000000000e+00 6.475279217765467443e+00 1.078999999999999915e+01
4.757733000000000000e+06 1.000000000000000000e+00 6.500000000000000000e+01 4.988919328357473205e+03 4.884134603822108147e+03 4.030999999999994543e+02 0.000000000000000000e+00 7.433260714794939439e+00 1.339000000000000057e+01
4.757475000000000000e+06 1.000000000000000000e+00 6.500000000000000000e+01 4.986375328357473336e+03 4.890562493822108081e+03 4.009499999999998181e+02 0.000000000000000000e+00 8.903708736734142093e+00 1.000000000000000000e+01
4.757475000000000000e+06 1.000000000000000000e+00 6.500000000000000000e+01 4.985479328357473605e+03 4.893315993822108794e+03 3.997299999999995634e+02 0.000000000000000000e+00 6.032223518765288617e+00 1.339000000000000057e+01
4.757475000000000000e+06 1.000000000000000000e+00 6.500000000000000000e+01 4.984541328357473503e+03 4.895228093822108349e+03 3.992100000000000364e+02 0.000000000000000000e+00 4.604518294701404280e+00 1.078999999999999915e+01
4.757475000000000000e+06 1.000000000000000000e+00 6.500000000000000000e+01 4.984491328357473321e+03 4.895262793822108506e+03 3.991999999999998181e+02 0.000000000000000000e+00 4.598891867803100553e+00 1.078999999999999915e+01
4.756333000000000000e+06 1.000000000000000000e+00 6.500000000000000000e+01 4.978114328357473823e+03 4.898135693822108806e+03 4.089600000000000364e+02 0.000000000000000000e+00 8.914213117881368831e+00 6.099999999999999867e-02
4.756333000000000000e+06 1.000000000000000000e+00 6.500000000000000000e+01 4.973477328357473198e+03 4.895649093822108625e+03 4.119899999999997817e+02 0.000000000000000000e+00 7.800759842969334557e+00 2.039999999999999869e-01
4.756331000000000000e+06 1.000000000000000000e+00 6.600000000000000000e+01 4.954434328357473532e+03 4.909318393822108192e+03 4.200700000000006185e+02 0.000000000000000000e+00 7.475879409940290543e+00 2.400000000000000050e-02
4.757945000000000000e+06 1.000000000000000000e+00 6.500000000000000000e+01 4.948978328357473401e+03 4.906748993822108787e+03 4.222299999999995634e+02 0.000000000000000000e+00 3.146178791766773397e+00 6.099999999999999867e-02
4.757946000000000000e+06 1.000000000000000000e+00 6.500000000000000000e+01 4.952255328357473445e+03 4.903827793822108106e+03 4.229899999999997817e+02 0.000000000000000000e+00 5.397943652601532527e+00 4.169999999999999818e-01
4.757946000000000000e+06 1.000000000000000000e+00 6.500000000000000000e+01 4.952913328357473802e+03 4.902481093822108051e+03 4.214300000000002910e+02 0.000000000000000000e+00 7.088241610944650439e+00 6.099999999999999867e-02
4.757946000000000000e+06 1.000000000000000000e+00 6.500000000000000000e+01 4.949570328357473954e+03 4.900694893822108497e+03 4.236799999999993815e+02 0.000000000000000000e+00 3.744528302332164937e+00 4.169999999999999818e-01
4.757946000000000000e+06 1.000000000000000000e+00 6.500000000000000000e+01 4.946451328357473358e+03 4.898570893822108701e+03 4.240799999999999272e+02 0.000000000000000000e+00 5.034338363352843793e+00 4.169999999999999818e-01
4.757946000000000000e+06 1.000000000000000000e+00 6.500000000000000000e+01 4.950640328357473663e+03 4.893556993822108780e+03 4.272200000000002547e+02 0.000000000000000000e+00 8.766789011736129567e+00 9.199999999999999845e-02
4.757947000000000000e+06 1.000000000000000000e+00 6.500000000000000000e+01 4.951525328357473882e+03 4.890881193822108798e+03 4.310000000000000000e+02 0.000000000000000000e+00 9.284838852808192655e+00 9.199999999999999845e-02
4.757946000000000000e+06 1.000000000000000000e+00 6.500000000000000000e+01 4.948951328357473358e+03 4.892357493822108154e+03 4.288999999999996362e+02 0.000000000000000000e+00 9.903836617974052459e+00 2.400000000000000050e-02
4.756253000000000000e+06 1.000000000000000000e+00 6.500000000000000000e+01 4.942950328357473154e+03 4.897674893822108061e+03 4.241700000000000728e+02 0.000000000000000000e+00 5.528773169545842414e+00 6.099999999999999867e-02
4.757946000000000000e+06 1.000000000000000000e+00 6.500000000000000000e+01 4.947033328357473692e+03 4.902076293822108710e+03 4.252699999999995271e+02 0.000000000000000000e+00 2.322244847741822049e+00 2.400000000000000050e-02
4.757949000000000000e+06 0.000000000000000000e+00 6.500000000000000000e+01 4.944872328357473634e+03 4.899278693822107925e+03 4.322099999999991269e+02 0.000000000000000000e+00 3.230938642435980945e+00 4.169999999999999818e-01
4.757950000000000000e+06 0.000000000000000000e+00 6.500000000000000000e+01 4.942427328357473925e+03 4.896385193822108704e+03 4.355000000000000000e+02 0.000000000000000000e+00 4.023294947116568210e+00 5.000000000000000000e-01
4.757952000000000000e+06 1.000000000000000000e+00 6.600000000000000000e+01 4.940858328357473511e+03 4.887221593822107934e+03 4.341000000000003638e+02 0.000000000000000000e+00 3.398678254180203862e+00 2.400000000000000050e-02
4.757952000000000000e+06 1.000000000000000000e+00 6.600000000000000000e+01 4.941759328357473350e+03 4.886921853822108460e+03 4.337899999999990541e+02 0.000000000000000000e+00 4.221964348822361046e+00 9.199999999999999845e-02
4.757952000000000000e+06 1.000000000000000000e+00 6.600000000000000000e+01 4.942535328357473190e+03 4.886680093822108574e+03 4.337299999999995634e+02 0.000000000000000000e+00 4.848048308630830583e+00 9.199999999999999845e-02
4.757952000000000000e+06 1.000000000000000000e+00 6.600000000000000000e+01 4.942535328357473190e+03 4.886680093822108574e+03 4.337299999999995634e+02 0.000000000000000000e+00 4.848048308630830583e+00 7.379330000000000389e+00
4.757475000000000000e+06 1.000000000000000000e+00 6.500000000000000000e+01 4.984491328357473321e+03 4.895262793822108506e+03 3.991999999999998181e+02 0.000000000000000000e+00 4.598891867803100553e+00 7.143340000000000245e+00
4.757479000000000000e+06 1.000000000000000000e+00 6.600000000000000000e+01 4.996631328357473649e+03 4.896467993822107928e+03 3.929500000000007276e+02 0.000000000000000000e+00 1.106730590037437123e+00 2.400000000000000050e-02
4.757479000000000000e+06 1.000000000000000000e+00 6.600000000000000000e+01 4.999720328357473591e+03 4.891552093822107963e+03 3.899600000000000364e+02 0.000000000000000000e+00 5.547390189232381807e+00 9.199999999999999845e-02
4.757811000000000000e+06 1.000000000000000000e+00 6.600000000000000000e+01 5.000353328357473401e+03 4.890365093822108065e+03 3.878599999999996726e+02 0.000000000000000000e+00 5.472835449642476924e+00 6.099999999999999867e-02
4.757811000000000000e+06 1.000000000000000000e+00 6.600000000000000000e+01 5.002550328357473518e+03 4.891877293822108186e+03 3.860199999999995271e+02 0.000000000000000000e+00 4.481051557077485370e+00 6.099999999999999867e-02
4.757665000000000000e+06 1.000000000000000000e+00 6.600000000000000000e+01 5.001788328357473802e+03 4.891986493822108059e+03 3.745799999999999272e+02 0.000000000000000000e+00 4.702959277760346168e+00 2.400000000000000050e-02
4.757665000000000000e+06 1.000000000000000000e+00 6.600000000000000000e+01 4.999833328357473874e+03 4.889913493822108649e+03 3.747799999999997453e+02 0.000000000000000000e+00 6.438633201548913831e+00 9.199999999999999845e-02
4.757628000000000000e+06 0.000000000000000000e+00 6.600000000000000000e+01 4.994251328357473540e+03 4.891236393822108766e+03 3.750500000000001819e+02 0.000000000000000000e+00 4.919999779415522134e+00 2.400000000000000050e-02
4.757628000000000000e+06 0.000000000000000000e+00 6.600000000000000000e+01 4.993758328357473147e+03 4.897399993822108627e+03 3.791199999999998909e+02 0.000000000000000000e+00 1.559100529829024362e+00 6.099999999999999867e-02
4.757628000000000000e+06 0.000000000000000000e+00 6.500000000000000000e+01 4.989789328357473096e+03 4.899061493822108787e+03 3.792100000000000364e+02 0.000000000000000000e+00 1.685065611733498558e+00 6.099999999999999867e-02
4.757477000000000000e+06 1.000000000000000000e+00 6.500000000000000000e+01 4.981962328357473780e+03 4.902337693822108122e+03 3.793800000000001091e+02 0.000000000000000000e+00 2.948982885923539410e+00 1.339000000000000057e+01
4.757477000000000000e+06 1.000000000000000000e+00 6.500000000000000000e+01 4.981962328357473780e+03 4.902337693822108122e+03 3.793800000000001091e+02 0.000000000000000000e+00 2.948982885923539410e+00 1.373680000000000012e+00
4.757477000000000000e+06 1.000000000000000000e+00 6.500000000000000000e+01 4.981962328357473780e+03 4.902337693822108122e+03 3.793800000000001091e+02 0.000000000000000000e+00 2.948982885923539410e+00 7.798990000000000089e-02
4.757475000000000000e+06 1.000000000000000000e+00 6.500000000000000000e+01 4.985479328357473605e+03 4.893315993822108794e+03 3.997299999999995634e+02 0.000000000000000000e+00 6.032223518765288617e+00 4.120000000000000107e+00
4.757479000000000000e+06 1.000000000000000000e+00 6.600000000000000000e+01 4.991357328357473307e+03 4.886634843822108451e+03 3.914499999999998181e+02 0.000000000000000000e+00 7.453243666351309749e+00 1.078999999999999915e+01
4.757479000000000000e+06 1.000000000000000000e+00 6.600000000000000000e+01 4.989999328357473132e+03 4.889036193822108544e+03 3.980499999999992724e+02 0.000000000000000000e+00 7.669738806880570969e+00 4.169999999999999818e-01
4.756273000000000000e+06 1.000000000000000000e+00 6.500000000000000000e+01 4.968585328357473372e+03 4.855978793822107946e+03 4.253800000000001091e+02 0.000000000000000000e+00 9.455609399177983931e+00 4.169999999999999818e-01
4.756204000000000000e+06 1.000000000000000000e+00 6.500000000000000000e+01 4.971209328357473169e+03 4.855375793822108790e+03 4.213999999999996362e+02 0.000000000000000000e+00 6.370361591642705434e+00 9.199999999999999845e-02
4.756203000000000000e+06 1.000000000000000000e+00 6.500000000000000000e+01 4.969177328357473925e+03 4.856392793822108615e+03 4.204999999999990905e+02 0.000000000000000000e+00 7.485835602475158446e+00 2.400000000000000050e-02
4.756203000000000000e+06 1.000000000000000000e+00 6.500000000000000000e+01 4.968768328357473365e+03 4.855505793822107989e+03 4.186499999999996362e+02 0.000000000000000000e+00 6.190141277099115769e+00 4.169999999999999818e-01
4.756203000000000000e+06 1.000000000000000000e+00 6.500000000000000000e+01 4.968503328357473038e+03 4.856605793822108353e+03 4.183600000000005821e+02 0.000000000000000000e+00 7.270274094532467757e+00 2.400000000000000050e-02
4.756354000000000000e+06 1.000000000000000000e+00 6.500000000000000000e+01 4.968198328357473656e+03 4.852566593822108189e+03 4.149499999999998181e+02 0.000000000000000000e+00 3.427102259676154006e+00 6.099999999999999867e-02
4.756353000000000000e+06 0.000000000000000000e+00 6.500000000000000000e+01 4.970803328357473220e+03 4.852028293822108026e+03 4.086199999999998909e+02 0.000000000000000000e+00 1.829957742438097723e+00 9.199999999999999845e-02
4.756350000000000000e+06 1.000000000000000000e+00 6.600000000000000000e+01 4.961939328357473642e+03 4.863147393822107915e+03 4.108099999999994907e+02 0.000000000000000000e+00 4.239750166379939067e+00 6.099999999999999867e-02
4.756350000000000000e+06 1.000000000000000000e+00 6.600000000000000000e+01 4.966879328357473241e+03 4.857501793822108084e+03 4.061099999999996726e+02 0.000000000000000000e+00 3.136419052221473880e+00 2.400000000000000050e-02
4.756352000000000000e+06 1.000000000000000000e+00 6.500000000000000000e+01 4.974784328357473896e+03 4.855091793822108230e+03 4.048800000000001091e+02 0.000000000000000000e+00 9.509479186615830137e-01 9.199999999999999845e-02
4.756352000000000000e+06 1.000000000000000000e+00 6.500000000000000000e+01 4.977344328357473387e+03 4.853294493822108052e+03 4.014100000000007640e+02 0.000000000000000000e+00 2.255240802688465163e+00 6.099999999999999867e-02
4.757729000000000000e+06 1.000000000000000000e+00 6.600000000000000000e+01 4.973859328357473714e+03 4.865515493822108510e+03 4.005000000000000000e+02 0.000000000000000000e+00 2.996609705523569644e+00 9.199999999999999845e-02
4.757729000000000000e+06 1.000000000000000000e+00 6.600000000000000000e+01 4.975034328357473896e+03 4.866941043822108441e+03 4.037500000000000000e+02 0.000000000000000000e+00 4.899779170127418482e+00 9.199999999999999845e-02
4.757729000000000000e+06 1.000000000000000000e+00 6.600000000000000000e+01 4.975833328357473874e+03 4.864170793822107953e+03 4.017699999999995271e+02 0.000000000000000000e+00 3.171884573461803747e+00 2.400000000000000050e-02
4.756352000000000000e+06 1.000000000000000000e+00 6.500000000000000000e+01 4.973547328357473816e+03 4.858758993822108096e+03 4.041999999999998181e+02 0.000000000000000000e+00 2.736188561137272046e+00 9.199999999999999845e-02
4.756354000000000000e+06 1.000000000000000000e+00 6.600000000000000000e+01 4.972548328357473110e+03 4.838769893822108315e+03 3.928199999999997090e+02 0.000000000000000000e+00 7.551458609810167921e+00 2.400000000000000050e-02
4.757724000000000000e+06 1.000000000000000000e+00 6.600000000000000000e+01 4.986037328357473598e+03 4.846046893822108359e+03 3.911799999999993815e+02 0.000000000000000000e+00 5.802611437811521000e+00 9.199999999999999845e-02
4.757724000000000000e+06 1.000000000000000000e+00 6.600000000000000000e+01 4.985997328357473634e+03 4.846050293822107960e+03 3.911699999999991633e+02 0.000000000000000000e+00 5.777040518086592691e+00 9.199999999999999845e-02
4.757724000000000000e+06 1.000000000000000000e+00 6.600000000000000000e+01 4.986369328357473023e+03 4.851043793822108455e+03 3.885499999999992724e+02 0.000000000000000000e+00 3.787206621900752967e+00 9.199999999999999845e-02
4.757726000000000000e+06 1.000000000000000000e+00 6.500000000000000000e+01 4.987203328357473765e+03 4.844076193822108507e+03 3.916800000000002910e+02 0.000000000000000000e+00 7.644221152316643675e+00 2.400000000000000050e-02
4.757806000000000000e+06 1.000000000000000000e+00 6.600000000000000000e+01 4.993175328357473518e+03 4.841538093822108749e+03 3.934200000000000728e+02 0.000000000000000000e+00 4.397700843651354496e+00 2.039999999999999869e-01
4.757724000000000000e+06 1.000000000000000000e+00 6.600000000000000000e+01 4.987888328357473256e+03 4.853035793822108644e+03 3.794300000000002910e+02 0.000000000000000000e+00 6.343756823736085515e+00 9.199999999999999845e-02
4.757725000000000000e+06 1.000000000000000000e+00 6.600000000000000000e+01 4.977747328357473634e+03 4.857234493822108561e+03 3.741800000000002910e+02 0.000000000000000000e+00 2.870206660783625185e+00 9.199999999999999845e-02
4.757725000000000000e+06 1.000000000000000000e+00 6.600000000000000000e+01 4.977336328357473576e+03 4.857465993822108430e+03 3.713200000000006185e+02 0.000000000000000000e+00 5.734374896655614506e+00 2.400000000000000050e-02
4.757715000000000000e+06 1.000000000000000000e+00 6.600000000000000000e+01 4.974699328357473860e+03 4.847648993822108423e+03 3.519199999999991633e+02 0.000000000000000000e+00 6.580836348458053209e+00 6.099999999999999867e-02
4.757716000000000000e+06 1.000000000000000000e+00 6.600000000000000000e+01 4.963842328357472979e+03 4.850906693822108537e+03 3.498199999999997090e+02 0.000000000000000000e+00 3.456134629817170900e+00 9.199999999999999845e-02
4.757716000000000000e+06 1.000000000000000000e+00 6.600000000000000000e+01 4.965193328357473547e+03 4.856298093822108058e+03 3.496800000000002910e+02 0.000000000000000000e+00 8.694868564063350291e+00 2.400000000000000050e-02
4.757718000000000000e+06 1.000000000000000000e+00 6.600000000000000000e+01 4.956631328357473649e+03 4.856589593822108327e+03 3.540100000000002183e+02 0.000000000000000000e+00 6.185847095729706702e+00 4.169999999999999818e-01
4.757718000000000000e+06 1.000000000000000000e+00 6.600000000000000000e+01 4.957158328357473692e+03 4.856668693822108253e+03 3.546500000000005457e+02 0.000000000000000000e+00 6.037729993398221140e+00 2.400000000000000050e-02
4.757722000000000000e+06 1.000000000000000000e+00 6.500000000000000000e+01 4.954128328357473038e+03 4.865833393822108519e+03 3.657699999999995271e+02 0.000000000000000000e+00 9.480490233152890411e+00 2.400000000000000050e-02
4.757479000000000000e+06 1.000000000000000000e+00 6.600000000000000000e+01 4.991357328357473307e+03 4.886634843822108451e+03 3.914499999999998181e+02 0.000000000000000000e+00 7.453243666351309749e+00 2.531359999999999832e+00
4.757732000000000000e+06 1.000000000000000000e+00 6.500000000000000000e+01 4.991158328357473692e+03 4.879939933822108287e+03 3.902799999999997453e+02 0.000000000000000000e+00 8.089842473628159780e+00 1.339000000000000057e+01
4.756407000000000000e+06 1.000000000000000000e+00 6.500000000000000000e+01 4.992176328357473722e+03 4.871388813822108204e+03 3.758799999999991996e+02 0.000000000000000000e+00 9.529918466178774139e+00 1.078999999999999915e+01
4.756407000000000000e+06 1.000000000000000000e+00 6.500000000000000000e+01 4.993693328357473547e+03 4.872081933822108113e+03 3.664899999999997817e+02 0.000000000000000000e+00 4.592683804376719081e+00 1.078999999999999915e+01
4.756407000000000000e+06 1.000000000000000000e+00 6.500000000000000000e+01 4.991202328357473561e+03 4.872273483822108574e+03 3.668099999999994907e+02 0.000000000000000000e+00 6.476669948345208816e+00 4.169999999999999818e-01
4.756406000000000000e+06 1.000000000000000000e+00 6.500000000000000000e+01 4.991706328357473467e+03 4.869031813822108234e+03 3.722900000000008731e+02 0.000000000000000000e+00 8.620359554213768760e+00 2.039999999999999869e-01
4.756411000000000000e+06 1.000000000000000000e+00 6.600000000000000000e+01 4.991260328357473554e+03 4.862944793822108295e+03 3.664800000000004729e+02 0.000000000000000000e+00 9.784449179086120552e+00 9.199999999999999845e-02
4.756411000000000000e+06 1.000000000000000000e+00 6.600000000000000000e+01 4.997983328357473511e+03 4.864461193822108726e+03 3.619899999999997817e+02 0.000000000000000000e+00 4.476795592658672440e+00 2.400000000000000050e-02
4.756411000000000000e+06 1.000000000000000000e+00 6.600000000000000000e+01 4.993115328357473118e+03 4.869099153822108747e+03 3.583299999999999272e+02 0.000000000000000000e+00 3.934281784388146797e+00 8.220000000000000639e+00
4.756411000000000000e+06 1.000000000000000000e+00 6.600000000000000000e+01 4.993115328357473118e+03 4.869099153822108747e+03 3.583299999999999272e+02 0.000000000000000000e+00 3.934281784388146797e+00 4.067120000000000068e+00
4.756407000000000000e+06 1.000000000000000000e+00 6.500000000000000000e+01 4.993693328357473547e+03 4.872081933822108113e+03 3.664899999999997817e+02 0.000000000000000000e+00 4.592683804376719081e+00 3.449009999999999909e+00
4.756406000000000000e+06 1.000000000000000000e+00 6.500000000000000000e+01 4.997671328357473612e+03 4.875650083822108172e+03 3.762600000000002183e+02 0.000000000000000000e+00 5.891308266132820215e+00 6.099999999999999867e-02
4.756404000000000000e+06 1.000000000000000000e+00 6.600000000000000000e+01 5.007344328357473387e+03 4.871801923822108620e+03 3.798500000000003638e+02 0.000000000000000000e+00 3.363991243416381671e+00 9.199999999999999845e-02
4.756408000000000000e+06 1.000000000000000000e+00 6.500000000000000000e+01 5.006397328357473270e+03 4.879024043822108069e+03 3.665299999999997453e+02 0.000000000000000000e+00 1.282031529837732053e+00 9.199999999999999845e-02
4.757628000000000000e+06 1.000000000000000000e+00 6.600000000000000000e+01 4.982670328357473409e+03 4.892442693822108595e+03 3.795100000000002183e+02 0.000000000000000000e+00 3.106077109377236578e+00 2.039999999999999869e-01
4.757628000000000000e+06 1.000000000000000000e+00 6.600000000000000000e+01 4.982194328357473751e+03 4.891744093822107970e+03 3.803599999999996726e+02 0.000000000000000000e+00 4.138414793714084716e+00 9.199999999999999845e-02
4.756337000000000000e+06 1.000000000000000000e+00 6.600000000000000000e+01 4.972324328357473860e+03 4.899160493822108037e+03 3.967500000000000000e+02 0.000000000000000000e+00 5.259397228390237267e+00 8.678409999999999513e+00
4.757732000000000000e+06 1.000000000000000000e+00 6.500000000000000000e+01 4.991158328357473692e+03 4.879939933822108287e+03 3.902799999999997453e+02 0.000000000000000000e+00 8.089842473628159780e+00 6.802690000000000126e+00
4.757727000000000000e+06 1.000000000000000000e+00 6.600000000000000000e+01 4.966801328357473722e+03 4.868450513822108405e+03 3.788900000000003274e+02 0.000000000000000000e+00 3.376293261538942936e+00 1.339000000000000057e+01
4.757727000000000000e+06 1.000000000000000000e+00 6.600000000000000000e+01 4.966492328357473525e+03 4.867438523822108436e+03 3.765799999999999272e+02 0.000000000000000000e+00 5.229895308266385712e+00 1.605000000000000071e+01
4.756416000000000000e+06 1.000000000000000000e+00 6.500000000000000000e+01 4.982775328357473882e+03 4.877571238822108171e+03 3.514300000000002910e+02 0.000000000000000000e+00 8.716043257812357226e+00 6.099999999999999867e-02
4.756413000000000000e+06 1.000000000000000000e+00 6.600000000000000000e+01 4.994656328357473285e+03 4.884899653822108121e+03 3.510700000000006185e+02 0.000000000000000000e+00 4.259375007199142971e+00 1.078999999999999915e+01
4.756412000000000000e+06 1.000000000000000000e+00 6.600000000000000000e+01 4.988759328357473350e+03 4.878924213822107959e+03 3.547100000000000364e+02 0.000000000000000000e+00 4.627094397590560959e+00 4.169999999999999818e-01
4.756412000000000000e+06 1.000000000000000000e+00 6.600000000000000000e+01 4.992965328357473481e+03 4.877643433822107909e+03 3.568700000000008004e+02 0.000000000000000000e+00 1.462102939441027205e+00 1.000000000000000000e+01
4.756406000000000000e+06 1.000000000000000000e+00 6.500000000000000000e+01 4.993363328357473620e+03 4.869274293822108120e+03 3.700600000000004002e+02 0.000000000000000000e+00 6.774111499093829813e+00 2.400000000000000050e-02
4.756407000000000000e+06 1.000000000000000000e+00 6.500000000000000000e+01 4.995962328357473780e+03 4.871739933822108469e+03 3.681500000000005457e+02 0.000000000000000000e+00 3.497126431639946631e+00 2.039999999999999869e-01
4.756407000000000000e+06 1.000000000000000000e+00 6.500000000000000000e+01 4.996313328357473438e+03 4.872158393822108337e+03 3.676599999999998545e+02 0.000000000000000000e+00 2.970058288286801851e+00 4.169999999999999818e-01
4.756412000000000000e+06 1.000000000000000000e+00 6.600000000000000000e+01 4.991072328357473452e+03 4.871353863822107996e+03 3.548299999999999272e+02 0.000000000000000000e+00 4.038469006298938346e+00 4.169999999999999818e-01
4.758874000000000000e+06 1.000000000000000000e+00 6.600000000000000000e+01 5.013466328357473685e+03 4.915750793822108790e+03 3.620000000000000000e+02 0.000000000000000000e+00 9.338625304062102117e+00 9.199999999999999845e-02
4.758874000000000000e+06 1.000000000000000000e+00 6.600000000000000000e+01 5.014637328357473052e+03 4.918743493822108576e+03 3.619499999999998181e+02 0.000000000000000000e+00 7.338304254779798086e+00 9.199999999999999845e-02
4.756414000000000000e+06 1.000000000000000000e+00 6.600000000000000000e+01 4.998556328357473831e+03 4.885031483822108385e+03 3.523900000000003274e+02 0.000000000000000000e+00 6.427901722206581958e+00 6.099999999999999867e-02
4.756412000000000000e+06 1.000000000000000000e+00 6.600000000000000000e+01 4.994810328357473736e+03 4.874728683822107996e+03 3.596999999999998181e+02 0.000000000000000000e+00 2.338929421106068496e+00 2.400000000000000050e-02
4.756412000000000000e+06 1.000000000000000000e+00 6.600000000000000000e+01 4.991146328357473067e+03 4.874178863822108724e+03 3.601999999999998181e+02 0.000000000000000000e+00 3.556125943196840389e+00 9.199999999999999845e-02
4.756415000000000000e+06 1.000000000000000000e+00 6.500000000000000000e+01 4.989763328357473256e+03 4.862354693822107947e+03 3.543900000000003274e+02 0.000000000000000000e+00 8.387234739434461517e+00 4.169999999999999818e-01
4.756415000000000000e+06 1.000000000000000000e+00 6.500000000000000000e+01 4.992468328357473183e+03 4.860329093822108007e+03 3.540499999999992724e+02 0.000000000000000000e+00 7.685993404289972908e+00 2.400000000000000050e-02
4.756414000000000000e+06 1.000000000000000000e+00 6.500000000000000000e+01 4.999294328357473205e+03 4.862669293822108557e+03 3.537600000000002183e+02 0.000000000000000000e+00 3.810510661540044364e+00 4.169999999999999818e-01
4.756413000000000000e+06 0.000000000000000000e+00 6.500000000000000000e+01 5.008353328357473401e+03 4.872698973822108201e+03 3.495999999999994543e+02 0.000000000000000000e+00 3.497293801256614820e+00 6.099999999999999867e-02
4.756412000000000000e+06 0.000000000000000000e+00 6.500000000000000000e+01 5.005790328357473300e+03 4.873276343822108174e+03 3.542599999999993088e+02 0.000000000000000000e+00 5.765659931253626080e-01 2.400000000000000050e-02
4.756411000000000000e+06 0.000000000000000000e+00 6.600000000000000000e+01 5.002602328357473198e+03 4.874984133822108561e+03 3.583199999999997090e+02 0.000000000000000000e+00 1.528416891646423137e+00 2.400000000000000050e-02
4.756414000000000000e+06 1.000000000000000000e+00 6.500000000000000000e+01 5.003324328357473860e+03 4.862669593822108254e+03 3.501700000000000728e+02 0.000000000000000000e+00 1.494873040679785214e+00 2.400000000000000050e-02
4.756414000000000000e+06 1.000000000000000000e+00 6.500000000000000000e+01 5.008027328357473380e+03 4.857962793822108324e+03 3.519000000000005457e+02 0.000000000000000000e+00 6.366487844412858976e+00 9.199999999999999845e-02
4.756413000000000000e+06 1.000000000000000000e+00 6.500000000000000000e+01 5.014917328357473707e+03 4.859172993822108765e+03 3.527300000000004729e+02 0.000000000000000000e+00 6.949112232416823076e+00 1.376999999999999957e+01
4.756413000000000000e+06 1.000000000000000000e+00 6.500000000000000000e+01 5.014917328357473707e+03 4.859172993822108765e+03 3.527300000000004729e+02 0.000000000000000000e+00 6.949112232416823076e+00 1.393760000000000110e+00
4.757723000000000000e+06 1.000000000000000000e+00 6.500000000000000000e+01 4.962615328357473118e+03 4.855581693822108718e+03 3.811999999999998181e+02 0.000000000000000000e+00 2.288136939601456366e+00 1.124000000000000021e+01
4.756349000000000000e+06 1.000000000000000000e+00 6.500000000000000000e+01 4.959440328357473845e+03 4.856864993822108772e+03 3.903100000000004002e+02 0.000000000000000000e+00 2.637821189463645410e+00 2.400000000000000050e-02
4.756349000000000000e+06 1.000000000000000000e+00 6.500000000000000000e+01 4.959618328357473729e+03 4.860995093822108174e+03 3.926799999999993815e+02 0.000000000000000000e+00 2.811249386056854149e+00 4.169999999999999818e-01
4.756422000000000000e+06 1.000000000000000000e+00 6.600000000000000000e+01 4.967329328357473059e+03 4.872044993822108154e+03 3.351700000000000728e+02 0.000000000000000000e+00 4.234086154061018625e+00 4.169999999999999818e-01
4.756421000000000000e+06 1.000000000000000000e+00 6.600000000000000000e+01 4.975016328357473867e+03 4.869041323822108097e+03 3.373800000000001091e+02 0.000000000000000000e+00 3.029365591132528124e+00 9.199999999999999845e-02
4.756418000000000000e+06 1.000000000000000000e+00 6.500000000000000000e+01 4.975427328357473925e+03 4.873899513822108020e+03 3.365900000000001455e+02 0.000000000000000000e+00 4.363495904517167290e+00 2.400000000000000050e-02
4.756345000000000000e+06 1.000000000000000000e+00 6.600000000000000000e+01 4.955466328357473685e+03 4.873598493822108139e+03 3.791499999999996362e+02 0.000000000000000000e+00 8.820955254836375659e+00 4.169999999999999818e-01
4.756759000000000000e+06 1.000000000000000000e+00 6.600000000000000000e+01 4.945365328357473118e+03 4.832192193822108493e+03 3.805000000000000000e+02 0.000000000000000000e+00 8.514078240612670712e+00 6.099999999999999867e-02
4.757733000000000000e+06 0.000000000000000000e+00 6.500000000000000000e+01 4.997092328357472979e+03 4.874094553822108537e+03 4.025799999999999272e+02 0.000000000000000000e+00 3.800042178507788027e+00 2.039999999999999869e-01
4.757730000000000000e+06 1.000000000000000000e+00 6.500000000000000000e+01 4.987209328357473169e+03 4.864934593822108582e+03 3.950500000000001819e+02 0.000000000000000000e+00 1.450484041358904852e+00 9.199999999999999845e-02
4.757730000000000000e+06 0.000000000000000000e+00 6.500000000000000000e+01 4.986220328357473591e+03 4.867209093822108116e+03 3.964799999999995634e+02 0.000000000000000000e+00 2.752708842667084266e+00 6.099999999999999867e-02
4.757731000000000000e+06 1.000000000000000000e+00 6.500000000000000000e+01 4.983600328357473700e+03 4.870395843822107963e+03 3.975500000000001819e+02 0.000000000000000000e+00 3.227208117450133251e+00 8.349999999999999645e-01
4.757731000000000000e+06 1.000000000000000000e+00 6.500000000000000000e+01 4.983600328357473700e+03 4.870395843822107963e+03 3.975500000000001819e+02 0.000000000000000000e+00 3.227208117450133251e+00 6.865479999999999805e+00
4.756401000000000000e+06 1.000000000000000000e+00 6.500000000000000000e+01 5.027798328357473110e+03 4.855772493822108117e+03 3.954300000000002910e+02 0.000000000000000000e+00 4.517511947804869976e+00 9.199999999999999845e-02
4.756401000000000000e+06 1.000000000000000000e+00 6.500000000000000000e+01 5.027308328357473329e+03 4.854577393822108206e+03 3.950100000000002183e+02 0.000000000000000000e+00 5.343866463959712654e+00 6.099999999999999867e-02
4.757744000000000000e+06 0.000000000000000000e+00 6.600000000000000000e+01 5.032824328357473860e+03 4.871348283822107987e+03 4.105899999999992360e+02 0.000000000000000000e+00 1.284531300476838389e+00 2.400000000000000050e-02
4.757747000000000000e+06 1.000000000000000000e+00 6.600000000000000000e+01 5.036100328357473700e+03 4.878060493822108583e+03 4.024300000000002910e+02 0.000000000000000000e+00 1.563431093114147519e+00 9.199999999999999845e-02
4.757747000000000000e+06 1.000000000000000000e+00 6.600000000000000000e+01 5.036639328357473460e+03 4.879403953822108633e+03 4.023599999999996726e+02 0.000000000000000000e+00 1.955114694929330543e+00 5.000000000000000000e-01
4.757745000000000000e+06 1.000000000000000000e+00 6.600000000000000000e+01 5.029381328357473649e+03 4.868258183822108549e+03 4.087900000000008731e+02 0.000000000000000000e+00 3.618671412799119746e+00 4.169999999999999818e-01
4.757745000000000000e+06 1.000000000000000000e+00 6.600000000000000000e+01 5.029878328357473038e+03 4.868402563822108277e+03 4.086899999999995998e+02 0.000000000000000000e+00 3.237315425164157823e+00 9.199999999999999845e-02
4.757744000000000000e+06 0.000000000000000000e+00 6.600000000000000000e+01 5.030472328357473089e+03 4.868929943822108726e+03 4.091800000000002910e+02 0.000000000000000000e+00 2.865148549799379829e+00 9.199999999999999845e-02
4.756398000000000000e+06 0.000000000000000000e+00 6.500000000000000000e+01 5.012984328357473714e+03 4.860588693822108326e+03 4.012899999999999636e+02 0.000000000000000000e+00 7.867073582085218897e-01 2.400000000000000050e-02
4.757724000000000000e+06 1.000000000000000000e+00 6.600000000000000000e+01 4.989165328357473300e+03 4.851624593822108181e+03 3.817999999999992724e+02 0.000000000000000000e+00 6.931187550211195258e+00 1.000000000000000000e+01
4.757724000000000000e+06 1.000000000000000000e+00 6.600000000000000000e+01 4.989165328357473300e+03 4.851624593822108181e+03 3.817999999999992724e+02 0.000000000000000000e+00 6.931187550211195258e+00 3.137480000000000269e-01
4.756397000000000000e+06 1.000000000000000000e+00 6.600000000000000000e+01 5.024652328357473380e+03 4.859334093822108116e+03 4.084200000000000728e+02 0.000000000000000000e+00 4.838269505105685653e+00 1.078999999999999915e+01
4.756396000000000000e+06 1.000000000000000000e+00 6.600000000000000000e+01 5.026002328357473743e+03 4.854458193822108115e+03 4.161700000000000728e+02 0.000000000000000000e+00 5.741870951558802005e+00 1.078999999999999915e+01
4.757660000000000000e+06 1.000000000000000000e+00 6.600000000000000000e+01 5.024757328357473853e+03 4.849915393822107944e+03 4.190699999999997090e+02 0.000000000000000000e+00 6.180213978895240601e+00 1.078999999999999915e+01
4.757660000000000000e+06 1.000000000000000000e+00 6.600000000000000000e+01 5.024411328357473394e+03 4.849217693822108231e+03 4.192500000000000000e+02 0.000000000000000000e+00 6.171474366161057823e+00 8.220000000000000639e+00
4.757662000000000000e+06 1.000000000000000000e+00 6.600000000000000000e+01 5.018878328357473038e+03 4.839150793822108426e+03 4.357600000000002183e+02 0.000000000000000000e+00 7.610036314923433132e+00 4.169999999999999818e-01
4.756396000000000000e+06 1.000000000000000000e+00 6.600000000000000000e+01 5.026002328357473743e+03 4.854458193822108115e+03 4.161700000000000728e+02 0.000000000000000000e+00 5.741870951558802005e+00 3.444739999999999913e+00
4.756397000000000000e+06 1.000000000000000000e+00 6.600000000000000000e+01 5.024467328357472979e+03 4.858394793822108113e+03 4.085800000000008367e+02 0.000000000000000000e+00 4.111216117836312023e+00 9.199999999999999845e-02
4.756399000000000000e+06 1.000000000000000000e+00 6.600000000000000000e+01 5.022555328357473627e+03 4.854029193822108027e+03 3.958100000000004002e+02 0.000000000000000000e+00 2.258836095209570516e+00 2.400000000000000050e-02
4.756399000000000000e+06 1.000000000000000000e+00 6.600000000000000000e+01 5.018554328357473423e+03 4.854093093822108131e+03 3.917100000000000364e+02 0.000000000000000000e+00 3.606251719450969340e+00 9.199999999999999845e-02
4.756399000000000000e+06 1.000000000000000000e+00 6.600000000000000000e+01 5.022654328357473787e+03 4.855549793822108768e+03 3.953199999999997090e+02 0.000000000000000000e+00 3.052146374537253681e+00 9.199999999999999845e-02
4.756399000000000000e+06 1.000000000000000000e+00 6.600000000000000000e+01 5.023677328357473925e+03 4.855854793822108149e+03 3.962200000000002547e+02 0.000000000000000000e+00 3.839917048905630903e+00 6.099999999999999867e-02
4.756401000000000000e+06 1.000000000000000000e+00 6.500000000000000000e+01 5.024083328357473874e+03 4.855975593822108749e+03 3.965799999999999272e+02 0.000000000000000000e+00 3.927493985109078434e+00 9.199999999999999845e-02
4.756401000000000000e+06 1.000000000000000000e+00 6.500000000000000000e+01 5.025404328357473787e+03 4.856304493822108270e+03 3.972999999999992724e+02 0.000000000000000000e+00 3.773408412787768729e+00 1.078999999999999915e+01
4.756401000000000000e+06 1.000000000000000000e+00 6.500000000000000000e+01 5.025404328357473787e+03 4.856304493822108270e+03 3.972999999999992724e+02 0.000000000000000000e+00 3.773408412787768729e+00 3.480129999999999946e+00
4.756401000000000000e+06 1.000000000000000000e+00 6.500000000000000000e+01 5.025404328357473787e+03 4.856304493822108270e+03 3.972999999999992724e+02 0.000000000000000000e+00 3.773408412787768729e+00 2.712790000000000035e+00
4.757758000000000000e+06 1.000000000000000000e+00 6.500000000000000000e+01 5.062657328357473489e+03 4.847873093822108785e+03 3.921900000000005093e+02 0.000000000000000000e+00 2.171015280789738267e+00 6.099999999999999867e-02
4.757757000000000000e+06 1.000000000000000000e+00 6.500000000000000000e+01 5.065854328357473605e+03 4.848941993822108088e+03 3.957600000000002183e+02 0.000000000000000000e+00 1.557040607503605179e+00 9.199999999999999845e-02
4.757758000000000000e+06 0.000000000000000000e+00 6.500000000000000000e+01 5.062608328357473511e+03 4.852032293822107931e+03 3.931999999999998181e+02 0.000000000000000000e+00 6.160132628289978207e-01 9.199999999999999845e-02
4.757758000000000000e+06 0.000000000000000000e+00 6.500000000000000000e+01 5.061485328357473009e+03 4.850287293822108040e+03 3.925799999999999272e+02 0.000000000000000000e+00 7.715898074317967259e-01 9.199999999999999845e-02
4.756483000000000000e+06 1.000000000000000000e+00 6.500000000000000000e+01 5.043021328357473067e+03 4.833226193822108144e+03 3.927300000000004729e+02 0.000000000000000000e+00 2.732322395088722100e+00 2.039999999999999869e-01
4.756483000000000000e+06 1.000000000000000000e+00 6.500000000000000000e+01 5.043274328357473678e+03 4.832738193822108769e+03 3.926799999999993815e+02 0.000000000000000000e+00 2.799314567746834737e+00 6.099999999999999867e-02
4.756483000000000000e+06 1.000000000000000000e+00 6.500000000000000000e+01 5.041797328357473816e+03 4.825569393822108395e+03 3.885200000000004366e+02 0.000000000000000000e+00 8.708197102578822069e+00 4.169999999999999818e-01
4.757756000000000000e+06 0.000000000000000000e+00 6.500000000000000000e+01 5.061864328357473823e+03 4.857214993822108227e+03 3.959199999999991633e+02 0.000000000000000000e+00 1.259083188703624012e+00 1.078999999999999915e+01
4.757756000000000000e+06 0.000000000000000000e+00 6.500000000000000000e+01 5.061864328357473823e+03 4.857214993822108227e+03 3.959199999999991633e+02 0.000000000000000000e+00 1.259083188703624012e+00 1.413019999999999943e+00
4.757022000000000000e+06 0.000000000000000000e+00 6.600000000000000000e+01 4.981724328357473496e+03 4.854368893822108475e+03 4.991599999999998545e+02 1.000000000000000000e+00 1.199396881841580553e+00 8.300000000000000000e+01
4.755221000000000000e+06 1.000000000000000000e+00 6.600000000000000000e+01 5.009198328357473656e+03 4.810503693822108289e+03 4.597400000000006912e+02 1.000000000000000000e+00 8.398143675535632013e-01 8.300000000000000000e+01
4.756035000000000000e+06 1.000000000000000000e+00 6.600000000000000000e+01 4.979518328357473365e+03 4.808081293822108819e+03 5.308000000000001819e+02 1.000000000000000000e+00 3.496091483139476264e-01 8.300000000000000000e+01
4.757057000000000000e+06 1.000000000000000000e+00 6.600000000000000000e+01 4.937557328357473125e+03 4.853294693822108457e+03 5.440999999999994543e+02 1.000000000000000000e+00 8.338343600142141820e-01 8.300000000000000000e+01
4.756150000000000000e+06 0.000000000000000000e+00 6.600000000000000000e+01 4.938598328357473292e+03 4.875294003822108607e+03 5.243100000000004002e+02 1.000000000000000000e+00 2.597397332550539062e+00 8.300000000000000000e+01
