5.394429000000000000e+06 1.000000000000000000e+00 6.600000000000000000e+01 7.288295949645759720e+03 1.693490498824464339e+03 3.806900000000005093e+02 0.000000000000000000e+00 7.385378293330633781e+00 1.078999999999999915e+01
5.393102000000000000e+06 1.000000000000000000e+00 6.500000000000000000e+01 7.289229749645759512e+03 1.691078698824464482e+03 4.050099999999993088e+02 0.000000000000000000e+00 3.452155986065361226e+00 1.078999999999999915e+01
5.391774000000000000e+06 1.000000000000000000e+00 6.500000000000000000e+01 7.290105749645759715e+03 1.692351598824464418e+03 4.668800000000001091e+02 0.000000000000000000e+00 2.397329565109242111e+00 1.605000000000000071e+01
5.392679000000000000e+06 0.000000000000000000e+00 6.600000000000000000e+01 7.279701849645760376e+03 1.701388498824464477e+03 5.499400000000005093e+02 0.000000000000000000e+00 5.282621331609533399e+00 1.078999999999999915e+01
5.392683000000000000e+06 1.000000000000000000e+00 6.500000000000000000e+01 7.274928249645759934e+03 1.701848798824465121e+03 5.757299999999995634e+02 0.000000000000000000e+00 8.592848689209498403e+00 1.078999999999999915e+01
5.392683000000000000e+06 1.000000000000000000e+00 6.500000000000000000e+01 7.275135349645759561e+03 1.702082098824464993e+03 5.764699999999993452e+02 0.000000000000000000e+00 9.287910309128259101e+00 1.078999999999999915e+01
5.392671000000000000e+06 1.000000000000000000e+00 6.600000000000000000e+01 7.295367749645760341e+03 1.708063498824464659e+03 5.376100000000005821e+02 0.000000000000000000e+00 4.820542717131183430e+00 2.400000000000000050e-02
5.392672000000000000e+06 1.000000000000000000e+00 6.500000000000000000e+01 7.298133419645760114e+03 1.703945298824464771e+03 5.377299999999995634e+02 0.000000000000000000e+00 5.667144940623106031e+00 6.099999999999999867e-02
5.392672000000000000e+06 1.000000000000000000e+00 6.500000000000000000e+01 7.300936709645759947e+03 1.703395198824464387e+03 5.405500000000001819e+02 0.000000000000000000e+00 5.346576794452632342e+00 9.199999999999999845e-02
5.392673000000000000e+06 1.000000000000000000e+00 6.500000000000000000e+01 7.304737249645760130e+03 1.701541098824464825e+03 5.462799999999997453e+02 0.000000000000000000e+00 8.008495552948556195e+00 9.199999999999999845e-02
5.392673000000000000e+06 1.000000000000000000e+00 6.500000000000000000e+01 7.299570769645760265e+03 1.701371398824464450e+03 5.443799999999991996e+02 0.000000000000000000e+00 4.445123377721256652e+00 1.078999999999999915e+01
5.392673000000000000e+06 1.000000000000000000e+00 6.500000000000000000e+01 7.299570769645760265e+03 1.701371398824464450e+03 5.443799999999991996e+02 0.000000000000000000e+00 4.445123377721256652e+00 3.355910000000000171e+00
5.392673000000000000e+06 1.000000000000000000e+00 6.500000000000000000e+01 7.299570769645760265e+03 1.701371398824464450e+03 5.443799999999991996e+02 0.000000000000000000e+00 4.445123377721256652e+00 9.729360000000000230e-01
5.391772000000000000e+06 1.000000000000000000e+00 6.600000000000000000e+01 7.290830849645760281e+03 1.697422098824465138e+03 4.667000000000007276e+02 0.000000000000000000e+00 3.505636333549702943e+00 1.078999999999999915e+01
5.391772000000000000e+06 1.000000000000000000e+00 6.600000000000000000e+01 7.290830849645760281e+03 1.697422098824465138e+03 4.667000000000007276e+02 0.000000000000000000e+00 3.505636333549702943e+00 6.306280000000000108e+00
5.391772000000000000e+06 1.000000000000000000e+00 6.600000000000000000e+01 7.290830849645760281e+03 1.697422098824465138e+03 4.667000000000007276e+02 0.000000000000000000e+00 3.505636333549702943e+00 1.571479999999999988e+00
5.393102000000000000e+06 1.000000000000000000e+00 6.500000000000000000e+01 7.290112849645759525e+03 1.690410998824464514e+03 4.046999999999998181e+02 0.000000000000000000e+00 2.963201155216967031e+00 4.169999999999999818e-01
5.393102000000000000e+06 0.000000000000000000e+00 6.600000000000000000e+01 7.298297219645760379e+03 1.684627098824465065e+03 4.110699999999997090e+02 0.000000000000000000e+00 6.506854460221385139e-01 1.078999999999999915e+01
5.393102000000000000e+06 0.000000000000000000e+00 6.600000000000000000e+01 7.298297219645760379e+03 1.684627098824465065e+03 4.110699999999997090e+02 0.000000000000000000e+00 6.506854460221385139e-01 7.714860000000000051e-01
5.393102000000000000e+06 0.000000000000000000e+00 6.600000000000000000e+01 7.298297219645760379e+03 1.684627098824465065e+03 4.110699999999997090e+02 0.000000000000000000e+00 6.506854460221385139e-01 1.152569999999999983e-01
5.394429000000000000e+06 1.000000000000000000e+00 6.600000000000000000e+01 7.288295949645759720e+03 1.693490498824464339e+03 3.806900000000005093e+02 0.000000000000000000e+00 7.385378293330633781e+00 6.232450000000000045e+00
5.394491000000000000e+06 1.000000000000000000e+00 6.500000000000000000e+01 7.130518249645760079e+03 1.671176298824464538e+03 3.808100000000004002e+02 1.000000000000000000e+00 8.298083401226035161e-01 7.100000000000000000e+01
