7.669349000000000000e+06 1.000000000000000000e+00 6.500000000000000000e+01 6.849918059069598712e+03 1.086207209096518272e+04 8.199300000000002910e+02 0.000000000000000000e+00 9.195065370597871990e+00 4.169999999999999818e-01
7.669349000000000000e+06 1.000000000000000000e+00 6.500000000000000000e+01 6.849918059069598712e+03 1.086207209096518272e+04 8.199300000000002910e+02 0.000000000000000000e+00 9.195065370597871990e+00 7.129220000000000113e+00
7.669351000000000000e+06 1.000000000000000000e+00 6.500000000000000000e+01 6.871068359069598955e+03 1.086581709096518352e+04 8.193499999999994543e+02 0.000000000000000000e+00 6.647514764292156819e+00 2.400000000000000050e-02
7.669354000000000000e+06 0.000000000000000000e+00 6.600000000000000000e+01 6.874187359069598642e+03 1.086085709096518258e+04 8.161400000000003274e+02 0.000000000000000000e+00 1.738326163674766223e+00 1.078999999999999915e+01
7.669360000000000000e+06 1.000000000000000000e+00 6.500000000000000000e+01 6.885157359069598897e+03 1.086856509096518312e+04 7.945900000000001455e+02 0.000000000000000000e+00 3.328658629473566499e+00 4.169999999999999818e-01
7.669360000000000000e+06 1.000000000000000000e+00 6.500000000000000000e+01 6.884041359069598911e+03 1.086579409096518430e+04 8.041700000000000728e+02 0.000000000000000000e+00 2.971061832522962742e+00 2.039999999999999869e-01
7.669359000000000000e+06 0.000000000000000000e+00 6.500000000000000000e+01 6.882179359069598831e+03 1.086546909096518357e+04 8.055900000000001455e+02 0.000000000000000000e+00 2.895901220757257644e+00 4.169999999999999818e-01
7.669354000000000000e+06 0.000000000000000000e+00 6.600000000000000000e+01 6.874187359069598642e+03 1.086085709096518258e+04 8.161400000000003274e+02 0.000000000000000000e+00 1.738326163674766223e+00 4.268880000000000230e+00
7.669172000000000000e+06 1.000000000000000000e+00 6.600000000000000000e+01 6.821399759069598986e+03 1.083465709096518367e+04 7.291700000000000728e+02 0.000000000000000000e+00 5.875988038622393717e+00 2.400000000000000050e-02
7.669173000000000000e+06 1.000000000000000000e+00 6.600000000000000000e+01 6.823339759069598585e+03 1.083492709096518229e+04 7.404000000000005457e+02 0.000000000000000000e+00 7.899216593359819072e+00 1.078999999999999915e+01
7.669173000000000000e+06 1.000000000000000000e+00 6.600000000000000000e+01 6.823339759069598585e+03 1.083492709096518229e+04 7.404000000000005457e+02 0.000000000000000000e+00 7.899216593359819072e+00 6.870389999999999553e-01
7.669173000000000000e+06 1.000000000000000000e+00 6.600000000000000000e+01 6.823339759069598585e+03 1.083492709096518229e+04 7.404000000000005457e+02 0.000000000000000000e+00 7.899216593359819072e+00 9.746390000000000609e-02
1.329251800000000000e+07 0.000000000000000000e+00 6.600000000000000000e+01 6.663950959069598866e+03 1.105708419096518264e+04 1.404909999999999854e+03 1.000000000000000000e+00 2.777177805006615152e+00 8.400000000000000000e+01
1.329132500000000000e+07 0.000000000000000000e+00 6.600000000000000000e+01 6.621106359069598511e+03 1.101004079096518399e+04 1.413030000000000655e+03 1.000000000000000000e+00 2.782882603996261750e+00 8.400000000000000000e+01
1.329132600000000000e+07 0.000000000000000000e+00 6.600000000000000000e+01 6.613962359069598278e+03 1.100518741096518352e+04 1.413780000000000655e+03 1.000000000000000000e+00 2.878326662272086001e+00 8.400000000000000000e+01
1.329306600000000000e+07 1.000000000000000000e+00 6.600000000000000000e+01 6.655108759069598818e+03 1.099589154096518359e+04 1.389329999999999927e+03 1.000000000000000000e+00 5.450060045321410973e-01 8.400000000000000000e+01
1.329243700000000000e+07 0.000000000000000000e+00 6.600000000000000000e+01 6.665371659069598536e+03 1.103475889096518222e+04 1.422059999999999491e+03 1.000000000000000000e+00 2.020977111140502380e+00 8.400000000000000000e+01
3.678086000000000000e+06 1.000000000000000000e+00 6.500000000000000000e+01 6.771525759069598280e+03 1.097599009096518421e+04 5.002799999999997453e+02 1.000000000000000000e+00 7.561250704312425519e-01 8.400000000000000000e+01
1.329189400000000000e+07 0.000000000000000000e+00 6.600000000000000000e+01 6.554979359069599013e+03 1.098887749096518382e+04 1.417659999999999854e+03 1.000000000000000000e+00 8.169055963764171313e-01 8.400000000000000000e+01
1.329251500000000000e+07 0.000000000000000000e+00 6.500000000000000000e+01 6.680352059069598909e+03 1.105220829096518355e+04 1.403920000000000073e+03 1.000000000000000000e+00 2.670418867489900983e+00 8.400000000000000000e+01
1.329404900000000000e+07 0.000000000000000000e+00 6.500000000000000000e+01 6.698584559069598981e+03 1.096450259096518312e+04 1.393859999999999673e+03 1.000000000000000000e+00 2.780917235414866351e+00 8.400000000000000000e+01
1.329404700000000000e+07 1.000000000000000000e+00 6.500000000000000000e+01 6.695786859069598904e+03 1.096845069096518273e+04 1.391159999999999854e+03 1.000000000000000000e+00 8.313156944703798956e-01 8.400000000000000000e+01
1.329292100000000000e+07 0.000000000000000000e+00 6.500000000000000000e+01 6.651362359069598824e+03 1.102016749096518288e+04 1.392340000000000146e+03 1.000000000000000000e+00 2.812916109387018526e+00 8.400000000000000000e+01
