2.685530000000000000e+05 1.000000000000000000e+00 6.500000000000000000e+01 5.894196020498819053e+03 9.565853012455672797e+02 3.695999999999912689e+01 0.000000000000000000e+00 7.407755466467764727e+00 1.078999999999999915e+01
2.686460000000000000e+05 1.000000000000000000e+00 6.500000000000000000e+01 5.967363640498819223e+03 8.685387012455676086e+02 7.247000000000025466e+01 0.000000000000000000e+00 6.716414854738128604e+00 1.078999999999999915e+01
2.686460000000000000e+05 1.000000000000000000e+00 6.500000000000000000e+01 5.967746840498818528e+03 8.680440012455674150e+02 7.257999999999992724e+01 0.000000000000000000e+00 6.991014537023957587e+00 1.339000000000000057e+01
2.671310000000000000e+05 1.000000000000000000e+00 6.500000000000000000e+01 5.978510040498818853e+03 8.549893012455668213e+02 7.723000000000047294e+01 0.000000000000000000e+00 8.249880916780227835e+00 1.078999999999999915e+01
2.670460000000000000e+05 1.000000000000000000e+00 6.600000000000000000e+01 5.987576840498818456e+03 8.443923012455670687e+02 8.126000000000021828e+01 0.000000000000000000e+00 8.011818157683546104e+00 1.605000000000000071e+01
2.686960000000000000e+05 1.000000000000000000e+00 6.500000000000000000e+01 6.031880840498818543e+03 8.177673012455670687e+02 8.732999999999992724e+01 0.000000000000000000e+00 9.019594267448434621e+00 1.339000000000000057e+01
2.697760000000000000e+05 1.000000000000000000e+00 6.500000000000000000e+01 6.024770840498818870e+03 7.951203012455671342e+02 7.401999999999952706e+01 0.000000000000000000e+00 6.597138524086505029e+00 6.099999999999999867e-02
2.697730000000000000e+05 1.000000000000000000e+00 6.600000000000000000e+01 6.023537840498818696e+03 7.991553012455669887e+02 6.808999999999923602e+01 0.000000000000000000e+00 5.939157236752474311e+00 4.169999999999999818e-01
2.697740000000000000e+05 0.000000000000000000e+00 6.500000000000000000e+01 6.017569840498818849e+03 7.964613012455674834e+02 6.440999999999985448e+01 0.000000000000000000e+00 1.333967862925724335e+00 2.039999999999999869e-01
2.697770000000000000e+05 1.000000000000000000e+00 6.600000000000000000e+01 6.003885840498818652e+03 7.884563012455673743e+02 5.802000000000043656e+01 0.000000000000000000e+00 9.333837060106514372e+00 4.169999999999999818e-01
2.697810000000000000e+05 1.000000000000000000e+00 6.500000000000000000e+01 6.005938840498818536e+03 7.778383012455669814e+02 6.492999999999938154e+01 0.000000000000000000e+00 5.647548085634976900e+00 4.169999999999999818e-01
2.697810000000000000e+05 1.000000000000000000e+00 6.500000000000000000e+01 6.004756840498818747e+03 7.787983012455670178e+02 6.789999999999963620e+01 0.000000000000000000e+00 5.851252867700965865e+00 9.199999999999999845e-02
2.697780000000000000e+05 1.000000000000000000e+00 6.600000000000000000e+01 6.008871840498818528e+03 7.799893012455668213e+02 6.470000000000072760e+01 0.000000000000000000e+00 4.463915182832382200e+00 9.199999999999999845e-02
2.697760000000000000e+05 0.000000000000000000e+00 6.500000000000000000e+01 6.023485840498819016e+03 7.873723012455675416e+02 6.050999999999930878e+01 0.000000000000000000e+00 4.192108443899968506e+00 9.199999999999999845e-02
2.697730000000000000e+05 1.000000000000000000e+00 6.500000000000000000e+01 6.019736840498818310e+03 7.998323012455675780e+02 5.248999999999978172e+01 0.000000000000000000e+00 4.445908910803434644e+00 2.400000000000000050e-02
2.697730000000000000e+05 1.000000000000000000e+00 6.500000000000000000e+01 6.021050840498818616e+03 8.002883012455677090e+02 5.327000000000043656e+01 0.000000000000000000e+00 3.430335046758881123e+00 2.039999999999999869e-01
2.697740000000000000e+05 1.000000000000000000e+00 6.500000000000000000e+01 6.024876840498818638e+03 7.890003012455672433e+02 4.786999999999989086e+01 0.000000000000000000e+00 6.101076391279359079e+00 9.199999999999999845e-02
2.686940000000000000e+05 1.000000000000000000e+00 6.500000000000000000e+01 6.043653840498818681e+03 8.244473012455673597e+02 7.273999999999978172e+01 0.000000000000000000e+00 3.645240778856829067e+00 6.099999999999999867e-02
2.686940000000000000e+05 1.000000000000000000e+00 6.500000000000000000e+01 6.041461840498818674e+03 8.249913012455672288e+02 7.135000000000036380e+01 0.000000000000000000e+00 1.619903745349879243e+00 9.199999999999999845e-02
2.686950000000000000e+05 1.000000000000000000e+00 6.600000000000000000e+01 6.033551840498818819e+03 8.345963012455677017e+02 6.826000000000021828e+01 0.000000000000000000e+00 1.863759934544914731e+00 9.199999999999999845e-02
2.686950000000000000e+05 0.000000000000000000e+00 6.500000000000000000e+01 6.031338840498819081e+03 8.291653012455672069e+02 7.342000000000007276e+01 0.000000000000000000e+00 9.595085167722354758e-01 9.199999999999999845e-02
2.686960000000000000e+05 0.000000000000000000e+00 6.500000000000000000e+01 6.028872840498818732e+03 8.266193012455669304e+02 7.769999999999981810e+01 0.000000000000000000e+00 1.492423618356964354e+00 5.000000000000000000e-01
2.686960000000000000e+05 0.000000000000000000e+00 6.500000000000000000e+01 6.028872840498818732e+03 8.266193012455669304e+02 7.769999999999981810e+01 0.000000000000000000e+00 1.492423618356964354e+00 7.276259999999999728e+00
2.686960000000000000e+05 1.000000000000000000e+00 6.500000000000000000e+01 6.029861840498819220e+03 8.192543012455671487e+02 9.111999999999989086e+01 0.000000000000000000e+00 9.437753668649596861e+00 2.400000000000000050e-02
2.687740000000000000e+05 1.000000000000000000e+00 6.500000000000000000e+01 6.026358840498818608e+03 8.282993012455672215e+02 9.797999999999956344e+01 0.000000000000000000e+00 8.436000384761896953e+00 2.039999999999999869e-01
2.687150000000000000e+05 1.000000000000000000e+00 6.600000000000000000e+01 5.979289440498819204e+03 8.413773012455676508e+02 8.090999999999985448e+01 0.000000000000000000e+00 3.903021380619842606e+00 6.099999999999999867e-02
2.671230000000000000e+05 1.000000000000000000e+00 6.500000000000000000e+01 5.970774740498818574e+03 8.316533012455674907e+02 7.516000000000076398e+01 0.000000000000000000e+00 2.710095018926343524e+00 4.169999999999999818e-01
2.671220000000000000e+05 0.000000000000000000e+00 6.600000000000000000e+01 5.970806740498818726e+03 8.284723012455669959e+02 7.014000000000032742e+01 0.000000000000000000e+00 3.811736732830838914e+00 2.039999999999999869e-01
2.697570000000000000e+05 1.000000000000000000e+00 6.600000000000000000e+01 5.984561740498818835e+03 8.131623012455675052e+02 5.469999999999981810e+01 0.000000000000000000e+00 4.217861860483099079e+00 9.199999999999999845e-02
2.687830000000000000e+05 1.000000000000000000e+00 6.500000000000000000e+01 5.987699840498818958e+03 8.144633012455669814e+02 5.341999999999916326e+01 0.000000000000000000e+00 2.518299254027482448e+00 4.169999999999999818e-01
2.687830000000000000e+05 1.000000000000000000e+00 6.500000000000000000e+01 5.988160840498819198e+03 8.162853012455670978e+02 5.440999999999985448e+01 0.000000000000000000e+00 1.085936149551594232e+00 6.099999999999999867e-02
2.687840000000000000e+05 0.000000000000000000e+00 6.500000000000000000e+01 5.990755840498818543e+03 8.203003012455674252e+02 6.002000000000043656e+01 0.000000000000000000e+00 1.059833031407662052e+00 5.000000000000000000e-01
2.687870000000000000e+05 1.000000000000000000e+00 6.500000000000000000e+01 5.993685840498818834e+03 8.210683012455674543e+02 7.076000000000021828e+01 0.000000000000000000e+00 8.774771445739020237e-01 9.199999999999999845e-02
2.687870000000000000e+05 1.000000000000000000e+00 6.500000000000000000e+01 5.993684840498818630e+03 8.213413012455675926e+02 7.092000000000007276e+01 0.000000000000000000e+00 7.610487095660406487e-01 6.099999999999999867e-02
2.687060000000000000e+05 1.000000000000000000e+00 6.600000000000000000e+01 6.006945840498819052e+03 8.224893012455668213e+02 6.790999999999985448e+01 0.000000000000000000e+00 7.057068608543971555e-01 9.199999999999999845e-02
2.697670000000000000e+05 0.000000000000000000e+00 6.500000000000000000e+01 6.006750840498818434e+03 8.186543012455676944e+02 6.697999999999956344e+01 0.000000000000000000e+00 4.562942438873374140e-01 9.199999999999999845e-02
2.697670000000000000e+05 0.000000000000000000e+00 6.500000000000000000e+01 6.006318840498818645e+03 8.174093012455668941e+02 6.703000000000065484e+01 0.000000000000000000e+00 3.754358581925915650e-01 2.400000000000000050e-02
2.686980000000000000e+05 1.000000000000000000e+00 6.600000000000000000e+01 6.030832840498818769e+03 8.212243012455674034e+02 6.752000000000043656e+01 0.000000000000000000e+00 7.643783532427422811e-01 6.099999999999999867e-02
2.686970000000000000e+05 1.000000000000000000e+00 6.600000000000000000e+01 6.029582840498818769e+03 8.271103012455669159e+02 6.698999999999978172e+01 0.000000000000000000e+00 1.951926635165011747e+00 9.199999999999999845e-02
2.687000000000000000e+05 1.000000000000000000e+00 6.500000000000000000e+01 6.023318840498818645e+03 8.283853012455674616e+02 6.707999999999992724e+01 0.000000000000000000e+00 4.396069453610036426e+00 2.400000000000000050e-02
2.687000000000000000e+05 1.000000000000000000e+00 6.500000000000000000e+01 6.019055840498818725e+03 8.259353012455676435e+02 7.104999999999927240e+01 0.000000000000000000e+00 6.362270316486160482e-01 9.199999999999999845e-02
2.697680000000000000e+05 0.000000000000000000e+00 6.600000000000000000e+01 6.015254840498818339e+03 8.159373012455671415e+02 5.951000000000021828e+01 0.000000000000000000e+00 4.111678571624675982e+00 2.400000000000000050e-02
2.697650000000000000e+05 1.000000000000000000e+00 6.500000000000000000e+01 6.019140840498818761e+03 8.199243012455672215e+02 5.440999999999985448e+01 0.000000000000000000e+00 4.481043158318923858e+00 6.099999999999999867e-02
2.697650000000000000e+05 1.000000000000000000e+00 6.500000000000000000e+01 6.020393840498818463e+03 8.210123012455669596e+02 5.332000000000061846e+01 0.000000000000000000e+00 4.509673223983270418e+00 9.199999999999999845e-02
2.671310000000000000e+05 1.000000000000000000e+00 6.500000000000000000e+01 5.978510040498818853e+03 8.549893012455668213e+02 7.723000000000047294e+01 0.000000000000000000e+00 8.249880916780227835e+00 1.660670000000000091e+00
2.686460000000000000e+05 1.000000000000000000e+00 6.500000000000000000e+01 5.962885640498819157e+03 8.733556012455674136e+02 7.213999999999941792e+01 0.000000000000000000e+00 5.873291688833991664e+00 9.199999999999999845e-02
2.686460000000000000e+05 1.000000000000000000e+00 6.500000000000000000e+01 5.965380140498818946e+03 8.703268012455673670e+02 6.871000000000003638e+01 0.000000000000000000e+00 5.023951023022069862e+00 2.400000000000000050e-02
2.686460000000000000e+05 1.000000000000000000e+00 6.500000000000000000e+01 5.965513740498819061e+03 8.721287012455668446e+02 6.967999999999938154e+01 0.000000000000000000e+00 3.811774297574995529e+00 9.199999999999999845e-02
2.686460000000000000e+05 1.000000000000000000e+00 6.500000000000000000e+01 5.965912540498818998e+03 8.741254012455674456e+02 7.063999999999941792e+01 0.000000000000000000e+00 2.431489042039003401e+00 2.400000000000000050e-02
2.686460000000000000e+05 1.000000000000000000e+00 6.500000000000000000e+01 5.965954440498819167e+03 8.746986012455672608e+02 6.978000000000065484e+01 0.000000000000000000e+00 2.011903002949192221e+00 6.099999999999999867e-02
2.686460000000000000e+05 1.000000000000000000e+00 6.500000000000000000e+01 5.965973240498818996e+03 8.749559012455674747e+02 6.938999999999941792e+01 0.000000000000000000e+00 1.977101582367798205e+00 9.199999999999999845e-02
2.686460000000000000e+05 1.000000000000000000e+00 6.500000000000000000e+01 5.966260140498819055e+03 8.769637012455668810e+02 6.738000000000010914e+01 0.000000000000000000e+00 3.400483653382383675e+00 8.220000000000000639e+00
2.671410000000000000e+05 1.000000000000000000e+00 6.500000000000000000e+01 5.967557840498819132e+03 8.892399012455671254e+02 7.611999999999989086e+01 0.000000000000000000e+00 4.369689760176963311e+00 4.169999999999999818e-01
2.671800000000000000e+05 1.000000000000000000e+00 6.600000000000000000e+01 5.964791240498819207e+03 8.926850012455670367e+02 7.348999999999978172e+01 0.000000000000000000e+00 1.633495669087175362e+00 6.099999999999999867e-02
2.671810000000000000e+05 1.000000000000000000e+00 6.600000000000000000e+01 5.957727040498818496e+03 8.931714012455677221e+02 7.798000000000047294e+01 0.000000000000000000e+00 1.334696721879737202e+00 9.199999999999999845e-02
2.671800000000000000e+05 0.000000000000000000e+00 6.600000000000000000e+01 5.959836140498819077e+03 8.962752012455675867e+02 7.888999999999941792e+01 0.000000000000000000e+00 3.423314968991702401e+00 6.099999999999999867e-02
2.685190000000000000e+05 1.000000000000000000e+00 6.600000000000000000e+01 5.957798840498819118e+03 9.026476012455668751e+02 7.537999999999919964e+01 0.000000000000000000e+00 1.020601192027033921e+00 6.099999999999999867e-02
2.671810000000000000e+05 0.000000000000000000e+00 6.600000000000000000e+01 5.955849840498818594e+03 9.017490012455673423e+02 7.511999999999989086e+01 0.000000000000000000e+00 1.113907041288842548e+00 9.199999999999999845e-02
2.671810000000000000e+05 0.000000000000000000e+00 6.600000000000000000e+01 5.953557440498819233e+03 9.005748012455669596e+02 7.661000000000058208e+01 0.000000000000000000e+00 9.012042685364242134e-01 9.199999999999999845e-02
2.671820000000000000e+05 1.000000000000000000e+00 6.600000000000000000e+01 5.950908440498818891e+03 8.978702012455669319e+02 8.139999999999963620e+01 0.000000000000000000e+00 1.527801302944467032e+00 4.169999999999999818e-01
2.685220000000000000e+05 0.000000000000000000e+00 6.600000000000000000e+01 5.947765540498819064e+03 9.055582012455670338e+02 7.578000000000065484e+01 0.000000000000000000e+00 1.573866824116330498e+00 2.039999999999999869e-01
2.685220000000000000e+05 0.000000000000000000e+00 6.600000000000000000e+01 5.947765540498819064e+03 9.055582012455670338e+02 7.578000000000065484e+01 0.000000000000000000e+00 1.573866824116330498e+00 7.356790000000000163e+00
2.686460000000000000e+05 1.000000000000000000e+00 6.500000000000000000e+01 5.969963140498818575e+03 8.699702012455672957e+02 7.251000000000021828e+01 0.000000000000000000e+00 5.121390028143732565e+00 4.169999999999999818e-01
2.671330000000000000e+05 1.000000000000000000e+00 6.500000000000000000e+01 5.985886840498818856e+03 8.617643012455673670e+02 8.069999999999981810e+01 0.000000000000000000e+00 9.387588331161635935e+00 1.078999999999999915e+01
2.671330000000000000e+05 1.000000000000000000e+00 6.500000000000000000e+01 5.985886840498818856e+03 8.617643012455673670e+02 8.069999999999981810e+01 0.000000000000000000e+00 9.387588331161635935e+00 2.932920000000000194e+00
2.671330000000000000e+05 1.000000000000000000e+00 6.500000000000000000e+01 5.985886840498818856e+03 8.617643012455673670e+02 8.069999999999981810e+01 0.000000000000000000e+00 9.387588331161635935e+00 1.163910000000000000e+00
2.685530000000000000e+05 1.000000000000000000e+00 6.500000000000000000e+01 5.893247100498818327e+03 9.582944812455671126e+02 3.003999999999996362e+01 0.000000000000000000e+00 9.896582831090166010e+00 4.169999999999999818e-01
2.685540000000000000e+05 1.000000000000000000e+00 6.500000000000000000e+01 5.906031940498818585e+03 9.581215312455669846e+02 4.369000000000050932e+01 0.000000000000000000e+00 3.238430761808799296e+00 9.199999999999999845e-02
2.685520000000000000e+05 1.000000000000000000e+00 6.600000000000000000e+01 5.910206640498819070e+03 9.455745012455672622e+02 4.714999999999963620e+01 0.000000000000000000e+00 2.236645558349279028e+00 4.169999999999999818e-01
2.685520000000000000e+05 1.000000000000000000e+00 6.600000000000000000e+01 5.910206640498819070e+03 9.455745012455672622e+02 4.714999999999963620e+01 0.000000000000000000e+00 2.236645558349279028e+00 7.165750000000000064e+00
