5.298808000000000000e+06 1.000000000000000000e+00 6.500000000000000000e+01 9.121380903123443204e+03 2.564403275206412218e+03 4.699200000000000728e+02 0.000000000000000000e+00 6.463382143808844127e+00 9.199999999999999845e-02
5.299618000000000000e+06 1.000000000000000000e+00 6.500000000000000000e+01 9.111841903123444354e+03 2.583973275206411927e+03 4.410000000000000000e+02 0.000000000000000000e+00 4.003701663081828954e+00 9.199999999999999845e-02
5.299618000000000000e+06 1.000000000000000000e+00 6.500000000000000000e+01 9.109562903123443903e+03 2.577342275206412523e+03 4.387599999999993088e+02 0.000000000000000000e+00 5.328868403299393819e+00 9.199999999999999845e-02
5.299618000000000000e+06 1.000000000000000000e+00 6.500000000000000000e+01 9.107900903123443641e+03 2.578225275206412334e+03 4.382899999999999636e+02 0.000000000000000000e+00 3.769207647753284540e+00 2.039999999999999869e-01
5.299614000000000000e+06 1.000000000000000000e+00 6.600000000000000000e+01 9.087431903123444499e+03 2.587396275206412611e+03 4.442200000000002547e+02 0.000000000000000000e+00 7.620811060720373398e+00 2.400000000000000050e-02
5.299614000000000000e+06 1.000000000000000000e+00 6.600000000000000000e+01 9.088039903123444674e+03 2.593197275206412087e+03 4.496200000000008004e+02 0.000000000000000000e+00 5.862870750700945877e+00 9.199999999999999845e-02
5.298633000000000000e+06 1.000000000000000000e+00 6.600000000000000000e+01 9.081519903123444237e+03 2.583789275206412640e+03 4.553299999999999272e+02 0.000000000000000000e+00 9.365130366623450442e+00 9.199999999999999845e-02
5.298633000000000000e+06 1.000000000000000000e+00 6.600000000000000000e+01 9.085539903123444674e+03 2.591641275206412502e+03 4.543099999999994907e+02 0.000000000000000000e+00 6.918769217449002085e+00 2.400000000000000050e-02
5.299615000000000000e+06 1.000000000000000000e+00 6.600000000000000000e+01 9.101786903123444063e+03 2.592128275206412582e+03 4.498100000000004002e+02 0.000000000000000000e+00 5.520273235598091688e+00 4.169999999999999818e-01
5.299615000000000000e+06 1.000000000000000000e+00 6.600000000000000000e+01 9.101289903123444674e+03 2.592295275206412043e+03 4.488600000000005821e+02 0.000000000000000000e+00 4.707000022297157749e+00 9.199999999999999845e-02
5.299616000000000000e+06 1.000000000000000000e+00 6.600000000000000000e+01 9.105092903123444557e+03 2.596822275206412087e+03 4.541300000000001091e+02 0.000000000000000000e+00 3.480372086445680857e+00 6.099999999999999867e-02
5.299619000000000000e+06 1.000000000000000000e+00 6.500000000000000000e+01 9.106959903123442928e+03 2.588872275206412269e+03 4.561099999999996726e+02 0.000000000000000000e+00 9.503316957251945141e+00 4.169999999999999818e-01
5.299619000000000000e+06 1.000000000000000000e+00 6.500000000000000000e+01 9.106959903123442928e+03 2.588872275206412269e+03 4.561099999999996726e+02 0.000000000000000000e+00 9.503316957251945141e+00 7.345069999999999766e+00
5.299707000000000000e+06 1.000000000000000000e+00 6.500000000000000000e+01 9.106821903123443917e+03 2.569882275206412487e+03 4.947700000000004366e+02 0.000000000000000000e+00 5.490228681325140414e+00 9.199999999999999845e-02
5.299706000000000000e+06 1.000000000000000000e+00 6.500000000000000000e+01 9.111498903123443597e+03 2.568870275206412771e+03 4.986999999999998181e+02 0.000000000000000000e+00 3.208845203618379216e+00 1.118239999999999945e+01
5.297699000000000000e+06 1.000000000000000000e+00 6.500000000000000000e+01 9.095482903123443975e+03 2.584667275206412342e+03 5.228400000000001455e+02 0.000000000000000000e+00 9.557885416299559012e+00 2.400000000000000050e-02
5.297699000000000000e+06 1.000000000000000000e+00 6.500000000000000000e+01 9.093939903123442491e+03 2.584171275206412247e+03 5.234800000000004729e+02 0.000000000000000000e+00 9.173032682128244630e+00 5.000000000000000000e-01
5.297699000000000000e+06 1.000000000000000000e+00 6.500000000000000000e+01 9.093939903123442491e+03 2.584171275206412247e+03 5.234800000000004729e+02 0.000000000000000000e+00 9.173032682128244630e+00 7.196369999999999933e+00
4.958759000000000000e+06 1.000000000000000000e+00 6.500000000000000000e+01 9.700235403123442666e+03 3.404793275206412545e+03 4.565100000000002183e+02 1.000000000000000000e+00 8.341237771411920132e-01 7.100000000000000000e+01
4.958756000000000000e+06 0.000000000000000000e+00 6.500000000000000000e+01 9.700670403123443975e+03 3.407788275206412436e+03 4.431400000000003274e+02 1.000000000000000000e+00 6.799228179935040695e-01 7.100000000000000000e+01
