6.192972100000000000e+07 1.000000000000000000e+00 6.600000000000000000e+01 5.971682059651875534e+03 5.175800000000008367e+02 7.197064310556849705e+03 0.000000000000000000e+00 2.881786795550606239e+00 1.339000000000000057e+01
6.192972100000000000e+07 1.000000000000000000e+00 6.600000000000000000e+01 5.970814212651875096e+03 5.173299999999999272e+02 7.199387310556850025e+03 0.000000000000000000e+00 6.791333152912587545e-01 1.078999999999999915e+01
6.192780300000000000e+07 1.000000000000000000e+00 6.600000000000000000e+01 5.931458322651875278e+03 4.992199999999993452e+02 7.232996310556849494e+03 0.000000000000000000e+00 5.157910471329651081e+00 9.199999999999999845e-02
6.192878700000000000e+07 1.000000000000000000e+00 6.500000000000000000e+01 5.924544622651875216e+03 4.920400000000008731e+02 7.218085310556849436e+03 0.000000000000000000e+00 5.527735977972548786e-01 1.078999999999999915e+01
6.192878700000000000e+07 1.000000000000000000e+00 6.500000000000000000e+01 5.924544622651875216e+03 4.920400000000008731e+02 7.218085310556849436e+03 0.000000000000000000e+00 5.527735977972548786e-01 1.062410000000000077e+00
6.192878700000000000e+07 1.000000000000000000e+00 6.500000000000000000e+01 5.924544622651875216e+03 4.920400000000008731e+02 7.218085310556849436e+03 0.000000000000000000e+00 5.527735977972548786e-01 1.121930000000000011e-01
6.192781200000000000e+07 0.000000000000000000e+00 6.600000000000000000e+01 5.966078342651875573e+03 5.183499999999994543e+02 7.193335310556849436e+03 0.000000000000000000e+00 3.162862923749506283e+00 4.169999999999999818e-01
6.192873500000000000e+07 1.000000000000000000e+00 6.600000000000000000e+01 5.968604872651875667e+03 5.180299999999997453e+02 7.190337310556849843e+03 0.000000000000000000e+00 4.087771576714530397e+00 2.400000000000000050e-02
6.192873300000000000e+07 0.000000000000000000e+00 6.500000000000000000e+01 5.974845502651874995e+03 5.354700000000002547e+02 7.184597310556850061e+03 0.000000000000000000e+00 1.054510286200997404e+00 8.349999999999999645e-01
6.192873800000000000e+07 1.000000000000000000e+00 6.600000000000000000e+01 5.968649662651875587e+03 5.364400000000005093e+02 7.172761310556849821e+03 0.000000000000000000e+00 2.729551986539794139e+00 9.199999999999999845e-02
6.192781800000000000e+07 1.000000000000000000e+00 6.600000000000000000e+01 5.959821622651875259e+03 5.322500000000000000e+02 7.177915310556849363e+03 0.000000000000000000e+00 4.737640357241990507e+00 6.099999999999999867e-02
6.192781700000000000e+07 1.000000000000000000e+00 6.600000000000000000e+01 5.952356722651875316e+03 5.346899999999995998e+02 7.182052310556849989e+03 0.000000000000000000e+00 9.989483862477802845e+00 2.039999999999999869e-01
6.192782200000000000e+07 1.000000000000000000e+00 6.500000000000000000e+01 5.950321722651875461e+03 5.380799999999999272e+02 7.173286310556849457e+03 0.000000000000000000e+00 9.734650246345067259e+00 9.199999999999999845e-02
6.192867700000000000e+07 1.000000000000000000e+00 6.600000000000000000e+01 5.936453122651875674e+03 5.444099999999998545e+02 7.167910310556850163e+03 0.000000000000000000e+00 6.556893205126051782e+00 4.169999999999999818e-01
6.192867700000000000e+07 1.000000000000000000e+00 6.600000000000000000e+01 5.936453122651875674e+03 5.444099999999998545e+02 7.167910310556850163e+03 0.000000000000000000e+00 6.556893205126051782e+00 7.327939999999999898e+00
6.192972100000000000e+07 1.000000000000000000e+00 6.600000000000000000e+01 5.971682059651875534e+03 5.175800000000008367e+02 7.197064310556849705e+03 0.000000000000000000e+00 2.881786795550606239e+00 3.647990000000000066e+00
6.192957000000000000e+07 1.000000000000000000e+00 6.600000000000000000e+01 6.019432722651875338e+03 5.089000000000005457e+02 7.076503310556850010e+03 0.000000000000000000e+00 7.322650449910999448e+00 2.400000000000000050e-02
6.192957000000000000e+07 1.000000000000000000e+00 6.600000000000000000e+01 6.013081022651875173e+03 5.079400000000005093e+02 7.075331310556849530e+03 0.000000000000000000e+00 4.008519447438432692e+00 4.169999999999999818e-01
6.192957000000000000e+07 1.000000000000000000e+00 6.600000000000000000e+01 6.015560422651875342e+03 5.050399999999999636e+02 7.075845310556849654e+03 0.000000000000000000e+00 7.327005842706574512e+00 4.169999999999999818e-01
6.193064400000000000e+07 1.000000000000000000e+00 6.600000000000000000e+01 6.012032022651875195e+03 4.930700000000006185e+02 7.078068310556849610e+03 0.000000000000000000e+00 2.271518959082913902e+00 9.199999999999999845e-02
6.193064700000000000e+07 1.000000000000000000e+00 6.500000000000000000e+01 6.018622522651875443e+03 4.940300000000006548e+02 7.083124310556850105e+03 0.000000000000000000e+00 9.378519468427436223e+00 2.400000000000000050e-02
6.193064700000000000e+07 1.000000000000000000e+00 6.500000000000000000e+01 6.021897322651875584e+03 4.909400000000005093e+02 7.082530310556850054e+03 0.000000000000000000e+00 7.462215566361821928e+00 2.400000000000000050e-02
6.193064600000000000e+07 0.000000000000000000e+00 6.500000000000000000e+01 6.009505722651875658e+03 4.806499999999996362e+02 7.080704310556850032e+03 0.000000000000000000e+00 2.450627677026641305e+00 8.349999999999999645e-01
6.193064600000000000e+07 0.000000000000000000e+00 6.500000000000000000e+01 6.009505722651875658e+03 4.806499999999996362e+02 7.080704310556850032e+03 0.000000000000000000e+00 2.450627677026641305e+00 7.092430000000000234e+00
5.637058800000000000e+07 1.000000000000000000e+00 6.500000000000000000e+01 5.415871722651875643e+03 1.830099999999993088e+02 6.547658310556849756e+03 1.000000000000000000e+00 7.686270911357941937e-01 7.900000000000000000e+01
5.637051200000000000e+07 1.000000000000000000e+00 6.500000000000000000e+01 5.397590722651875694e+03 2.092300000000004729e+02 6.554940310556849909e+03 1.000000000000000000e+00 7.719978013191952648e-01 7.900000000000000000e+01
