8.099879100000000000e+07 1.000000000000000000e+00 6.600000000000000000e+01 9.799296695635031938e+03 1.060713999999999942e+04 9.353969191556108854e+03 0.000000000000000000e+00 5.185271080822128731e+00 1.605000000000000071e+01
8.099878800000000000e+07 0.000000000000000000e+00 6.600000000000000000e+01 9.791805595635032660e+03 1.060881999999999971e+04 9.354227191556108664e+03 0.000000000000000000e+00 4.545825836215337645e+00 1.078999999999999915e+01
8.099878800000000000e+07 1.000000000000000000e+00 6.600000000000000000e+01 9.780172795635033253e+03 1.061017000000000007e+04 9.356880991556108711e+03 0.000000000000000000e+00 3.612653795198493611e+00 1.605000000000000071e+01
8.099878800000000000e+07 1.000000000000000000e+00 6.600000000000000000e+01 9.778800295635031944e+03 1.060870000000000073e+04 9.354936791556108801e+03 0.000000000000000000e+00 2.424198571953064096e+00 1.078999999999999915e+01
8.099878800000000000e+07 1.000000000000000000e+00 6.600000000000000000e+01 9.779355795635032337e+03 1.060905999999999949e+04 9.355618391556108691e+03 0.000000000000000000e+00 2.515871186638162449e+00 4.169999999999999818e-01
8.099878800000000000e+07 1.000000000000000000e+00 6.600000000000000000e+01 9.777155395635032619e+03 1.060236000000000058e+04 9.356657791556108350e+03 0.000000000000000000e+00 1.675217405521644665e+00 9.199999999999999845e-02
8.099879300000000000e+07 1.000000000000000000e+00 6.500000000000000000e+01 9.773357695635033451e+03 1.059736999999999898e+04 9.370992791556109296e+03 0.000000000000000000e+00 1.088512717852746059e+00 9.199999999999999845e-02
8.099879300000000000e+07 1.000000000000000000e+00 6.500000000000000000e+01 9.771846895635033434e+03 1.059688999999999942e+04 9.371372291556108394e+03 0.000000000000000000e+00 1.214567172404875217e+00 9.199999999999999845e-02
8.100006500000000000e+07 0.000000000000000000e+00 6.600000000000000000e+01 9.762864395635031542e+03 1.060161000000000058e+04 9.374029791556109558e+03 0.000000000000000000e+00 1.831643284862219723e+00 6.099999999999999867e-02
8.100006600000000000e+07 0.000000000000000000e+00 6.500000000000000000e+01 9.758862395635031135e+03 1.060419000000000051e+04 9.380159991556109162e+03 0.000000000000000000e+00 1.142505689866274432e+00 4.169999999999999818e-01
8.100006800000000000e+07 1.000000000000000000e+00 6.500000000000000000e+01 9.758114995635030937e+03 1.061240999999999985e+04 9.383264791556108321e+03 0.000000000000000000e+00 5.626238702454110507e-01 9.199999999999999845e-02
8.100007000000000000e+07 0.000000000000000000e+00 6.500000000000000000e+01 9.758067695635032578e+03 1.061184000000000015e+04 9.392814091556108906e+03 0.000000000000000000e+00 9.464201469134252420e-01 9.199999999999999845e-02
8.100007100000000000e+07 0.000000000000000000e+00 6.500000000000000000e+01 9.760677795635032453e+03 1.061285000000000036e+04 9.396737891556109389e+03 0.000000000000000000e+00 2.700034278466122206e+00 4.169999999999999818e-01
8.100021400000000000e+07 1.000000000000000000e+00 6.500000000000000000e+01 9.765612395635031135e+03 1.060831000000000131e+04 9.401059391556107585e+03 0.000000000000000000e+00 7.169586703968614749e+00 9.199999999999999845e-02
8.100021400000000000e+07 1.000000000000000000e+00 6.500000000000000000e+01 9.766412795635031216e+03 1.060839999999999964e+04 9.401458691556108533e+03 0.000000000000000000e+00 6.810775998738712644e+00 6.099999999999999867e-02
8.099758600000000000e+07 1.000000000000000000e+00 6.500000000000000000e+01 9.754009295635030867e+03 1.060629999999999927e+04 9.419047991556108173e+03 0.000000000000000000e+00 4.523399239695564233e+00 9.199999999999999845e-02
8.099881000000000000e+07 1.000000000000000000e+00 6.600000000000000000e+01 9.751386295635031274e+03 1.060548999999999978e+04 9.416912291556109267e+03 0.000000000000000000e+00 5.372036155061754137e+00 9.199999999999999845e-02
8.099880200000000000e+07 1.000000000000000000e+00 6.600000000000000000e+01 9.774515395635033201e+03 1.059088999999999942e+04 9.401472491556109162e+03 0.000000000000000000e+00 2.417207540130166254e+00 9.199999999999999845e-02
8.099880200000000000e+07 1.000000000000000000e+00 6.600000000000000000e+01 9.776675995635032450e+03 1.058762999999999920e+04 9.399612991556108682e+03 0.000000000000000000e+00 4.077543801830844639e-01 6.099999999999999867e-02
8.099880200000000000e+07 1.000000000000000000e+00 6.600000000000000000e+01 9.773311395635031658e+03 1.059139999999999964e+04 9.400398091556107829e+03 0.000000000000000000e+00 1.553701769044852687e+00 9.199999999999999845e-02
8.099880200000000000e+07 1.000000000000000000e+00 6.600000000000000000e+01 9.772746495635032261e+03 1.059154000000000087e+04 9.400201991556108624e+03 0.000000000000000000e+00 1.632496441151703559e+00 6.099999999999999867e-02
8.099880700000000000e+07 0.000000000000000000e+00 6.500000000000000000e+01 9.751122295635032060e+03 1.058692000000000007e+04 9.414105891556107963e+03 0.000000000000000000e+00 1.857932501217755661e+00 6.099999999999999867e-02
8.099880600000000000e+07 1.000000000000000000e+00 6.500000000000000000e+01 9.759944195635031065e+03 1.058909000000000015e+04 9.411632391556107905e+03 0.000000000000000000e+00 2.175493141823097165e+00 4.169999999999999818e-01
8.099880600000000000e+07 1.000000000000000000e+00 6.500000000000000000e+01 9.762526895635031906e+03 1.059003000000000065e+04 9.412202991556108827e+03 0.000000000000000000e+00 8.828429201432644868e-01 4.169999999999999818e-01
8.099759100000000000e+07 0.000000000000000000e+00 6.600000000000000000e+01 9.766088095635032005e+03 1.059200000000000000e+04 9.415650491556109046e+03 0.000000000000000000e+00 1.585136411570871262e+00 9.199999999999999845e-02
8.099880500000000000e+07 1.000000000000000000e+00 6.500000000000000000e+01 9.762970495635032421e+03 1.059270999999999913e+04 9.407787291556109267e+03 0.000000000000000000e+00 1.391352333465236901e+00 2.400000000000000050e-02
8.099880300000000000e+07 1.000000000000000000e+00 6.500000000000000000e+01 9.765402295635030896e+03 1.059290999999999985e+04 9.398172291556107666e+03 0.000000000000000000e+00 3.278389720192339318e+00 4.169999999999999818e-01
8.099880300000000000e+07 1.000000000000000000e+00 6.500000000000000000e+01 9.765878895635032677e+03 1.059319000000000051e+04 9.397918091556108266e+03 0.000000000000000000e+00 3.548394556649596687e+00 4.169999999999999818e-01
8.099880100000000000e+07 1.000000000000000000e+00 6.600000000000000000e+01 9.772785995635033032e+03 1.059923999999999978e+04 9.394629091556107596e+03 0.000000000000000000e+00 4.497386817230789369e+00 9.199999999999999845e-02
8.099880100000000000e+07 1.000000000000000000e+00 6.600000000000000000e+01 9.769057495635031955e+03 1.059820000000000073e+04 9.396045691556108068e+03 0.000000000000000000e+00 5.911298601842129408e+00 9.199999999999999845e-02
8.100006800000000000e+07 1.000000000000000000e+00 6.600000000000000000e+01 9.772302795635032453e+03 1.060375000000000000e+04 9.390942491556108507e+03 0.000000000000000000e+00 8.082573386557498907e+00 4.169999999999999818e-01
8.099879900000000000e+07 1.000000000000000000e+00 6.600000000000000000e+01 9.776095895635033230e+03 1.060450000000000000e+04 9.385780991556108347e+03 0.000000000000000000e+00 7.349112037691468480e+00 9.199999999999999845e-02
8.099879900000000000e+07 1.000000000000000000e+00 6.600000000000000000e+01 9.775566395635032677e+03 1.060529999999999927e+04 9.386081491556109540e+03 0.000000000000000000e+00 8.037340535914522022e+00 9.199999999999999845e-02
8.100006900000000000e+07 0.000000000000000000e+00 6.500000000000000000e+01 9.762060095635031757e+03 1.061005999999999949e+04 9.386595991556108856e+03 0.000000000000000000e+00 2.701854210368546561e+00 4.169999999999999818e-01
8.100006900000000000e+07 0.000000000000000000e+00 6.500000000000000000e+01 9.762084695635032404e+03 1.061007999999999993e+04 9.386562991556107590e+03 0.000000000000000000e+00 2.720807725038828284e+00 6.099999999999999867e-02
8.100006900000000000e+07 1.000000000000000000e+00 6.500000000000000000e+01 9.768003195635032171e+03 1.061118000000000029e+04 9.382814491556109715e+03 0.000000000000000000e+00 3.245866729677238105e+00 9.199999999999999845e-02
8.100021200000000000e+07 1.000000000000000000e+00 6.500000000000000000e+01 9.779822695635031778e+03 1.061601000000000022e+04 9.391085491556108536e+03 0.000000000000000000e+00 5.140670866136751727e+00 2.400000000000000050e-02
8.100021600000000000e+07 1.000000000000000000e+00 6.600000000000000000e+01 9.785937095635032165e+03 1.061160000000000036e+04 9.392738891556109593e+03 0.000000000000000000e+00 6.413551468829076896e+00 9.199999999999999845e-02
8.099879500000000000e+07 0.000000000000000000e+00 6.500000000000000000e+01 9.782162695635031923e+03 1.059615999999999985e+04 9.374725691556108359e+03 0.000000000000000000e+00 1.302995682465860616e+00 9.199999999999999845e-02
8.099888000000000000e+07 1.000000000000000000e+00 6.600000000000000000e+01 9.756059295635031958e+03 1.058068000000000029e+04 9.380658491556108856e+03 0.000000000000000000e+00 2.560992520880124967e+00 4.169999999999999818e-01
8.099873400000000000e+07 1.000000000000000000e+00 6.500000000000000000e+01 9.745673295635031536e+03 1.058027000000000044e+04 9.392124691556109610e+03 0.000000000000000000e+00 3.973734085660121096e+00 2.400000000000000050e-02
8.099888100000000000e+07 1.000000000000000000e+00 6.600000000000000000e+01 9.746794295635032540e+03 1.057779000000000087e+04 9.388140091556109837e+03 0.000000000000000000e+00 2.847636134614764281e+00 6.099999999999999867e-02
8.099888100000000000e+07 1.000000000000000000e+00 6.600000000000000000e+01 9.747079295635032395e+03 1.057936999999999898e+04 9.386297291556107666e+03 0.000000000000000000e+00 1.927347593958138816e+00 9.199999999999999845e-02
8.099888000000000000e+07 1.000000000000000000e+00 6.600000000000000000e+01 9.747239295635032249e+03 1.058188999999999942e+04 9.384138891556107410e+03 0.000000000000000000e+00 3.078846676940038662e+00 9.199999999999999845e-02
8.099888000000000000e+07 1.000000000000000000e+00 6.600000000000000000e+01 9.744262295635031478e+03 1.058070000000000073e+04 9.385051991556108987e+03 0.000000000000000000e+00 2.913980763533200236e+00 2.039999999999999869e-01
8.099888100000000000e+07 1.000000000000000000e+00 6.600000000000000000e+01 9.747373295635032264e+03 1.058121999999999935e+04 9.385379991556108507e+03 0.000000000000000000e+00 3.160384132110893418e+00 9.199999999999999845e-02
8.099888100000000000e+07 1.000000000000000000e+00 6.600000000000000000e+01 9.747373295635032264e+03 1.058121999999999935e+04 9.385379991556108507e+03 0.000000000000000000e+00 3.160384132110893418e+00 7.365339999999999776e+00
8.099878800000000000e+07 1.000000000000000000e+00 6.600000000000000000e+01 9.778800295635031944e+03 1.060870000000000073e+04 9.354936791556108801e+03 0.000000000000000000e+00 2.424198571953064096e+00 3.953089999999999993e+00
8.099878800000000000e+07 1.000000000000000000e+00 6.600000000000000000e+01 9.780172795635033253e+03 1.061017000000000007e+04 9.356880991556108711e+03 0.000000000000000000e+00 3.612653795198493611e+00 1.686819999999999986e+00
8.099878800000000000e+07 0.000000000000000000e+00 6.600000000000000000e+01 9.791805595635032660e+03 1.060881999999999971e+04 9.354227191556108664e+03 0.000000000000000000e+00 4.545825836215337645e+00 3.254939999999999944e+00
