1.152896080000000000e+08 1.000000000000000000e+00 6.500000000000000000e+01 3.542338926063367126e+03 9.328693150206210703e+03 1.345963000000000102e+04 0.000000000000000000e+00 1.030883077144535642e+00 1.078999999999999915e+01
1.152607530000000000e+08 1.000000000000000000e+00 6.500000000000000000e+01 2.125143426063367315e+03 9.017981250206212280e+03 1.341704999999999927e+04 0.000000000000000000e+00 2.948762098942632637e+00 3.229999999999999716e+01
1.152614690000000000e+08 0.000000000000000000e+00 6.600000000000000000e+01 2.071173426063367970e+03 8.958457250206211029e+03 1.337713000000000102e+04 0.000000000000000000e+00 2.998785259369821432e+00 3.229999999999999716e+01
1.152626430000000000e+08 1.000000000000000000e+00 6.600000000000000000e+01 2.050883426063367097e+03 8.939316250206211407e+03 1.336232999999999993e+04 0.000000000000000000e+00 5.890989340986729772e+00 1.078999999999999915e+01
1.086820530000000000e+08 1.000000000000000000e+00 6.600000000000000000e+01 1.429383426063367097e+03 8.312462250206212047e+03 1.270906000000000131e+04 0.000000000000000000e+00 5.261197737187340628e+00 1.078999999999999915e+01
1.063362550000000000e+08 1.000000000000000000e+00 6.500000000000000000e+01 1.288163426063367751e+03 8.160012250206211320e+03 1.248298999999999978e+04 0.000000000000000000e+00 3.318248588486991224e+00 1.339000000000000057e+01
1.063378250000000000e+08 1.000000000000000000e+00 6.600000000000000000e+01 1.235663426063367751e+03 8.089962250206211138e+03 1.241763000000000102e+04 0.000000000000000000e+00 2.384824757939294937e+00 1.078999999999999915e+01
1.006260470000000000e+08 1.000000000000000000e+00 6.600000000000000000e+01 5.712434260633676786e+02 7.229442250206211611e+03 1.180474000000000160e+04 0.000000000000000000e+00 8.576884987211371936e+00 1.339000000000000057e+01
9.730693900000000000e+07 1.000000000000000000e+00 6.500000000000000000e+01 6.867534260633678969e+02 7.500232250206211575e+03 1.141589999999999964e+04 0.000000000000000000e+00 6.661874578006814929e+00 1.339000000000000057e+01
9.730694100000000000e+07 0.000000000000000000e+00 6.500000000000000000e+01 6.925434260633678605e+02 7.505662250206210956e+03 1.141356999999999971e+04 0.000000000000000000e+00 2.495319169262566916e+00 1.078999999999999915e+01
9.730693600000000000e+07 1.000000000000000000e+00 6.600000000000000000e+01 6.939934260633676786e+02 7.513002250206211102e+03 1.143595000000000073e+04 0.000000000000000000e+00 8.187018306280869240e+00 2.400000000000000050e-02
9.730693600000000000e+07 1.000000000000000000e+00 6.600000000000000000e+01 6.947834260633676422e+02 7.511662250206210956e+03 1.143971999999999935e+04 0.000000000000000000e+00 7.923122829721397586e+00 6.099999999999999867e-02
9.730693600000000000e+07 1.000000000000000000e+00 6.600000000000000000e+01 6.976334260633670965e+02 7.509772250206211538e+03 1.144177000000000044e+04 0.000000000000000000e+00 8.491876715814159482e+00 2.400000000000000050e-02
9.730693100000000000e+07 1.000000000000000000e+00 6.500000000000000000e+01 6.970334260633667327e+02 7.503302250206211284e+03 1.144297999999999956e+04 0.000000000000000000e+00 4.945959781921436260e+00 4.169999999999999818e-01
9.730693100000000000e+07 1.000000000000000000e+00 6.500000000000000000e+01 6.982234260633672420e+02 7.504102250206211465e+03 1.144261999999999898e+04 0.000000000000000000e+00 4.451421405026898093e+00 9.199999999999999845e-02
9.730693600000000000e+07 1.000000000000000000e+00 6.600000000000000000e+01 6.960334260633667327e+02 7.506332250206211029e+03 1.144288999999999942e+04 0.000000000000000000e+00 7.505150587101000248e+00 1.339000000000000057e+01
9.730693600000000000e+07 1.000000000000000000e+00 6.600000000000000000e+01 6.960334260633667327e+02 7.506332250206211029e+03 1.144288999999999942e+04 0.000000000000000000e+00 7.505150587101000248e+00 2.936339999999999950e+00
9.730693600000000000e+07 1.000000000000000000e+00 6.600000000000000000e+01 6.960334260633667327e+02 7.506332250206211029e+03 1.144288999999999942e+04 0.000000000000000000e+00 7.505150587101000248e+00 1.915559999999999929e+00
9.730693500000000000e+07 1.000000000000000000e+00 6.600000000000000000e+01 6.947334260633674603e+02 7.496372250206210992e+03 1.142911000000000058e+04 0.000000000000000000e+00 4.054482069522576282e+00 1.124000000000000021e+01
9.730693500000000000e+07 1.000000000000000000e+00 6.600000000000000000e+01 6.947334260633674603e+02 7.496372250206210992e+03 1.142911000000000058e+04 0.000000000000000000e+00 4.054482069522576282e+00 2.723720000000000141e+00
9.730693900000000000e+07 1.000000000000000000e+00 6.500000000000000000e+01 6.867534260633678969e+02 7.500232250206211575e+03 1.141589999999999964e+04 0.000000000000000000e+00 6.661874578006814929e+00 6.066810000000000258e+00
9.730693800000000000e+07 1.000000000000000000e+00 6.500000000000000000e+01 6.912134260633670237e+02 7.491522250206211538e+03 1.142089999999999964e+04 0.000000000000000000e+00 4.553560098072621187e+00 6.099999999999999867e-02
9.730693800000000000e+07 1.000000000000000000e+00 6.500000000000000000e+01 6.958034260633671693e+02 7.496182250206211393e+03 1.141976000000000022e+04 0.000000000000000000e+00 1.631538177714445759e+00 9.199999999999999845e-02
9.730693800000000000e+07 0.000000000000000000e+00 6.500000000000000000e+01 6.996534260633675331e+02 7.499652250206210738e+03 1.142002000000000044e+04 0.000000000000000000e+00 7.807871262264174383e-01 9.199999999999999845e-02
9.730693800000000000e+07 1.000000000000000000e+00 6.600000000000000000e+01 7.007734260633683334e+02 7.507942250206211611e+03 1.141923999999999978e+04 0.000000000000000000e+00 2.109907348277775263e+00 2.400000000000000050e-02
9.730694000000000000e+07 0.000000000000000000e+00 6.600000000000000000e+01 7.027334260633674603e+02 7.505212250206211138e+03 1.141248999999999978e+04 0.000000000000000000e+00 1.158158430559283802e+00 2.400000000000000050e-02
9.730693800000000000e+07 1.000000000000000000e+00 6.500000000000000000e+01 6.880134260633672056e+02 7.489322250206210811e+03 1.141419000000000051e+04 0.000000000000000000e+00 9.438799386249845824e+00 9.199999999999999845e-02
9.730693800000000000e+07 1.000000000000000000e+00 6.500000000000000000e+01 6.880134260633672056e+02 7.489322250206210811e+03 1.141419000000000051e+04 0.000000000000000000e+00 9.438799386249845824e+00 7.365560000000000329e+00
9.730693500000000000e+07 1.000000000000000000e+00 6.600000000000000000e+01 6.847334260633674603e+02 7.500822250206210811e+03 1.144552000000000044e+04 0.000000000000000000e+00 9.714056007634704670e+00 9.199999999999999845e-02
1.006268120000000000e+08 1.000000000000000000e+00 6.600000000000000000e+01 5.787134260633670237e+02 7.222062250206210592e+03 1.177638000000000102e+04 0.000000000000000000e+00 8.722216279726556110e+00 9.199999999999999845e-02
1.006268110000000000e+08 1.000000000000000000e+00 6.600000000000000000e+01 5.741534260633675331e+02 7.219262250206211320e+03 1.178254999999999927e+04 0.000000000000000000e+00 6.105827177281735629e+00 2.400000000000000050e-02
1.006268110000000000e+08 1.000000000000000000e+00 6.600000000000000000e+01 5.752934260633669510e+02 7.218542250206211065e+03 1.177736000000000058e+04 0.000000000000000000e+00 5.298448890606208828e+00 4.169999999999999818e-01
1.006268070000000000e+08 1.000000000000000000e+00 6.500000000000000000e+01 5.676634260633677513e+02 7.217202250206211829e+03 1.177430999999999949e+04 0.000000000000000000e+00 2.881797863549313554e+00 4.169999999999999818e-01
1.006267220000000000e+08 1.000000000000000000e+00 6.500000000000000000e+01 5.629134260633677513e+02 7.215922250206211174e+03 1.176532999999999993e+04 0.000000000000000000e+00 6.886506583481431853e+00 8.349999999999999645e-01
1.006268060000000000e+08 1.000000000000000000e+00 6.500000000000000000e+01 5.634934260633676786e+02 7.217042250206211065e+03 1.176940999999999985e+04 0.000000000000000000e+00 6.236866070772840942e+00 9.199999999999999845e-02
1.006268040000000000e+08 1.000000000000000000e+00 6.600000000000000000e+01 5.583934260633673148e+02 7.205672250206211174e+03 1.176813999999999942e+04 0.000000000000000000e+00 7.536884301611925352e+00 9.199999999999999845e-02
1.006268040000000000e+08 1.000000000000000000e+00 6.600000000000000000e+01 5.589634260633670237e+02 7.209702250206210920e+03 1.176438999999999942e+04 0.000000000000000000e+00 8.872336702958230958e+00 9.199999999999999845e-02
1.006268040000000000e+08 1.000000000000000000e+00 6.600000000000000000e+01 5.586734260633679696e+02 7.212012250206211320e+03 1.176745999999999913e+04 0.000000000000000000e+00 5.188247045640481225e+00 4.169999999999999818e-01
1.006268040000000000e+08 1.000000000000000000e+00 6.600000000000000000e+01 5.601534260633675331e+02 7.212172250206211174e+03 1.177001000000000022e+04 0.000000000000000000e+00 2.920414802753696470e+00 9.199999999999999845e-02
1.006268040000000000e+08 1.000000000000000000e+00 6.600000000000000000e+01 5.591834260633672784e+02 7.213152250206210738e+03 1.177059000000000015e+04 0.000000000000000000e+00 1.853070009844264288e+00 9.199999999999999845e-02
1.006268040000000000e+08 1.000000000000000000e+00 6.600000000000000000e+01 5.587234260633672420e+02 7.213192250206211611e+03 1.177106999999999971e+04 0.000000000000000000e+00 1.435909641859049124e+00 9.199999999999999845e-02
1.006260480000000000e+08 1.000000000000000000e+00 6.600000000000000000e+01 5.653734260633668782e+02 7.225572250206210811e+03 1.180577000000000044e+04 0.000000000000000000e+00 6.667079808457428314e+00 2.400000000000000050e-02
1.006260480000000000e+08 1.000000000000000000e+00 6.600000000000000000e+01 5.654034260633675331e+02 7.225392250206211429e+03 1.180576000000000022e+04 0.000000000000000000e+00 6.683922251336233522e+00 9.199999999999999845e-02
1.006260480000000000e+08 1.000000000000000000e+00 6.600000000000000000e+01 5.683034260633671693e+02 7.231072250206210811e+03 1.181067000000000007e+04 0.000000000000000000e+00 5.696212440911452290e+00 9.199999999999999845e-02
1.006260430000000000e+08 1.000000000000000000e+00 6.500000000000000000e+01 5.706734260633679696e+02 7.239002250206211102e+03 1.180677000000000044e+04 0.000000000000000000e+00 7.201381069713351124e+00 2.400000000000000050e-02
1.006268340000000000e+08 1.000000000000000000e+00 6.500000000000000000e+01 5.898734260633677877e+02 7.235172250206211174e+03 1.180611999999999898e+04 0.000000000000000000e+00 9.856613562230689851e+00 9.199999999999999845e-02
1.006260430000000000e+08 1.000000000000000000e+00 6.500000000000000000e+01 5.684634260633670237e+02 7.242272250206211538e+03 1.181077000000000044e+04 0.000000000000000000e+00 3.757669019454171089e+00 2.400000000000000050e-02
1.006259370000000000e+08 1.000000000000000000e+00 6.600000000000000000e+01 6.104434260633674967e+02 7.211372250206210992e+03 1.186038999999999942e+04 0.000000000000000000e+00 1.979005552146384073e+00 6.099999999999999867e-02
1.006259370000000000e+08 1.000000000000000000e+00 6.600000000000000000e+01 6.101334260633670965e+02 7.216482250206211575e+03 1.185951000000000022e+04 0.000000000000000000e+00 5.717605785957844411e+00 9.199999999999999845e-02
1.006260450000000000e+08 1.000000000000000000e+00 6.600000000000000000e+01 5.793034260633671693e+02 7.228172250206211174e+03 1.183214999999999964e+04 0.000000000000000000e+00 7.685695049513896926e+00 9.199999999999999845e-02
1.006260440000000000e+08 1.000000000000000000e+00 6.600000000000000000e+01 5.826734260633679696e+02 7.232472250206211356e+03 1.183211000000000058e+04 0.000000000000000000e+00 7.524381809054141002e+00 6.099999999999999867e-02
1.006259390000000000e+08 1.000000000000000000e+00 6.500000000000000000e+01 6.121334260633670965e+02 7.216562250206210592e+03 1.185434000000000015e+04 0.000000000000000000e+00 5.201757310246342136e+00 4.169999999999999818e-01
1.006259390000000000e+08 1.000000000000000000e+00 6.500000000000000000e+01 6.124334260633672784e+02 7.216762250206211320e+03 1.185447999999999956e+04 0.000000000000000000e+00 5.445080608696844848e+00 9.199999999999999845e-02
1.063378250000000000e+08 0.000000000000000000e+00 6.600000000000000000e+01 1.234113426063367569e+03 8.093362250206211684e+03 1.241611999999999898e+04 0.000000000000000000e+00 2.181352365155420525e+00 9.199999999999999845e-02
1.063378240000000000e+08 1.000000000000000000e+00 6.600000000000000000e+01 1.225853426063367351e+03 8.101882250206211211e+03 1.241340999999999985e+04 0.000000000000000000e+00 4.609507302364643344e+00 1.339000000000000057e+01
1.063378240000000000e+08 1.000000000000000000e+00 6.600000000000000000e+01 1.225853426063367351e+03 8.101882250206211211e+03 1.241340999999999985e+04 0.000000000000000000e+00 4.609507302364643344e+00 3.426470000000000127e+00
1.063378240000000000e+08 1.000000000000000000e+00 6.600000000000000000e+01 1.225853426063367351e+03 8.101882250206211211e+03 1.241340999999999985e+04 0.000000000000000000e+00 4.609507302364643344e+00 3.144940000000000069e+00
1.063376740000000000e+08 1.000000000000000000e+00 6.500000000000000000e+01 1.269003426063367897e+03 8.140272250206211538e+03 1.244822000000000116e+04 0.000000000000000000e+00 9.586106850966597648e+00 1.078999999999999915e+01
1.063376720000000000e+08 1.000000000000000000e+00 6.500000000000000000e+01 1.280773426063367424e+03 8.144982250206210665e+03 1.244693999999999869e+04 0.000000000000000000e+00 3.260031849745508303e+00 1.078999999999999915e+01
1.063376690000000000e+08 0.000000000000000000e+00 6.600000000000000000e+01 1.289673426063367970e+03 8.150832250206211029e+03 1.243952999999999884e+04 0.000000000000000000e+00 1.394866565637014277e+00 2.400000000000000050e-02
1.063374940000000000e+08 1.000000000000000000e+00 6.600000000000000000e+01 1.289483426063367460e+03 8.167252250206211102e+03 1.243586000000000058e+04 0.000000000000000000e+00 1.170387109414262827e+00 1.078999999999999915e+01
1.063363510000000000e+08 1.000000000000000000e+00 6.600000000000000000e+01 1.276193426063367497e+03 8.161482250206211575e+03 1.243811000000000058e+04 0.000000000000000000e+00 5.578255044936597074e+00 4.169999999999999818e-01
1.063363510000000000e+08 1.000000000000000000e+00 6.600000000000000000e+01 1.276193426063367497e+03 8.161482250206211575e+03 1.243811000000000058e+04 0.000000000000000000e+00 5.578255044936597074e+00 7.332029999999999603e+00
1.063376640000000000e+08 1.000000000000000000e+00 6.500000000000000000e+01 1.290893426063367315e+03 8.168252250206211102e+03 1.243495000000000073e+04 0.000000000000000000e+00 1.361526788523952147e+00 4.169999999999999818e-01
1.063376640000000000e+08 1.000000000000000000e+00 6.500000000000000000e+01 1.290893426063367315e+03 8.168252250206211102e+03 1.243495000000000073e+04 0.000000000000000000e+00 1.361526788523952147e+00 7.096700000000000230e+00
1.063376720000000000e+08 1.000000000000000000e+00 6.500000000000000000e+01 1.280773426063367424e+03 8.144982250206210665e+03 1.244693999999999869e+04 0.000000000000000000e+00 3.260031849745508303e+00 3.465440000000000076e+00
1.063363670000000000e+08 1.000000000000000000e+00 6.500000000000000000e+01 1.241463426063367024e+03 8.146272250206211538e+03 1.243363000000000102e+04 0.000000000000000000e+00 8.388960996255471869e+00 2.039999999999999869e-01
1.063377520000000000e+08 1.000000000000000000e+00 6.600000000000000000e+01 1.252163426063367751e+03 8.144372250206210992e+03 1.241188999999999942e+04 0.000000000000000000e+00 3.285441350637446911e-01 6.099999999999999867e-02
1.063377520000000000e+08 1.000000000000000000e+00 6.600000000000000000e+01 1.251163426063367751e+03 8.142662250206210956e+03 1.241252000000000044e+04 0.000000000000000000e+00 5.709879458257706153e-01 9.199999999999999845e-02
1.063377510000000000e+08 0.000000000000000000e+00 6.600000000000000000e+01 1.249533426063367642e+03 8.140172250206211174e+03 1.241300000000000000e+04 0.000000000000000000e+00 5.952919407243627559e-01 1.000000000000000021e-02
1.063377510000000000e+08 0.000000000000000000e+00 6.600000000000000000e+01 1.250003426063367897e+03 8.140922250206211174e+03 1.241271999999999935e+04 0.000000000000000000e+00 7.105521117927731112e-01 9.199999999999999845e-02
1.063377510000000000e+08 0.000000000000000000e+00 6.600000000000000000e+01 1.249533426063367642e+03 8.140892250206211429e+03 1.241334000000000015e+04 0.000000000000000000e+00 8.254264301777171076e-01 6.099999999999999867e-02
1.063377520000000000e+08 1.000000000000000000e+00 6.600000000000000000e+01 1.247883426063367097e+03 8.145042250206211065e+03 1.241293000000000029e+04 0.000000000000000000e+00 1.616493610804508263e+00 9.199999999999999845e-02
1.063364260000000000e+08 1.000000000000000000e+00 6.600000000000000000e+01 1.263233426063367460e+03 8.119832250206211029e+03 1.240943000000000029e+04 0.000000000000000000e+00 6.159155727423764048e+00 2.039999999999999869e-01
1.063364210000000000e+08 1.000000000000000000e+00 6.500000000000000000e+01 1.263173426063367970e+03 8.115082250206211029e+03 1.241702000000000044e+04 0.000000000000000000e+00 2.112569606835701386e+00 9.199999999999999845e-02
1.063364270000000000e+08 1.000000000000000000e+00 6.600000000000000000e+01 1.272273426063367424e+03 8.119352250206211465e+03 1.241237000000000080e+04 0.000000000000000000e+00 3.192367177647236876e+00 1.078999999999999915e+01
1.063364270000000000e+08 1.000000000000000000e+00 6.600000000000000000e+01 1.272273426063367424e+03 8.119352250206211465e+03 1.241237000000000080e+04 0.000000000000000000e+00 3.192367177647236876e+00 3.027699999999999836e+00
1.063364270000000000e+08 1.000000000000000000e+00 6.600000000000000000e+01 1.272273426063367424e+03 8.119352250206211465e+03 1.241237000000000080e+04 0.000000000000000000e+00 3.192367177647236876e+00 5.696189999999999864e-01
1.063362550000000000e+08 1.000000000000000000e+00 6.500000000000000000e+01 1.288163426063367751e+03 8.160012250206211320e+03 1.248298999999999978e+04 0.000000000000000000e+00 3.318248588486991224e+00 4.670729999999999826e+00
1.086820520000000000e+08 1.000000000000000000e+00 6.600000000000000000e+01 1.435513426063367206e+03 8.311232250206212484e+03 1.271955999999999949e+04 0.000000000000000000e+00 6.539990256289253345e+00 9.199999999999999845e-02
1.086820520000000000e+08 1.000000000000000000e+00 6.600000000000000000e+01 1.433783426063367642e+03 8.310062250206210592e+03 1.272085000000000036e+04 0.000000000000000000e+00 6.646440618148280244e+00 9.199999999999999845e-02
1.086833650000000000e+08 1.000000000000000000e+00 6.600000000000000000e+01 1.419683426063367278e+03 8.315082250206211029e+03 1.274222999999999956e+04 0.000000000000000000e+00 1.164222892077436011e+00 9.199999999999999845e-02
1.086833650000000000e+08 0.000000000000000000e+00 6.500000000000000000e+01 1.416483426063367460e+03 8.321742250206210883e+03 1.274326000000000022e+04 0.000000000000000000e+00 9.668403532100547926e-01 1.078999999999999915e+01
1.086833650000000000e+08 0.000000000000000000e+00 6.500000000000000000e+01 1.416483426063367460e+03 8.321742250206210883e+03 1.274326000000000022e+04 0.000000000000000000e+00 9.668403532100547926e-01 2.388380000000000170e+00
1.086833650000000000e+08 0.000000000000000000e+00 6.500000000000000000e+01 1.416483426063367460e+03 8.321742250206210883e+03 1.274326000000000022e+04 0.000000000000000000e+00 9.668403532100547926e-01 1.998080000000000078e+00
1.109175380000000000e+08 1.000000000000000000e+00 6.500000000000000000e+01 1.643953426063367715e+03 8.571535250206212368e+03 1.308977000000000044e+04 0.000000000000000000e+00 3.664327843420991382e+00 1.124000000000000021e+01
1.109175380000000000e+08 1.000000000000000000e+00 6.500000000000000000e+01 1.643953426063367715e+03 8.571535250206212368e+03 1.308977000000000044e+04 0.000000000000000000e+00 3.664327843420991382e+00 2.251279999999999948e+00
1.152626430000000000e+08 1.000000000000000000e+00 6.600000000000000000e+01 2.050883426063367097e+03 8.939316250206211407e+03 1.336232999999999993e+04 0.000000000000000000e+00 5.890989340986729772e+00 3.435229999999999784e+00
1.152614660000000000e+08 0.000000000000000000e+00 6.600000000000000000e+01 2.076483426063367460e+03 8.955294250206210563e+03 1.336675999999999840e+04 0.000000000000000000e+00 1.445821994186628379e+00 9.199999999999999845e-02
1.152614670000000000e+08 1.000000000000000000e+00 6.600000000000000000e+01 2.074223426063367242e+03 8.958537250206210956e+03 1.336342000000000007e+04 0.000000000000000000e+00 3.868306034007982230e+00 2.400000000000000050e-02
1.152602670000000000e+08 0.000000000000000000e+00 6.600000000000000000e+01 2.063973426063367242e+03 8.977130250206211713e+03 1.335914999999999964e+04 0.000000000000000000e+00 1.595957387156986540e+00 6.099999999999999867e-02
1.152602690000000000e+08 1.000000000000000000e+00 6.600000000000000000e+01 2.068153426063367533e+03 8.975329250206210418e+03 1.336420999999999913e+04 0.000000000000000000e+00 3.153304710558273882e+00 2.400000000000000050e-02
1.152602640000000000e+08 1.000000000000000000e+00 6.500000000000000000e+01 2.061463426063367024e+03 8.976317250206211611e+03 1.336588999999999942e+04 0.000000000000000000e+00 3.640798314806904301e+00 2.400000000000000050e-02
1.152602650000000000e+08 0.000000000000000000e+00 6.500000000000000000e+01 2.056243426063367679e+03 8.973422250206211174e+03 1.336322999999999956e+04 0.000000000000000000e+00 1.516027740297510862e+00 6.099999999999999867e-02
1.152602660000000000e+08 0.000000000000000000e+00 6.500000000000000000e+01 2.058473426063367242e+03 8.973765250206211931e+03 1.336093000000000029e+04 0.000000000000000000e+00 1.752765769161489962e+00 2.400000000000000050e-02
1.109791660000000000e+08 1.000000000000000000e+00 6.600000000000000000e+01 2.094263426063367206e+03 8.955465250206210840e+03 1.324809000000000015e+04 0.000000000000000000e+00 8.224246972962530933e+00 9.199999999999999845e-02
1.109790810000000000e+08 1.000000000000000000e+00 6.600000000000000000e+01 2.093743426063367679e+03 8.953144250206210927e+03 1.323182999999999993e+04 0.000000000000000000e+00 4.264617258176852665e+00 2.039999999999999869e-01
1.109790810000000000e+08 1.000000000000000000e+00 6.600000000000000000e+01 2.093743426063367679e+03 8.953144250206210927e+03 1.323182999999999993e+04 0.000000000000000000e+00 4.264617258176852665e+00 7.363730000000000331e+00
1.152617350000000000e+08 1.000000000000000000e+00 6.600000000000000000e+01 2.130833426063367824e+03 9.013658250206211960e+03 1.341423999999999978e+04 0.000000000000000000e+00 6.126726526931674854e+00 6.099999999999999867e-02
1.152617360000000000e+08 1.000000000000000000e+00 6.600000000000000000e+01 2.135053426063367169e+03 9.010456250206210825e+03 1.341217000000000007e+04 0.000000000000000000e+00 9.854085059515098166e+00 1.339000000000000057e+01
1.152617410000000000e+08 1.000000000000000000e+00 6.500000000000000000e+01 2.145943426063367497e+03 9.003050250206211786e+03 1.340947999999999956e+04 0.000000000000000000e+00 8.210594980684124522e+00 1.078999999999999915e+01
1.152617410000000000e+08 1.000000000000000000e+00 6.500000000000000000e+01 2.145533426063367642e+03 9.003157250206211756e+03 1.341084000000000015e+04 0.000000000000000000e+00 7.696114494275560602e+00 1.078999999999999915e+01
1.152617430000000000e+08 1.000000000000000000e+00 6.600000000000000000e+01 2.131403426063367533e+03 9.002642250206212339e+03 1.343347000000000116e+04 0.000000000000000000e+00 4.279231115057561929e+00 1.078999999999999915e+01
1.152617430000000000e+08 1.000000000000000000e+00 6.600000000000000000e+01 2.131113426063367569e+03 9.002516250206212135e+03 1.343476000000000022e+04 0.000000000000000000e+00 3.417735561357374330e+00 9.199999999999999845e-02
1.152617010000000000e+08 1.000000000000000000e+00 6.500000000000000000e+01 2.111043426063366951e+03 8.971018250206212542e+03 1.340536999999999898e+04 0.000000000000000000e+00 7.876923306593777596e+00 4.169999999999999818e-01
1.152617000000000000e+08 1.000000000000000000e+00 6.500000000000000000e+01 2.110603426063367351e+03 8.973073250206211014e+03 1.340668000000000029e+04 0.000000000000000000e+00 7.752109170919829317e+00 6.099999999999999867e-02
1.152617010000000000e+08 1.000000000000000000e+00 6.500000000000000000e+01 2.108433426063367278e+03 8.974575250206211422e+03 1.339750000000000000e+04 0.000000000000000000e+00 6.849414493727177700e+00 6.099999999999999867e-02
1.152617070000000000e+08 1.000000000000000000e+00 6.600000000000000000e+01 2.089643426063367315e+03 8.981832250206211029e+03 1.340440999999999985e+04 0.000000000000000000e+00 2.093240735598767888e+00 9.199999999999999845e-02
1.152617020000000000e+08 1.000000000000000000e+00 6.500000000000000000e+01 2.095963426063367024e+03 8.976283250206211960e+03 1.339377000000000044e+04 0.000000000000000000e+00 7.892211999233344599e+00 4.169999999999999818e-01
1.152617070000000000e+08 1.000000000000000000e+00 6.600000000000000000e+01 2.093503426063367897e+03 8.983378250206211305e+03 1.339636999999999898e+04 0.000000000000000000e+00 5.227645771768516525e+00 9.199999999999999845e-02
1.152617020000000000e+08 1.000000000000000000e+00 6.500000000000000000e+01 2.094683426063367278e+03 8.965430250206210985e+03 1.340093999999999869e+04 0.000000000000000000e+00 3.593618618081126925e+00 2.400000000000000050e-02
1.152613970000000000e+08 1.000000000000000000e+00 6.600000000000000000e+01 2.068953426063367715e+03 8.949049250206211582e+03 1.341281999999999971e+04 0.000000000000000000e+00 2.592000042734273535e+00 4.169999999999999818e-01
1.152613250000000000e+08 1.000000000000000000e+00 6.500000000000000000e+01 2.062113426063367569e+03 8.951431250206211189e+03 1.341052000000000044e+04 0.000000000000000000e+00 1.582147883225372587e+00 4.169999999999999818e-01
1.152613260000000000e+08 1.000000000000000000e+00 6.500000000000000000e+01 2.062163426063367751e+03 8.950250250206212513e+03 1.340972999999999956e+04 0.000000000000000000e+00 1.587573718817253399e+00 6.099999999999999867e-02
1.152613250000000000e+08 1.000000000000000000e+00 6.500000000000000000e+01 2.065903426063367533e+03 8.949426250206211989e+03 1.340860000000000036e+04 0.000000000000000000e+00 2.002872075967224053e+00 9.199999999999999845e-02
1.152613980000000000e+08 1.000000000000000000e+00 6.600000000000000000e+01 2.067313426063367388e+03 8.946425250206211786e+03 1.341065999999999985e+04 0.000000000000000000e+00 3.984966229664799187e+00 2.400000000000000050e-02
1.152613970000000000e+08 1.000000000000000000e+00 6.500000000000000000e+01 2.079593426063368042e+03 8.935969250206211655e+03 1.341612999999999920e+04 0.000000000000000000e+00 1.903070230302504218e+00 4.169999999999999818e-01
1.152601780000000000e+08 1.000000000000000000e+00 6.500000000000000000e+01 2.074803426063367169e+03 8.923979250206211873e+03 1.342656000000000131e+04 0.000000000000000000e+00 3.962559052117936798e+00 9.199999999999999845e-02
1.152601770000000000e+08 1.000000000000000000e+00 6.500000000000000000e+01 2.078083426063367824e+03 8.920296250206210971e+03 1.343239999999999964e+04 0.000000000000000000e+00 1.372389769100803791e+00 4.169999999999999818e-01
1.152601770000000000e+08 1.000000000000000000e+00 6.500000000000000000e+01 2.077493426063367679e+03 8.917827250206210010e+03 1.343437999999999920e+04 0.000000000000000000e+00 1.958464781367306173e+00 9.199999999999999845e-02
1.152628940000000000e+08 1.000000000000000000e+00 6.500000000000000000e+01 2.085333426063367824e+03 8.923052250206212193e+03 1.344368999999999869e+04 0.000000000000000000e+00 2.528703353059922332e+00 9.199999999999999845e-02
1.152601790000000000e+08 1.000000000000000000e+00 6.500000000000000000e+01 2.075523426063367424e+03 8.928243250206211087e+03 1.343148999999999978e+04 0.000000000000000000e+00 1.877985758876625111e+00 9.199999999999999845e-02
1.152601790000000000e+08 1.000000000000000000e+00 6.500000000000000000e+01 2.075523426063367424e+03 8.928243250206211087e+03 1.343148999999999978e+04 0.000000000000000000e+00 1.877985758876625111e+00 7.338709999999999845e+00
1.152617580000000000e+08 1.000000000000000000e+00 6.600000000000000000e+01 2.153043426063366951e+03 8.955925250206211786e+03 1.342643000000000029e+04 0.000000000000000000e+00 2.417564374992818177e+00 2.400000000000000050e-02
1.152617580000000000e+08 1.000000000000000000e+00 6.600000000000000000e+01 2.152953426063366805e+03 8.956119250206211291e+03 1.342695999999999913e+04 0.000000000000000000e+00 2.574116915727791444e+00 2.400000000000000050e-02
1.152617580000000000e+08 1.000000000000000000e+00 6.600000000000000000e+01 2.149693426063367497e+03 8.956820250206212222e+03 1.342493000000000029e+04 0.000000000000000000e+00 1.779567574381822448e+00 4.169999999999999818e-01
1.152617580000000000e+08 1.000000000000000000e+00 6.600000000000000000e+01 2.148523426063367424e+03 8.959332250206211029e+03 1.342212999999999920e+04 0.000000000000000000e+00 3.267765429135138344e+00 9.199999999999999845e-02
1.152617580000000000e+08 1.000000000000000000e+00 6.600000000000000000e+01 2.148263426063367206e+03 8.960207250206211029e+03 1.342067000000000007e+04 0.000000000000000000e+00 4.316289981890394145e+00 9.199999999999999845e-02
1.152617570000000000e+08 1.000000000000000000e+00 6.600000000000000000e+01 2.147893426063367315e+03 8.960721250206210243e+03 1.341949000000000160e+04 0.000000000000000000e+00 5.377058167334313410e+00 9.199999999999999845e-02
1.152601080000000000e+08 0.000000000000000000e+00 6.600000000000000000e+01 2.120803426063367169e+03 8.963390250206211931e+03 1.343788000000000102e+04 0.000000000000000000e+00 1.137684243073065815e+00 4.169999999999999818e-01
1.152601070000000000e+08 1.000000000000000000e+00 6.600000000000000000e+01 2.110463426063367024e+03 8.961958250206211233e+03 1.343982999999999993e+04 0.000000000000000000e+00 3.098190444185675130e+00 6.099999999999999867e-02
1.152601060000000000e+08 1.000000000000000000e+00 6.600000000000000000e+01 2.107793426063366951e+03 8.959491250206210680e+03 1.344263000000000102e+04 0.000000000000000000e+00 5.314049761667041238e+00 9.199999999999999845e-02
1.152601070000000000e+08 1.000000000000000000e+00 6.600000000000000000e+01 2.114473426063367242e+03 8.959351250206211262e+03 1.344797000000000116e+04 0.000000000000000000e+00 4.760766454120345159e+00 6.099999999999999867e-02
1.152601070000000000e+08 1.000000000000000000e+00 6.600000000000000000e+01 2.110433426063367278e+03 8.961243250206211087e+03 1.344423999999999978e+04 0.000000000000000000e+00 5.336642078101076159e+00 2.400000000000000050e-02
1.152601070000000000e+08 1.000000000000000000e+00 6.600000000000000000e+01 2.107653426063367533e+03 8.961578250206210214e+03 1.344133000000000175e+04 0.000000000000000000e+00 5.762846987002068211e+00 9.199999999999999845e-02
1.152601130000000000e+08 1.000000000000000000e+00 6.600000000000000000e+01 2.113573426063367606e+03 8.983816250206211407e+03 1.342143000000000029e+04 0.000000000000000000e+00 8.106793873402532213e+00 2.400000000000000050e-02
1.152601950000000000e+08 1.000000000000000000e+00 6.500000000000000000e+01 2.108763426063367206e+03 8.985357250206212484e+03 1.341971999999999935e+04 0.000000000000000000e+00 6.801663297294315846e+00 4.169999999999999818e-01
1.152601950000000000e+08 1.000000000000000000e+00 6.500000000000000000e+01 2.105933426063367278e+03 8.982463250206212251e+03 1.342201000000000022e+04 0.000000000000000000e+00 2.971648885306470866e+00 9.199999999999999845e-02
1.152601950000000000e+08 1.000000000000000000e+00 6.500000000000000000e+01 2.106973426063367242e+03 8.979841250206211043e+03 1.341969000000000051e+04 0.000000000000000000e+00 5.790378096579376077e+00 9.199999999999999845e-02
1.152601910000000000e+08 1.000000000000000000e+00 6.600000000000000000e+01 2.110783426063367642e+03 8.972621250206211698e+03 1.341950999999999840e+04 0.000000000000000000e+00 8.449289797978082106e+00 1.000000000000000021e-02
1.152601090000000000e+08 1.000000000000000000e+00 6.500000000000000000e+01 2.108933426063367278e+03 8.970718250206211451e+03 1.342350000000000000e+04 0.000000000000000000e+00 6.649647451575109613e+00 4.169999999999999818e-01
1.152601090000000000e+08 1.000000000000000000e+00 6.500000000000000000e+01 2.108933426063367278e+03 8.970718250206211451e+03 1.342350000000000000e+04 0.000000000000000000e+00 6.649647451575109613e+00 7.200160000000000338e+00
1.152617410000000000e+08 1.000000000000000000e+00 6.500000000000000000e+01 2.145533426063367642e+03 9.003157250206211756e+03 1.341084000000000015e+04 0.000000000000000000e+00 7.696114494275560602e+00 1.826030000000000042e+00
1.152617410000000000e+08 1.000000000000000000e+00 6.500000000000000000e+01 2.145943426063367497e+03 9.003050250206211786e+03 1.340947999999999956e+04 0.000000000000000000e+00 8.210594980684124522e+00 4.231919999999999682e+00
1.152617360000000000e+08 1.000000000000000000e+00 6.600000000000000000e+01 2.135053426063367169e+03 9.010456250206210825e+03 1.341217000000000007e+04 0.000000000000000000e+00 9.854085059515098166e+00 2.421809999999999796e+00
1.152896080000000000e+08 1.000000000000000000e+00 6.500000000000000000e+01 3.544273926063367526e+03 9.324868050206212502e+03 1.346021999999999935e+04 0.000000000000000000e+00 1.394798327019568518e+00 1.078999999999999915e+01
1.152896080000000000e+08 1.000000000000000000e+00 6.500000000000000000e+01 3.544273926063367526e+03 9.324868050206212502e+03 1.346021999999999935e+04 0.000000000000000000e+00 1.394798327019568518e+00 2.351989999999999803e+00
1.152896080000000000e+08 1.000000000000000000e+00 6.500000000000000000e+01 3.544273926063367526e+03 9.324868050206212502e+03 1.346021999999999935e+04 0.000000000000000000e+00 1.394798327019568518e+00 1.596260000000000012e+00
1.152898050000000000e+08 1.000000000000000000e+00 6.500000000000000000e+01 3.625963826063367833e+03 9.367324750206211320e+03 1.343547999999999956e+04 0.000000000000000000e+00 3.459971192868484646e+00 9.199999999999999845e-02
1.152898050000000000e+08 1.000000000000000000e+00 6.500000000000000000e+01 3.626945326063367702e+03 9.369309150206212507e+03 1.343497999999999956e+04 0.000000000000000000e+00 5.546864064161995955e+00 9.199999999999999845e-02
1.152898100000000000e+08 1.000000000000000000e+00 6.600000000000000000e+01 3.629197226063367907e+03 9.374556550206210886e+03 1.343140999999999985e+04 0.000000000000000000e+00 4.459667936577730529e+00 9.199999999999999845e-02
1.152898070000000000e+08 1.000000000000000000e+00 6.600000000000000000e+01 3.615969226063367842e+03 9.367629650206210499e+03 1.344501000000000022e+04 0.000000000000000000e+00 4.933187884450248362e+00 2.400000000000000050e-02
1.152898070000000000e+08 1.000000000000000000e+00 6.600000000000000000e+01 3.616960026063367422e+03 9.369275450206212554e+03 1.344551000000000022e+04 0.000000000000000000e+00 4.537430057775718062e+00 1.078999999999999915e+01
1.152898070000000000e+08 1.000000000000000000e+00 6.600000000000000000e+01 3.616960026063367422e+03 9.369275450206212554e+03 1.344551000000000022e+04 0.000000000000000000e+00 4.537430057775718062e+00 4.723889999999999922e+00
1.152898070000000000e+08 1.000000000000000000e+00 6.600000000000000000e+01 3.616960026063367422e+03 9.369275450206212554e+03 1.344551000000000022e+04 0.000000000000000000e+00 4.537430057775718062e+00 4.647730000000000139e+00
9.266321800000000000e+07 1.000000000000000000e+00 6.500000000000000000e+01 3.583398626063367828e+03 9.360641450206210720e+03 1.092072999999999956e+04 0.000000000000000000e+00 1.943135147955044939e+00 9.199999999999999845e-02
9.266321800000000000e+07 1.000000000000000000e+00 6.500000000000000000e+01 3.583422666063367160e+03 9.362552350206211486e+03 1.092050000000000000e+04 0.000000000000000000e+00 1.810986812222699749e+00 2.400000000000000050e-02
3.181650900000000000e+07 1.000000000000000000e+00 6.500000000000000000e+01 3.610324926063367911e+03 9.388465050206210435e+03 3.838730000000000018e+03 0.000000000000000000e+00 6.437755666286767209e+00 2.400000000000000050e-02
3.181651000000000000e+07 1.000000000000000000e+00 6.500000000000000000e+01 3.599418026063367051e+03 9.383154950206211652e+03 3.840559999999999945e+03 0.000000000000000000e+00 9.281070195847634707e+00 9.199999999999999845e-02
