9.240554900000000000e+07 1.000000000000000000e+00 6.600000000000000000e+01 8.804065461281501484e+03 8.515340909118734999e+03 1.082803000000000065e+04 0.000000000000000000e+00 6.175098646191984564e+00 1.078999999999999915e+01
1.037185890000000000e+08 1.000000000000000000e+00 6.600000000000000000e+01 8.772299761281501560e+03 8.538771909118733674e+03 1.216313000000000102e+04 0.000000000000000000e+00 9.845217187244120538e+00 9.199999999999999845e-02
1.037184050000000000e+08 1.000000000000000000e+00 6.500000000000000000e+01 8.740596761281503859e+03 8.548454809118735284e+03 1.215472999999999956e+04 0.000000000000000000e+00 9.982586185004047152e+00 6.099999999999999867e-02
1.037184050000000000e+08 1.000000000000000000e+00 6.500000000000000000e+01 8.740079761281502215e+03 8.547486809118734527e+03 1.215179000000000087e+04 0.000000000000000000e+00 9.330426524122685805e+00 2.400000000000000050e-02
1.037193820000000000e+08 1.000000000000000000e+00 6.600000000000000000e+01 8.738421761281502768e+03 8.544397609118734181e+03 1.214277999999999884e+04 0.000000000000000000e+00 8.032237532293702742e+00 1.078999999999999915e+01
1.037193820000000000e+08 1.000000000000000000e+00 6.600000000000000000e+01 8.738421761281502768e+03 8.544397609118734181e+03 1.214277999999999884e+04 0.000000000000000000e+00 8.032237532293702742e+00 1.064060000000000006e+00
1.037193820000000000e+08 1.000000000000000000e+00 6.600000000000000000e+01 8.738421761281502768e+03 8.544397609118734181e+03 1.214277999999999884e+04 0.000000000000000000e+00 8.032237532293702742e+00 1.046489999999999920e+00
9.240554400000000000e+07 1.000000000000000000e+00 6.500000000000000000e+01 8.811034361281501333e+03 8.518386109118733657e+03 1.083009000000000015e+04 0.000000000000000000e+00 1.340458119010415006e+00 4.169999999999999818e-01
9.240553900000000000e+07 1.000000000000000000e+00 6.600000000000000000e+01 8.813806861281502279e+03 8.515748609118734748e+03 1.084436000000000058e+04 0.000000000000000000e+00 6.227333952682553964e+00 9.199999999999999845e-02
9.240545100000000000e+07 1.000000000000000000e+00 6.500000000000000000e+01 8.807933761281503394e+03 8.515230809118733305e+03 1.086123999999999978e+04 0.000000000000000000e+00 9.901189516284961911e+00 9.199999999999999845e-02
9.240545000000000000e+07 1.000000000000000000e+00 6.500000000000000000e+01 8.810084561281502829e+03 8.514986309118734425e+03 1.086004000000000087e+04 0.000000000000000000e+00 9.908790706334546172e+00 4.169999999999999818e-01
9.240545500000000000e+07 1.000000000000000000e+00 6.600000000000000000e+01 8.808538761281502957e+03 8.516947409118733049e+03 1.085180999999999949e+04 0.000000000000000000e+00 9.272004393131972222e+00 2.400000000000000050e-02
9.240545400000000000e+07 1.000000000000000000e+00 6.600000000000000000e+01 8.816555261281502681e+03 8.521935709118733939e+03 1.085913000000000102e+04 0.000000000000000000e+00 5.246359348531771438e+00 4.600000000000000200e-01
9.240553400000000000e+07 1.000000000000000000e+00 6.500000000000000000e+01 8.829777461281502838e+03 8.519168709118734114e+03 1.086177000000000044e+04 0.000000000000000000e+00 1.427253124777200455e+00 9.199999999999999845e-02
9.240553600000000000e+07 1.000000000000000000e+00 6.500000000000000000e+01 8.836847761281502244e+03 8.519497709118733837e+03 1.085123999999999978e+04 0.000000000000000000e+00 2.882604729716207626e+00 9.199999999999999845e-02
9.240553700000000000e+07 0.000000000000000000e+00 6.600000000000000000e+01 8.824893061281502014e+03 8.514423609118734021e+03 1.085122999999999956e+04 0.000000000000000000e+00 1.422902258280448029e+00 9.199999999999999845e-02
9.240545500000000000e+07 1.000000000000000000e+00 6.600000000000000000e+01 8.816680261281502681e+03 8.522900309118733276e+03 1.085460000000000036e+04 0.000000000000000000e+00 4.500962541365730374e+00 4.169999999999999818e-01
9.240545400000000000e+07 0.000000000000000000e+00 6.600000000000000000e+01 8.809758661281503009e+03 8.530047209118733008e+03 1.085365999999999985e+04 0.000000000000000000e+00 1.624755364588417184e+00 2.039999999999999869e-01
9.240546600000000000e+07 1.000000000000000000e+00 6.600000000000000000e+01 8.794994061281502582e+03 8.512482309118735429e+03 1.083806000000000131e+04 0.000000000000000000e+00 8.357760692970497729e+00 6.099999999999999867e-02
9.240539900000000000e+07 1.000000000000000000e+00 6.500000000000000000e+01 8.788945861281503312e+03 8.501515909118734271e+03 1.082326000000000022e+04 0.000000000000000000e+00 1.537201166364266847e+00 9.199999999999999845e-02
9.240547500000000000e+07 1.000000000000000000e+00 6.600000000000000000e+01 8.786348461281502750e+03 8.498522209118735191e+03 1.082504999999999927e+04 0.000000000000000000e+00 1.155902001227071318e+00 9.199999999999999845e-02
9.240547500000000000e+07 1.000000000000000000e+00 6.600000000000000000e+01 8.786235361281502264e+03 8.499707409118735086e+03 1.082779999999999927e+04 0.000000000000000000e+00 2.675254865547870953e+00 6.099999999999999867e-02
9.240632200000000000e+07 1.000000000000000000e+00 6.500000000000000000e+01 8.786032961281502139e+03 8.498653709118734696e+03 1.083131999999999971e+04 0.000000000000000000e+00 1.703493583483879803e+00 9.199999999999999845e-02
9.240547200000000000e+07 0.000000000000000000e+00 6.600000000000000000e+01 8.785230061281501548e+03 8.510446009118733855e+03 1.081973999999999978e+04 0.000000000000000000e+00 1.786296919737419442e+00 4.600000000000000200e-01
9.240547200000000000e+07 0.000000000000000000e+00 6.600000000000000000e+01 8.785230061281501548e+03 8.510446009118733855e+03 1.081973999999999978e+04 0.000000000000000000e+00 1.786296919737419442e+00 7.306949999999999612e+00
7.543671300000000000e+07 1.000000000000000000e+00 6.600000000000000000e+01 8.848007761281502098e+03 8.482321609118735068e+03 8.825190000000000509e+03 0.000000000000000000e+00 9.757661469166700741e+00 2.039999999999999869e-01
7.543670900000000000e+07 1.000000000000000000e+00 6.500000000000000000e+01 8.845124861281503399e+03 8.495754009118732938e+03 8.828440000000000509e+03 0.000000000000000000e+00 4.207849108128891125e+00 9.199999999999999845e-02
7.543679800000000000e+07 1.000000000000000000e+00 6.600000000000000000e+01 8.848268161281503126e+03 8.496303809118733625e+03 8.826590000000000146e+03 0.000000000000000000e+00 4.247981585010171202e+00 9.199999999999999845e-02
7.543679700000000000e+07 1.000000000000000000e+00 6.500000000000000000e+01 8.849264761281501706e+03 8.500347509118733797e+03 8.803030000000000655e+03 0.000000000000000000e+00 1.312270009148595706e+00 6.099999999999999867e-02
7.543679600000000000e+07 1.000000000000000000e+00 6.500000000000000000e+01 8.846175161281502369e+03 8.501927609118734836e+03 8.802190000000000509e+03 0.000000000000000000e+00 1.539311420161252775e+00 9.199999999999999845e-02
7.543679600000000000e+07 1.000000000000000000e+00 6.500000000000000000e+01 8.846175161281502369e+03 8.501927609118734836e+03 8.802190000000000509e+03 0.000000000000000000e+00 1.539311420161252775e+00 7.367930000000000312e+00
