3.050037000000000000e+06 1.000000000000000000e+00 6.600000000000000000e+01 9.140616660091171070e+03 1.222410663631070383e+04 4.318800000000001091e+02 0.000000000000000000e+00 3.628983168051040042e+00 1.605000000000000071e+01
3.050292000000000000e+06 1.000000000000000000e+00 6.500000000000000000e+01 9.117388460091169691e+03 1.222930363631070395e+04 4.536100000000005821e+02 0.000000000000000000e+00 4.252430655895147460e+00 1.078999999999999915e+01
3.050213000000000000e+06 1.000000000000000000e+00 6.600000000000000000e+01 9.113441760091169272e+03 1.222763163631070347e+04 4.548500000000003638e+02 0.000000000000000000e+00 4.218638699709074125e+00 1.078999999999999915e+01
3.050120000000000000e+06 1.000000000000000000e+00 6.600000000000000000e+01 9.125421060091170148e+03 1.223921963631070321e+04 4.373400000000001455e+02 0.000000000000000000e+00 7.138015739165101792e+00 2.400000000000000050e-02
3.050121000000000000e+06 1.000000000000000000e+00 6.600000000000000000e+01 9.119943160091170284e+03 1.223869163631070478e+04 4.392800000000006548e+02 0.000000000000000000e+00 4.465429732515126204e+00 8.220000000000000639e+00
3.050121000000000000e+06 1.000000000000000000e+00 6.600000000000000000e+01 9.119943160091170284e+03 1.223869163631070478e+04 4.392800000000006548e+02 0.000000000000000000e+00 4.465429732515126204e+00 7.044999999999999929e+00
3.050307000000000000e+06 1.000000000000000000e+00 6.600000000000000000e+01 9.089686240091170475e+03 1.227380263631070375e+04 4.513800000000001091e+02 0.000000000000000000e+00 2.915355624911213361e+00 9.199999999999999845e-02
3.049445000000000000e+06 1.000000000000000000e+00 6.600000000000000000e+01 9.092498560091171385e+03 1.226581663631070478e+04 4.514399999999995998e+02 0.000000000000000000e+00 5.238294105085543606e+00 6.099999999999999867e-02
3.050302000000000000e+06 1.000000000000000000e+00 6.500000000000000000e+01 9.098898060091170919e+03 1.226423663631070303e+04 4.546500000000005457e+02 0.000000000000000000e+00 3.338247925671020244e+00 2.400000000000000050e-02
3.050303000000000000e+06 0.000000000000000000e+00 6.500000000000000000e+01 9.100307760091171076e+03 1.226811563631070385e+04 4.559899999999997817e+02 0.000000000000000000e+00 5.063089725687121678e+00 9.199999999999999845e-02
3.050304000000000000e+06 0.000000000000000000e+00 6.600000000000000000e+01 9.100103660091170241e+03 1.226820463631070379e+04 4.573800000000001091e+02 0.000000000000000000e+00 3.883134984746163365e+00 6.099999999999999867e-02
3.050303000000000000e+06 0.000000000000000000e+00 6.500000000000000000e+01 9.100578160091170503e+03 1.226718163631070456e+04 4.624700000000002547e+02 0.000000000000000000e+00 1.381390363808194355e+00 9.199999999999999845e-02
3.050302000000000000e+06 1.000000000000000000e+00 6.600000000000000000e+01 9.109112260091169446e+03 1.226511263631070324e+04 4.736400000000003274e+02 0.000000000000000000e+00 8.247742473807810892e-01 4.169999999999999818e-01
3.050302000000000000e+06 1.000000000000000000e+00 6.600000000000000000e+01 9.109173660091169950e+03 1.226509463631070321e+04 4.736400000000003274e+02 0.000000000000000000e+00 8.295423745371528490e-01 9.199999999999999845e-02
3.050217000000000000e+06 1.000000000000000000e+00 6.600000000000000000e+01 9.124870860091170471e+03 1.226723063631070545e+04 4.725799999999999272e+02 0.000000000000000000e+00 4.635771706677935811e+00 9.199999999999999845e-02
3.050217000000000000e+06 1.000000000000000000e+00 6.600000000000000000e+01 9.129642360091169394e+03 1.226384263631070462e+04 4.704700000000002547e+02 0.000000000000000000e+00 5.326200284524386319e+00 9.199999999999999845e-02
3.050294000000000000e+06 0.000000000000000000e+00 6.600000000000000000e+01 9.120209060091170613e+03 1.224376663631070551e+04 4.560299999999997453e+02 0.000000000000000000e+00 2.508976956752749565e+00 2.400000000000000050e-02
3.050293000000000000e+06 0.000000000000000000e+00 6.500000000000000000e+01 9.123567460091169778e+03 1.224152463631070350e+04 4.584099999999998545e+02 0.000000000000000000e+00 1.414937696635697240e+00 9.199999999999999845e-02
3.050293000000000000e+06 0.000000000000000000e+00 6.500000000000000000e+01 9.123238860091169045e+03 1.224077963631070452e+04 4.595100000000002183e+02 0.000000000000000000e+00 1.305694369180181225e+00 9.199999999999999845e-02
3.050293000000000000e+06 0.000000000000000000e+00 6.600000000000000000e+01 9.125442260091171192e+03 1.224514763631070309e+04 4.597899999999999636e+02 0.000000000000000000e+00 2.110221800764730649e+00 6.099999999999999867e-02
3.050293000000000000e+06 0.000000000000000000e+00 6.600000000000000000e+01 9.123583260091170814e+03 1.224252463631070350e+04 4.596199999999998909e+02 0.000000000000000000e+00 9.412364812203000142e-01 2.039999999999999869e-01
3.050293000000000000e+06 0.000000000000000000e+00 6.600000000000000000e+01 9.125604660091170445e+03 1.224148163631070383e+04 4.577599999999993088e+02 0.000000000000000000e+00 2.846777614433432024e+00 2.400000000000000050e-02
3.050293000000000000e+06 0.000000000000000000e+00 6.500000000000000000e+01 9.120582860091170005e+03 1.224048763631070324e+04 4.607399999999997817e+02 0.000000000000000000e+00 1.085947923071432397e+00 4.600000000000000200e-01
3.050213000000000000e+06 1.000000000000000000e+00 6.600000000000000000e+01 9.119866160091169149e+03 1.223421363631070381e+04 4.647700000000004366e+02 0.000000000000000000e+00 3.816115487764762282e+00 4.169999999999999818e-01
3.050212000000000000e+06 1.000000000000000000e+00 6.600000000000000000e+01 9.114054260091170363e+03 1.222573863631070344e+04 4.637400000000006912e+02 0.000000000000000000e+00 3.651804925347343023e+00 9.199999999999999845e-02
3.050290000000000000e+06 1.000000000000000000e+00 6.600000000000000000e+01 9.123647260091169301e+03 1.222715963631070372e+04 4.580600000000004002e+02 0.000000000000000000e+00 2.128898063354269343e+00 2.039999999999999869e-01
3.050289000000000000e+06 1.000000000000000000e+00 6.600000000000000000e+01 9.124859060091170250e+03 1.222898363631070424e+04 4.550299999999997453e+02 0.000000000000000000e+00 3.079052846596463944e+00 8.349999999999999645e-01
3.050289000000000000e+06 1.000000000000000000e+00 6.600000000000000000e+01 9.124859060091170250e+03 1.222898363631070424e+04 4.550299999999997453e+02 0.000000000000000000e+00 3.079052846596463944e+00 6.642489999999999561e+00
3.050289000000000000e+06 1.000000000000000000e+00 6.600000000000000000e+01 9.118337960091170316e+03 1.222409063631070421e+04 4.549800000000004729e+02 0.000000000000000000e+00 7.182487905822140917e+00 1.078999999999999915e+01
3.050289000000000000e+06 1.000000000000000000e+00 6.600000000000000000e+01 9.118337960091170316e+03 1.222409063631070421e+04 4.549800000000004729e+02 0.000000000000000000e+00 7.182487905822140917e+00 4.458929999999999616e+00
3.050289000000000000e+06 1.000000000000000000e+00 6.600000000000000000e+01 9.118337960091170316e+03 1.222409063631070421e+04 4.549800000000004729e+02 0.000000000000000000e+00 7.182487905822140917e+00 3.490930000000000089e+00
3.050104000000000000e+06 1.000000000000000000e+00 6.600000000000000000e+01 9.120212460091170215e+03 1.221640663631070493e+04 4.495799999999999272e+02 0.000000000000000000e+00 8.208278508497111048e+00 6.099999999999999867e-02
3.050104000000000000e+06 1.000000000000000000e+00 6.600000000000000000e+01 9.117454960091170506e+03 1.221710263631070484e+04 4.496299999999991996e+02 0.000000000000000000e+00 9.692467393019816413e+00 9.199999999999999845e-02
3.050101000000000000e+06 1.000000000000000000e+00 6.500000000000000000e+01 9.128544360091171256e+03 1.220620163631070318e+04 4.563400000000001455e+02 0.000000000000000000e+00 5.354658046758061118e+00 9.199999999999999845e-02
3.050101000000000000e+06 1.000000000000000000e+00 6.500000000000000000e+01 9.130121360091170573e+03 1.220749163631070405e+04 4.552199999999993452e+02 0.000000000000000000e+00 5.314935447104972788e+00 9.199999999999999845e-02
3.050102000000000000e+06 1.000000000000000000e+00 6.500000000000000000e+01 9.133618960091171175e+03 1.220647463631070423e+04 4.542200000000002547e+02 0.000000000000000000e+00 3.328084567344183231e+00 2.039999999999999869e-01
3.050103000000000000e+06 1.000000000000000000e+00 6.500000000000000000e+01 9.140590360091169714e+03 1.220174663631070507e+04 4.445200000000004366e+02 0.000000000000000000e+00 6.520964226879037540e+00 4.169999999999999818e-01
3.050032000000000000e+06 1.000000000000000000e+00 6.500000000000000000e+01 9.132683960091169865e+03 1.220778663631070413e+04 4.266900000000005093e+02 0.000000000000000000e+00 9.291862680586085332e+00 9.199999999999999845e-02
3.050037000000000000e+06 0.000000000000000000e+00 6.500000000000000000e+01 9.135576260091169388e+03 1.222827563631070370e+04 4.174899999999997817e+02 0.000000000000000000e+00 1.070398176503279286e+00 4.169999999999999818e-01
3.050030000000000000e+06 0.000000000000000000e+00 6.600000000000000000e+01 9.118446860091171402e+03 1.220704263631070353e+04 4.086599999999998545e+02 0.000000000000000000e+00 1.173956220176232579e+00 9.199999999999999845e-02
3.050031000000000000e+06 1.000000000000000000e+00 6.600000000000000000e+01 9.118469960091169924e+03 1.220525263631070447e+04 4.054800000000004729e+02 0.000000000000000000e+00 2.137570083224069606e+00 2.400000000000000050e-02
3.050028000000000000e+06 1.000000000000000000e+00 6.500000000000000000e+01 9.106698660091169586e+03 1.221051363631070490e+04 4.030999999999994543e+02 0.000000000000000000e+00 5.246951862485724760e+00 4.169999999999999818e-01
3.050028000000000000e+06 1.000000000000000000e+00 6.500000000000000000e+01 9.104574060091170395e+03 1.221166663631070332e+04 4.034899999999997817e+02 0.000000000000000000e+00 5.692091099087843276e+00 6.099999999999999867e-02
3.050027000000000000e+06 1.000000000000000000e+00 6.500000000000000000e+01 9.097817060091170788e+03 1.220298063631070545e+04 4.070799999999999272e+02 0.000000000000000000e+00 7.585412154908534710e+00 2.400000000000000050e-02
3.050028000000000000e+06 1.000000000000000000e+00 6.500000000000000000e+01 9.108955860091169598e+03 1.220968063631070436e+04 4.130000000000000000e+02 0.000000000000000000e+00 6.361543484578441321e-01 9.199999999999999845e-02
3.050028000000000000e+06 1.000000000000000000e+00 6.500000000000000000e+01 9.104140660091170503e+03 1.220868163631070456e+04 4.079500000000007276e+02 0.000000000000000000e+00 2.228467764717880772e+00 9.199999999999999845e-02
3.050028000000000000e+06 0.000000000000000000e+00 6.500000000000000000e+01 9.112341660091169615e+03 1.220646463631070401e+04 4.092299999999995634e+02 0.000000000000000000e+00 1.376382244849388758e+00 9.199999999999999845e-02
3.050028000000000000e+06 0.000000000000000000e+00 6.500000000000000000e+01 9.113479960091170142e+03 1.220606463631070437e+04 4.091499999999996362e+02 0.000000000000000000e+00 1.596146810052278653e+00 2.039999999999999869e-01
3.050029000000000000e+06 1.000000000000000000e+00 6.500000000000000000e+01 9.108220060091171035e+03 1.221389263631070389e+04 4.245799999999999272e+02 0.000000000000000000e+00 8.386000532360842641e+00 9.199999999999999845e-02
3.050029000000000000e+06 1.000000000000000000e+00 6.500000000000000000e+01 9.114544160091169033e+03 1.221273463631070445e+04 4.283800000000001091e+02 0.000000000000000000e+00 7.161536958954092036e+00 9.199999999999999845e-02
3.050021000000000000e+06 1.000000000000000000e+00 6.500000000000000000e+01 9.114865560091169755e+03 1.219640963631070372e+04 4.247200000000002547e+02 0.000000000000000000e+00 4.008235755589144134e+00 2.400000000000000050e-02
3.050200000000000000e+06 1.000000000000000000e+00 6.500000000000000000e+01 9.075873310091170424e+03 1.220991563631070312e+04 4.543000000000001819e+02 0.000000000000000000e+00 7.744491406571031078e+00 6.099999999999999867e-02
3.050200000000000000e+06 1.000000000000000000e+00 6.500000000000000000e+01 9.074876590091171238e+03 1.220712863631070286e+04 4.555000000000000000e+02 0.000000000000000000e+00 8.076118645540272922e+00 9.199999999999999845e-02
3.050200000000000000e+06 1.000000000000000000e+00 6.500000000000000000e+01 9.080225790091169983e+03 1.221017863631070395e+04 4.576800000000002910e+02 0.000000000000000000e+00 2.457810607740441355e+00 9.199999999999999845e-02
3.050200000000000000e+06 1.000000000000000000e+00 6.500000000000000000e+01 9.083812760091170276e+03 1.221117563631070516e+04 4.573000000000001819e+02 0.000000000000000000e+00 3.758708541323688035e+00 2.039999999999999869e-01
3.050204000000000000e+06 1.000000000000000000e+00 6.600000000000000000e+01 9.094745160091169964e+03 1.221270863631070461e+04 4.575100000000002183e+02 0.000000000000000000e+00 1.791666719292963172e+00 9.199999999999999845e-02
3.050204000000000000e+06 1.000000000000000000e+00 6.600000000000000000e+01 9.095283960091170229e+03 1.221334263631070462e+04 4.576400000000003274e+02 0.000000000000000000e+00 1.719606730982647935e+00 9.199999999999999845e-02
3.050204000000000000e+06 1.000000000000000000e+00 6.600000000000000000e+01 9.099495160091169964e+03 1.221173763631070324e+04 4.530699999999997090e+02 0.000000000000000000e+00 7.755835298906061936e+00 9.199999999999999845e-02
3.050204000000000000e+06 1.000000000000000000e+00 6.600000000000000000e+01 9.094303660091169149e+03 1.221210263631070484e+04 4.496399999999994179e+02 0.000000000000000000e+00 7.168277141609591396e+00 2.400000000000000050e-02
3.050204000000000000e+06 1.000000000000000000e+00 6.600000000000000000e+01 9.093858160091171158e+03 1.221234463631070321e+04 4.496499999999996362e+02 0.000000000000000000e+00 6.877133062700397481e+00 2.039999999999999869e-01
3.050121000000000000e+06 1.000000000000000000e+00 6.500000000000000000e+01 9.106760660091171303e+03 1.221705563631070436e+04 4.399199999999991633e+02 0.000000000000000000e+00 8.404895579658617777e+00 9.199999999999999845e-02
3.050121000000000000e+06 1.000000000000000000e+00 6.500000000000000000e+01 9.109918660091170750e+03 1.222192663631070536e+04 4.380599999999994907e+02 0.000000000000000000e+00 2.851361706217081071e+00 4.169999999999999818e-01
3.050119000000000000e+06 1.000000000000000000e+00 6.500000000000000000e+01 9.102788660091169731e+03 1.221885163631070463e+04 4.246100000000005821e+02 0.000000000000000000e+00 7.675013428932354387e+00 9.199999999999999845e-02
3.050119000000000000e+06 1.000000000000000000e+00 6.500000000000000000e+01 9.104233160091171158e+03 1.221965963631070372e+04 4.281199999999998909e+02 0.000000000000000000e+00 6.276944548566462778e+00 9.199999999999999845e-02
3.050026000000000000e+06 1.000000000000000000e+00 6.600000000000000000e+01 9.107988460091170055e+03 1.220987763631070447e+04 4.280000000000009095e+02 0.000000000000000000e+00 9.029781917830273841e+00 6.099999999999999867e-02
3.050117000000000000e+06 1.000000000000000000e+00 6.600000000000000000e+01 9.110337960091170316e+03 1.221539563631070450e+04 4.276500000000005457e+02 0.000000000000000000e+00 7.613818107604109819e+00 6.099999999999999867e-02
3.050028000000000000e+06 1.000000000000000000e+00 6.600000000000000000e+01 9.124812960091170680e+03 1.220266163631070413e+04 4.186499999999996362e+02 0.000000000000000000e+00 1.451330782672912267e+00 2.039999999999999869e-01
3.050028000000000000e+06 1.000000000000000000e+00 6.600000000000000000e+01 9.122380060091170890e+03 1.220780963631070335e+04 4.200299999999997453e+02 0.000000000000000000e+00 1.857783245926856397e+00 9.199999999999999845e-02
3.050112000000000000e+06 0.000000000000000000e+00 6.500000000000000000e+01 9.122818360091170689e+03 1.221993463631070335e+04 4.096899999999995998e+02 0.000000000000000000e+00 1.125984158688717374e+00 9.199999999999999845e-02
3.050112000000000000e+06 0.000000000000000000e+00 6.500000000000000000e+01 9.121189860091169976e+03 1.222044463631070539e+04 4.073400000000001455e+02 0.000000000000000000e+00 1.120492577710520798e+00 9.199999999999999845e-02
3.050111000000000000e+06 1.000000000000000000e+00 6.600000000000000000e+01 9.120345860091169016e+03 1.222401563631070530e+04 3.990000000000000000e+02 0.000000000000000000e+00 3.001852144257294963e+00 2.400000000000000050e-02
3.050111000000000000e+06 1.000000000000000000e+00 6.600000000000000000e+01 9.120411060091169929e+03 1.222780063631070516e+04 3.970899999999992360e+02 0.000000000000000000e+00 3.810514474847499056e+00 6.099999999999999867e-02
3.049547000000000000e+06 1.000000000000000000e+00 6.600000000000000000e+01 9.131755560091169173e+03 1.223558563631070501e+04 3.969200000000000728e+02 0.000000000000000000e+00 6.860168480652343526e+00 2.400000000000000050e-02
3.049546000000000000e+06 1.000000000000000000e+00 6.600000000000000000e+01 9.129649460091170113e+03 1.224536763631070426e+04 4.000900000000001455e+02 0.000000000000000000e+00 7.306351407042280810e-01 9.199999999999999845e-02
3.049546000000000000e+06 1.000000000000000000e+00 6.600000000000000000e+01 9.132518060091169900e+03 1.224438263631070367e+04 4.001300000000001091e+02 0.000000000000000000e+00 3.550016362188398666e+00 9.199999999999999845e-02
3.049549000000000000e+06 1.000000000000000000e+00 6.500000000000000000e+01 9.133938960091170884e+03 1.224396163631070522e+04 4.001599999999998545e+02 0.000000000000000000e+00 4.489817706895673943e+00 9.199999999999999845e-02
3.049546000000000000e+06 1.000000000000000000e+00 6.600000000000000000e+01 9.132078760091171716e+03 1.224363363631070388e+04 4.007500000000000000e+02 0.000000000000000000e+00 3.631833844255397459e+00 9.199999999999999845e-02
3.049547000000000000e+06 1.000000000000000000e+00 6.600000000000000000e+01 9.132157760091169621e+03 1.224266863631070373e+04 3.904700000000002547e+02 0.000000000000000000e+00 2.144455572502813823e+00 2.400000000000000050e-02
3.049547000000000000e+06 1.000000000000000000e+00 6.600000000000000000e+01 9.127987860091170660e+03 1.224066063631070392e+04 3.918199999999997090e+02 0.000000000000000000e+00 2.377652749356516271e+00 9.199999999999999845e-02
3.049549000000000000e+06 1.000000000000000000e+00 6.500000000000000000e+01 9.135346160091170532e+03 1.224580363631070395e+04 4.005399999999999636e+02 0.000000000000000000e+00 3.777575858984106638e+00 2.400000000000000050e-02
3.049549000000000000e+06 1.000000000000000000e+00 6.500000000000000000e+01 9.135980760091169941e+03 1.224485563631070545e+04 3.991999999999998181e+02 0.000000000000000000e+00 3.149255720484760879e+00 2.039999999999999869e-01
3.049549000000000000e+06 1.000000000000000000e+00 6.500000000000000000e+01 9.135980760091169941e+03 1.224485563631070545e+04 3.991999999999998181e+02 0.000000000000000000e+00 3.149255720484760879e+00 7.256210000000000271e+00
3.050039000000000000e+06 1.000000000000000000e+00 6.500000000000000000e+01 9.146258860091169481e+03 1.224164763631070309e+04 4.357199999999993452e+02 0.000000000000000000e+00 6.675212943882151251e+00 9.199999999999999845e-02
3.050040000000000000e+06 1.000000000000000000e+00 6.500000000000000000e+01 9.148045960091170855e+03 1.224112463631070386e+04 4.357399999999997817e+02 0.000000000000000000e+00 5.685850135055331656e+00 9.199999999999999845e-02
3.050040000000000000e+06 1.000000000000000000e+00 6.500000000000000000e+01 9.149614260091169854e+03 1.224118763631070397e+04 4.345300000000006548e+02 0.000000000000000000e+00 3.751609223444563490e+00 9.199999999999999845e-02
3.050040000000000000e+06 1.000000000000000000e+00 6.500000000000000000e+01 9.149354760091169737e+03 1.223629263631070353e+04 4.350100000000002183e+02 0.000000000000000000e+00 3.785793360593888490e+00 4.169999999999999818e-01
3.050040000000000000e+06 1.000000000000000000e+00 6.500000000000000000e+01 9.150326560091169085e+03 1.223599363631070446e+04 4.322899999999999636e+02 0.000000000000000000e+00 2.016502572563946938e+00 1.078999999999999915e+01
3.050040000000000000e+06 1.000000000000000000e+00 6.500000000000000000e+01 9.150326560091169085e+03 1.223599363631070446e+04 4.322899999999999636e+02 0.000000000000000000e+00 2.016502572563946938e+00 2.521319999999999784e+00
3.050040000000000000e+06 1.000000000000000000e+00 6.500000000000000000e+01 9.150326560091169085e+03 1.223599363631070446e+04 4.322899999999999636e+02 0.000000000000000000e+00 2.016502572563946938e+00 1.437959999999999905e+00
3.050037000000000000e+06 1.000000000000000000e+00 6.600000000000000000e+01 9.139023060091170919e+03 1.222402163631070289e+04 4.330500000000001819e+02 0.000000000000000000e+00 5.455593230676515581e+00 2.400000000000000050e-02
3.050287000000000000e+06 1.000000000000000000e+00 6.600000000000000000e+01 9.136602060091170642e+03 1.221923363631070424e+04 4.399800000000004729e+02 0.000000000000000000e+00 8.653610660118216558e+00 1.078999999999999915e+01
3.050287000000000000e+06 1.000000000000000000e+00 6.600000000000000000e+01 9.136602060091170642e+03 1.221923363631070424e+04 4.399800000000004729e+02 0.000000000000000000e+00 8.653610660118216558e+00 3.230210000000000026e+00
3.050287000000000000e+06 1.000000000000000000e+00 6.600000000000000000e+01 9.136602060091170642e+03 1.221923363631070424e+04 4.399800000000004729e+02 0.000000000000000000e+00 8.653610660118216558e+00 1.809360000000000079e+00
3.050018000000000000e+06 1.000000000000000000e+00 6.600000000000000000e+01 9.121864960091170360e+03 1.217418663631070376e+04 4.100100000000002183e+02 1.000000000000000000e+00 6.813841886052036667e-01 7.400000000000000000e+01
3.049453000000000000e+06 1.000000000000000000e+00 6.600000000000000000e+01 9.103025360091171024e+03 1.225477963631070452e+04 4.311700000000009823e+02 1.000000000000000000e+00 7.689207978963030765e-01 7.400000000000000000e+01
3.049439000000000000e+06 0.000000000000000000e+00 6.500000000000000000e+01 9.109169760091170247e+03 1.228625563631070327e+04 4.583400000000001455e+02 1.000000000000000000e+00 8.283644050689857874e-01 7.400000000000000000e+01
