7.967450400000000000e+07 0.000000000000000000e+00 6.600000000000000000e+01 1.112774113074375055e+04 3.894999999999981810e+01 9.519038495485934618e+03 0.000000000000000000e+00 5.198060776065023703e+00 1.078999999999999915e+01
7.967450100000000000e+07 1.000000000000000000e+00 6.500000000000000000e+01 1.113630763074375136e+04 2.890999999999985448e+01 9.506571095485935075e+03 0.000000000000000000e+00 1.420797412615403044e+00 1.339000000000000057e+01
7.967450100000000000e+07 1.000000000000000000e+00 6.500000000000000000e+01 1.113690533074374980e+04 2.821999999999934516e+01 9.505025995485935709e+03 0.000000000000000000e+00 8.017641816841902802e-01 1.078999999999999915e+01
7.967450000000000000e+07 0.000000000000000000e+00 6.500000000000000000e+01 1.113579433074375083e+04 2.851000000000021828e+01 9.498999195485934251e+03 0.000000000000000000e+00 3.322824099238323114e+00 1.078999999999999915e+01
7.967449900000000000e+07 0.000000000000000000e+00 6.600000000000000000e+01 1.113548243074375023e+04 2.806999999999970896e+01 9.497012195485935081e+03 0.000000000000000000e+00 2.700877059751193965e+00 2.400000000000000050e-02
7.967449900000000000e+07 0.000000000000000000e+00 6.600000000000000000e+01 1.113567873074375166e+04 2.676999999999952706e+01 9.496459595485936006e+03 0.000000000000000000e+00 2.243439939209417311e+00 1.339000000000000057e+01
7.967295900000000000e+07 0.000000000000000000e+00 6.500000000000000000e+01 1.115102623074375151e+04 2.817000000000007276e+01 9.488884095485933358e+03 0.000000000000000000e+00 1.452174481481055324e+00 4.169999999999999818e-01
7.967295800000000000e+07 0.000000000000000000e+00 6.500000000000000000e+01 1.114889893074375141e+04 2.889000000000032742e+01 9.488052595485934944e+03 0.000000000000000000e+00 1.991489202805590164e+00 6.099999999999999867e-02
7.967449500000000000e+07 1.000000000000000000e+00 6.600000000000000000e+01 1.114714443074375049e+04 2.924000000000069122e+01 9.487682495485934851e+03 0.000000000000000000e+00 1.314935701973656501e+00 2.039999999999999869e-01
7.967449600000000000e+07 1.000000000000000000e+00 6.600000000000000000e+01 1.114586703074374964e+04 2.913000000000010914e+01 9.488139795485934883e+03 0.000000000000000000e+00 1.080005457536606928e+00 9.199999999999999845e-02
7.967295900000000000e+07 0.000000000000000000e+00 6.500000000000000000e+01 1.115166493074375103e+04 2.678999999999996362e+01 9.483462395485934394e+03 0.000000000000000000e+00 3.583086628462388123e+00 2.400000000000000050e-02
7.967295600000000000e+07 1.000000000000000000e+00 6.600000000000000000e+01 1.114593793074375026e+04 3.582999999999992724e+01 9.488916895485934219e+03 0.000000000000000000e+00 4.812002958181016865e+00 9.199999999999999845e-02
7.967449500000000000e+07 1.000000000000000000e+00 6.600000000000000000e+01 1.114722023074375102e+04 3.250000000000000000e+01 9.487893895485934991e+03 0.000000000000000000e+00 2.598479727620481405e+00 6.099999999999999867e-02
7.967449400000000000e+07 1.000000000000000000e+00 6.600000000000000000e+01 1.113502883074375131e+04 3.357999999999992724e+01 9.477301795485935145e+03 0.000000000000000000e+00 4.251149771667791732e+00 9.199999999999999845e-02
7.967449300000000000e+07 1.000000000000000000e+00 6.600000000000000000e+01 1.114280813074374964e+04 3.314000000000032742e+01 9.475046095485933620e+03 0.000000000000000000e+00 3.037838359145112133e+00 9.199999999999999845e-02
7.967448900000000000e+07 1.000000000000000000e+00 6.500000000000000000e+01 1.115010163074374941e+04 3.418000000000029104e+01 9.460608695485934732e+03 0.000000000000000000e+00 8.644052319918841931e+00 9.199999999999999845e-02
7.967440600000000000e+07 1.000000000000000000e+00 6.500000000000000000e+01 1.115833383074375161e+04 4.981000000000040018e+01 9.449196495485935884e+03 0.000000000000000000e+00 8.247547581812408879e+00 4.169999999999999818e-01
7.967440600000000000e+07 1.000000000000000000e+00 6.500000000000000000e+01 1.115779213074375002e+04 5.430999999999949068e+01 9.449438495485934254e+03 0.000000000000000000e+00 9.951100145795843233e+00 1.124000000000000021e+01
7.967440600000000000e+07 1.000000000000000000e+00 6.500000000000000000e+01 1.115779213074375002e+04 5.430999999999949068e+01 9.449438495485934254e+03 0.000000000000000000e+00 9.951100145795843233e+00 8.600539999999999852e-01
7.967449900000000000e+07 0.000000000000000000e+00 6.600000000000000000e+01 1.113567873074375166e+04 2.676999999999952706e+01 9.496459595485936006e+03 0.000000000000000000e+00 2.243439939209417311e+00 4.732230000000000381e+00
7.967450000000000000e+07 0.000000000000000000e+00 6.500000000000000000e+01 1.113579433074375083e+04 2.851000000000021828e+01 9.498999195485934251e+03 0.000000000000000000e+00 3.322824099238323114e+00 7.194759999999999600e+00
7.967450100000000000e+07 1.000000000000000000e+00 6.500000000000000000e+01 1.113690533074374980e+04 2.821999999999934516e+01 9.505025995485935709e+03 0.000000000000000000e+00 8.017641816841902802e-01 6.644669999999999632e+00
7.967450100000000000e+07 1.000000000000000000e+00 6.500000000000000000e+01 1.114126053074375159e+04 3.729000000000087311e+01 9.513847195485934208e+03 0.000000000000000000e+00 5.814110867002852068e+00 1.078999999999999915e+01
7.967450100000000000e+07 1.000000000000000000e+00 6.500000000000000000e+01 1.114126053074375159e+04 3.729000000000087311e+01 9.513847195485934208e+03 0.000000000000000000e+00 5.814110867002852068e+00 8.567379999999999995e-01
7.967368800000000000e+07 1.000000000000000000e+00 6.500000000000000000e+01 1.111948703074375044e+04 6.819999999999708962e+00 9.546028095485933591e+03 0.000000000000000000e+00 5.767989503353060599e+00 2.400000000000000050e-02
7.967368800000000000e+07 1.000000000000000000e+00 6.500000000000000000e+01 1.112089073074375119e+04 1.243999999999959982e+01 9.544763595485934275e+03 0.000000000000000000e+00 8.967007402520509984e+00 9.199999999999999845e-02
7.967368800000000000e+07 1.000000000000000000e+00 6.500000000000000000e+01 1.112072433074374931e+04 1.100000000000000000e+01 9.544122995485933643e+03 0.000000000000000000e+00 8.018286571879533753e+00 9.199999999999999845e-02
7.967368800000000000e+07 1.000000000000000000e+00 6.500000000000000000e+01 1.112061033074375155e+04 2.599999999999454303e+00 9.545086895485934292e+03 0.000000000000000000e+00 3.156729237543320021e+00 9.199999999999999845e-02
