3.642843000000000000e+06 1.000000000000000000e+00 6.500000000000000000e+01 6.234210368348220982e+03 8.468052478574601992e+03 3.408699999999998909e+02 0.000000000000000000e+00 5.762164647302673970e+00 1.339000000000000057e+01
3.642841000000000000e+06 1.000000000000000000e+00 6.500000000000000000e+01 6.244299368348221833e+03 8.472959078574602245e+03 3.413600000000005821e+02 0.000000000000000000e+00 2.921559894217070852e+00 1.078999999999999915e+01
3.642851000000000000e+06 1.000000000000000000e+00 6.600000000000000000e+01 6.239756368348221258e+03 8.443647078574602347e+03 3.605399999999999636e+02 0.000000000000000000e+00 7.224404101935975042e+00 3.229999999999999716e+01
3.641536000000000000e+06 0.000000000000000000e+00 6.600000000000000000e+01 6.238533368348221302e+03 8.453718178574603371e+03 4.154799999999995634e+02 0.000000000000000000e+00 3.501288715450657563e+00 1.078999999999999915e+01
3.641536000000000000e+06 1.000000000000000000e+00 6.600000000000000000e+01 6.220068368348221156e+03 8.451720278574601252e+03 4.105700000000006185e+02 0.000000000000000000e+00 8.969193913208078683e+00 9.199999999999999845e-02
3.641537000000000000e+06 1.000000000000000000e+00 6.600000000000000000e+01 6.230100368348221309e+03 8.457002978574602821e+03 4.043999999999996362e+02 0.000000000000000000e+00 3.343706409610370134e+00 6.099999999999999867e-02
3.641537000000000000e+06 1.000000000000000000e+00 6.600000000000000000e+01 6.229249368348221651e+03 8.455809778574603115e+03 4.030899999999992360e+02 0.000000000000000000e+00 4.624888445154602401e+00 6.099999999999999867e-02
3.641540000000000000e+06 0.000000000000000000e+00 6.600000000000000000e+01 6.245746368348221040e+03 8.463516078574602943e+03 4.140399999999999636e+02 0.000000000000000000e+00 4.489192777866522377e+00 6.099999999999999867e-02
3.641537000000000000e+06 1.000000000000000000e+00 6.500000000000000000e+01 6.248448368348221265e+03 8.461011578574602026e+03 4.138299999999999272e+02 0.000000000000000000e+00 4.441680398470630564e+00 6.099999999999999867e-02
3.641537000000000000e+06 1.000000000000000000e+00 6.500000000000000000e+01 6.247795368348221018e+03 8.458182578574602303e+03 4.140399999999999636e+02 0.000000000000000000e+00 2.611623580128413113e+00 6.099999999999999867e-02
3.641536000000000000e+06 1.000000000000000000e+00 6.500000000000000000e+01 6.248029368348221396e+03 8.454945678574602425e+03 4.150900000000001455e+02 0.000000000000000000e+00 8.129976409550634386e-01 9.199999999999999845e-02
3.641535000000000000e+06 0.000000000000000000e+00 6.500000000000000000e+01 6.247328368348221375e+03 8.450644878574603354e+03 4.115100000000002183e+02 0.000000000000000000e+00 2.294649213493253903e+00 2.400000000000000050e-02
3.641535000000000000e+06 1.000000000000000000e+00 6.500000000000000000e+01 6.251837368348221389e+03 8.451944478574601817e+03 4.063500000000003638e+02 0.000000000000000000e+00 1.481120368661246189e+00 9.199999999999999845e-02
3.642871000000000000e+06 1.000000000000000000e+00 6.600000000000000000e+01 6.259995368348221746e+03 8.451457578574601939e+03 3.992600000000002183e+02 0.000000000000000000e+00 2.970094177335016461e+00 6.099999999999999867e-02
3.642871000000000000e+06 1.000000000000000000e+00 6.600000000000000000e+01 6.261092368348221498e+03 8.450258278574601718e+03 4.011700000000000728e+02 0.000000000000000000e+00 1.468342221418132310e+00 2.400000000000000050e-02
3.641609000000000000e+06 1.000000000000000000e+00 6.500000000000000000e+01 6.255517368348221680e+03 8.449505378574602219e+03 4.034399999999995998e+02 0.000000000000000000e+00 2.673987504132112836e+00 2.039999999999999869e-01
3.641534000000000000e+06 1.000000000000000000e+00 6.500000000000000000e+01 6.255348368348221811e+03 8.453891578574603045e+03 3.935999999999994543e+02 0.000000000000000000e+00 8.886320622680191406e+00 9.199999999999999845e-02
3.642841000000000000e+06 1.000000000000000000e+00 6.600000000000000000e+01 6.233881368348221258e+03 8.472469678574601858e+03 3.707100000000009459e+02 0.000000000000000000e+00 6.058615337478664209e+00 9.199999999999999845e-02
3.642841000000000000e+06 1.000000000000000000e+00 6.600000000000000000e+01 6.233001368348221149e+03 8.475215478574602457e+03 3.604899999999997817e+02 0.000000000000000000e+00 1.426160715778123977e+00 2.400000000000000050e-02
3.642840000000000000e+06 1.000000000000000000e+00 6.600000000000000000e+01 6.220420368348221018e+03 8.473321878574603033e+03 3.692100000000000364e+02 0.000000000000000000e+00 9.516842452745976288e+00 6.099999999999999867e-02
3.642840000000000000e+06 1.000000000000000000e+00 6.600000000000000000e+01 6.220735368348221527e+03 8.473374078574601299e+03 3.688500000000003638e+02 0.000000000000000000e+00 9.181234329488299650e+00 2.400000000000000050e-02
3.642845000000000000e+06 1.000000000000000000e+00 6.500000000000000000e+01 6.229727368348221717e+03 8.461519278574602140e+03 3.629499999999998181e+02 0.000000000000000000e+00 5.993941098183589666e+00 2.400000000000000050e-02
3.642845000000000000e+06 1.000000000000000000e+00 6.500000000000000000e+01 6.234481368348221622e+03 8.465406878574602160e+03 3.621300000000001091e+02 0.000000000000000000e+00 5.131406524001394409e+00 6.099999999999999867e-02
3.641537000000000000e+06 0.000000000000000000e+00 6.500000000000000000e+01 6.240982368348221826e+03 8.458541178574603691e+03 4.107399999999997817e+02 0.000000000000000000e+00 1.780735446860237214e+00 9.199999999999999845e-02
3.641535000000000000e+06 0.000000000000000000e+00 6.500000000000000000e+01 6.242411368348221004e+03 8.451968478574603068e+03 4.045900000000001455e+02 0.000000000000000000e+00 3.467172093798509103e+00 2.400000000000000050e-02
3.641533000000000000e+06 0.000000000000000000e+00 6.500000000000000000e+01 6.247696368348221768e+03 8.445839278574603668e+03 4.056599999999998545e+02 0.000000000000000000e+00 1.425126830273828249e+00 9.199999999999999845e-02
3.641619000000000000e+06 1.000000000000000000e+00 6.500000000000000000e+01 6.230590368348221091e+03 8.433161158574603178e+03 4.073699999999998909e+02 0.000000000000000000e+00 2.343443182721995921e+00 9.199999999999999845e-02
3.641450000000000000e+06 1.000000000000000000e+00 6.500000000000000000e+01 6.232258368348221666e+03 8.424730408574603644e+03 4.050299999999997453e+02 0.000000000000000000e+00 1.834003305431445519e+00 1.078999999999999915e+01
3.641450000000000000e+06 1.000000000000000000e+00 6.500000000000000000e+01 6.232258368348221666e+03 8.424730408574603644e+03 4.050299999999997453e+02 0.000000000000000000e+00 1.834003305431445519e+00 4.386289999999999800e+00
3.641450000000000000e+06 1.000000000000000000e+00 6.500000000000000000e+01 6.232258368348221666e+03 8.424730408574603644e+03 4.050299999999997453e+02 0.000000000000000000e+00 1.834003305431445519e+00 6.539960000000000218e-01
3.642850000000000000e+06 1.000000000000000000e+00 6.600000000000000000e+01 6.236327368348221171e+03 8.445774478574603563e+03 3.584500000000007276e+02 0.000000000000000000e+00 6.197083137722693813e+00 3.229999999999999716e+01
3.641647000000000000e+06 1.000000000000000000e+00 6.500000000000000000e+01 6.216600368348221309e+03 8.434444758574602020e+03 3.617200000000002547e+02 0.000000000000000000e+00 9.792014542258790755e+00 2.400000000000000050e-02
3.641657000000000000e+06 1.000000000000000000e+00 6.500000000000000000e+01 6.202950368348221673e+03 8.423650108574602200e+03 3.391099999999996726e+02 0.000000000000000000e+00 9.657094591557127572e+00 1.078999999999999915e+01
3.641657000000000000e+06 1.000000000000000000e+00 6.500000000000000000e+01 6.202364368348221433e+03 8.423023238574602146e+03 3.401300000000001091e+02 0.000000000000000000e+00 8.836904176505456121e+00 1.000000000000000021e-02
3.641656000000000000e+06 1.000000000000000000e+00 6.500000000000000000e+01 6.196313368348221047e+03 8.426054178574602702e+03 3.481999999999998181e+02 0.000000000000000000e+00 3.966495032145552546e+00 1.078999999999999915e+01
3.641657000000000000e+06 1.000000000000000000e+00 6.500000000000000000e+01 6.196906368348221804e+03 8.417569978574603738e+03 3.446000000000003638e+02 0.000000000000000000e+00 5.854087048591178011e+00 4.169999999999999818e-01
3.641657000000000000e+06 1.000000000000000000e+00 6.500000000000000000e+01 6.198165368348221818e+03 8.417134778574603843e+03 3.457700000000004366e+02 0.000000000000000000e+00 7.564745793612077662e+00 1.078999999999999915e+01
3.641657000000000000e+06 1.000000000000000000e+00 6.500000000000000000e+01 6.198165368348221818e+03 8.417134778574603843e+03 3.457700000000004366e+02 0.000000000000000000e+00 7.564745793612077662e+00 2.955109999999999904e+00
3.641657000000000000e+06 1.000000000000000000e+00 6.500000000000000000e+01 6.198165368348221818e+03 8.417134778574603843e+03 3.457700000000004366e+02 0.000000000000000000e+00 7.564745793612077662e+00 2.542710000000000026e+00
3.641656000000000000e+06 1.000000000000000000e+00 6.500000000000000000e+01 6.196313368348221047e+03 8.426054178574602702e+03 3.481999999999998181e+02 0.000000000000000000e+00 3.966495032145552546e+00 3.543699999999999850e+00
3.641657000000000000e+06 1.000000000000000000e+00 6.500000000000000000e+01 6.202950368348221673e+03 8.423650108574602200e+03 3.391099999999996726e+02 0.000000000000000000e+00 9.657094591557127572e+00 1.939850000000000074e+00
3.640391000000000000e+06 1.000000000000000000e+00 6.600000000000000000e+01 6.201144368348221178e+03 8.413558978574601497e+03 3.455899999999992360e+02 0.000000000000000000e+00 5.079586773687979395e+00 9.199999999999999845e-02
3.640390000000000000e+06 1.000000000000000000e+00 6.600000000000000000e+01 6.206143368348221884e+03 8.415620278574602708e+03 3.450600000000004002e+02 0.000000000000000000e+00 8.345126448883712911e+00 9.199999999999999845e-02
3.640389000000000000e+06 1.000000000000000000e+00 6.600000000000000000e+01 6.209196368348221768e+03 8.402006878574602524e+03 3.499000000000005457e+02 0.000000000000000000e+00 5.696807963058195590e+00 6.099999999999999867e-02
3.640390000000000000e+06 1.000000000000000000e+00 6.600000000000000000e+01 6.207972368348221607e+03 8.402375678574602716e+03 3.473099999999994907e+02 0.000000000000000000e+00 4.596807724233390680e+00 9.199999999999999845e-02
3.640389000000000000e+06 1.000000000000000000e+00 6.600000000000000000e+01 6.212495368348221746e+03 8.407585478574601439e+03 3.510000000000000000e+02 0.000000000000000000e+00 8.782413426961896974e+00 2.400000000000000050e-02
3.640389000000000000e+06 1.000000000000000000e+00 6.600000000000000000e+01 6.211890368348221273e+03 8.407446578574603336e+03 3.508999999999996362e+02 0.000000000000000000e+00 8.205508792434219600e+00 9.199999999999999845e-02
3.640389000000000000e+06 1.000000000000000000e+00 6.600000000000000000e+01 6.206098368348221811e+03 8.406116778574603813e+03 3.498699999999998909e+02 0.000000000000000000e+00 2.983134842840610812e+00 2.400000000000000050e-02
3.640391000000000000e+06 1.000000000000000000e+00 6.600000000000000000e+01 6.196083368348221484e+03 8.412782478574601555e+03 3.438699999999998909e+02 0.000000000000000000e+00 4.673080054351550494e+00 2.039999999999999869e-01
4.206054000000000000e+06 1.000000000000000000e+00 6.600000000000000000e+01 6.212694368348221360e+03 8.364596578574602972e+03 3.347699999999995271e+02 0.000000000000000000e+00 7.883275958905666236e+00 2.400000000000000050e-02
4.206054000000000000e+06 1.000000000000000000e+00 6.600000000000000000e+01 6.212938368348221047e+03 8.366487078574602492e+03 3.341400000000003274e+02 0.000000000000000000e+00 8.995132751333969168e+00 9.199999999999999845e-02
4.206054000000000000e+06 1.000000000000000000e+00 6.600000000000000000e+01 6.214046368348221222e+03 8.366318078574602623e+03 3.342600000000002183e+02 0.000000000000000000e+00 9.733465401159362429e+00 6.099999999999999867e-02
4.206050000000000000e+06 1.000000000000000000e+00 6.500000000000000000e+01 6.212909368348221506e+03 8.354149978574601846e+03 3.393000000000001819e+02 0.000000000000000000e+00 7.044798747005695638e+00 9.199999999999999845e-02
4.207169000000000000e+06 1.000000000000000000e+00 6.600000000000000000e+01 6.288920368348221018e+03 8.345645178574603051e+03 3.440199999999995271e+02 0.000000000000000000e+00 3.798551566454774431e+00 9.199999999999999845e-02
3.642850000000000000e+06 1.000000000000000000e+00 6.600000000000000000e+01 6.236327368348221171e+03 8.445774478574603563e+03 3.584500000000007276e+02 0.000000000000000000e+00 6.197083137722693813e+00 5.697689999999999699e+00
3.642841000000000000e+06 1.000000000000000000e+00 6.500000000000000000e+01 6.241831368348221076e+03 8.474621378574602204e+03 3.475999999999994543e+02 0.000000000000000000e+00 2.406205476601839699e+00 6.099999999999999867e-02
3.642841000000000000e+06 0.000000000000000000e+00 6.500000000000000000e+01 6.240313368348221047e+03 8.472724978574602574e+03 3.491400000000003274e+02 0.000000000000000000e+00 1.457905571885765861e+00 9.199999999999999845e-02
3.642839000000000000e+06 1.000000000000000000e+00 6.600000000000000000e+01 6.230921368348221222e+03 8.475564978574602719e+03 3.504499999999998181e+02 0.000000000000000000e+00 6.283216003476767675e+00 9.199999999999999845e-02
3.642839000000000000e+06 1.000000000000000000e+00 6.600000000000000000e+01 6.230061368348221549e+03 8.476665078574602376e+03 3.507200000000002547e+02 0.000000000000000000e+00 5.558109503891099479e+00 2.400000000000000050e-02
3.642840000000000000e+06 1.000000000000000000e+00 6.600000000000000000e+01 6.229319368348221360e+03 8.473343678574601654e+03 3.550999999999994543e+02 0.000000000000000000e+00 4.859039503292491347e+00 9.199999999999999845e-02
3.642841000000000000e+06 1.000000000000000000e+00 6.600000000000000000e+01 6.228727368348221717e+03 8.472756378574602422e+03 3.612500000000000000e+02 0.000000000000000000e+00 2.965267115383522167e+00 2.400000000000000050e-02
3.642841000000000000e+06 1.000000000000000000e+00 6.600000000000000000e+01 6.229674368348221833e+03 8.473506778574603231e+03 3.620200000000004366e+02 0.000000000000000000e+00 2.020722495017520437e+00 9.199999999999999845e-02
3.642841000000000000e+06 1.000000000000000000e+00 6.600000000000000000e+01 6.231669368348221724e+03 8.468481778574601776e+03 3.656800000000002910e+02 0.000000000000000000e+00 6.979733897333656678e+00 6.099999999999999867e-02
3.642843000000000000e+06 1.000000000000000000e+00 6.500000000000000000e+01 6.234210368348220982e+03 8.468052478574601992e+03 3.408699999999998909e+02 0.000000000000000000e+00 5.762164647302673970e+00 5.355749999999999567e+00
3.639372000000000000e+06 1.000000000000000000e+00 6.600000000000000000e+01 6.034412368348221207e+03 8.383347078574603074e+03 3.779899999999997817e+02 0.000000000000000000e+00 1.602162066147198249e+00 2.400000000000000050e-02
3.639373000000000000e+06 1.000000000000000000e+00 6.600000000000000000e+01 6.035779368348221396e+03 8.378862178574603604e+03 3.776699999999991633e+02 0.000000000000000000e+00 3.407331779094843860e+00 1.000000000000000000e+01
3.639373000000000000e+06 1.000000000000000000e+00 6.600000000000000000e+01 6.035779368348221396e+03 8.378862178574603604e+03 3.776699999999991633e+02 0.000000000000000000e+00 3.407331779094843860e+00 1.410220000000000029e+00
3.640650000000000000e+06 1.000000000000000000e+00 6.500000000000000000e+01 6.022215368348221091e+03 8.392944178574602120e+03 3.727799999999997453e+02 0.000000000000000000e+00 8.633620738887305635e+00 2.400000000000000050e-02
3.640645000000000000e+06 1.000000000000000000e+00 6.600000000000000000e+01 6.034099368348221105e+03 8.402893078574601532e+03 3.825900000000001455e+02 0.000000000000000000e+00 8.119458809353346851e+00 4.169999999999999818e-01
3.640645000000000000e+06 1.000000000000000000e+00 6.600000000000000000e+01 6.034099368348221105e+03 8.402893078574601532e+03 3.825900000000001455e+02 0.000000000000000000e+00 8.119458809353346851e+00 7.080669999999999575e+00
3.640560000000000000e+06 1.000000000000000000e+00 6.500000000000000000e+01 6.065614368348221433e+03 8.396741678574602702e+03 3.684800000000004729e+02 0.000000000000000000e+00 9.100789413117942317e+00 6.099999999999999867e-02
3.640559000000000000e+06 1.000000000000000000e+00 6.500000000000000000e+01 6.072940368348221455e+03 8.400267778574601834e+03 3.670600000000004002e+02 0.000000000000000000e+00 9.959016105376656824e+00 9.199999999999999845e-02
3.640640000000000000e+06 1.000000000000000000e+00 6.500000000000000000e+01 6.040307368348221644e+03 8.412347478574603883e+03 3.976700000000000728e+02 0.000000000000000000e+00 9.575710902248106393e+00 2.400000000000000050e-02
3.640637000000000000e+06 1.000000000000000000e+00 6.600000000000000000e+01 6.047409368348221506e+03 8.394986478574603098e+03 4.087999999999992724e+02 0.000000000000000000e+00 6.157810428586560469e+00 9.199999999999999845e-02
3.640639000000000000e+06 1.000000000000000000e+00 6.500000000000000000e+01 6.049329368348221578e+03 8.407663178574603080e+03 3.942799999999997453e+02 0.000000000000000000e+00 7.819144125051234795e+00 6.099999999999999867e-02
3.640641000000000000e+06 1.000000000000000000e+00 6.500000000000000000e+01 6.041216368348221295e+03 8.399258778574603639e+03 4.006199999999998909e+02 0.000000000000000000e+00 8.173697098747959577e-01 9.199999999999999845e-02
3.639548000000000000e+06 1.000000000000000000e+00 6.500000000000000000e+01 5.933664168348221210e+03 8.378528978574602661e+03 4.105500000000001819e+02 0.000000000000000000e+00 9.858922374189946325e+00 9.199999999999999845e-02
3.639548000000000000e+06 1.000000000000000000e+00 6.500000000000000000e+01 5.934548468348221832e+03 8.378478878574602277e+03 4.108699999999998909e+02 0.000000000000000000e+00 9.809344406624758150e+00 4.169999999999999818e-01
3.639548000000000000e+06 1.000000000000000000e+00 6.500000000000000000e+01 5.939652968348221293e+03 8.370771778574602649e+03 4.012600000000002183e+02 0.000000000000000000e+00 1.385262466676512316e+00 6.099999999999999867e-02
3.639547000000000000e+06 1.000000000000000000e+00 6.500000000000000000e+01 5.941675068348221430e+03 8.379033278574603173e+03 3.999099999999998545e+02 0.000000000000000000e+00 5.937673966843941997e+00 9.199999999999999845e-02
3.639547000000000000e+06 1.000000000000000000e+00 6.500000000000000000e+01 5.941671568348221626e+03 8.379102778574602780e+03 3.999099999999998545e+02 0.000000000000000000e+00 5.991489128752855997e+00 2.400000000000000050e-02
3.639548000000000000e+06 1.000000000000000000e+00 6.500000000000000000e+01 5.940451168348221472e+03 8.380666378574602277e+03 3.983000000000001819e+02 0.000000000000000000e+00 8.307191883528469489e+00 6.099999999999999867e-02
3.639381000000000000e+06 1.000000000000000000e+00 6.600000000000000000e+01 6.054488368348221229e+03 8.377219478574603272e+03 3.343400000000001455e+02 0.000000000000000000e+00 8.964349284954733932e+00 4.169999999999999818e-01
3.639381000000000000e+06 1.000000000000000000e+00 6.600000000000000000e+01 6.054488368348221229e+03 8.377219478574603272e+03 3.343400000000001455e+02 0.000000000000000000e+00 8.964349284954733932e+00 7.193620000000000125e+00
7.627527000000000000e+06 0.000000000000000000e+00 6.600000000000000000e+01 5.872620668348221443e+03 8.775560278574601398e+03 7.406800000000002910e+02 1.000000000000000000e+00 2.833183896515430344e+00 7.800000000000000000e+01
7.627595000000000000e+06 1.000000000000000000e+00 6.500000000000000000e+01 5.904113268348221027e+03 8.775810278574601398e+03 7.538000000000001819e+02 1.000000000000000000e+00 7.770372126912763466e-01 7.800000000000000000e+01
7.627599000000000000e+06 1.000000000000000000e+00 6.600000000000000000e+01 5.903798668348221327e+03 8.785064278574602213e+03 7.592500000000000000e+02 1.000000000000000000e+00 4.720333203727594684e-01 7.800000000000000000e+01
7.627534000000000000e+06 0.000000000000000000e+00 6.600000000000000000e+01 5.863110568348221022e+03 8.773863278574601281e+03 7.217699999999995271e+02 1.000000000000000000e+00 1.977034947797606801e+00 7.800000000000000000e+01
7.627520000000000000e+06 0.000000000000000000e+00 6.500000000000000000e+01 5.896700668348221370e+03 8.772440278574602416e+03 7.452899999999999636e+02 1.000000000000000000e+00 2.866242578931898155e+00 7.800000000000000000e+01
7.627439000000000000e+06 0.000000000000000000e+00 6.500000000000000000e+01 5.926315368348221455e+03 8.764332278574602242e+03 7.184500000000007276e+02 1.000000000000000000e+00 2.728993110958582324e+00 7.800000000000000000e+01
7.627332000000000000e+06 0.000000000000000000e+00 6.600000000000000000e+01 5.954156368348221804e+03 8.750787278574602169e+03 7.408999999999996362e+02 1.000000000000000000e+00 1.179672298239743178e+00 7.800000000000000000e+01
7.627408000000000000e+06 0.000000000000000000e+00 6.500000000000000000e+01 5.965298368348221629e+03 8.737137278574602533e+03 7.426399999999994179e+02 1.000000000000000000e+00 7.908888417420170125e-01 7.800000000000000000e+01
7.627446000000000000e+06 0.000000000000000000e+00 6.600000000000000000e+01 5.898368968348221642e+03 8.764550278574602999e+03 7.174299999999993815e+02 1.000000000000000000e+00 4.400644876199465982e-01 7.800000000000000000e+01
7.627538000000000000e+06 0.000000000000000000e+00 6.500000000000000000e+01 5.863795568348221423e+03 8.785076278574602838e+03 7.074200000000000728e+02 1.000000000000000000e+00 1.340431666847529124e+00 7.800000000000000000e+01
7.627457000000000000e+06 1.000000000000000000e+00 6.600000000000000000e+01 5.880906368348221804e+03 8.782237278574602897e+03 6.897399999999997817e+02 1.000000000000000000e+00 7.992199078181002614e-01 7.800000000000000000e+01
7.627524000000000000e+06 0.000000000000000000e+00 6.500000000000000000e+01 5.884249868348221753e+03 8.775512278574602533e+03 7.423299999999999272e+02 1.000000000000000000e+00 2.808530548791829506e+00 7.800000000000000000e+01
