5.546634700000000000e+07 0.000000000000000000e+00 6.500000000000000000e+01 2.837200000000002547e+02 5.272894956172232924e+03 6.571360201934719953e+03 0.000000000000000000e+00 1.003234399630741347e+00 1.339000000000000057e+01
5.546634700000000000e+07 0.000000000000000000e+00 6.500000000000000000e+01 2.837200000000002547e+02 5.272894956172232924e+03 6.571360201934719953e+03 0.000000000000000000e+00 1.003234399630741347e+00 4.575549999999999784e+00
5.546814000000000000e+07 0.000000000000000000e+00 6.600000000000000000e+01 2.184500000000007276e+02 5.329763956172232611e+03 6.514252071934719424e+03 0.000000000000000000e+00 6.222769591065021366e+00 9.199999999999999845e-02
5.546813900000000000e+07 1.000000000000000000e+00 6.600000000000000000e+01 2.085599999999994907e+02 5.329773956172232829e+03 6.498155001934719621e+03 0.000000000000000000e+00 7.419505970248173377e+00 6.099999999999999867e-02
5.546813900000000000e+07 1.000000000000000000e+00 6.500000000000000000e+01 2.343799999999991996e+02 5.322036956172232749e+03 6.508741651934719812e+03 0.000000000000000000e+00 4.889157897859393032e+00 4.169999999999999818e-01
5.546813900000000000e+07 0.000000000000000000e+00 6.500000000000000000e+01 2.273400000000001455e+02 5.322547956172233171e+03 6.504522401934719710e+03 0.000000000000000000e+00 1.932689392284102858e+00 6.099999999999999867e-02
5.546813400000000000e+07 0.000000000000000000e+00 6.500000000000000000e+01 2.298000000000001819e+02 5.331569956172233105e+03 6.488538001934719432e+03 0.000000000000000000e+00 3.302787054829082969e+00 6.099999999999999867e-02
5.770243400000000000e+07 1.000000000000000000e+00 6.600000000000000000e+01 5.942600000000002183e+02 5.588506156172233204e+03 6.757769801934719908e+03 1.000000000000000000e+00 8.230379715431280774e-01 8.900000000000000000e+01
5.770261900000000000e+07 1.000000000000000000e+00 6.500000000000000000e+01 6.097200000000002547e+02 5.642560956172233091e+03 6.819529801934719217e+03 1.000000000000000000e+00 5.457384914966763034e-01 8.900000000000000000e+01
5.770177700000000000e+07 0.000000000000000000e+00 6.600000000000000000e+01 5.644800000000004729e+02 5.638383956172233411e+03 6.843170801934719748e+03 1.000000000000000000e+00 1.583967339117664519e+00 8.900000000000000000e+01
