1.219856000000000000e+06 1.000000000000000000e+00 6.500000000000000000e+01 2.615497999475251163e+03 5.827494068313176285e+03 8.638000000000010914e+01 0.000000000000000000e+00 1.600097339084920023e+00 1.078999999999999915e+01
1.220031000000000000e+06 1.000000000000000000e+00 6.500000000000000000e+01 2.636245199475250956e+03 5.878933568313176693e+03 1.634899999999997817e+02 0.000000000000000000e+00 7.527306770000328662e+00 1.339000000000000057e+01
1.220159000000000000e+06 1.000000000000000000e+00 6.500000000000000000e+01 2.684080899475251499e+03 5.953054568313176787e+03 2.287299999999995634e+02 0.000000000000000000e+00 1.640176438842000595e+00 9.199999999999999845e-02
1.220156000000000000e+06 1.000000000000000000e+00 6.600000000000000000e+01 2.667314499475251068e+03 5.958715568313176846e+03 2.334099999999998545e+02 0.000000000000000000e+00 1.344602592710469002e+00 9.199999999999999845e-02
1.220157000000000000e+06 1.000000000000000000e+00 6.600000000000000000e+01 2.662066799475251173e+03 5.959766568313176322e+03 2.320399999999999636e+02 0.000000000000000000e+00 4.447224564895186916e+00 9.199999999999999845e-02
1.220156000000000000e+06 1.000000000000000000e+00 6.600000000000000000e+01 2.662083399475251099e+03 5.961469568313176751e+03 2.382200000000002547e+02 0.000000000000000000e+00 5.685733693550472090e+00 9.199999999999999845e-02
1.220158000000000000e+06 1.000000000000000000e+00 6.500000000000000000e+01 2.685720699475251422e+03 5.945305568313176082e+03 2.308999999999996362e+02 0.000000000000000000e+00 3.778523198530322258e+00 6.099999999999999867e-02
1.220159000000000000e+06 1.000000000000000000e+00 6.500000000000000000e+01 2.688495699475251058e+03 5.943400568313176336e+03 2.345299999999997453e+02 0.000000000000000000e+00 8.042015535564173589e+00 9.199999999999999845e-02
1.220030000000000000e+06 0.000000000000000000e+00 6.500000000000000000e+01 2.634437499475251570e+03 5.873320568313176409e+03 1.539700000000002547e+02 0.000000000000000000e+00 2.433368172935657547e+00 6.099999999999999867e-02
1.220032000000000000e+06 1.000000000000000000e+00 6.600000000000000000e+01 2.627490599475250747e+03 5.861652068313176642e+03 1.439899999999997817e+02 0.000000000000000000e+00 4.494555375543499487e+00 6.099999999999999867e-02
1.220032000000000000e+06 1.000000000000000000e+00 6.600000000000000000e+01 2.627260799475251588e+03 5.861444368313176710e+03 1.442300000000004729e+02 0.000000000000000000e+00 4.527432669593140169e+00 1.078999999999999915e+01
1.220032000000000000e+06 1.000000000000000000e+00 6.600000000000000000e+01 2.627260799475251588e+03 5.861444368313176710e+03 1.442300000000004729e+02 0.000000000000000000e+00 4.527432669593140169e+00 1.463670000000000027e+00
1.220032000000000000e+06 1.000000000000000000e+00 6.600000000000000000e+01 2.627260799475251588e+03 5.861444368313176710e+03 1.442300000000004729e+02 0.000000000000000000e+00 4.527432669593140169e+00 1.433890000000000109e+00
1.219847000000000000e+06 1.000000000000000000e+00 6.500000000000000000e+01 2.631805699475251458e+03 5.853675868313176579e+03 9.276000000000021828e+01 0.000000000000000000e+00 5.411563152357872220e+00 4.600000000000000200e-01
1.219848000000000000e+06 1.000000000000000000e+00 6.500000000000000000e+01 2.631445399475251179e+03 5.850162968313175952e+03 9.172999999999956344e+01 0.000000000000000000e+00 6.088039532047493374e+00 6.099999999999999867e-02
1.219851000000000000e+06 1.000000000000000000e+00 6.600000000000000000e+01 2.633802499475251352e+03 5.852995868313176288e+03 8.457999999999992724e+01 0.000000000000000000e+00 7.827556732242135773e+00 2.400000000000000050e-02
1.219362000000000000e+06 1.000000000000000000e+00 6.600000000000000000e+01 2.628269599475251198e+03 5.855016268313176624e+03 8.184000000000014552e+01 0.000000000000000000e+00 8.127782180332793871e+00 9.199999999999999845e-02
1.219362000000000000e+06 1.000000000000000000e+00 6.600000000000000000e+01 2.628118199475251458e+03 5.855261968313176112e+03 8.176000000000021828e+01 0.000000000000000000e+00 8.116823445715887431e+00 9.199999999999999845e-02
1.219284000000000000e+06 1.000000000000000000e+00 6.500000000000000000e+01 2.624559799475251566e+03 5.851306468313176083e+03 8.412999999999919964e+01 0.000000000000000000e+00 6.822741277799104331e+00 9.199999999999999845e-02
1.219285000000000000e+06 1.000000000000000000e+00 6.500000000000000000e+01 2.625766999475251396e+03 5.847615268313176784e+03 8.902999999999974534e+01 0.000000000000000000e+00 3.102437178835675269e+00 6.099999999999999867e-02
1.219366000000000000e+06 1.000000000000000000e+00 6.500000000000000000e+01 2.618459899475251405e+03 5.848468168313176648e+03 7.698999999999978172e+01 0.000000000000000000e+00 5.048058643838890802e+00 2.039999999999999869e-01
1.219365000000000000e+06 0.000000000000000000e+00 6.500000000000000000e+01 2.614929499475250850e+03 5.852569268313176508e+03 7.501000000000021828e+01 0.000000000000000000e+00 2.846272036321011001e+00 9.199999999999999845e-02
1.219359000000000000e+06 1.000000000000000000e+00 6.600000000000000000e+01 2.624523699475251306e+03 5.867296568313176067e+03 6.628000000000065484e+01 0.000000000000000000e+00 1.816094420109261032e+00 6.099999999999999867e-02
1.219355000000000000e+06 1.000000000000000000e+00 6.500000000000000000e+01 2.630618899475251055e+03 5.868754668313176808e+03 6.778000000000065484e+01 0.000000000000000000e+00 3.263034391632451570e+00 9.199999999999999845e-02
1.219358000000000000e+06 0.000000000000000000e+00 6.500000000000000000e+01 2.636157499475250916e+03 5.860107668313175964e+03 6.586000000000058208e+01 0.000000000000000000e+00 1.592188608327799182e+00 9.199999999999999845e-02
1.219360000000000000e+06 0.000000000000000000e+00 6.500000000000000000e+01 2.632351999475251432e+03 5.852715368313176441e+03 6.540999999999985448e+01 0.000000000000000000e+00 2.243931148879408699e+00 4.600000000000000200e-01
1.219362000000000000e+06 0.000000000000000000e+00 6.500000000000000000e+01 2.622372299475251566e+03 5.850244068313176285e+03 6.584000000000014552e+01 0.000000000000000000e+00 1.866840275314718633e+00 9.199999999999999845e-02
1.220734000000000000e+06 0.000000000000000000e+00 6.500000000000000000e+01 2.627257999475251381e+03 5.867906268313176042e+03 4.032000000000061846e+01 0.000000000000000000e+00 3.702290462391008230e+00 9.199999999999999845e-02
1.220738000000000000e+06 0.000000000000000000e+00 6.600000000000000000e+01 2.627316099475251576e+03 5.876056568313176285e+03 4.897000000000025466e+01 0.000000000000000000e+00 1.907090827316634485e+00 2.400000000000000050e-02
1.220738000000000000e+06 0.000000000000000000e+00 6.600000000000000000e+01 2.621623899475251164e+03 5.875677568313176380e+03 5.256000000000040018e+01 0.000000000000000000e+00 2.301500276941069512e+00 4.169999999999999818e-01
1.220739000000000000e+06 1.000000000000000000e+00 6.600000000000000000e+01 2.633007999475251381e+03 5.879958568313176329e+03 4.572999999999956344e+01 0.000000000000000000e+00 3.358694765168961371e+00 2.400000000000000050e-02
1.220738000000000000e+06 1.000000000000000000e+00 6.600000000000000000e+01 2.628032099475251016e+03 5.876411568313176758e+03 4.293000000000029104e+01 0.000000000000000000e+00 2.918446860182463798e+00 4.169999999999999818e-01
1.220738000000000000e+06 1.000000000000000000e+00 6.600000000000000000e+01 2.624361199475250942e+03 5.877918568313176365e+03 4.467999999999938154e+01 0.000000000000000000e+00 4.155683140204854631e+00 2.039999999999999869e-01
1.220736000000000000e+06 1.000000000000000000e+00 6.600000000000000000e+01 2.616988099475251147e+03 5.867730468313176061e+03 4.730000000000018190e+01 0.000000000000000000e+00 1.118154303722765697e+00 2.400000000000000050e-02
1.220737000000000000e+06 1.000000000000000000e+00 6.600000000000000000e+01 2.621529999475251316e+03 5.872732568313176671e+03 3.936999999999989086e+01 0.000000000000000000e+00 4.382878685245625405e+00 5.000000000000000000e-01
1.220732000000000000e+06 0.000000000000000000e+00 6.600000000000000000e+01 2.625237899475250742e+03 5.857657968313176752e+03 3.802999999999974534e+01 0.000000000000000000e+00 2.770055236468414783e+00 9.199999999999999845e-02
1.220732000000000000e+06 1.000000000000000000e+00 6.600000000000000000e+01 2.637098399475251426e+03 5.854684768313176392e+03 3.732999999999992724e+01 0.000000000000000000e+00 1.910686197794553509e+00 9.199999999999999845e-02
1.220732000000000000e+06 1.000000000000000000e+00 6.600000000000000000e+01 2.636678499475251556e+03 5.853458768313176733e+03 3.480000000000018190e+01 0.000000000000000000e+00 7.437448295918716035e-01 9.199999999999999845e-02
1.220727000000000000e+06 1.000000000000000000e+00 6.500000000000000000e+01 2.629389999475250988e+03 5.847607968313176571e+03 2.339999999999963620e+01 0.000000000000000000e+00 1.568293271118265109e+00 2.400000000000000050e-02
1.220728000000000000e+06 0.000000000000000000e+00 6.500000000000000000e+01 2.629935399475250961e+03 5.848793968313176265e+03 2.380000000000018190e+01 0.000000000000000000e+00 9.696352828836543036e-01 4.169999999999999818e-01
1.220727000000000000e+06 1.000000000000000000e+00 6.500000000000000000e+01 2.628618399475250953e+03 5.846727568313176562e+03 1.924000000000069122e+01 0.000000000000000000e+00 2.597557549852705705e+00 2.039999999999999869e-01
1.220727000000000000e+06 0.000000000000000000e+00 6.500000000000000000e+01 2.628858999475251039e+03 5.847980568313176263e+03 1.959000000000014552e+01 0.000000000000000000e+00 2.174925233651409329e+00 9.199999999999999845e-02
1.220724000000000000e+06 1.000000000000000000e+00 6.600000000000000000e+01 2.614074199475250680e+03 5.844327168313176116e+03 1.515999999999985448e+01 0.000000000000000000e+00 2.822676068565848517e+00 6.099999999999999867e-02
1.220724000000000000e+06 1.000000000000000000e+00 6.600000000000000000e+01 2.618558099475250856e+03 5.846389368313176419e+03 1.578999999999996362e+01 0.000000000000000000e+00 3.114734811826504135e+00 9.199999999999999845e-02
1.220724000000000000e+06 1.000000000000000000e+00 6.600000000000000000e+01 2.618558099475250856e+03 5.846389368313176419e+03 1.578999999999996362e+01 0.000000000000000000e+00 3.114734811826504135e+00 7.313699999999999868e+00
1.219286000000000000e+06 1.000000000000000000e+00 6.600000000000000000e+01 2.622051199475251451e+03 5.832051068313176074e+03 8.227999999999974534e+01 0.000000000000000000e+00 3.764538359871527184e+00 6.099999999999999867e-02
1.219287000000000000e+06 1.000000000000000000e+00 6.600000000000000000e+01 2.618080799475251297e+03 5.835914368313176055e+03 8.508999999999923602e+01 0.000000000000000000e+00 2.326825433449696945e+00 9.199999999999999845e-02
1.219854000000000000e+06 1.000000000000000000e+00 6.500000000000000000e+01 2.623126699475251371e+03 5.833885168313176109e+03 8.193999999999959982e+01 0.000000000000000000e+00 4.866280861157806115e+00 6.099999999999999867e-02
1.219854000000000000e+06 1.000000000000000000e+00 6.500000000000000000e+01 2.623298599475250739e+03 5.833745968313176490e+03 8.191999999999916326e+01 0.000000000000000000e+00 4.649182337882778349e+00 4.169999999999999818e-01
1.219284000000000000e+06 0.000000000000000000e+00 6.500000000000000000e+01 2.630813499475250865e+03 5.835392968313176425e+03 8.307000000000061846e+01 0.000000000000000000e+00 1.901908026913152305e+00 6.099999999999999867e-02
1.219283000000000000e+06 0.000000000000000000e+00 6.500000000000000000e+01 2.633210899475250699e+03 5.835838068313176336e+03 8.439000000000032742e+01 0.000000000000000000e+00 1.377681169855096144e+00 9.199999999999999845e-02
1.219281000000000000e+06 1.000000000000000000e+00 6.500000000000000000e+01 2.636879699475251073e+03 5.834286568313176758e+03 7.454999999999927240e+01 0.000000000000000000e+00 2.380487795656280881e+00 2.400000000000000050e-02
1.219281000000000000e+06 1.000000000000000000e+00 6.500000000000000000e+01 2.636714199475251007e+03 5.837533068313176045e+03 7.471000000000003638e+01 0.000000000000000000e+00 2.657260639410110148e+00 9.199999999999999845e-02
1.219282000000000000e+06 1.000000000000000000e+00 6.500000000000000000e+01 2.629194399475250975e+03 5.835998668313176495e+03 8.010000000000036380e+01 0.000000000000000000e+00 2.902041043355240824e+00 2.400000000000000050e-02
1.219851000000000000e+06 0.000000000000000000e+00 6.600000000000000000e+01 2.632816199475250869e+03 5.837394368313176528e+03 8.780000000000018190e+01 0.000000000000000000e+00 1.382375173262670343e+00 9.199999999999999845e-02
1.219286000000000000e+06 0.000000000000000000e+00 6.600000000000000000e+01 2.625768599475250994e+03 5.832382068313176205e+03 8.839000000000032742e+01 0.000000000000000000e+00 1.719880460260519550e+00 9.199999999999999845e-02
1.219286000000000000e+06 1.000000000000000000e+00 6.600000000000000000e+01 2.625135699475251386e+03 5.828267168313176626e+03 8.586999999999989086e+01 0.000000000000000000e+00 1.236329274247378374e+00 9.199999999999999845e-02
1.219212000000000000e+06 1.000000000000000000e+00 6.500000000000000000e+01 2.604542999475251236e+03 5.828412768313176457e+03 8.282999999999992724e+01 0.000000000000000000e+00 3.145394832631647208e+00 8.349999999999999645e-01
1.219212000000000000e+06 1.000000000000000000e+00 6.500000000000000000e+01 2.604542999475251236e+03 5.828412768313176457e+03 8.282999999999992724e+01 0.000000000000000000e+00 3.145394832631647208e+00 6.607319999999999638e+00
1.219547000000000000e+06 1.000000000000000000e+00 6.600000000000000000e+01 2.579009229475251232e+03 5.791657668313176146e+03 3.759999999999945430e+01 0.000000000000000000e+00 8.671261991468812269e+00 9.199999999999999845e-02
1.219547000000000000e+06 1.000000000000000000e+00 6.600000000000000000e+01 2.570757599475251482e+03 5.793555268313176384e+03 3.725000000000000000e+01 0.000000000000000000e+00 7.859133024832651415e+00 9.199999999999999845e-02
1.219547000000000000e+06 1.000000000000000000e+00 6.600000000000000000e+01 2.570757599475251482e+03 5.793555268313176384e+03 3.725000000000000000e+01 0.000000000000000000e+00 7.859133024832651415e+00 7.377329999999999721e+00
1.282982000000000000e+06 1.000000000000000000e+00 6.500000000000000000e+01 3.063133699475250978e+03 6.307342568313176344e+03 6.568999999999959982e+01 1.000000000000000000e+00 5.655380654409936092e-01 8.000000000000000000e+01
1.282978000000000000e+06 0.000000000000000000e+00 6.600000000000000000e+01 3.049009699475251182e+03 6.310611568313176576e+03 4.689999999999963620e+01 1.000000000000000000e+00 2.747895226168723504e+00 8.000000000000000000e+01
1.281425000000000000e+06 0.000000000000000000e+00 6.600000000000000000e+01 3.024384699475251182e+03 6.312692568313176707e+03 1.365600000000004002e+02 1.000000000000000000e+00 7.774779925755915810e-01 8.000000000000000000e+01
1.282200000000000000e+06 0.000000000000000000e+00 6.500000000000000000e+01 3.033151699475251007e+03 6.340847568313176453e+03 1.519600000000000364e+02 1.000000000000000000e+00 1.248228649755485975e+00 8.000000000000000000e+01
1.282200000000000000e+06 0.000000000000000000e+00 6.500000000000000000e+01 3.037122699475251466e+03 6.339151568313176540e+03 1.513499999999994543e+02 1.000000000000000000e+00 1.967057713479848369e+00 8.000000000000000000e+01
1.219300000000000000e+06 1.000000000000000000e+00 6.600000000000000000e+01 2.589380189475251427e+03 5.863795268313176166e+03 1.166399999999994179e+02 1.000000000000000000e+00 5.327264020838556879e-01 8.000000000000000000e+01
1.219853000000000000e+06 1.000000000000000000e+00 6.600000000000000000e+01 2.617987099475250943e+03 5.842288768313176661e+03 1.031399999999994179e+02 1.000000000000000000e+00 6.253549887991746159e-01 8.000000000000000000e+01
1.282261000000000000e+06 1.000000000000000000e+00 6.600000000000000000e+01 3.012892699475250993e+03 6.283914568313176460e+03 1.441400000000003274e+02 1.000000000000000000e+00 5.639439316654492051e-01 8.000000000000000000e+01
1.281279000000000000e+06 0.000000000000000000e+00 6.600000000000000000e+01 3.035403699475251415e+03 6.322239568313176278e+03 1.345600000000004002e+02 1.000000000000000000e+00 1.158646558859840470e+00 8.000000000000000000e+01
1.281530000000000000e+06 0.000000000000000000e+00 6.600000000000000000e+01 3.035524699475251509e+03 6.316787568313176052e+03 8.646999999999934516e+01 1.000000000000000000e+00 2.812138100523085882e+00 8.000000000000000000e+01
1.281402000000000000e+06 1.000000000000000000e+00 6.600000000000000000e+01 3.041854699475251437e+03 6.289522568313176635e+03 1.981300000000001091e+02 1.000000000000000000e+00 8.009811389545752336e-01 8.000000000000000000e+01
1.219844000000000000e+06 1.000000000000000000e+00 6.600000000000000000e+01 2.648796899475250939e+03 5.846000968313176600e+03 9.685000000000036380e+01 1.000000000000000000e+00 6.349960746654128574e-01 8.000000000000000000e+01
