4.943639000000000000e+06 1.000000000000000000e+00 6.600000000000000000e+01 1.041990999999999985e+04 4.610488722871449681e+03 3.959302318950758490e+02 0.000000000000000000e+00 8.026533258849296359e+00 1.605000000000000071e+01
4.997054000000000000e+06 1.000000000000000000e+00 6.600000000000000000e+01 1.064925000000000000e+04 4.603421722871449674e+03 4.110302318950762128e+02 0.000000000000000000e+00 7.094347145289223722e-01 1.078999999999999915e+01
1.073318400000000000e+07 1.000000000000000000e+00 6.600000000000000000e+01 1.274395999999999913e+04 4.414606722871450074e+03 1.041930231895075849e+03 0.000000000000000000e+00 8.049202055040355575e+00 1.339000000000000057e+01
1.073318300000000000e+07 1.000000000000000000e+00 6.600000000000000000e+01 1.274254000000000087e+04 4.417497722871449696e+03 1.044230231895076031e+03 0.000000000000000000e+00 5.669533676204065564e+00 9.199999999999999845e-02
1.073318200000000000e+07 1.000000000000000000e+00 6.600000000000000000e+01 1.273888000000000102e+04 4.426003722871450009e+03 1.050010231895075776e+03 0.000000000000000000e+00 2.913105232487083196e+00 1.078999999999999915e+01
1.073318200000000000e+07 1.000000000000000000e+00 6.600000000000000000e+01 1.273855999999999949e+04 4.426826722871449419e+03 1.050470231895075813e+03 0.000000000000000000e+00 3.151657006308512976e+00 6.099999999999999867e-02
1.073318200000000000e+07 1.000000000000000000e+00 6.600000000000000000e+01 1.273779999999999927e+04 4.429767722871450133e+03 1.047920231895075631e+03 0.000000000000000000e+00 6.908415835081309631e+00 1.078999999999999915e+01
1.073317700000000000e+07 1.000000000000000000e+00 6.500000000000000000e+01 1.273797000000000116e+04 4.434471722871449856e+03 1.067080231895075485e+03 0.000000000000000000e+00 4.571467666722569767e+00 6.099999999999999867e-02
1.073317700000000000e+07 1.000000000000000000e+00 6.500000000000000000e+01 1.273906999999999971e+04 4.433633722871450118e+03 1.069440231895076067e+03 0.000000000000000000e+00 3.930869803529681850e+00 1.339000000000000057e+01
1.073317600000000000e+07 0.000000000000000000e+00 6.500000000000000000e+01 1.273527999999999884e+04 4.427846722871449856e+03 1.073500231895075558e+03 0.000000000000000000e+00 2.910553976148519961e+00 2.400000000000000050e-02
1.073317700000000000e+07 1.000000000000000000e+00 6.500000000000000000e+01 1.273906999999999971e+04 4.433633722871450118e+03 1.069440231895076067e+03 0.000000000000000000e+00 3.930869803529681850e+00 5.739090000000000025e+00
1.073318100000000000e+07 1.000000000000000000e+00 6.600000000000000000e+01 1.273522000000000116e+04 4.428281722871449347e+03 1.047940231895076067e+03 0.000000000000000000e+00 6.038939351317079485e+00 2.400000000000000050e-02
1.073317500000000000e+07 1.000000000000000000e+00 6.500000000000000000e+01 1.272252999999999884e+04 4.425381722871449711e+03 1.058930231895075849e+03 0.000000000000000000e+00 4.021803703509411854e+00 6.099999999999999867e-02
1.073317300000000000e+07 1.000000000000000000e+00 6.500000000000000000e+01 1.272611000000000058e+04 4.416992722871449587e+03 1.070710231895076504e+03 0.000000000000000000e+00 3.346560803542458107e+00 9.199999999999999845e-02
1.073317300000000000e+07 1.000000000000000000e+00 6.500000000000000000e+01 1.272527000000000044e+04 4.415563722871449500e+03 1.069900231895076104e+03 0.000000000000000000e+00 5.050179479501807123e+00 9.199999999999999845e-02
1.073317300000000000e+07 1.000000000000000000e+00 6.500000000000000000e+01 1.272527000000000044e+04 4.415563722871449500e+03 1.069900231895076104e+03 0.000000000000000000e+00 5.050179479501807123e+00 7.310100000000000264e+00
1.073318200000000000e+07 1.000000000000000000e+00 6.600000000000000000e+01 1.273827000000000044e+04 4.427179722871449485e+03 1.049040231895076431e+03 0.000000000000000000e+00 4.234162445246762552e+00 2.400000000000000050e-02
1.073318200000000000e+07 1.000000000000000000e+00 6.600000000000000000e+01 1.273838999999999942e+04 4.429692722871449405e+03 1.046350231895075922e+03 0.000000000000000000e+00 7.907797656056666291e+00 2.039999999999999869e-01
1.073318200000000000e+07 1.000000000000000000e+00 6.600000000000000000e+01 1.274148999999999978e+04 4.429979722871449667e+03 1.048940231895076067e+03 0.000000000000000000e+00 7.537786234289316489e+00 1.078999999999999915e+01
1.073318200000000000e+07 1.000000000000000000e+00 6.600000000000000000e+01 1.274148999999999978e+04 4.429979722871449667e+03 1.048940231895076067e+03 0.000000000000000000e+00 7.537786234289316489e+00 2.989520000000000177e+00
1.073318200000000000e+07 1.000000000000000000e+00 6.600000000000000000e+01 1.274148999999999978e+04 4.429979722871449667e+03 1.048940231895076067e+03 0.000000000000000000e+00 7.537786234289316489e+00 1.934479999999999977e+00
4.996995000000000000e+06 1.000000000000000000e+00 6.600000000000000000e+01 1.067629999999999927e+04 4.598369722871449994e+03 3.887702318950759945e+02 0.000000000000000000e+00 9.904878320822515292e+00 4.169999999999999818e-01
4.996994000000000000e+06 1.000000000000000000e+00 6.600000000000000000e+01 1.067356999999999971e+04 4.601833722871449936e+03 3.923802318950765766e+02 0.000000000000000000e+00 9.440276395369195939e+00 6.099999999999999867e-02
4.996994000000000000e+06 1.000000000000000000e+00 6.600000000000000000e+01 1.067600000000000000e+04 4.606467722871449951e+03 3.879702318950758126e+02 0.000000000000000000e+00 2.859280028081034875e+00 9.199999999999999845e-02
4.997060000000000000e+06 1.000000000000000000e+00 6.500000000000000000e+01 1.066600000000000000e+04 4.606384722871449412e+03 4.018502318950759218e+02 0.000000000000000000e+00 8.967639335607570317e+00 9.199999999999999845e-02
4.997059000000000000e+06 1.000000000000000000e+00 6.500000000000000000e+01 1.066972999999999956e+04 4.606332722871449732e+03 4.140402318950764311e+02 0.000000000000000000e+00 6.546148409798428602e+00 2.400000000000000050e-02
4.997059000000000000e+06 1.000000000000000000e+00 6.500000000000000000e+01 1.066930999999999949e+04 4.605663722871449863e+03 4.139102318950763220e+02 0.000000000000000000e+00 6.820479756467685561e+00 9.199999999999999845e-02
4.997059000000000000e+06 1.000000000000000000e+00 6.500000000000000000e+01 1.066787000000000080e+04 4.607032722871449550e+03 4.126602318950763220e+02 0.000000000000000000e+00 5.390768682918526622e+00 4.169999999999999818e-01
4.997065000000000000e+06 1.000000000000000000e+00 6.600000000000000000e+01 1.066993000000000029e+04 4.609760722871449616e+03 4.071202318950763583e+02 0.000000000000000000e+00 5.411046566460623986e+00 2.400000000000000050e-02
4.997059000000000000e+06 1.000000000000000000e+00 6.500000000000000000e+01 1.066965999999999985e+04 4.606704722871450031e+03 4.094502318950762856e+02 0.000000000000000000e+00 8.393891184823930374e+00 2.400000000000000050e-02
4.997135000000000000e+06 1.000000000000000000e+00 6.600000000000000000e+01 1.067542000000000007e+04 4.595279722871449849e+03 4.318202318950761764e+02 0.000000000000000000e+00 8.861929999732163665e+00 2.400000000000000050e-02
4.997135000000000000e+06 1.000000000000000000e+00 6.600000000000000000e+01 1.067567000000000007e+04 4.592785722871450162e+03 4.357302318950760309e+02 0.000000000000000000e+00 7.520924694268352084e+00 9.199999999999999845e-02
4.997134000000000000e+06 1.000000000000000000e+00 6.500000000000000000e+01 1.065105999999999949e+04 4.612361722871449274e+03 4.408002318950757399e+02 0.000000000000000000e+00 7.221847850526606827e+00 4.169999999999999818e-01
4.997134000000000000e+06 1.000000000000000000e+00 6.500000000000000000e+01 1.065105999999999949e+04 4.612361722871449274e+03 4.408002318950757399e+02 0.000000000000000000e+00 7.221847850526606827e+00 7.136569999999999858e+00
4.997055000000000000e+06 1.000000000000000000e+00 6.500000000000000000e+01 1.064270999999999913e+04 4.610388722871449318e+03 4.165102318950757763e+02 0.000000000000000000e+00 3.832559955245593564e+00 2.400000000000000050e-02
4.943174000000000000e+06 1.000000000000000000e+00 6.600000000000000000e+01 1.041845000000000073e+04 4.627986722871449274e+03 3.453802318950765766e+02 0.000000000000000000e+00 3.418788365464301648e+00 1.078999999999999915e+01
4.943174000000000000e+06 1.000000000000000000e+00 6.600000000000000000e+01 1.041845000000000073e+04 4.627986722871449274e+03 3.453802318950765766e+02 0.000000000000000000e+00 3.418788365464301648e+00 7.373680000000000234e+00
4.943174000000000000e+06 1.000000000000000000e+00 6.600000000000000000e+01 1.041845000000000073e+04 4.627986722871449274e+03 3.453802318950765766e+02 0.000000000000000000e+00 3.418788365464301648e+00 1.012110000000000065e+00
4.857020000000000000e+06 1.000000000000000000e+00 6.500000000000000000e+01 8.371308000000000902e+03 5.246761222871449718e+03 4.340102318950757763e+02 0.000000000000000000e+00 8.236035057183920927e+00 1.605000000000000071e+01
4.857105000000000000e+06 1.000000000000000000e+00 6.500000000000000000e+01 8.373870999999999185e+03 5.260568722871449609e+03 4.045902318950757035e+02 0.000000000000000000e+00 3.912407430703100708e+00 1.339000000000000057e+01
4.857108000000000000e+06 1.000000000000000000e+00 6.600000000000000000e+01 8.374293999999999869e+03 5.264485722871449980e+03 3.970702318950761764e+02 0.000000000000000000e+00 4.856662764154966005e+00 1.078999999999999915e+01
4.857103000000000000e+06 1.000000000000000000e+00 6.500000000000000000e+01 8.373855999999999767e+03 5.267111722871450183e+03 3.911802318950758490e+02 0.000000000000000000e+00 4.799182387208327683e+00 1.605000000000000071e+01
7.655580000000000000e+05 1.000000000000000000e+00 6.600000000000000000e+01 8.362211999999999534e+03 5.386691722871450111e+03 5.777023189507599454e+01 0.000000000000000000e+00 6.845386943747997499e+00 1.078999999999999915e+01
7.666220000000000000e+05 1.000000000000000000e+00 6.600000000000000000e+01 8.379706000000000131e+03 5.398618722871449791e+03 6.458023189507639472e+01 0.000000000000000000e+00 4.522056567349125977e+00 1.605000000000000071e+01
7.650020000000000000e+05 1.000000000000000000e+00 6.600000000000000000e+01 8.399191999999999098e+03 5.414319722871449812e+03 7.212023189507635834e+01 0.000000000000000000e+00 3.119007868097035008e+00 1.078999999999999915e+01
7.650020000000000000e+05 1.000000000000000000e+00 6.600000000000000000e+01 8.399961999999999534e+03 5.414917722871449769e+03 7.254023189507643110e+01 0.000000000000000000e+00 3.084957799933339739e+00 1.339000000000000057e+01
7.649970000000000000e+05 0.000000000000000000e+00 6.500000000000000000e+01 8.412019000000000233e+03 5.425982722871449369e+03 7.820023189507628558e+01 0.000000000000000000e+00 2.025159136241503788e+00 1.605000000000000071e+01
7.666720000000000000e+05 0.000000000000000000e+00 6.500000000000000000e+01 8.456590000000000146e+03 5.461548722871450082e+03 9.133023189507639472e+01 0.000000000000000000e+00 1.087783182998072640e+00 1.339000000000000057e+01
7.666710000000000000e+05 0.000000000000000000e+00 6.600000000000000000e+01 8.462773999999999432e+03 5.465417722871449769e+03 9.322023189507672214e+01 0.000000000000000000e+00 1.442194924273130008e+00 1.000000000000000000e+01
7.660290000000000000e+05 1.000000000000000000e+00 6.600000000000000000e+01 8.464519000000000233e+03 5.466509722871449412e+03 9.375023189507555799e+01 0.000000000000000000e+00 2.562533386486908427e+00 1.078999999999999915e+01
7.661100000000000000e+05 1.000000000000000000e+00 6.600000000000000000e+01 8.476315000000000509e+03 5.474740722871450089e+03 9.893023189507584902e+01 0.000000000000000000e+00 1.003040921467941660e+00 1.078999999999999915e+01
7.661350000000000000e+05 1.000000000000000000e+00 6.500000000000000000e+01 8.520110000000000582e+03 5.515181722871449892e+03 1.212302318950760309e+02 0.000000000000000000e+00 6.427077508238464354e+00 8.220000000000000639e+00
7.661320000000000000e+05 1.000000000000000000e+00 6.500000000000000000e+01 8.509569999999999709e+03 5.533039722871450067e+03 1.290602318950759582e+02 0.000000000000000000e+00 3.468587462981016944e+00 1.339000000000000057e+01
7.676710000000000000e+05 1.000000000000000000e+00 6.600000000000000000e+01 8.480920000000000073e+03 5.521771722871450038e+03 1.453002318950766494e+02 0.000000000000000000e+00 1.576199896555311231e+00 3.229999999999999716e+01
7.676710000000000000e+05 1.000000000000000000e+00 6.600000000000000000e+01 8.482051999999999680e+03 5.517731722871450074e+03 1.480302318950762128e+02 0.000000000000000000e+00 6.086060802547171633e+00 1.078999999999999915e+01
7.676710000000000000e+05 1.000000000000000000e+00 6.600000000000000000e+01 8.482443999999999505e+03 5.516231722871450074e+03 1.487702318950759945e+02 0.000000000000000000e+00 7.753135074449668096e+00 1.605000000000000071e+01
7.659380000000000000e+05 1.000000000000000000e+00 6.600000000000000000e+01 8.459869000000000597e+03 5.488533722871449754e+03 1.669402318950760673e+02 0.000000000000000000e+00 9.956605313318013017e+00 1.339000000000000057e+01
7.668580000000000000e+05 1.000000000000000000e+00 6.500000000000000000e+01 8.466617000000000189e+03 5.493213722871450045e+03 1.738402318950757035e+02 0.000000000000000000e+00 7.517392182763555475e+00 1.078999999999999915e+01
7.668580000000000000e+05 1.000000000000000000e+00 6.500000000000000000e+01 8.466663000000000466e+03 5.494499722871450103e+03 1.732502318950755580e+02 0.000000000000000000e+00 8.174811613916210362e+00 1.078999999999999915e+01
7.659420000000000000e+05 1.000000000000000000e+00 6.500000000000000000e+01 8.463244000000000597e+03 5.500267722871450133e+03 1.751502318950761037e+02 0.000000000000000000e+00 7.724112631200209300e+00 1.078999999999999915e+01
7.659420000000000000e+05 1.000000000000000000e+00 6.500000000000000000e+01 8.463244000000000597e+03 5.500267722871450133e+03 1.751502318950761037e+02 0.000000000000000000e+00 7.724112631200209300e+00 6.725039999999999907e+00
7.659420000000000000e+05 1.000000000000000000e+00 6.500000000000000000e+01 8.463244000000000597e+03 5.500267722871450133e+03 1.751502318950761037e+02 0.000000000000000000e+00 7.724112631200209300e+00 4.975310000000000343e+00
7.668580000000000000e+05 1.000000000000000000e+00 6.500000000000000000e+01 8.466663000000000466e+03 5.494499722871450103e+03 1.732502318950755580e+02 0.000000000000000000e+00 8.174811613916210362e+00 7.311749999999999972e+00
7.668580000000000000e+05 1.000000000000000000e+00 6.500000000000000000e+01 8.466617000000000189e+03 5.493213722871450045e+03 1.738402318950757035e+02 0.000000000000000000e+00 7.517392182763555475e+00 2.986819999999999808e+00
7.668620000000000000e+05 1.000000000000000000e+00 6.600000000000000000e+01 8.460966000000000349e+03 5.490658722871449754e+03 1.815302318950762128e+02 0.000000000000000000e+00 5.685019196973446931e+00 9.199999999999999845e-02
7.668620000000000000e+05 1.000000000000000000e+00 6.600000000000000000e+01 8.460361000000000786e+03 5.490249722871450103e+03 1.833202318950761764e+02 0.000000000000000000e+00 5.216637839210418015e+00 2.400000000000000050e-02
7.659410000000000000e+05 0.000000000000000000e+00 6.600000000000000000e+01 8.443596999999999753e+03 5.488184722871449594e+03 1.709702318950758126e+02 0.000000000000000000e+00 1.342136090540375859e+00 2.400000000000000050e-02
7.659450000000000000e+05 0.000000000000000000e+00 6.500000000000000000e+01 8.453834000000000742e+03 5.499286722871449456e+03 1.852702318950759945e+02 0.000000000000000000e+00 4.034334287165830979e+00 6.099999999999999867e-02
7.659450000000000000e+05 0.000000000000000000e+00 6.600000000000000000e+01 8.454924999999999272e+03 5.500262722871450023e+03 1.851602318950754125e+02 0.000000000000000000e+00 4.514351332898751679e+00 8.349999999999999645e-01
7.659450000000000000e+05 0.000000000000000000e+00 6.600000000000000000e+01 8.454924999999999272e+03 5.500262722871450023e+03 1.851602318950754125e+02 0.000000000000000000e+00 4.514351332898751679e+00 6.569169999999999732e+00
7.659380000000000000e+05 1.000000000000000000e+00 6.600000000000000000e+01 8.456823000000000320e+03 5.488925722871449580e+03 1.666502318950761037e+02 0.000000000000000000e+00 7.171513759120692555e+00 1.078999999999999915e+01
7.659380000000000000e+05 0.000000000000000000e+00 6.500000000000000000e+01 8.440199000000000524e+03 5.481818722871449609e+03 1.618802318950765766e+02 0.000000000000000000e+00 6.206476932600020202e-01 2.400000000000000050e-02
7.659430000000000000e+05 1.000000000000000000e+00 6.500000000000000000e+01 8.445066999999999098e+03 5.488082722871449732e+03 1.768802318950765766e+02 0.000000000000000000e+00 3.780204893321629900e+00 9.199999999999999845e-02
7.659410000000000000e+05 1.000000000000000000e+00 6.600000000000000000e+01 8.443666999999999462e+03 5.485337722871449841e+03 1.766902318950760673e+02 0.000000000000000000e+00 4.333615131761113126e+00 4.169999999999999818e-01
7.659430000000000000e+05 1.000000000000000000e+00 6.600000000000000000e+01 8.438166999999999462e+03 5.498477722871450169e+03 1.756502318950761037e+02 0.000000000000000000e+00 1.924064681732353232e+00 2.039999999999999869e-01
7.659430000000000000e+05 1.000000000000000000e+00 6.600000000000000000e+01 8.438505999999999403e+03 5.498888722871449318e+03 1.756002318950759218e+02 0.000000000000000000e+00 1.669895778279726350e+00 6.099999999999999867e-02
7.659420000000000000e+05 1.000000000000000000e+00 6.600000000000000000e+01 8.432558000000000902e+03 5.496206722871449529e+03 1.707402318950762492e+02 0.000000000000000000e+00 6.262210612689960598e+00 9.199999999999999845e-02
7.659420000000000000e+05 1.000000000000000000e+00 6.600000000000000000e+01 8.434748999999999796e+03 5.492349722871449558e+03 1.674502318950762856e+02 0.000000000000000000e+00 5.908034845477274644e+00 9.199999999999999845e-02
7.659380000000000000e+05 1.000000000000000000e+00 6.500000000000000000e+01 8.431841000000000349e+03 5.493348722871449354e+03 1.576402318950767949e+02 0.000000000000000000e+00 6.459125844708128561e+00 9.199999999999999845e-02
7.659370000000000000e+05 1.000000000000000000e+00 6.500000000000000000e+01 8.429397000000000844e+03 5.483219722871449449e+03 1.541102318950761401e+02 0.000000000000000000e+00 6.672305739285976145e+00 5.000000000000000000e-01
7.659370000000000000e+05 1.000000000000000000e+00 6.500000000000000000e+01 8.429397000000000844e+03 5.483219722871449449e+03 1.541102318950761401e+02 0.000000000000000000e+00 6.672305739285976145e+00 7.023399999999999643e+00
7.668550000000000000e+05 1.000000000000000000e+00 6.600000000000000000e+01 8.482225000000000364e+03 5.496648722871449536e+03 1.637502318950755580e+02 0.000000000000000000e+00 8.916153324956374249e+00 1.078999999999999915e+01
7.668550000000000000e+05 1.000000000000000000e+00 6.600000000000000000e+01 8.482216000000000349e+03 5.496987722871449478e+03 1.633302318950754852e+02 0.000000000000000000e+00 9.419331984228525911e+00 2.400000000000000050e-02
7.668550000000000000e+05 1.000000000000000000e+00 6.600000000000000000e+01 8.485629999999999200e+03 5.499057722871450096e+03 1.696602318950754125e+02 0.000000000000000000e+00 7.145986229687844471e+00 2.400000000000000050e-02
7.668600000000000000e+05 1.000000000000000000e+00 6.500000000000000000e+01 8.483872999999999593e+03 5.508682722871450096e+03 2.022802318950762128e+02 0.000000000000000000e+00 9.603762033323070213e+00 2.400000000000000050e-02
7.659570000000000000e+05 1.000000000000000000e+00 6.600000000000000000e+01 8.482189000000000306e+03 5.509489722871449885e+03 2.043602318950761401e+02 0.000000000000000000e+00 9.730270991710776585e+00 9.199999999999999845e-02
7.668650000000000000e+05 1.000000000000000000e+00 6.600000000000000000e+01 8.476322000000000116e+03 5.505817722871449405e+03 2.034702318950758126e+02 0.000000000000000000e+00 6.009716657241827242e+00 2.400000000000000050e-02
7.668600000000000000e+05 1.000000000000000000e+00 6.500000000000000000e+01 8.473983000000000175e+03 5.500513722871449318e+03 1.964702318950758126e+02 0.000000000000000000e+00 6.084146010515892655e+00 9.199999999999999845e-02
7.668610000000000000e+05 0.000000000000000000e+00 6.500000000000000000e+01 8.473954999999999927e+03 5.497858722871449572e+03 1.935602318950759582e+02 0.000000000000000000e+00 5.388187187406455969e+00 9.199999999999999845e-02
7.668630000000000000e+05 0.000000000000000000e+00 6.600000000000000000e+01 8.470417999999999665e+03 5.495293722871449972e+03 1.993102318950759582e+02 0.000000000000000000e+00 9.804158721997257020e-01 6.099999999999999867e-02
7.668640000000000000e+05 1.000000000000000000e+00 6.600000000000000000e+01 8.467802999999999884e+03 5.495035722871450162e+03 1.998202318950761764e+02 0.000000000000000000e+00 8.124325857693697195e-01 9.199999999999999845e-02
7.668660000000000000e+05 0.000000000000000000e+00 6.600000000000000000e+01 8.468933999999999287e+03 5.488264722871449521e+03 2.044202318950756307e+02 0.000000000000000000e+00 1.894213917657355806e+00 6.099999999999999867e-02
7.668680000000000000e+05 1.000000000000000000e+00 6.600000000000000000e+01 8.471456000000000131e+03 5.486490722871450089e+03 2.079902318950762492e+02 0.000000000000000000e+00 1.173391523317595331e+00 9.199999999999999845e-02
7.668720000000000000e+05 1.000000000000000000e+00 6.500000000000000000e+01 8.471593000000000757e+03 5.478028722871449645e+03 2.156302318950765766e+02 0.000000000000000000e+00 3.961070288959278596e-01 9.199999999999999845e-02
7.668720000000000000e+05 1.000000000000000000e+00 6.500000000000000000e+01 8.469461999999999534e+03 5.479293722871449972e+03 2.160302318950762128e+02 0.000000000000000000e+00 6.917405604705968436e-01 2.400000000000000050e-02
7.668770000000000000e+05 1.000000000000000000e+00 6.600000000000000000e+01 8.473170000000000073e+03 5.474663722871449863e+03 2.206802318950758490e+02 0.000000000000000000e+00 2.588508903746579382e+00 6.099999999999999867e-02
7.658810000000000000e+05 1.000000000000000000e+00 6.500000000000000000e+01 8.468081000000000131e+03 5.473907722871449550e+03 2.234202318950756307e+02 0.000000000000000000e+00 9.766773276726158359e-01 4.169999999999999818e-01
7.668770000000000000e+05 0.000000000000000000e+00 6.600000000000000000e+01 8.467925999999999476e+03 5.468267722871450133e+03 2.218902318950758854e+02 0.000000000000000000e+00 4.826384548569852551e-01 2.400000000000000050e-02
7.658830000000000000e+05 0.000000000000000000e+00 6.500000000000000000e+01 8.466656999999999243e+03 5.462950722871450125e+03 2.214602318950765039e+02 0.000000000000000000e+00 2.484364749957977958e-01 2.400000000000000050e-02
7.658840000000000000e+05 1.000000000000000000e+00 6.600000000000000000e+01 8.468879999999999200e+03 5.459610722871449980e+03 2.344102318950763220e+02 0.000000000000000000e+00 2.388574110190750943e+00 6.099999999999999867e-02
7.658840000000000000e+05 1.000000000000000000e+00 6.600000000000000000e+01 8.468879999999999200e+03 5.459610722871449980e+03 2.344102318950763220e+02 0.000000000000000000e+00 2.388574110190750943e+00 7.365339999999999776e+00
7.661280000000000000e+05 1.000000000000000000e+00 6.500000000000000000e+01 8.496764999999999418e+03 5.509148722871449536e+03 1.422802318950762128e+02 0.000000000000000000e+00 4.697841910020893685e+00 9.199999999999999845e-02
7.661280000000000000e+05 1.000000000000000000e+00 6.500000000000000000e+01 8.502309999999999491e+03 5.513545722871449470e+03 1.394302318950758490e+02 0.000000000000000000e+00 2.945856062528197761e+00 2.400000000000000050e-02
7.661280000000000000e+05 1.000000000000000000e+00 6.500000000000000000e+01 8.502889999999999418e+03 5.513580722871450234e+03 1.416802318950758490e+02 0.000000000000000000e+00 3.563474718582793965e+00 1.078999999999999915e+01
7.661280000000000000e+05 1.000000000000000000e+00 6.500000000000000000e+01 8.502889999999999418e+03 5.513580722871450234e+03 1.416802318950758490e+02 0.000000000000000000e+00 3.563474718582793965e+00 7.213339999999999641e+00
7.661280000000000000e+05 1.000000000000000000e+00 6.500000000000000000e+01 8.502889999999999418e+03 5.513580722871450234e+03 1.416802318950758490e+02 0.000000000000000000e+00 3.563474718582793965e+00 1.313450000000000006e+00
7.676710000000000000e+05 1.000000000000000000e+00 6.600000000000000000e+01 8.482051999999999680e+03 5.517731722871450074e+03 1.480302318950762128e+02 0.000000000000000000e+00 6.086060802547171633e+00 4.500020000000000131e+00
7.661230000000000000e+05 0.000000000000000000e+00 6.600000000000000000e+01 8.486690000000000509e+03 5.505078722871449827e+03 1.262002318950762856e+02 0.000000000000000000e+00 3.491710040425614725e+00 9.199999999999999845e-02
7.661220000000000000e+05 0.000000000000000000e+00 6.600000000000000000e+01 8.481819999999999709e+03 5.504410722871450162e+03 1.295102318950757763e+02 0.000000000000000000e+00 1.516668137466342881e+00 2.039999999999999869e-01
7.661210000000000000e+05 1.000000000000000000e+00 6.600000000000000000e+01 8.485119000000000597e+03 5.495720722871449652e+03 1.219202318950756307e+02 0.000000000000000000e+00 8.526262395536126082e-01 1.339000000000000057e+01
7.661210000000000000e+05 1.000000000000000000e+00 6.600000000000000000e+01 8.485119000000000597e+03 5.495720722871449652e+03 1.219202318950756307e+02 0.000000000000000000e+00 8.526262395536126082e-01 1.394840000000000080e+00
7.661210000000000000e+05 1.000000000000000000e+00 6.600000000000000000e+01 8.485119000000000597e+03 5.495720722871449652e+03 1.219202318950756307e+02 0.000000000000000000e+00 8.526262395536126082e-01 2.316139999999999866e-01
7.676670000000000000e+05 1.000000000000000000e+00 6.600000000000000000e+01 8.486879000000000815e+03 5.540497722871449696e+03 1.347202318950758126e+02 0.000000000000000000e+00 5.531879322256980203e+00 2.400000000000000050e-02
7.676670000000000000e+05 1.000000000000000000e+00 6.600000000000000000e+01 8.486450000000000728e+03 5.537428722871450191e+03 1.337802318950762128e+02 0.000000000000000000e+00 2.526990401310296175e+00 9.199999999999999845e-02
7.676650000000000000e+05 1.000000000000000000e+00 6.600000000000000000e+01 8.476094999999999345e+03 5.537436722871450002e+03 1.222302318950760309e+02 0.000000000000000000e+00 9.590255237117037979e+00 4.169999999999999818e-01
7.663040000000000000e+05 1.000000000000000000e+00 6.500000000000000000e+01 8.451584999999999127e+03 5.541248722871449900e+03 8.431023189507595816e+01 0.000000000000000000e+00 3.552127218394122377e+00 6.099999999999999867e-02
7.663040000000000000e+05 1.000000000000000000e+00 6.500000000000000000e+01 8.446605999999999767e+03 5.545186722871450002e+03 9.035023189507592178e+01 0.000000000000000000e+00 8.959865255890781199e+00 4.169999999999999818e-01
7.650560000000000000e+05 1.000000000000000000e+00 6.600000000000000000e+01 8.443472999999999956e+03 5.515236722871450183e+03 1.092002318950762856e+02 0.000000000000000000e+00 2.668540027126990122e+00 2.400000000000000050e-02
7.650570000000000000e+05 1.000000000000000000e+00 6.600000000000000000e+01 8.445331000000000131e+03 5.508150722871449943e+03 1.053002318950766494e+02 0.000000000000000000e+00 3.928552431843388870e+00 9.199999999999999845e-02
7.650560000000000000e+05 1.000000000000000000e+00 6.600000000000000000e+01 8.446962999999999738e+03 5.515289722871450067e+03 1.132302318950760309e+02 0.000000000000000000e+00 9.647255914130346000e-01 4.169999999999999818e-01
7.650560000000000000e+05 1.000000000000000000e+00 6.600000000000000000e+01 8.443055000000000291e+03 5.517826722871449419e+03 1.108102318950759582e+02 0.000000000000000000e+00 1.049985804895518848e+00 9.199999999999999845e-02
7.650530000000000000e+05 1.000000000000000000e+00 6.600000000000000000e+01 8.441742000000000189e+03 5.509850722871449761e+03 1.245502318950766494e+02 0.000000000000000000e+00 2.022294961244850420e+00 4.169999999999999818e-01
7.650530000000000000e+05 1.000000000000000000e+00 6.600000000000000000e+01 8.441765999999999622e+03 5.509710722871449434e+03 1.249102318950754125e+02 0.000000000000000000e+00 1.771014136231030989e+00 4.169999999999999818e-01
7.650520000000000000e+05 1.000000000000000000e+00 6.600000000000000000e+01 8.440909999999999854e+03 5.513015722871449725e+03 1.377002318950762856e+02 0.000000000000000000e+00 5.897981956136254311e+00 4.169999999999999818e-01
7.649640000000000000e+05 1.000000000000000000e+00 6.600000000000000000e+01 8.419444999999999709e+03 5.515800722871449580e+03 1.562702318950759945e+02 0.000000000000000000e+00 7.534028291445343584e+00 9.199999999999999845e-02
7.649630000000000000e+05 1.000000000000000000e+00 6.600000000000000000e+01 8.415911000000000058e+03 5.512609722871449776e+03 1.604802318950760309e+02 0.000000000000000000e+00 9.307447173275200214e+00 9.199999999999999845e-02
7.649590000000000000e+05 1.000000000000000000e+00 6.500000000000000000e+01 8.412296000000000276e+03 5.513083722871449936e+03 1.624502318950762856e+02 0.000000000000000000e+00 9.414251521246120191e+00 2.400000000000000050e-02
7.649630000000000000e+05 1.000000000000000000e+00 6.600000000000000000e+01 8.415129999999999200e+03 5.511565722871449907e+03 1.616202318950763583e+02 0.000000000000000000e+00 9.319632216375564937e+00 9.199999999999999845e-02
7.649650000000000000e+05 1.000000000000000000e+00 6.600000000000000000e+01 8.434031999999999243e+03 5.510239722871449885e+03 1.527502318950755580e+02 0.000000000000000000e+00 9.740710637985444009e+00 9.199999999999999845e-02
7.649650000000000000e+05 1.000000000000000000e+00 6.600000000000000000e+01 8.434465000000000146e+03 5.509055722871449689e+03 1.528902318950767949e+02 0.000000000000000000e+00 9.610158901080382066e+00 4.169999999999999818e-01
7.649650000000000000e+05 1.000000000000000000e+00 6.600000000000000000e+01 8.430431000000000495e+03 5.508523722871449536e+03 1.493102318950759582e+02 0.000000000000000000e+00 4.764239141777041553e+00 2.400000000000000050e-02
7.650510000000000000e+05 1.000000000000000000e+00 6.600000000000000000e+01 8.436272999999999229e+03 5.508792722871449769e+03 1.389602318950765039e+02 0.000000000000000000e+00 7.959926745089266120e+00 2.400000000000000050e-02
7.650510000000000000e+05 1.000000000000000000e+00 6.600000000000000000e+01 8.435463999999999942e+03 5.507750722871449398e+03 1.380202318950759945e+02 0.000000000000000000e+00 6.783784604506655214e+00 9.199999999999999845e-02
7.650510000000000000e+05 1.000000000000000000e+00 6.600000000000000000e+01 8.433056000000000495e+03 5.506952722871449623e+03 1.371602318950754125e+02 0.000000000000000000e+00 5.570623896653907003e+00 2.400000000000000050e-02
7.650510000000000000e+05 1.000000000000000000e+00 6.600000000000000000e+01 8.431171000000000276e+03 5.507213722871450045e+03 1.362302318950760309e+02 0.000000000000000000e+00 4.920398541991454877e+00 2.400000000000000050e-02
7.650510000000000000e+05 0.000000000000000000e+00 6.600000000000000000e+01 8.434876000000000204e+03 5.514017722871450133e+03 1.328802318950765766e+02 0.000000000000000000e+00 4.394495895448085498e+00 7.745059999999999611e+00
7.661320000000000000e+05 1.000000000000000000e+00 6.500000000000000000e+01 8.510010000000000218e+03 5.533026722871450147e+03 1.300502318950757399e+02 0.000000000000000000e+00 2.769521356831192715e+00 1.078999999999999915e+01
7.661350000000000000e+05 1.000000000000000000e+00 6.600000000000000000e+01 8.518030000000000655e+03 5.531908722871449754e+03 1.423202318950761764e+02 0.000000000000000000e+00 1.839872524344241089e+00 1.339000000000000057e+01
7.661330000000000000e+05 0.000000000000000000e+00 6.500000000000000000e+01 8.514319999999999709e+03 5.531418722871449972e+03 1.392402318950762492e+02 0.000000000000000000e+00 4.109576590158339648e+00 1.339000000000000057e+01
7.661330000000000000e+05 0.000000000000000000e+00 6.500000000000000000e+01 8.511809999999999491e+03 5.531111722871450183e+03 1.372302318950760309e+02 0.000000000000000000e+00 2.285407701806065450e+00 1.339000000000000057e+01
7.661330000000000000e+05 0.000000000000000000e+00 6.500000000000000000e+01 8.511540000000000873e+03 5.531030722871450052e+03 1.372902318950764311e+02 0.000000000000000000e+00 2.402072789427545096e+00 6.099999999999999867e-02
7.661330000000000000e+05 0.000000000000000000e+00 6.600000000000000000e+01 8.514809999999999491e+03 5.519725722871449761e+03 1.378802318950765766e+02 0.000000000000000000e+00 1.329715717794804908e+00 6.099999999999999867e-02
7.661310000000000000e+05 1.000000000000000000e+00 6.600000000000000000e+01 8.508909999999999854e+03 5.519536722871449456e+03 1.321102318950761401e+02 0.000000000000000000e+00 1.695864964602410430e+00 2.400000000000000050e-02
7.676620000000000000e+05 1.000000000000000000e+00 6.500000000000000000e+01 8.501319999999999709e+03 5.528947722871449514e+03 1.204102318950754125e+02 0.000000000000000000e+00 1.191206473600400662e+00 6.099999999999999867e-02
7.676610000000000000e+05 0.000000000000000000e+00 6.500000000000000000e+01 8.499698000000000320e+03 5.527593722871450154e+03 1.142802318950762128e+02 0.000000000000000000e+00 3.053579536953645146e+00 4.169999999999999818e-01
7.676610000000000000e+05 0.000000000000000000e+00 6.500000000000000000e+01 8.499587999999999738e+03 5.527462722871449841e+03 1.142202318950767221e+02 0.000000000000000000e+00 2.906073875311632637e+00 9.199999999999999845e-02
7.676600000000000000e+05 1.000000000000000000e+00 6.500000000000000000e+01 8.489509000000000015e+03 5.527577722871449623e+03 1.101702318950756307e+02 0.000000000000000000e+00 2.809364825492738582e+00 9.199999999999999845e-02
7.676630000000000000e+05 1.000000000000000000e+00 6.600000000000000000e+01 8.483309999999999491e+03 5.519493722871449791e+03 1.092902318950764311e+02 0.000000000000000000e+00 2.233898697569902669e+00 4.169999999999999818e-01
7.676630000000000000e+05 1.000000000000000000e+00 6.600000000000000000e+01 8.479489999999999782e+03 5.525999722871450103e+03 1.083502318950759218e+02 0.000000000000000000e+00 7.815744713817716516e+00 9.199999999999999845e-02
7.676640000000000000e+05 1.000000000000000000e+00 6.600000000000000000e+01 8.478014999999999418e+03 5.527027722871449441e+03 1.073402318950757035e+02 0.000000000000000000e+00 9.614368677962561449e+00 4.169999999999999818e-01
7.676640000000000000e+05 1.000000000000000000e+00 6.600000000000000000e+01 8.477728999999999360e+03 5.527226722871449965e+03 1.071402318950758854e+02 0.000000000000000000e+00 9.927922875435307049e+00 4.169999999999999818e-01
7.676680000000000000e+05 1.000000000000000000e+00 6.500000000000000000e+01 8.473167999999999665e+03 5.525736722871450183e+03 1.326502318950761037e+02 0.000000000000000000e+00 2.496679586345021296e+00 9.199999999999999845e-02
7.676680000000000000e+05 1.000000000000000000e+00 6.500000000000000000e+01 8.472513999999999214e+03 5.523999722871450103e+03 1.338102318950759582e+02 0.000000000000000000e+00 3.198749142440031612e+00 9.199999999999999845e-02
7.676680000000000000e+05 1.000000000000000000e+00 6.500000000000000000e+01 8.471843999999999141e+03 5.523073722871449718e+03 1.327002318950762856e+02 0.000000000000000000e+00 2.771831760996522842e+00 2.400000000000000050e-02
7.661210000000000000e+05 1.000000000000000000e+00 6.500000000000000000e+01 8.468683000000000902e+03 5.513606722871450074e+03 1.217202318950758126e+02 0.000000000000000000e+00 5.300078387329349106e+00 9.199999999999999845e-02
7.650490000000000000e+05 1.000000000000000000e+00 6.500000000000000000e+01 8.439041999999999462e+03 5.534401722871450147e+03 1.359302318950758490e+02 0.000000000000000000e+00 5.808412701596468608e+00 9.199999999999999845e-02
7.650490000000000000e+05 1.000000000000000000e+00 6.500000000000000000e+01 8.437638999999999214e+03 5.534174722871449376e+03 1.346202318950763583e+02 0.000000000000000000e+00 4.266059160786194404e+00 9.199999999999999845e-02
7.650490000000000000e+05 1.000000000000000000e+00 6.500000000000000000e+01 8.432441999999999098e+03 5.531534722871449958e+03 1.294302318950758490e+02 0.000000000000000000e+00 1.591929150750330590e+00 9.199999999999999845e-02
7.650490000000000000e+05 1.000000000000000000e+00 6.500000000000000000e+01 8.436012999999999010e+03 5.531930722871449689e+03 1.348402318950757035e+02 0.000000000000000000e+00 2.545403573128704799e+00 2.039999999999999869e-01
7.650490000000000000e+05 1.000000000000000000e+00 6.500000000000000000e+01 8.433972999999999956e+03 5.533357722871449369e+03 1.363702318950763583e+02 0.000000000000000000e+00 4.839962480947868073e+00 4.169999999999999818e-01
7.650470000000000000e+05 1.000000000000000000e+00 6.500000000000000000e+01 8.430125000000000000e+03 5.529814722871449703e+03 1.434502318950762856e+02 0.000000000000000000e+00 7.337297436593559041e+00 6.099999999999999867e-02
7.650470000000000000e+05 1.000000000000000000e+00 6.500000000000000000e+01 8.429431000000000495e+03 5.528543722871449972e+03 1.441302318950765766e+02 0.000000000000000000e+00 7.044763481560538665e+00 2.400000000000000050e-02
7.650480000000000000e+05 1.000000000000000000e+00 6.500000000000000000e+01 8.429542999999999665e+03 5.526560722871449798e+03 1.430302318950762128e+02 0.000000000000000000e+00 6.014723944398625122e+00 9.199999999999999845e-02
7.650470000000000000e+05 1.000000000000000000e+00 6.500000000000000000e+01 8.428086999999999534e+03 5.521291722871449565e+03 1.417602318950757763e+02 0.000000000000000000e+00 3.435911165177374382e+00 2.039999999999999869e-01
7.650470000000000000e+05 1.000000000000000000e+00 6.500000000000000000e+01 8.428086999999999534e+03 5.521291722871449565e+03 1.417602318950757763e+02 0.000000000000000000e+00 3.435911165177374382e+00 7.320079999999999920e+00
7.661330000000000000e+05 0.000000000000000000e+00 6.500000000000000000e+01 8.514319999999999709e+03 5.531418722871449972e+03 1.392402318950762492e+02 0.000000000000000000e+00 4.109576590158339648e+00 4.746710000000000207e+00
7.661350000000000000e+05 1.000000000000000000e+00 6.600000000000000000e+01 8.518030000000000655e+03 5.531908722871449754e+03 1.423202318950761764e+02 0.000000000000000000e+00 1.839872524344241089e+00 2.426109999999999989e+00
7.661320000000000000e+05 1.000000000000000000e+00 6.500000000000000000e+01 8.510010000000000218e+03 5.533026722871450147e+03 1.300502318950757399e+02 0.000000000000000000e+00 2.769521356831192715e+00 5.066259999999999764e+00
7.662020000000000000e+05 1.000000000000000000e+00 6.600000000000000000e+01 8.452950000000000728e+03 5.474148722871449536e+03 9.201023189507577627e+01 0.000000000000000000e+00 1.319386896063877490e+00 9.199999999999999845e-02
7.663760000000000000e+05 1.000000000000000000e+00 6.600000000000000000e+01 8.448421000000000276e+03 5.491092722871449951e+03 8.148023189507603092e+01 0.000000000000000000e+00 3.064984132684619667e+00 9.199999999999999845e-02
7.662060000000000000e+05 0.000000000000000000e+00 6.600000000000000000e+01 8.448381999999999607e+03 5.490397722871449332e+03 8.619023189507606730e+01 0.000000000000000000e+00 8.609281526467035262e-01 2.400000000000000050e-02
7.666750000000000000e+05 0.000000000000000000e+00 6.500000000000000000e+01 8.444177999999999884e+03 5.463890722871449725e+03 8.614023189507588540e+01 0.000000000000000000e+00 3.588919689872366092e+00 6.099999999999999867e-02
7.650680000000000000e+05 0.000000000000000000e+00 6.500000000000000000e+01 8.447939000000000306e+03 5.470426722871449783e+03 8.278023189507621282e+01 0.000000000000000000e+00 1.389869869953582748e+00 9.199999999999999845e-02
7.650680000000000000e+05 1.000000000000000000e+00 6.500000000000000000e+01 8.450745999999999185e+03 5.475409722871449958e+03 7.931023189507595816e+01 0.000000000000000000e+00 2.310608189536000001e+00 4.169999999999999818e-01
7.650690000000000000e+05 1.000000000000000000e+00 6.500000000000000000e+01 8.447960999999999331e+03 5.474701722871449419e+03 7.447023189507672214e+01 0.000000000000000000e+00 2.013929184680608220e+00 4.169999999999999818e-01
7.650690000000000000e+05 1.000000000000000000e+00 6.500000000000000000e+01 8.447873999999999796e+03 5.475749722871450103e+03 7.511023189507614006e+01 0.000000000000000000e+00 2.115711257513384513e+00 4.169999999999999818e-01
7.650670000000000000e+05 1.000000000000000000e+00 6.600000000000000000e+01 8.442425999999999476e+03 5.485222722871450060e+03 8.427023189507599454e+01 0.000000000000000000e+00 9.516611589071674038e-01 9.199999999999999845e-02
7.662080000000000000e+05 1.000000000000000000e+00 6.500000000000000000e+01 8.446415000000000873e+03 5.485185722871449798e+03 7.732023189507526695e+01 0.000000000000000000e+00 1.472360998738300841e+00 9.199999999999999845e-02
7.662080000000000000e+05 1.000000000000000000e+00 6.500000000000000000e+01 8.445933999999999287e+03 5.486662722871449660e+03 7.423023189507603092e+01 0.000000000000000000e+00 8.442291436632824997e-01 9.199999999999999845e-02
7.662920000000000000e+05 1.000000000000000000e+00 6.500000000000000000e+01 8.441459999999999127e+03 5.483222722871450060e+03 7.084023189507570351e+01 0.000000000000000000e+00 7.166221542821445967e-01 4.169999999999999818e-01
7.662140000000000000e+05 1.000000000000000000e+00 6.500000000000000000e+01 8.424887000000000626e+03 5.495133722871450118e+03 7.136023189507614006e+01 0.000000000000000000e+00 1.316294192050068368e+00 9.199999999999999845e-02
7.662140000000000000e+05 1.000000000000000000e+00 6.500000000000000000e+01 8.424887000000000626e+03 5.495133722871450118e+03 7.136023189507614006e+01 0.000000000000000000e+00 1.316294192050068368e+00 7.392120000000000246e+00
7.660290000000000000e+05 1.000000000000000000e+00 6.600000000000000000e+01 8.464519000000000233e+03 5.466509722871449412e+03 9.375023189507555799e+01 0.000000000000000000e+00 2.562533386486908427e+00 5.713090000000000224e+00
7.660350000000000000e+05 1.000000000000000000e+00 6.600000000000000000e+01 8.463212999999999738e+03 5.483381722871449711e+03 8.102023189507599454e+01 0.000000000000000000e+00 4.690149512003162435e+00 4.169999999999999818e-01
7.660360000000000000e+05 0.000000000000000000e+00 6.500000000000000000e+01 8.473615999999999985e+03 5.476437722871450205e+03 8.262023189507635834e+01 0.000000000000000000e+00 9.956287067445683814e-01 8.220000000000000639e+00
7.660360000000000000e+05 0.000000000000000000e+00 6.500000000000000000e+01 8.473615999999999985e+03 5.476437722871450205e+03 8.262023189507635834e+01 0.000000000000000000e+00 9.956287067445683814e-01 3.482009999999999827e+00
7.649970000000000000e+05 0.000000000000000000e+00 6.500000000000000000e+01 8.411522999999999229e+03 5.428047722871449878e+03 7.897023189507672214e+01 0.000000000000000000e+00 1.959519181633737617e+00 6.099999999999999867e-02
7.649970000000000000e+05 0.000000000000000000e+00 6.500000000000000000e+01 8.412656999999999243e+03 5.429432722871450096e+03 7.828023189507621282e+01 0.000000000000000000e+00 1.238499399232680487e+00 4.169999999999999818e-01
7.649970000000000000e+05 0.000000000000000000e+00 6.500000000000000000e+01 8.414101000000000568e+03 5.428941722871450111e+03 7.977023189507599454e+01 0.000000000000000000e+00 1.324043560258465924e+00 6.099999999999999867e-02
7.649950000000000000e+05 1.000000000000000000e+00 6.500000000000000000e+01 8.420699000000000524e+03 5.425921722871449674e+03 8.484023189507570351e+01 0.000000000000000000e+00 1.886722636789174734e+00 2.400000000000000050e-02
7.649950000000000000e+05 1.000000000000000000e+00 6.500000000000000000e+01 8.420960999999999331e+03 5.418610722871449980e+03 8.146023189507650386e+01 0.000000000000000000e+00 4.680314564872506189e+00 9.199999999999999845e-02
7.649930000000000000e+05 1.000000000000000000e+00 6.600000000000000000e+01 8.429113999999999578e+03 5.420025722871449943e+03 7.936023189507614006e+01 0.000000000000000000e+00 2.569273989707738792e+00 1.078999999999999915e+01
7.649930000000000000e+05 1.000000000000000000e+00 6.600000000000000000e+01 8.429113999999999578e+03 5.420025722871449943e+03 7.936023189507614006e+01 0.000000000000000000e+00 2.569273989707738792e+00 2.969920000000000115e+00
7.649930000000000000e+05 1.000000000000000000e+00 6.600000000000000000e+01 8.429113999999999578e+03 5.420025722871449943e+03 7.936023189507614006e+01 0.000000000000000000e+00 2.569273989707738792e+00 3.556469999999999909e-01
7.650020000000000000e+05 1.000000000000000000e+00 6.600000000000000000e+01 8.396049999999999272e+03 5.413874722871450103e+03 7.388023189507657662e+01 0.000000000000000000e+00 2.550209990634825008e+00 4.169999999999999818e-01
7.650020000000000000e+05 1.000000000000000000e+00 6.600000000000000000e+01 8.396950000000000728e+03 5.415094722871449449e+03 7.928023189507621282e+01 0.000000000000000000e+00 4.740449842108883871e+00 9.199999999999999845e-02
7.650020000000000000e+05 1.000000000000000000e+00 6.600000000000000000e+01 8.397072000000000116e+03 5.413890722871449725e+03 7.776023189507577627e+01 0.000000000000000000e+00 3.852572391793279483e+00 9.199999999999999845e-02
7.650020000000000000e+05 1.000000000000000000e+00 6.600000000000000000e+01 8.397119000000000597e+03 5.413435722871449798e+03 7.718023189507584902e+01 0.000000000000000000e+00 3.629940663798826961e+00 9.199999999999999845e-02
7.650010000000000000e+05 0.000000000000000000e+00 6.600000000000000000e+01 8.402506999999999607e+03 5.419596722871449856e+03 7.420023189507628558e+01 0.000000000000000000e+00 4.653208306006163752e+00 9.199999999999999845e-02
7.650010000000000000e+05 1.000000000000000000e+00 6.600000000000000000e+01 8.405779000000000451e+03 5.418242722871449587e+03 7.667023189507563075e+01 0.000000000000000000e+00 5.317477259695317926e+00 9.199999999999999845e-02
7.649950000000000000e+05 1.000000000000000000e+00 6.500000000000000000e+01 8.416575999999999112e+03 5.426031722871449347e+03 8.803023189507621282e+01 0.000000000000000000e+00 2.883634129054794659e+00 2.400000000000000050e-02
7.649950000000000000e+05 1.000000000000000000e+00 6.500000000000000000e+01 8.410956000000000131e+03 5.429571722871450220e+03 9.326023189507577627e+01 0.000000000000000000e+00 8.483908494474055928e+00 9.199999999999999845e-02
7.649930000000000000e+05 1.000000000000000000e+00 6.500000000000000000e+01 8.419940000000000509e+03 5.434396722871450038e+03 9.537023189507635834e+01 0.000000000000000000e+00 8.557469187299803437e+00 4.169999999999999818e-01
7.649930000000000000e+05 1.000000000000000000e+00 6.500000000000000000e+01 8.419940000000000509e+03 5.434396722871450038e+03 9.537023189507635834e+01 0.000000000000000000e+00 8.557469187299803437e+00 7.122700000000000031e+00
7.666200000000000000e+05 1.000000000000000000e+00 6.500000000000000000e+01 8.396257999999999811e+03 5.406381722871449711e+03 6.563023189507657662e+01 0.000000000000000000e+00 1.973548062133403835e+00 4.169999999999999818e-01
7.666170000000000000e+05 1.000000000000000000e+00 6.600000000000000000e+01 8.399493000000000393e+03 5.408273722871449536e+03 6.088023189507657662e+01 0.000000000000000000e+00 1.810679062084862734e+00 6.099999999999999867e-02
7.666130000000000000e+05 1.000000000000000000e+00 6.500000000000000000e+01 8.397820999999999913e+03 5.404649722871449740e+03 5.138023189507657662e+01 0.000000000000000000e+00 3.889475975700873889e+00 9.199999999999999845e-02
7.666180000000000000e+05 1.000000000000000000e+00 6.600000000000000000e+01 8.398311999999999898e+03 5.403427722871449987e+03 4.916023189507541247e+01 0.000000000000000000e+00 4.612062716763748682e+00 4.169999999999999818e-01
7.666180000000000000e+05 1.000000000000000000e+00 6.600000000000000000e+01 8.399274999999999636e+03 5.400691722871450111e+03 4.796023189507650386e+01 0.000000000000000000e+00 4.585467479178114480e+00 4.169999999999999818e-01
7.666180000000000000e+05 1.000000000000000000e+00 6.600000000000000000e+01 8.399304000000000087e+03 5.398855722871449871e+03 4.618023189507584902e+01 0.000000000000000000e+00 5.765933477952401631e+00 9.199999999999999845e-02
7.666180000000000000e+05 1.000000000000000000e+00 6.600000000000000000e+01 8.399804000000000087e+03 5.393288722871449863e+03 4.489023189507588540e+01 0.000000000000000000e+00 9.701755054223621499e+00 6.099999999999999867e-02
7.666230000000000000e+05 1.000000000000000000e+00 6.500000000000000000e+01 8.405718000000000757e+03 5.386897722871449332e+03 4.398023189507603092e+01 0.000000000000000000e+00 9.755162222787776116e+00 2.400000000000000050e-02
7.666230000000000000e+05 1.000000000000000000e+00 6.500000000000000000e+01 8.407702999999999520e+03 5.385172722871449878e+03 4.537023189507635834e+01 0.000000000000000000e+00 9.742072610830714297e+00 9.199999999999999845e-02
7.666220000000000000e+05 1.000000000000000000e+00 6.600000000000000000e+01 8.384727000000000771e+03 5.393113722871449681e+03 6.216023189507541247e+01 0.000000000000000000e+00 6.985392572051579707e-01 4.169999999999999818e-01
7.666220000000000000e+05 1.000000000000000000e+00 6.600000000000000000e+01 8.384727000000000771e+03 5.393113722871449681e+03 6.216023189507541247e+01 0.000000000000000000e+00 6.985392572051579707e-01 7.208420000000000272e+00
7.655590000000000000e+05 1.000000000000000000e+00 6.500000000000000000e+01 8.352038000000000466e+03 5.398331722871449529e+03 7.307023189507617644e+01 0.000000000000000000e+00 1.967666229557301749e+00 9.199999999999999845e-02
7.655550000000000000e+05 1.000000000000000000e+00 6.600000000000000000e+01 8.344260000000000218e+03 5.389357722871449369e+03 6.921023189507650386e+01 0.000000000000000000e+00 1.244071949519714781e+00 4.169999999999999818e-01
7.655560000000000000e+05 1.000000000000000000e+00 6.600000000000000000e+01 8.344657999999999447e+03 5.385657722871449550e+03 6.300023189507555799e+01 0.000000000000000000e+00 5.127659540499603708e+00 9.199999999999999845e-02
7.655560000000000000e+05 1.000000000000000000e+00 6.600000000000000000e+01 8.344718000000000757e+03 5.385684722871449594e+03 6.260023189507592178e+01 0.000000000000000000e+00 5.171670544622035237e+00 9.199999999999999845e-02
7.655560000000000000e+05 1.000000000000000000e+00 6.600000000000000000e+01 8.345118000000000393e+03 5.385690722871449907e+03 6.133023189507548523e+01 0.000000000000000000e+00 4.731677068765470118e+00 6.099999999999999867e-02
7.655560000000000000e+05 1.000000000000000000e+00 6.600000000000000000e+01 8.349179000000000087e+03 5.389482722871449369e+03 5.531023189507595816e+01 0.000000000000000000e+00 9.032961569908223964e+00 4.169999999999999818e-01
7.655470000000000000e+05 1.000000000000000000e+00 6.600000000000000000e+01 8.322968000000000757e+03 5.362223722871449354e+03 5.135023189507592178e+01 0.000000000000000000e+00 3.874804975399136708e+00 1.124000000000000021e+01
7.655470000000000000e+05 1.000000000000000000e+00 6.600000000000000000e+01 8.322968000000000757e+03 5.362223722871449354e+03 5.135023189507592178e+01 0.000000000000000000e+00 3.874804975399136708e+00 4.720799999999999663e+00
4.857103000000000000e+06 1.000000000000000000e+00 6.500000000000000000e+01 8.373855999999999767e+03 5.267111722871450183e+03 3.911802318950758490e+02 0.000000000000000000e+00 4.799182387208327683e+00 6.599879999999999747e+00
4.857104000000000000e+06 1.000000000000000000e+00 6.500000000000000000e+01 8.375817999999999302e+03 5.265051722871449783e+03 3.977002318950762856e+02 0.000000000000000000e+00 3.604992741735280060e+00 1.078999999999999915e+01
4.857103000000000000e+06 1.000000000000000000e+00 6.600000000000000000e+01 8.373522000000000844e+03 5.275126722871449601e+03 4.136002318950759218e+02 0.000000000000000000e+00 3.601836126693377604e+00 9.199999999999999845e-02
4.857102000000000000e+06 1.000000000000000000e+00 6.600000000000000000e+01 8.376975000000000364e+03 5.275905722871450052e+03 4.115202318950759945e+02 0.000000000000000000e+00 5.158951768948651484e+00 4.169999999999999818e-01
4.855650000000000000e+06 1.000000000000000000e+00 6.600000000000000000e+01 8.378744000000000597e+03 5.304355722871449871e+03 4.300502318950757399e+02 0.000000000000000000e+00 8.972012093295463231e+00 6.099999999999999867e-02
4.856210000000000000e+06 1.000000000000000000e+00 6.500000000000000000e+01 8.394443999999999505e+03 5.324805722871449689e+03 4.258402318950757035e+02 0.000000000000000000e+00 1.340898123663044172e+00 1.000000000000000000e+01
4.856210000000000000e+06 1.000000000000000000e+00 6.500000000000000000e+01 8.394443999999999505e+03 5.324805722871449689e+03 4.258402318950757035e+02 0.000000000000000000e+00 1.340898123663044172e+00 2.485500000000000043e+00
4.857104000000000000e+06 1.000000000000000000e+00 6.500000000000000000e+01 8.375817999999999302e+03 5.265051722871449783e+03 3.977002318950762856e+02 0.000000000000000000e+00 3.604992741735280060e+00 3.034379999999999855e-01
4.856852000000000000e+06 1.000000000000000000e+00 6.600000000000000000e+01 8.376173000000000684e+03 5.246974722871449558e+03 3.862402318950762492e+02 0.000000000000000000e+00 4.798541703343841114e+00 9.199999999999999845e-02
4.856997000000000000e+06 1.000000000000000000e+00 6.500000000000000000e+01 8.377701000000000931e+03 5.255225722871449761e+03 3.742502318950755580e+02 0.000000000000000000e+00 8.193323813314242088e+00 2.039999999999999869e-01
4.856997000000000000e+06 1.000000000000000000e+00 6.500000000000000000e+01 8.383465000000000146e+03 5.251258722871450118e+03 3.688502318950759218e+02 0.000000000000000000e+00 2.710431266406903017e+00 9.199999999999999845e-02
4.857000000000000000e+06 1.000000000000000000e+00 6.600000000000000000e+01 8.382015999999999622e+03 5.253091722871449747e+03 3.737002318950762856e+02 0.000000000000000000e+00 6.278315004691203072e+00 1.339000000000000057e+01
4.857000000000000000e+06 1.000000000000000000e+00 6.600000000000000000e+01 8.382671000000000276e+03 5.252934722871449594e+03 3.743302318950754852e+02 0.000000000000000000e+00 5.476651559511293677e+00 2.400000000000000050e-02
4.856998000000000000e+06 0.000000000000000000e+00 6.500000000000000000e+01 8.387884000000000015e+03 5.246154222871449747e+03 3.717602318950757763e+02 0.000000000000000000e+00 1.455060004016550890e+00 4.169999999999999818e-01
4.856998000000000000e+06 0.000000000000000000e+00 6.500000000000000000e+01 8.386684999999999491e+03 5.245486822871449476e+03 3.694502318950762856e+02 0.000000000000000000e+00 1.412615871509999455e+00 9.199999999999999845e-02
4.856997000000000000e+06 1.000000000000000000e+00 6.500000000000000000e+01 8.382422000000000480e+03 5.243365122871449785e+03 3.652402318950762492e+02 0.000000000000000000e+00 1.608600951432402670e+00 9.199999999999999845e-02
4.856997000000000000e+06 1.000000000000000000e+00 6.500000000000000000e+01 8.381332000000000335e+03 5.242895822871450036e+03 3.648302318950754852e+02 0.000000000000000000e+00 2.792938504486869089e+00 9.199999999999999845e-02
4.856997000000000000e+06 1.000000000000000000e+00 6.500000000000000000e+01 8.380855999999999767e+03 5.242690622871449705e+03 3.646602318950763220e+02 0.000000000000000000e+00 3.322003946276564701e+00 4.169999999999999818e-01
4.856997000000000000e+06 1.000000000000000000e+00 6.500000000000000000e+01 8.380855999999999767e+03 5.242690622871449705e+03 3.646602318950763220e+02 0.000000000000000000e+00 3.322003946276564701e+00 7.295309999999999739e+00
4.857000000000000000e+06 1.000000000000000000e+00 6.600000000000000000e+01 8.382015999999999622e+03 5.253091722871449747e+03 3.737002318950762856e+02 0.000000000000000000e+00 6.278315004691203072e+00 2.198640000000000150e+00
4.857019000000000000e+06 1.000000000000000000e+00 6.500000000000000000e+01 8.375717000000000553e+03 5.245761922871449315e+03 4.326302318950765766e+02 0.000000000000000000e+00 8.805471307951471260e+00 1.078999999999999915e+01
4.855694000000000000e+06 1.000000000000000000e+00 6.500000000000000000e+01 8.380773999999999432e+03 5.244527422871449744e+03 4.308202318950761764e+02 0.000000000000000000e+00 9.126733011166374254e+00 1.078999999999999915e+01
4.855695000000000000e+06 1.000000000000000000e+00 6.500000000000000000e+01 8.386461999999999534e+03 5.244490522871449684e+03 4.276302318950765766e+02 0.000000000000000000e+00 4.259253085570501973e+00 1.078999999999999915e+01
4.855700000000000000e+06 0.000000000000000000e+00 6.500000000000000000e+01 8.407529000000000451e+03 5.246753322871450109e+03 4.153802318950765766e+02 0.000000000000000000e+00 4.426204068147443493e-01 1.078999999999999915e+01
4.855701000000000000e+06 1.000000000000000000e+00 6.500000000000000000e+01 8.414676999999999680e+03 5.249336722871449638e+03 4.061002318950759218e+02 0.000000000000000000e+00 3.278528897189845637e+00 1.339000000000000057e+01
4.855706000000000000e+06 1.000000000000000000e+00 6.600000000000000000e+01 8.418414000000000669e+03 5.252967722871449951e+03 3.995502318950757399e+02 0.000000000000000000e+00 7.000793468196288671e+00 1.078999999999999915e+01
4.855711000000000000e+06 1.000000000000000000e+00 6.600000000000000000e+01 8.397030999999999040e+03 5.281168722871449972e+03 4.089502318950762856e+02 0.000000000000000000e+00 6.846629223964325384e+00 1.078999999999999915e+01
4.855711000000000000e+06 1.000000000000000000e+00 6.600000000000000000e+01 8.395318999999999505e+03 5.280161722871449456e+03 4.061502318950761037e+02 0.000000000000000000e+00 5.765588256953549262e+00 4.169999999999999818e-01
4.855711000000000000e+06 1.000000000000000000e+00 6.600000000000000000e+01 8.395648999999999432e+03 5.276550722871449580e+03 4.029702318950767221e+02 0.000000000000000000e+00 4.722597518149220797e+00 4.169999999999999818e-01
4.855710000000000000e+06 1.000000000000000000e+00 6.600000000000000000e+01 8.396604999999999563e+03 5.275022722871449332e+03 4.022502318950755580e+02 0.000000000000000000e+00 3.281172300933024033e+00 9.199999999999999845e-02
4.855709000000000000e+06 1.000000000000000000e+00 6.600000000000000000e+01 8.399004999999999200e+03 5.271194722871449812e+03 4.011502318950761037e+02 0.000000000000000000e+00 1.326728914763409151e+00 8.349999999999999645e-01
4.855710000000000000e+06 1.000000000000000000e+00 6.600000000000000000e+01 8.401533999999999651e+03 5.272417722871449769e+03 4.014502318950762856e+02 0.000000000000000000e+00 1.314612231755731608e+00 4.169999999999999818e-01
4.855710000000000000e+06 1.000000000000000000e+00 6.600000000000000000e+01 8.392372999999999593e+03 5.274011722871449820e+03 4.044402318950760673e+02 0.000000000000000000e+00 6.525738146646538951e+00 4.169999999999999818e-01
4.855710000000000000e+06 1.000000000000000000e+00 6.600000000000000000e+01 8.392372999999999593e+03 5.274011722871449820e+03 4.044402318950760673e+02 0.000000000000000000e+00 6.525738146646538951e+00 7.070789999999999687e+00
4.855711000000000000e+06 1.000000000000000000e+00 6.600000000000000000e+01 8.397030999999999040e+03 5.281168722871449972e+03 4.089502318950762856e+02 0.000000000000000000e+00 6.846629223964325384e+00 4.588070000000000093e+00
4.855706000000000000e+06 1.000000000000000000e+00 6.500000000000000000e+01 8.414870000000000800e+03 5.266289722871450067e+03 4.093502318950759218e+02 0.000000000000000000e+00 4.316126800882854830e+00 6.099999999999999867e-02
4.855708000000000000e+06 1.000000000000000000e+00 6.600000000000000000e+01 8.409198000000000320e+03 5.267050722871449580e+03 3.972502318950755580e+02 0.000000000000000000e+00 1.228023885753495970e+00 9.199999999999999845e-02
4.855707000000000000e+06 0.000000000000000000e+00 6.600000000000000000e+01 8.412809999999999491e+03 5.268111722871450183e+03 3.986602318950763220e+02 0.000000000000000000e+00 1.597072772451279432e+00 2.400000000000000050e-02
4.855706000000000000e+06 1.000000000000000000e+00 6.600000000000000000e+01 8.418388000000000829e+03 5.269624722871450103e+03 3.997302318950760309e+02 0.000000000000000000e+00 4.166854546273779825e+00 6.099999999999999867e-02
4.855706000000000000e+06 1.000000000000000000e+00 6.600000000000000000e+01 8.418911000000000058e+03 5.269421722871449674e+03 4.028402318950757035e+02 0.000000000000000000e+00 4.815045078850796578e+00 1.036640000000000050e+01
4.855700000000000000e+06 1.000000000000000000e+00 6.500000000000000000e+01 8.412459999999999127e+03 5.245395222871449732e+03 4.138702318950763583e+02 0.000000000000000000e+00 6.897267509445577094e-01 1.078999999999999915e+01
4.855700000000000000e+06 1.000000000000000000e+00 6.500000000000000000e+01 8.412459999999999127e+03 5.245395222871449732e+03 4.138702318950763583e+02 0.000000000000000000e+00 6.897267509445577094e-01 2.451830000000000176e+00
4.855700000000000000e+06 1.000000000000000000e+00 6.500000000000000000e+01 8.412459999999999127e+03 5.245395222871449732e+03 4.138702318950763583e+02 0.000000000000000000e+00 6.897267509445577094e-01 1.501249999999999973e+00
4.855700000000000000e+06 0.000000000000000000e+00 6.500000000000000000e+01 8.408865999999999985e+03 5.246006622871449508e+03 4.143002318950757399e+02 0.000000000000000000e+00 9.335753013053579297e-01 1.078999999999999915e+01
4.855700000000000000e+06 0.000000000000000000e+00 6.500000000000000000e+01 8.409067999999999302e+03 5.245806622871449690e+03 4.140402318950764311e+02 0.000000000000000000e+00 1.279675860984380575e+00 2.400000000000000050e-02
4.855702000000000000e+06 1.000000000000000000e+00 6.500000000000000000e+01 8.410201999999999316e+03 5.251745722871450198e+03 4.029702318950767221e+02 0.000000000000000000e+00 3.965923448918082350e+00 4.169999999999999818e-01
4.855702000000000000e+06 1.000000000000000000e+00 6.500000000000000000e+01 8.411936999999999898e+03 5.251129722871450213e+03 3.995802318950754852e+02 0.000000000000000000e+00 6.203237717228331505e+00 9.199999999999999845e-02
4.855706000000000000e+06 1.000000000000000000e+00 6.600000000000000000e+01 8.417968999999999141e+03 5.261504722871449303e+03 4.000502318950757399e+02 0.000000000000000000e+00 1.147462026833602211e+00 9.199999999999999845e-02
4.855706000000000000e+06 1.000000000000000000e+00 6.600000000000000000e+01 8.419346999999999753e+03 5.268043722871449972e+03 4.024802318950760309e+02 0.000000000000000000e+00 3.543079213508954162e+00 6.099999999999999867e-02
4.856850000000000000e+06 1.000000000000000000e+00 6.500000000000000000e+01 8.395457000000000335e+03 5.237123722871449900e+03 3.767902318950764311e+02 0.000000000000000000e+00 1.881897010399694148e+00 8.349999999999999645e-01
4.856850000000000000e+06 1.000000000000000000e+00 6.500000000000000000e+01 8.395457000000000335e+03 5.237123722871449900e+03 3.767902318950764311e+02 0.000000000000000000e+00 1.881897010399694148e+00 7.094210000000000349e+00
4.855700000000000000e+06 0.000000000000000000e+00 6.500000000000000000e+01 8.408865999999999985e+03 5.246006622871449508e+03 4.143002318950757399e+02 0.000000000000000000e+00 9.335753013053579297e-01 1.629920000000000035e+00
4.855695000000000000e+06 1.000000000000000000e+00 6.500000000000000000e+01 8.386461999999999534e+03 5.244490522871449684e+03 4.276302318950765766e+02 0.000000000000000000e+00 4.259253085570501973e+00 6.591479999999999784e+00
4.857015000000000000e+06 1.000000000000000000e+00 6.600000000000000000e+01 8.377670000000000073e+03 5.234242122871450192e+03 4.298202318950761764e+02 0.000000000000000000e+00 4.649000904989357252e+00 2.039999999999999869e-01
4.855690000000000000e+06 0.000000000000000000e+00 6.600000000000000000e+01 8.383691000000000713e+03 5.231652222871449339e+03 4.401002318950759218e+02 0.000000000000000000e+00 2.318314067381685550e+00 9.199999999999999845e-02
4.855690000000000000e+06 1.000000000000000000e+00 6.600000000000000000e+01 8.380051999999999680e+03 5.238023522871450041e+03 4.428202318950761764e+02 0.000000000000000000e+00 1.682499471963499582e+00 2.039999999999999869e-01
4.855691000000000000e+06 1.000000000000000000e+00 6.600000000000000000e+01 8.384027000000000044e+03 5.247048722871450082e+03 4.373402318950757035e+02 0.000000000000000000e+00 6.883658147994572651e+00 9.199999999999999845e-02
4.857201000000000000e+06 1.000000000000000000e+00 6.600000000000000000e+01 8.358453999999999724e+03 5.267318722871449609e+03 4.535602318950759582e+02 0.000000000000000000e+00 8.994577041599649547e+00 6.099999999999999867e-02
4.857201000000000000e+06 1.000000000000000000e+00 6.600000000000000000e+01 8.358450000000000728e+03 5.267253722871450009e+03 4.536102318950761401e+02 0.000000000000000000e+00 9.013922773881935413e+00 6.099999999999999867e-02
4.857204000000000000e+06 1.000000000000000000e+00 6.500000000000000000e+01 8.353235000000000582e+03 5.268788722871449863e+03 4.565602318950759582e+02 0.000000000000000000e+00 4.906495738744406587e+00 9.199999999999999845e-02
4.857202000000000000e+06 1.000000000000000000e+00 6.600000000000000000e+01 8.348195999999999913e+03 5.279336722871449638e+03 4.423202318950761764e+02 0.000000000000000000e+00 3.996525665956400353e+00 9.199999999999999845e-02
4.857202000000000000e+06 1.000000000000000000e+00 6.600000000000000000e+01 8.352341000000000349e+03 5.280930722871449689e+03 4.395502318950766494e+02 0.000000000000000000e+00 6.097086119309297558e+00 9.199999999999999845e-02
4.857031000000000000e+06 1.000000000000000000e+00 6.500000000000000000e+01 8.353914000000000669e+03 5.287783722871449754e+03 4.322902318950764311e+02 0.000000000000000000e+00 6.757143596311193434e+00 6.099999999999999867e-02
4.855576000000000000e+06 1.000000000000000000e+00 6.500000000000000000e+01 8.367653000000000247e+03 5.304732722871449369e+03 4.202502318950764675e+02 0.000000000000000000e+00 2.201187971348893324e+00 4.169999999999999818e-01
4.855576000000000000e+06 1.000000000000000000e+00 6.500000000000000000e+01 8.367244000000000597e+03 5.304272722871449332e+03 4.206702318950756307e+02 0.000000000000000000e+00 2.924987800887127953e+00 4.169999999999999818e-01
4.855576000000000000e+06 1.000000000000000000e+00 6.500000000000000000e+01 8.367030999999999040e+03 5.304033722871449754e+03 4.208902318950758854e+02 0.000000000000000000e+00 3.305885106385979988e+00 9.199999999999999845e-02
4.855576000000000000e+06 1.000000000000000000e+00 6.500000000000000000e+01 8.370159999999999854e+03 5.304870722871450198e+03 4.171602318950763220e+02 0.000000000000000000e+00 2.783247363451158307e+00 8.349999999999999645e-01
4.855577000000000000e+06 0.000000000000000000e+00 6.500000000000000000e+01 8.368164000000000669e+03 5.309531722871449347e+03 4.173902318950758854e+02 0.000000000000000000e+00 2.742283431404521021e+00 2.400000000000000050e-02
4.855576000000000000e+06 0.000000000000000000e+00 6.500000000000000000e+01 8.368425999999999476e+03 5.310582722871449732e+03 4.174702318950758126e+02 0.000000000000000000e+00 1.912924220221811966e+00 6.099999999999999867e-02
4.857101000000000000e+06 1.000000000000000000e+00 6.600000000000000000e+01 8.389766999999999825e+03 5.279831722871449529e+03 4.087702318950759945e+02 0.000000000000000000e+00 9.303308493009408764e+00 9.199999999999999845e-02
4.855710000000000000e+06 1.000000000000000000e+00 6.600000000000000000e+01 8.389480999999999767e+03 5.274775722871449943e+03 4.084502318950762856e+02 0.000000000000000000e+00 9.863401720739362943e+00 2.400000000000000050e-02
4.855710000000000000e+06 1.000000000000000000e+00 6.600000000000000000e+01 8.389480999999999767e+03 5.274775722871449943e+03 4.084502318950762856e+02 0.000000000000000000e+00 9.863401720739362943e+00 7.380410000000000359e+00
4.857019000000000000e+06 1.000000000000000000e+00 6.500000000000000000e+01 8.375717000000000553e+03 5.245761922871449315e+03 4.326302318950765766e+02 0.000000000000000000e+00 8.805471307951471260e+00 2.973930000000000184e+00
1.837003000000000000e+07 0.000000000000000000e+00 6.500000000000000000e+01 5.975640000000000327e+03 6.283032722871449550e+03 2.200215531895076310e+03 1.000000000000000000e+00 9.034586799493987685e-01 2.600000000000000000e+02
1.837002600000000000e+07 1.000000000000000000e+00 6.600000000000000000e+01 5.960250000000000000e+03 6.281822722871450424e+03 2.215796931895076341e+03 1.000000000000000000e+00 8.121384787043428588e-01 2.600000000000000000e+02
1.837094500000000000e+07 1.000000000000000000e+00 6.600000000000000000e+01 6.003800000000000182e+03 6.323392722871450133e+03 2.178959631895076200e+03 1.000000000000000000e+00 7.515538407057924530e-01 2.600000000000000000e+02
