4.843176000000000000e+06 0.000000000000000000e+00 6.600000000000000000e+01 7.046568426977036324e+03 5.487527186195910872e+03 4.019200000000000728e+02 0.000000000000000000e+00 2.573086551394806687e+00 1.078999999999999915e+01
4.843178000000000000e+06 0.000000000000000000e+00 6.600000000000000000e+01 7.050293576977036537e+03 5.484922756195910551e+03 4.100200000000004366e+02 0.000000000000000000e+00 2.449782840043452481e+00 1.078999999999999915e+01
4.842528000000000000e+06 0.000000000000000000e+00 6.600000000000000000e+01 7.051064006977036115e+03 5.482337036195910514e+03 4.124400000000005093e+02 0.000000000000000000e+00 4.835322587265765137e-01 9.199999999999999845e-02
4.843175000000000000e+06 1.000000000000000000e+00 6.600000000000000000e+01 7.051466626977035958e+03 5.482024696195911019e+03 3.986500000000005457e+02 0.000000000000000000e+00 3.478538131974326930e+00 2.039999999999999869e-01
4.843101000000000000e+06 0.000000000000000000e+00 6.500000000000000000e+01 7.049717306977036060e+03 5.465936686195910625e+03 4.153499999999994543e+02 0.000000000000000000e+00 5.813791794766310916e-01 1.078999999999999915e+01
4.843101000000000000e+06 0.000000000000000000e+00 6.500000000000000000e+01 7.049717306977036060e+03 5.465936686195910625e+03 4.153499999999994543e+02 0.000000000000000000e+00 5.813791794766310916e-01 5.221899999999999764e+00
4.843101000000000000e+06 0.000000000000000000e+00 6.500000000000000000e+01 7.049717306977036060e+03 5.465936686195910625e+03 4.153499999999994543e+02 0.000000000000000000e+00 5.813791794766310916e-01 3.519950000000000134e+00
4.843178000000000000e+06 0.000000000000000000e+00 6.600000000000000000e+01 7.050293576977036537e+03 5.484922756195910551e+03 4.100200000000004366e+02 0.000000000000000000e+00 2.449782840043452481e+00 5.385799999999999699e+00
4.842530000000000000e+06 0.000000000000000000e+00 6.500000000000000000e+01 7.049504246977036019e+03 5.473730886195910898e+03 4.089200000000000728e+02 1.000000000000000000e+00 1.860078293524044524e+00 3.200000000000000000e+01
1.219677800000000000e+07 1.000000000000000000e+00 6.500000000000000000e+01 7.020812226977036516e+03 5.498732786195911103e+03 1.498730000000000473e+03 1.000000000000000000e+00 8.394755942370586421e-01 3.200000000000000000e+01
4.610263800000000000e+07 1.000000000000000000e+00 6.600000000000000000e+01 6.973999426977035910e+03 5.448229486195910795e+03 5.453639999999999418e+03 1.000000000000000000e+00 7.231688397088729126e-01 3.200000000000000000e+01
4.843990000000000000e+06 1.000000000000000000e+00 6.500000000000000000e+01 7.073335326977035947e+03 5.458859486195910904e+03 3.725600000000004002e+02 1.000000000000000000e+00 6.943159999423523798e-01 3.200000000000000000e+01
