3.158334700000000000e+07 1.000000000000000000e+00 6.600000000000000000e+01 3.046470000000000255e+03 1.205424379005274204e+04 3.805872290637036713e+03 0.000000000000000000e+00 3.659209073299603876e+00 1.078999999999999915e+01
2.572903600000000000e+07 1.000000000000000000e+00 6.600000000000000000e+01 6.078130000000000109e+03 1.148622879005274081e+04 3.149931290637036000e+03 0.000000000000000000e+00 3.006426003170033390e+00 1.078999999999999915e+01
2.072100400000000000e+07 1.000000000000000000e+00 6.500000000000000000e+01 8.032199000000000524e+03 1.088489379005274168e+04 2.556620290637036305e+03 0.000000000000000000e+00 5.434441931393289238e+00 1.339000000000000057e+01
1.315400500000000000e+07 1.000000000000000000e+00 6.600000000000000000e+01 1.083729000000000087e+04 9.841483790052741824e+03 1.336080290637036342e+03 0.000000000000000000e+00 1.761099194910867860e+00 2.039999999999999869e-01
1.315400600000000000e+07 1.000000000000000000e+00 6.600000000000000000e+01 1.083961000000000058e+04 9.843773790052742697e+03 1.344040290637036378e+03 0.000000000000000000e+00 4.473004996840932002e+00 9.199999999999999845e-02
1.315400500000000000e+07 1.000000000000000000e+00 6.600000000000000000e+01 1.083760000000000036e+04 9.843453790052742988e+03 1.346000290637035505e+03 0.000000000000000000e+00 5.985438493791876979e+00 6.099999999999999867e-02
1.315400700000000000e+07 1.000000000000000000e+00 6.500000000000000000e+01 1.083813000000000102e+04 9.840073790052741970e+03 1.349910290637036269e+03 0.000000000000000000e+00 5.246595046403879081e+00 9.199999999999999845e-02
1.315400700000000000e+07 1.000000000000000000e+00 6.500000000000000000e+01 1.084071999999999935e+04 9.839763790052742479e+03 1.350080290637036342e+03 0.000000000000000000e+00 3.116722407410639217e+00 9.199999999999999845e-02
1.315400700000000000e+07 1.000000000000000000e+00 6.500000000000000000e+01 1.083763999999999942e+04 9.838143790052741679e+03 1.347470290637036669e+03 0.000000000000000000e+00 5.559526388878870407e+00 6.099999999999999867e-02
1.315400700000000000e+07 1.000000000000000000e+00 6.500000000000000000e+01 1.083768999999999869e+04 9.837333790052742188e+03 1.349400290637036960e+03 0.000000000000000000e+00 4.887231695159065303e+00 9.199999999999999845e-02
1.315400600000000000e+07 1.000000000000000000e+00 6.500000000000000000e+01 1.085438999999999942e+04 9.831653790052741897e+03 1.350640290637036742e+03 0.000000000000000000e+00 1.022257196286830983e+00 4.169999999999999818e-01
1.315400500000000000e+07 1.000000000000000000e+00 6.500000000000000000e+01 1.085527999999999884e+04 9.833903790052741897e+03 1.349220290637036669e+03 0.000000000000000000e+00 2.575801886173890942e+00 6.099999999999999867e-02
1.315400700000000000e+07 1.000000000000000000e+00 6.500000000000000000e+01 1.085061999999999898e+04 9.830933790052742552e+03 1.355890290637036742e+03 0.000000000000000000e+00 4.097153863644451555e+00 2.400000000000000050e-02
1.315400700000000000e+07 1.000000000000000000e+00 6.500000000000000000e+01 1.084697000000000116e+04 9.833023790052742697e+03 1.360390290637035832e+03 0.000000000000000000e+00 5.077638165055808450e+00 4.169999999999999818e-01
1.315400800000000000e+07 1.000000000000000000e+00 6.500000000000000000e+01 1.084268000000000029e+04 9.834113790052742843e+03 1.357160290637036269e+03 0.000000000000000000e+00 4.422775964881068056e+00 9.199999999999999845e-02
1.315400700000000000e+07 1.000000000000000000e+00 6.500000000000000000e+01 1.084295999999999913e+04 9.830873790052741242e+03 1.357880290637036524e+03 0.000000000000000000e+00 5.493747273995746916e+00 9.199999999999999845e-02
1.315400700000000000e+07 1.000000000000000000e+00 6.500000000000000000e+01 1.084295999999999913e+04 9.830873790052741242e+03 1.357880290637036524e+03 0.000000000000000000e+00 5.493747273995746916e+00 7.341289999999999871e+00
2.072201800000000000e+07 1.000000000000000000e+00 6.500000000000000000e+01 8.104698000000000320e+03 1.091391379005274212e+04 2.535130290637036524e+03 0.000000000000000000e+00 8.864184049655563058e+00 9.199999999999999845e-02
2.072100300000000000e+07 1.000000000000000000e+00 6.500000000000000000e+01 8.018654000000000451e+03 1.088309379005274241e+04 2.552830290637036342e+03 0.000000000000000000e+00 9.230383699961267396e+00 2.400000000000000050e-02
2.072100300000000000e+07 1.000000000000000000e+00 6.500000000000000000e+01 8.018654000000000451e+03 1.088309379005274241e+04 2.552830290637036342e+03 0.000000000000000000e+00 9.230383699961267396e+00 7.399759999999999671e+00
2.572994900000000000e+07 1.000000000000000000e+00 6.500000000000000000e+01 6.093069999999999709e+03 1.148941479005274232e+04 3.145917290637036785e+03 0.000000000000000000e+00 2.944696893129286508e+00 1.078999999999999915e+01
2.572994900000000000e+07 1.000000000000000000e+00 6.500000000000000000e+01 6.093069999999999709e+03 1.148941479005274232e+04 3.145917290637036785e+03 0.000000000000000000e+00 2.944696893129286508e+00 5.955320000000000391e+00
2.572994900000000000e+07 1.000000000000000000e+00 6.500000000000000000e+01 6.093069999999999709e+03 1.148941479005274232e+04 3.145917290637036785e+03 0.000000000000000000e+00 2.944696893129286508e+00 1.754469999999999974e+00
3.158334700000000000e+07 1.000000000000000000e+00 6.600000000000000000e+01 3.046470000000000255e+03 1.205424379005274204e+04 3.805872290637036713e+03 0.000000000000000000e+00 3.659209073299603876e+00 5.532379999999999853e+00
