7.709576000000000000e+06 1.000000000000000000e+00 6.600000000000000000e+01 4.153641107488175294e+03 8.782252450834075717e+03 7.286599999999998545e+02 0.000000000000000000e+00 7.943363056497516617e+00 1.339000000000000057e+01
7.709577000000000000e+06 1.000000000000000000e+00 6.600000000000000000e+01 4.151958507488175201e+03 8.781464050834074442e+03 7.361199999999998909e+02 0.000000000000000000e+00 9.154508418289188043e+00 1.605000000000000071e+01
7.709743000000000000e+06 1.000000000000000000e+00 6.500000000000000000e+01 4.145988807488175553e+03 8.750071650834073807e+03 8.491099999999996726e+02 0.000000000000000000e+00 9.730278886488440193e+00 1.078999999999999915e+01
9.245013000000000000e+06 1.000000000000000000e+00 6.500000000000000000e+01 4.143171207488175241e+03 8.751593950834074349e+03 1.094250000000000000e+03 0.000000000000000000e+00 9.679877311673248386e+00 1.078999999999999915e+01
9.245100000000000000e+06 1.000000000000000000e+00 6.600000000000000000e+01 4.150113807488175553e+03 8.751667750834074468e+03 1.167520000000000437e+03 0.000000000000000000e+00 9.407613422457744790e+00 1.078999999999999915e+01
9.245100000000000000e+06 1.000000000000000000e+00 6.600000000000000000e+01 4.152114807488175757e+03 8.751994650834074491e+03 1.179279999999999745e+03 0.000000000000000000e+00 9.594715385013062203e+00 1.605000000000000071e+01
9.245100000000000000e+06 1.000000000000000000e+00 6.600000000000000000e+01 4.152315307488175677e+03 8.751886450834073912e+03 1.179760000000000218e+03 0.000000000000000000e+00 9.843209753513727733e+00 1.339000000000000057e+01
9.244936000000000000e+06 1.000000000000000000e+00 6.500000000000000000e+01 4.156696407488175282e+03 8.734420150834073866e+03 1.089899999999999636e+03 0.000000000000000000e+00 8.414669518231038481e+00 1.339000000000000057e+01
9.244942000000000000e+06 0.000000000000000000e+00 6.600000000000000000e+01 4.138856307488175844e+03 8.718301750834074483e+03 1.089220000000000255e+03 0.000000000000000000e+00 2.783133916669752406e+00 1.078999999999999915e+01
9.243282000000000000e+06 1.000000000000000000e+00 6.500000000000000000e+01 4.131339307488176019e+03 8.714113350834075391e+03 1.090579999999999927e+03 0.000000000000000000e+00 2.744643058669675284e+00 1.078999999999999915e+01
9.244304000000000000e+06 0.000000000000000000e+00 6.500000000000000000e+01 4.106356307488175844e+03 8.693450750834075734e+03 1.136490000000000691e+03 0.000000000000000000e+00 1.366404152167495001e+00 1.078999999999999915e+01
9.245147000000000000e+06 1.000000000000000000e+00 6.600000000000000000e+01 4.099694307488175582e+03 8.666040750834075880e+03 1.175460000000000036e+03 0.000000000000000000e+00 3.591174703915337663e+00 1.339000000000000057e+01
9.245147000000000000e+06 1.000000000000000000e+00 6.600000000000000000e+01 4.101996307488175262e+03 8.665109750834075385e+03 1.177029999999999745e+03 0.000000000000000000e+00 1.907022070285168791e+00 1.078999999999999915e+01
9.245147000000000000e+06 1.000000000000000000e+00 6.600000000000000000e+01 4.106020307488175604e+03 8.667122750834074395e+03 1.174970000000000255e+03 0.000000000000000000e+00 3.496249291310371987e+00 1.339000000000000057e+01
9.245138000000000000e+06 1.000000000000000000e+00 6.600000000000000000e+01 4.120099307488175327e+03 8.670116750834074992e+03 1.164450000000000728e+03 0.000000000000000000e+00 8.600341949296742783e+00 1.605000000000000071e+01
9.245137000000000000e+06 1.000000000000000000e+00 6.600000000000000000e+01 4.123753307488175778e+03 8.670886750834073609e+03 1.158590000000000146e+03 0.000000000000000000e+00 4.757100558986597783e+00 1.078999999999999915e+01
9.245137000000000000e+06 1.000000000000000000e+00 6.600000000000000000e+01 4.124464307488176019e+03 8.670949750834075530e+03 1.157359999999999673e+03 0.000000000000000000e+00 4.054375683331906011e+00 1.078999999999999915e+01
9.244292000000000000e+06 1.000000000000000000e+00 6.500000000000000000e+01 4.128018307488175196e+03 8.671688750834075108e+03 1.147680000000000291e+03 0.000000000000000000e+00 3.196604278036106361e+00 1.339000000000000057e+01
9.244292000000000000e+06 1.000000000000000000e+00 6.500000000000000000e+01 4.127763307488175997e+03 8.672507750834074614e+03 1.145880000000000109e+03 0.000000000000000000e+00 3.031659967344281892e+00 6.099999999999999867e-02
9.244142000000000000e+06 1.000000000000000000e+00 6.500000000000000000e+01 4.121177307488175757e+03 8.677296750834073464e+03 1.134550000000000182e+03 0.000000000000000000e+00 1.668121347252970788e+00 1.339000000000000057e+01
9.244141000000000000e+06 0.000000000000000000e+00 6.600000000000000000e+01 4.128978307488175233e+03 8.683352750834073959e+03 1.132189999999999600e+03 0.000000000000000000e+00 9.905437282779815389e-01 2.400000000000000050e-02
9.244141000000000000e+06 0.000000000000000000e+00 6.600000000000000000e+01 4.129521307488175808e+03 8.685104750834074366e+03 1.131579999999999927e+03 0.000000000000000000e+00 1.089310393040370917e+00 9.199999999999999845e-02
9.245207000000000000e+06 0.000000000000000000e+00 6.600000000000000000e+01 4.131495307488175968e+03 8.686265750834074424e+03 1.129679999999999382e+03 0.000000000000000000e+00 6.552782670859309544e-01 9.199999999999999845e-02
9.244133000000000000e+06 1.000000000000000000e+00 6.600000000000000000e+01 4.120647307488176011e+03 8.710016750834074628e+03 1.133630000000000109e+03 0.000000000000000000e+00 1.756987691890608660e+00 2.039999999999999869e-01
9.244305000000000000e+06 1.000000000000000000e+00 6.600000000000000000e+01 4.099656307488176026e+03 8.703699750834075530e+03 1.123579999999999927e+03 0.000000000000000000e+00 7.146500616491063163e+00 2.039999999999999869e-01
9.244308000000000000e+06 1.000000000000000000e+00 6.500000000000000000e+01 4.101765307488175495e+03 8.701420750834075079e+03 1.121100000000000364e+03 0.000000000000000000e+00 6.986806281220350634e+00 9.199999999999999845e-02
9.244308000000000000e+06 1.000000000000000000e+00 6.500000000000000000e+01 4.103200307488175895e+03 8.700920750834075079e+03 1.120020000000000437e+03 0.000000000000000000e+00 6.225206636593425991e+00 9.199999999999999845e-02
9.245020000000000000e+06 0.000000000000000000e+00 6.500000000000000000e+01 4.131883307488175888e+03 8.712556150834074288e+03 1.111569999999999709e+03 0.000000000000000000e+00 3.023280348757156677e+00 9.199999999999999845e-02
9.245020000000000000e+06 0.000000000000000000e+00 6.500000000000000000e+01 4.132575307488175895e+03 8.710694750834074512e+03 1.110390000000000327e+03 0.000000000000000000e+00 5.225897069950880436e+00 9.199999999999999845e-02
9.245020000000000000e+06 1.000000000000000000e+00 6.600000000000000000e+01 4.135390307488175495e+03 8.712463050834074238e+03 1.113250000000000000e+03 0.000000000000000000e+00 2.240002677615106741e+00 9.199999999999999845e-02
9.246092000000000000e+06 1.000000000000000000e+00 6.600000000000000000e+01 4.136920307488175240e+03 8.704183750834075909e+03 1.110569999999999709e+03 0.000000000000000000e+00 5.745010804902048740e+00 6.099999999999999867e-02
9.244942000000000000e+06 1.000000000000000000e+00 6.600000000000000000e+01 4.135572307488175284e+03 8.713610050834075082e+03 1.100750000000000000e+03 0.000000000000000000e+00 8.289885805003040176e+00 9.199999999999999845e-02
9.246091000000000000e+06 1.000000000000000000e+00 6.600000000000000000e+01 4.133728307488175233e+03 8.712797950834075891e+03 1.100730000000000473e+03 0.000000000000000000e+00 8.605789400904914288e+00 6.099999999999999867e-02
9.246091000000000000e+06 1.000000000000000000e+00 6.600000000000000000e+01 4.128697307488175284e+03 8.705740750834074788e+03 1.104720000000000255e+03 0.000000000000000000e+00 8.553236999769531224e+00 6.099999999999999867e-02
9.246092000000000000e+06 1.000000000000000000e+00 6.600000000000000000e+01 4.129099307488175327e+03 8.704303750834074890e+03 1.108559999999999491e+03 0.000000000000000000e+00 8.435666708599383057e+00 9.199999999999999845e-02
9.245020000000000000e+06 1.000000000000000000e+00 6.600000000000000000e+01 4.137373307488175669e+03 8.714914050834075169e+03 1.112650000000000546e+03 0.000000000000000000e+00 1.416589184232314169e+00 2.400000000000000050e-02
9.245019000000000000e+06 1.000000000000000000e+00 6.600000000000000000e+01 4.144968807488176026e+03 8.723187450834073388e+03 1.110850000000000364e+03 0.000000000000000000e+00 3.268899341669469827e+00 6.099999999999999867e-02
9.245016000000000000e+06 1.000000000000000000e+00 6.500000000000000000e+01 4.137543307488175742e+03 8.724795950834075484e+03 1.120360000000000582e+03 0.000000000000000000e+00 6.507778795163965846e+00 2.400000000000000050e-02
9.244132000000000000e+06 1.000000000000000000e+00 6.600000000000000000e+01 4.118269307488175400e+03 8.715861650834074680e+03 1.126829999999999927e+03 0.000000000000000000e+00 1.701169695341193666e+00 9.645250000000000767e+00
9.245205000000000000e+06 1.000000000000000000e+00 6.500000000000000000e+01 4.121061307488175771e+03 8.682969750834075967e+03 1.124500000000000000e+03 0.000000000000000000e+00 2.396632802927556316e+00 6.099999999999999867e-02
9.244311000000000000e+06 1.000000000000000000e+00 6.500000000000000000e+01 4.118246307488175262e+03 8.685534750834074657e+03 1.120199999999999818e+03 0.000000000000000000e+00 4.651921625510130553e+00 9.199999999999999845e-02
9.244311000000000000e+06 0.000000000000000000e+00 6.500000000000000000e+01 4.112393307488176106e+03 8.687515750834074424e+03 1.114369999999999891e+03 0.000000000000000000e+00 6.478396296920021502e-01 2.400000000000000050e-02
9.244311000000000000e+06 0.000000000000000000e+00 6.500000000000000000e+01 4.110422307488175647e+03 8.688620750834073988e+03 1.113099999999999454e+03 0.000000000000000000e+00 2.661775311839103431e+00 4.169999999999999818e-01
9.244309000000000000e+06 1.000000000000000000e+00 6.500000000000000000e+01 4.097921307488175444e+03 8.699811750834074701e+03 1.114159999999999854e+03 0.000000000000000000e+00 9.293138609508407200e+00 9.199999999999999845e-02
9.244309000000000000e+06 1.000000000000000000e+00 6.500000000000000000e+01 4.104128307488175778e+03 8.698379750834075821e+03 1.113390000000000327e+03 0.000000000000000000e+00 4.744131214981750055e+00 6.099999999999999867e-02
9.244309000000000000e+06 1.000000000000000000e+00 6.500000000000000000e+01 4.107271307488175808e+03 8.700388750834074017e+03 1.113060000000000400e+03 0.000000000000000000e+00 7.024992676646029111e+00 9.199999999999999845e-02
9.244310000000000000e+06 1.000000000000000000e+00 6.500000000000000000e+01 4.108400307488175713e+03 8.701348750834074963e+03 1.112850000000000364e+03 0.000000000000000000e+00 8.227988847396542127e+00 6.099999999999999867e-02
9.244310000000000000e+06 1.000000000000000000e+00 6.500000000000000000e+01 4.108895307488175604e+03 8.701769750834075239e+03 1.112760000000000218e+03 0.000000000000000000e+00 8.533834067315348548e+00 9.199999999999999845e-02
9.244310000000000000e+06 1.000000000000000000e+00 6.500000000000000000e+01 4.109791307488175335e+03 8.702527750834075050e+03 1.112340000000000146e+03 0.000000000000000000e+00 9.184640568456547527e+00 9.199999999999999845e-02
9.244310000000000000e+06 1.000000000000000000e+00 6.500000000000000000e+01 4.109791307488175335e+03 8.702527750834075050e+03 1.112340000000000146e+03 0.000000000000000000e+00 9.184640568456547527e+00 7.349429999999999907e+00
9.245130000000000000e+06 1.000000000000000000e+00 6.500000000000000000e+01 4.138417307488175538e+03 8.664081750834075137e+03 1.150600000000000364e+03 0.000000000000000000e+00 1.350217838871296649e+00 1.078999999999999915e+01
9.245130000000000000e+06 1.000000000000000000e+00 6.500000000000000000e+01 4.138417307488175538e+03 8.664081750834075137e+03 1.150600000000000364e+03 0.000000000000000000e+00 1.350217838871296649e+00 5.825820000000000221e+00
9.245130000000000000e+06 1.000000000000000000e+00 6.500000000000000000e+01 4.138417307488175538e+03 8.664081750834075137e+03 1.150600000000000364e+03 0.000000000000000000e+00 1.350217838871296649e+00 5.714870000000000339e+00
9.245135000000000000e+06 0.000000000000000000e+00 6.600000000000000000e+01 4.124390307488175495e+03 8.664755750834076025e+03 1.153449999999999818e+03 0.000000000000000000e+00 1.404745487498802792e+00 2.400000000000000050e-02
9.245151000000000000e+06 1.000000000000000000e+00 6.500000000000000000e+01 4.096256307488175480e+03 8.659562750834074905e+03 1.196800000000000182e+03 0.000000000000000000e+00 7.981649732802608144e-01 4.169999999999999818e-01
9.245151000000000000e+06 1.000000000000000000e+00 6.500000000000000000e+01 4.098708307488175706e+03 8.660473750834074963e+03 1.197670000000000073e+03 0.000000000000000000e+00 1.456448827582668359e+00 9.199999999999999845e-02
9.245151000000000000e+06 1.000000000000000000e+00 6.500000000000000000e+01 4.105371307488175262e+03 8.662323750834075327e+03 1.194979999999999563e+03 0.000000000000000000e+00 8.574374219782496809e+00 1.000000000000000021e-02
9.244261000000000000e+06 1.000000000000000000e+00 6.500000000000000000e+01 4.132766307488175698e+03 8.648336750834074337e+03 1.203490000000000691e+03 0.000000000000000000e+00 7.112970754029026565e+00 9.199999999999999845e-02
9.244268000000000000e+06 1.000000000000000000e+00 6.600000000000000000e+01 4.152899507488175914e+03 8.668075750834075734e+03 1.201429999999999382e+03 0.000000000000000000e+00 5.465059460041342909e+00 1.000000000000000000e+01
9.244268000000000000e+06 1.000000000000000000e+00 6.600000000000000000e+01 4.152899507488175914e+03 8.668075750834075734e+03 1.201429999999999382e+03 0.000000000000000000e+00 5.465059460041342909e+00 1.554550000000000098e+00
9.245137000000000000e+06 1.000000000000000000e+00 6.600000000000000000e+01 4.123753307488175778e+03 8.670886750834073609e+03 1.158590000000000146e+03 0.000000000000000000e+00 4.757100558986597783e+00 5.740030000000000410e-01
9.245135000000000000e+06 0.000000000000000000e+00 6.600000000000000000e+01 4.127434307488175364e+03 8.667147750834075850e+03 1.151169999999999163e+03 0.000000000000000000e+00 2.981180274903983296e+00 1.000000000000000021e-02
9.245135000000000000e+06 0.000000000000000000e+00 6.600000000000000000e+01 4.128048307488175851e+03 8.668252750834075414e+03 1.149140000000000327e+03 0.000000000000000000e+00 3.661097481666733433e+00 1.124000000000000021e+01
9.245135000000000000e+06 0.000000000000000000e+00 6.600000000000000000e+01 4.128048307488175851e+03 8.668252750834075414e+03 1.149140000000000327e+03 0.000000000000000000e+00 3.661097481666733433e+00 4.496159999999999712e+00
9.245151000000000000e+06 1.000000000000000000e+00 6.500000000000000000e+01 4.095598307488176033e+03 8.668346750834074555e+03 1.188260000000000218e+03 0.000000000000000000e+00 3.859342595209840798e+00 4.169999999999999818e-01
9.245151000000000000e+06 1.000000000000000000e+00 6.500000000000000000e+01 4.095598307488176033e+03 8.668346750834074555e+03 1.188260000000000218e+03 0.000000000000000000e+00 3.859342595209840798e+00 7.335770000000000124e+00
9.245146000000000000e+06 0.000000000000000000e+00 6.600000000000000000e+01 4.098467307488175720e+03 8.663219750834075967e+03 1.178429999999999382e+03 0.000000000000000000e+00 2.060623515151263518e+00 1.078999999999999915e+01
9.245147000000000000e+06 0.000000000000000000e+00 6.600000000000000000e+01 4.094224307488175327e+03 8.663071750834074919e+03 1.182390000000000327e+03 0.000000000000000000e+00 1.680966677042189383e+00 9.199999999999999845e-02
9.245147000000000000e+06 1.000000000000000000e+00 6.600000000000000000e+01 4.100251307488175371e+03 8.663536750834075065e+03 1.186659999999999854e+03 0.000000000000000000e+00 3.649932757027491537e+00 9.199999999999999845e-02
9.245148000000000000e+06 1.000000000000000000e+00 6.600000000000000000e+01 4.105226307488175735e+03 8.667549750834074075e+03 1.189350000000000364e+03 0.000000000000000000e+00 8.972050245604897611e+00 1.078999999999999915e+01
9.245148000000000000e+06 1.000000000000000000e+00 6.600000000000000000e+01 4.105226307488175735e+03 8.667549750834074075e+03 1.189350000000000364e+03 0.000000000000000000e+00 8.972050245604897611e+00 5.421170000000000044e+00
9.245148000000000000e+06 1.000000000000000000e+00 6.600000000000000000e+01 4.105226307488175735e+03 8.667549750834074075e+03 1.189350000000000364e+03 0.000000000000000000e+00 8.972050245604897611e+00 3.504030000000000200e-01
9.245146000000000000e+06 0.000000000000000000e+00 6.600000000000000000e+01 4.098467307488175720e+03 8.663219750834075967e+03 1.178429999999999382e+03 0.000000000000000000e+00 2.060623515151263518e+00 3.999060000000000059e+00
9.245147000000000000e+06 1.000000000000000000e+00 6.600000000000000000e+01 4.099694307488175582e+03 8.666040750834075880e+03 1.175460000000000036e+03 0.000000000000000000e+00 3.591174703915337663e+00 6.727490000000000414e+00
9.244304000000000000e+06 0.000000000000000000e+00 6.500000000000000000e+01 4.106356307488175844e+03 8.693450750834075734e+03 1.136490000000000691e+03 0.000000000000000000e+00 1.366404152167495001e+00 3.851840000000000153e+00
9.243282000000000000e+06 1.000000000000000000e+00 6.500000000000000000e+01 4.130416307488175335e+03 8.712313050834074602e+03 1.090229999999999563e+03 0.000000000000000000e+00 1.737747149509976996e+00 6.099999999999999867e-02
9.244947000000000000e+06 1.000000000000000000e+00 6.500000000000000000e+01 4.128755307488175276e+03 8.709897750834075850e+03 1.095319999999999709e+03 0.000000000000000000e+00 6.306688937620551272e+00 6.099999999999999867e-02
9.243281000000000000e+06 1.000000000000000000e+00 6.500000000000000000e+01 4.128931307488175662e+03 8.710314750834073493e+03 1.094639999999999418e+03 0.000000000000000000e+00 6.159796806790283519e+00 2.400000000000000050e-02
9.243282000000000000e+06 1.000000000000000000e+00 6.500000000000000000e+01 4.127082307488175502e+03 8.710527750834075050e+03 1.093310000000000400e+03 0.000000000000000000e+00 4.722371394507278275e+00 6.099999999999999867e-02
9.246091000000000000e+06 1.000000000000000000e+00 6.600000000000000000e+01 4.129977307488175938e+03 8.707328750834074526e+03 1.099960000000000036e+03 0.000000000000000000e+00 6.241859193618953583e+00 9.199999999999999845e-02
9.246091000000000000e+06 1.000000000000000000e+00 6.600000000000000000e+01 4.129977307488175938e+03 8.707328750834074526e+03 1.099960000000000036e+03 0.000000000000000000e+00 6.241859193618953583e+00 7.312920000000000087e+00
9.244942000000000000e+06 0.000000000000000000e+00 6.600000000000000000e+01 4.138856307488175844e+03 8.718301750834074483e+03 1.089220000000000255e+03 0.000000000000000000e+00 2.783133916669752406e+00 5.431140000000000079e+00
9.244941000000000000e+06 1.000000000000000000e+00 6.600000000000000000e+01 4.150032107488175825e+03 8.725973950834075367e+03 1.091440000000000509e+03 0.000000000000000000e+00 7.799047525423112859e+00 6.099999999999999867e-02
9.244937000000000000e+06 1.000000000000000000e+00 6.500000000000000000e+01 4.148668507488175237e+03 8.726181350834074692e+03 1.093149999999999636e+03 0.000000000000000000e+00 7.599921953318093060e+00 4.169999999999999818e-01
9.244941000000000000e+06 0.000000000000000000e+00 6.600000000000000000e+01 4.148037107488175934e+03 8.723594250834074046e+03 1.079260000000000218e+03 0.000000000000000000e+00 1.814012193949391838e+00 2.400000000000000050e-02
9.244941000000000000e+06 0.000000000000000000e+00 6.500000000000000000e+01 4.149660707488175831e+03 8.723496450834074494e+03 1.077190000000000509e+03 0.000000000000000000e+00 2.211441346548021603e+00 9.199999999999999845e-02
9.244942000000000000e+06 0.000000000000000000e+00 6.500000000000000000e+01 4.147318707488175278e+03 8.721570150834075321e+03 1.072689999999999600e+03 0.000000000000000000e+00 2.311657608802427877e+00 1.078999999999999915e+01
9.244942000000000000e+06 0.000000000000000000e+00 6.500000000000000000e+01 4.147318707488175278e+03 8.721570150834075321e+03 1.072689999999999600e+03 0.000000000000000000e+00 2.311657608802427877e+00 3.364720000000000155e+00
9.244942000000000000e+06 0.000000000000000000e+00 6.500000000000000000e+01 4.147318707488175278e+03 8.721570150834075321e+03 1.072689999999999600e+03 0.000000000000000000e+00 2.311657608802427877e+00 1.668159999999999921e-01
9.245100000000000000e+06 1.000000000000000000e+00 6.600000000000000000e+01 4.154423307488175851e+03 8.750241150834073778e+03 1.177139999999999418e+03 0.000000000000000000e+00 7.899527835080124127e+00 9.199999999999999845e-02
9.244024000000000000e+06 1.000000000000000000e+00 6.500000000000000000e+01 4.130617307488175356e+03 8.769895250834073522e+03 1.123060000000000400e+03 0.000000000000000000e+00 7.683187353130265684e+00 4.169999999999999818e-01
9.244029000000000000e+06 1.000000000000000000e+00 6.600000000000000000e+01 4.130487307488175247e+03 8.768695050834074209e+03 1.124309999999999491e+03 0.000000000000000000e+00 7.327849891584542696e+00 2.039999999999999869e-01
9.244025000000000000e+06 1.000000000000000000e+00 6.500000000000000000e+01 4.133004307488175982e+03 8.759713050834074238e+03 1.133600000000000364e+03 0.000000000000000000e+00 7.855536168001183484e+00 2.400000000000000050e-02
9.244025000000000000e+06 1.000000000000000000e+00 6.500000000000000000e+01 4.134422307488175647e+03 8.762171750834073464e+03 1.134849999999999454e+03 0.000000000000000000e+00 7.726971137820725311e+00 9.199999999999999845e-02
9.244025000000000000e+06 1.000000000000000000e+00 6.500000000000000000e+01 4.134771307488175808e+03 8.762532950834074654e+03 1.134610000000000582e+03 0.000000000000000000e+00 7.778291734950317782e+00 6.099999999999999867e-02
9.244021000000000000e+06 1.000000000000000000e+00 6.600000000000000000e+01 4.130353307488175233e+03 8.776925450834074582e+03 1.144090000000000146e+03 0.000000000000000000e+00 1.033158857579865808e+00 9.199999999999999845e-02
9.244020000000000000e+06 1.000000000000000000e+00 6.600000000000000000e+01 4.133510307488175386e+03 8.775461250834076054e+03 1.146880000000000109e+03 0.000000000000000000e+00 4.483819046695745492e+00 4.169999999999999818e-01
9.243104000000000000e+06 1.000000000000000000e+00 6.500000000000000000e+01 4.135547307488175647e+03 8.771182350834074896e+03 1.157400000000000546e+03 0.000000000000000000e+00 2.911124104625897324e+00 4.169999999999999818e-01
9.243106000000000000e+06 1.000000000000000000e+00 6.500000000000000000e+01 4.124392307488175902e+03 8.765055150834075903e+03 1.150819999999999709e+03 0.000000000000000000e+00 1.773605102008013468e+00 2.400000000000000050e-02
9.243106000000000000e+06 1.000000000000000000e+00 6.500000000000000000e+01 4.123705307488176004e+03 8.762584750834073930e+03 1.150779999999999745e+03 0.000000000000000000e+00 4.557053516049469066e-01 6.099999999999999867e-02
9.243106000000000000e+06 1.000000000000000000e+00 6.500000000000000000e+01 4.123643307488176106e+03 8.762772450834074334e+03 1.150800000000000182e+03 0.000000000000000000e+00 6.090652116641755986e-01 9.199999999999999845e-02
9.243105000000000000e+06 0.000000000000000000e+00 6.600000000000000000e+01 4.121264307488175291e+03 8.769590550834074747e+03 1.157890000000000327e+03 0.000000000000000000e+00 2.053147753210679660e+00 6.099999999999999867e-02
9.244021000000000000e+06 1.000000000000000000e+00 6.600000000000000000e+01 4.136757307488175684e+03 8.772259450834073505e+03 1.142610000000000582e+03 0.000000000000000000e+00 8.306057063973055321e+00 4.169999999999999818e-01
9.244021000000000000e+06 1.000000000000000000e+00 6.600000000000000000e+01 4.136757307488175684e+03 8.772259450834073505e+03 1.142610000000000582e+03 0.000000000000000000e+00 8.306057063973055321e+00 7.187850000000000072e+00
9.243094000000000000e+06 1.000000000000000000e+00 6.500000000000000000e+01 4.131808307488176069e+03 8.754671050834074777e+03 1.202020000000000437e+03 0.000000000000000000e+00 8.454677432134195314e+00 4.169999999999999818e-01
9.245100000000000000e+06 1.000000000000000000e+00 6.600000000000000000e+01 4.150113807488175553e+03 8.751667750834074468e+03 1.167520000000000437e+03 0.000000000000000000e+00 9.407613422457744790e+00 7.154980000000000118e+00
9.245104000000000000e+06 1.000000000000000000e+00 6.500000000000000000e+01 4.158908107488176029e+03 8.743874050834074296e+03 1.153919999999999163e+03 0.000000000000000000e+00 4.284766547222729649e+00 2.039999999999999869e-01
9.245105000000000000e+06 1.000000000000000000e+00 6.500000000000000000e+01 4.169065507488176081e+03 8.747395250834073522e+03 1.154460000000000036e+03 0.000000000000000000e+00 8.044925606109574190e+00 6.099999999999999867e-02
9.245104000000000000e+06 1.000000000000000000e+00 6.500000000000000000e+01 4.164038407488175835e+03 8.745521850834074939e+03 1.161480000000000473e+03 0.000000000000000000e+00 7.509335342753005627e+00 2.039999999999999869e-01
9.245101000000000000e+06 1.000000000000000000e+00 6.600000000000000000e+01 4.159852107488175534e+03 8.743427950834075091e+03 1.169759999999999309e+03 0.000000000000000000e+00 5.918976350381300655e+00 9.199999999999999845e-02
9.245102000000000000e+06 1.000000000000000000e+00 6.600000000000000000e+01 4.163805407488175661e+03 8.742786950834073650e+03 1.168829999999999927e+03 0.000000000000000000e+00 9.254632231660680830e+00 9.199999999999999845e-02
9.245102000000000000e+06 1.000000000000000000e+00 6.600000000000000000e+01 4.164270907488175908e+03 8.742870650834074695e+03 1.168890000000000327e+03 0.000000000000000000e+00 9.568949668820701859e+00 9.199999999999999845e-02
9.245013000000000000e+06 1.000000000000000000e+00 6.500000000000000000e+01 4.143171207488175241e+03 8.751593950834074349e+03 1.094250000000000000e+03 0.000000000000000000e+00 9.679877311673248386e+00 2.302490000000000148e+00
9.245021000000000000e+06 1.000000000000000000e+00 6.600000000000000000e+01 4.136190307488175677e+03 8.723252450834075717e+03 1.040780000000000655e+03 0.000000000000000000e+00 7.921927899778351545e+00 1.000000000000000021e-02
9.244873000000000000e+06 1.000000000000000000e+00 6.500000000000000000e+01 4.137848307488176033e+03 8.706479750834074366e+03 1.042680000000000291e+03 0.000000000000000000e+00 6.575125457864555045e+00 2.400000000000000050e-02
9.244873000000000000e+06 1.000000000000000000e+00 6.500000000000000000e+01 4.135574307488175691e+03 8.709264750834074221e+03 1.039819999999999709e+03 0.000000000000000000e+00 4.138793558556383090e+00 6.099999999999999867e-02
9.244873000000000000e+06 1.000000000000000000e+00 6.500000000000000000e+01 4.133572307488175284e+03 8.709042750834074468e+03 1.041199999999999818e+03 0.000000000000000000e+00 2.729339034887405813e+00 6.099999999999999867e-02
9.244873000000000000e+06 1.000000000000000000e+00 6.500000000000000000e+01 4.137593307488175924e+03 8.707636750834073609e+03 1.042170000000000073e+03 0.000000000000000000e+00 5.911810145610187028e+00 2.039999999999999869e-01
9.244873000000000000e+06 1.000000000000000000e+00 6.500000000000000000e+01 4.135797307488175647e+03 8.706746750834074192e+03 1.045840000000000146e+03 0.000000000000000000e+00 3.499578463427523101e+00 6.099999999999999867e-02
9.244873000000000000e+06 1.000000000000000000e+00 6.500000000000000000e+01 4.133598307488176033e+03 8.709378750834075618e+03 1.047430000000000291e+03 0.000000000000000000e+00 1.244041868707740139e+00 4.169999999999999818e-01
9.244873000000000000e+06 1.000000000000000000e+00 6.500000000000000000e+01 4.133977307488175938e+03 8.707546750834073464e+03 1.047479999999999563e+03 0.000000000000000000e+00 1.666135498465266984e+00 1.000000000000000021e-02
9.244873000000000000e+06 1.000000000000000000e+00 6.500000000000000000e+01 4.133931307488175662e+03 8.704144750834075239e+03 1.047349999999999454e+03 0.000000000000000000e+00 3.033867652693050143e+00 9.199999999999999845e-02
9.244873000000000000e+06 1.000000000000000000e+00 6.500000000000000000e+01 4.140351307488175735e+03 8.705525750834074643e+03 1.040189999999999600e+03 0.000000000000000000e+00 9.778973927823432888e+00 4.169999999999999818e-01
9.245021000000000000e+06 1.000000000000000000e+00 6.600000000000000000e+01 4.139631307488175480e+03 8.710088750834074744e+03 1.044840000000000146e+03 0.000000000000000000e+00 6.433804858316407582e+00 6.099999999999999867e-02
9.246001000000000000e+06 1.000000000000000000e+00 6.600000000000000000e+01 4.129488307488175451e+03 8.713572450834075426e+03 1.059890000000000327e+03 0.000000000000000000e+00 5.754065638482228628e-01 9.199999999999999845e-02
9.243364000000000000e+06 1.000000000000000000e+00 6.500000000000000000e+01 4.119746307488175262e+03 8.702363750834074381e+03 1.068750000000000000e+03 0.000000000000000000e+00 1.933445231061042380e+00 4.169999999999999818e-01
9.245997000000000000e+06 0.000000000000000000e+00 6.500000000000000000e+01 4.121371307488175262e+03 8.698015750834074424e+03 1.066159999999999854e+03 0.000000000000000000e+00 7.115518110510592464e-01 8.349999999999999645e-01
9.245997000000000000e+06 0.000000000000000000e+00 6.500000000000000000e+01 4.121371307488175262e+03 8.698015750834074424e+03 1.066159999999999854e+03 0.000000000000000000e+00 7.115518110510592464e-01 7.111259999999999692e+00
7.708745000000000000e+06 0.000000000000000000e+00 6.500000000000000000e+01 4.109990307488175858e+03 8.754580650834075641e+03 8.539400000000005093e+02 0.000000000000000000e+00 1.930845732087127509e+00 4.169999999999999818e-01
7.707744000000000000e+06 1.000000000000000000e+00 6.500000000000000000e+01 4.122309307488175364e+03 8.748836250834076054e+03 8.554000000000005457e+02 0.000000000000000000e+00 1.152958220046468529e+00 9.199999999999999845e-02
7.707746000000000000e+06 1.000000000000000000e+00 6.600000000000000000e+01 4.135498307488175669e+03 8.770390850834075536e+03 8.595499999999992724e+02 0.000000000000000000e+00 9.844761623465522860e+00 8.220000000000000639e+00
7.707746000000000000e+06 1.000000000000000000e+00 6.600000000000000000e+01 4.135498307488175669e+03 8.770390850834075536e+03 8.595499999999992724e+02 0.000000000000000000e+00 9.844761623465522860e+00 1.645350000000000090e+00
7.709573000000000000e+06 1.000000000000000000e+00 6.500000000000000000e+01 4.140821307488175989e+03 8.783335550834075548e+03 7.462500000000000000e+02 0.000000000000000000e+00 9.316928397487989955e+00 9.199999999999999845e-02
7.709577000000000000e+06 1.000000000000000000e+00 6.600000000000000000e+01 4.146124107488175468e+03 8.775141950834075033e+03 7.366000000000003638e+02 0.000000000000000000e+00 4.768341396330859183e+00 2.400000000000000050e-02
7.709576000000000000e+06 0.000000000000000000e+00 6.600000000000000000e+01 4.142501307488175371e+03 8.767570750834074715e+03 7.298299999999999272e+02 0.000000000000000000e+00 3.514213888721036572e+00 4.169999999999999818e-01
7.709578000000000000e+06 1.000000000000000000e+00 6.500000000000000000e+01 4.140482307488176048e+03 8.765441250834075618e+03 7.291299999999991996e+02 0.000000000000000000e+00 3.171241723467605134e+00 9.199999999999999845e-02
7.709579000000000000e+06 1.000000000000000000e+00 6.500000000000000000e+01 4.144136207488175387e+03 8.761545650834075786e+03 7.278100000000004002e+02 0.000000000000000000e+00 2.783512834021835136e+00 9.199999999999999845e-02
7.709579000000000000e+06 1.000000000000000000e+00 6.500000000000000000e+01 4.146162907488175733e+03 8.758086250834076054e+03 7.239699999999993452e+02 0.000000000000000000e+00 4.032530594888622311e+00 4.169999999999999818e-01
7.709579000000000000e+06 1.000000000000000000e+00 6.500000000000000000e+01 4.146162907488175733e+03 8.758086250834076054e+03 7.239699999999993452e+02 0.000000000000000000e+00 4.032530594888622311e+00 7.065010000000000012e+00
7.708674000000000000e+06 1.000000000000000000e+00 6.500000000000000000e+01 4.129548307488175851e+03 8.757595850834073644e+03 8.039200000000000728e+02 0.000000000000000000e+00 6.789626392214514361e+00 9.199999999999999845e-02
7.708674000000000000e+06 1.000000000000000000e+00 6.500000000000000000e+01 4.127965307488175313e+03 8.750893050834074529e+03 8.016700000000000728e+02 0.000000000000000000e+00 8.789039131503129099e+00 2.400000000000000050e-02
7.708756000000000000e+06 1.000000000000000000e+00 6.600000000000000000e+01 4.125690307488175677e+03 8.753582650834076048e+03 8.120799999999999272e+02 0.000000000000000000e+00 8.357496588234328172e+00 6.099999999999999867e-02
7.708756000000000000e+06 1.000000000000000000e+00 6.600000000000000000e+01 4.122828307488175597e+03 8.748980450834074873e+03 8.086599999999998545e+02 0.000000000000000000e+00 7.125822126804454371e+00 9.199999999999999845e-02
7.708674000000000000e+06 1.000000000000000000e+00 6.500000000000000000e+01 4.123144307488175400e+03 8.750150250834074541e+03 8.083400000000001455e+02 0.000000000000000000e+00 7.676754669455555735e+00 9.199999999999999845e-02
7.708679000000000000e+06 1.000000000000000000e+00 6.600000000000000000e+01 4.116666307488175335e+03 8.748320450834075018e+03 8.010000000000000000e+02 0.000000000000000000e+00 3.117727878362093197e+00 1.124000000000000021e+01
7.708679000000000000e+06 1.000000000000000000e+00 6.600000000000000000e+01 4.116666307488175335e+03 8.748320450834075018e+03 8.010000000000000000e+02 0.000000000000000000e+00 3.117727878362093197e+00 1.068950000000000067e+00
9.245107000000000000e+06 1.000000000000000000e+00 6.600000000000000000e+01 4.155693207488176085e+03 8.723946350834074110e+03 1.158450000000000728e+03 1.000000000000000000e+00 3.563169073088706118e-01 8.300000000000000000e+01
