7.332479900000000000e+07 1.000000000000000000e+00 6.500000000000000000e+01 4.029414457632569338e+03 2.433189999999999600e+03 8.538821841632328869e+03 0.000000000000000000e+00 3.176387928786900794e+00 1.078999999999999915e+01
7.332479900000000000e+07 1.000000000000000000e+00 6.500000000000000000e+01 4.027687057632568667e+03 2.432559999999999491e+03 8.537850641632328916e+03 0.000000000000000000e+00 3.685209000655409461e+00 1.078999999999999915e+01
7.332388600000000000e+07 1.000000000000000000e+00 6.600000000000000000e+01 4.020207457632569003e+03 2.420350000000000364e+03 8.541354741632327205e+03 0.000000000000000000e+00 5.167620377322599268e+00 2.400000000000000050e-02
7.332388500000000000e+07 1.000000000000000000e+00 6.600000000000000000e+01 4.022962657632568607e+03 2.421579999999999927e+03 8.535722541632327193e+03 0.000000000000000000e+00 2.613995707593744555e+00 9.199999999999999845e-02
7.332388600000000000e+07 1.000000000000000000e+00 6.600000000000000000e+01 4.023742257632568453e+03 2.423260000000000218e+03 8.537274641632327985e+03 0.000000000000000000e+00 1.766038072651098245e+00 4.169999999999999818e-01
7.332388600000000000e+07 0.000000000000000000e+00 6.600000000000000000e+01 4.032553757632569159e+03 2.417320000000000618e+03 8.537901141632328290e+03 0.000000000000000000e+00 6.947928948986159536e-01 9.199999999999999845e-02
7.332480100000000000e+07 0.000000000000000000e+00 6.500000000000000000e+01 4.040872957632569069e+03 2.420789999999999964e+03 8.538058141632329352e+03 0.000000000000000000e+00 1.934135167217894136e+00 4.169999999999999818e-01
7.332389100000000000e+07 1.000000000000000000e+00 6.500000000000000000e+01 4.031086957632569010e+03 2.429250000000000909e+03 8.549977093632329343e+03 0.000000000000000000e+00 1.985840503171512283e+00 9.199999999999999845e-02
7.332389100000000000e+07 0.000000000000000000e+00 6.500000000000000000e+01 4.029520457632569105e+03 2.426619999999999891e+03 8.554944531632329017e+03 0.000000000000000000e+00 8.481655010974530340e-01 9.199999999999999845e-02
7.332389300000000000e+07 0.000000000000000000e+00 6.600000000000000000e+01 4.029304957632568858e+03 2.428900000000000546e+03 8.562123441632327740e+03 0.000000000000000000e+00 9.500633794776662810e-01 9.199999999999999845e-02
7.332389300000000000e+07 0.000000000000000000e+00 6.600000000000000000e+01 4.029397957632568705e+03 2.428369999999999891e+03 8.562853841632328113e+03 0.000000000000000000e+00 1.058252528331639519e+00 9.199999999999999845e-02
7.332389400000000000e+07 1.000000000000000000e+00 6.600000000000000000e+01 4.029266457632569200e+03 2.427559999999999491e+03 8.567938841632327239e+03 0.000000000000000000e+00 2.779783114382278875e+00 9.199999999999999845e-02
7.332389400000000000e+07 1.000000000000000000e+00 6.600000000000000000e+01 4.016067757632569283e+03 2.437010000000000218e+03 8.568375441632328148e+03 0.000000000000000000e+00 6.914576259480487153e+00 6.099999999999999867e-02
7.332481000000000000e+07 1.000000000000000000e+00 6.500000000000000000e+01 4.030861457632568545e+03 2.424680000000000291e+03 8.583417841632328418e+03 0.000000000000000000e+00 8.670108246429617083e+00 2.400000000000000050e-02
7.332389700000000000e+07 1.000000000000000000e+00 6.500000000000000000e+01 4.028992757632568555e+03 2.431710000000000036e+03 8.579612341632328025e+03 0.000000000000000000e+00 7.353857223080245475e+00 9.199999999999999845e-02
7.332481000000000000e+07 1.000000000000000000e+00 6.500000000000000000e+01 4.034338757632569013e+03 2.418109999999999673e+03 8.573698141632328770e+03 0.000000000000000000e+00 2.810004578255344221e+00 8.349999999999999645e-01
7.332481000000000000e+07 1.000000000000000000e+00 6.500000000000000000e+01 4.034338757632569013e+03 2.418109999999999673e+03 8.573698141632328770e+03 0.000000000000000000e+00 2.810004578255344221e+00 6.653240000000000265e+00
7.332479900000000000e+07 1.000000000000000000e+00 6.500000000000000000e+01 4.027592257632568817e+03 2.432019999999999527e+03 8.537201041632328270e+03 0.000000000000000000e+00 3.508247933464032187e+00 4.169999999999999818e-01
7.332479900000000000e+07 1.000000000000000000e+00 6.500000000000000000e+01 4.028330757632569203e+03 2.429559999999999491e+03 8.531264541632328473e+03 0.000000000000000000e+00 5.414923451269471499e+00 9.199999999999999845e-02
7.332479800000000000e+07 1.000000000000000000e+00 6.500000000000000000e+01 4.030125957632568770e+03 2.427750000000000000e+03 8.528993141632327024e+03 0.000000000000000000e+00 5.203302078413667431e+00 9.199999999999999845e-02
7.332388500000000000e+07 1.000000000000000000e+00 6.600000000000000000e+01 4.019992157632569160e+03 2.425059999999999491e+03 8.531559041632328444e+03 0.000000000000000000e+00 5.378741039578554428e+00 9.199999999999999845e-02
7.332388500000000000e+07 1.000000000000000000e+00 6.600000000000000000e+01 4.017721357632568925e+03 2.428590000000000146e+03 8.531986841632327923e+03 0.000000000000000000e+00 9.553653104828597975e+00 9.199999999999999845e-02
7.332561600000000000e+07 1.000000000000000000e+00 6.600000000000000000e+01 3.991011857632568990e+03 2.443179999999999382e+03 8.512325841632329684e+03 0.000000000000000000e+00 7.282553991275907634e+00 9.199999999999999845e-02
7.332388400000000000e+07 1.000000000000000000e+00 6.600000000000000000e+01 4.026083657632568702e+03 2.415510000000000218e+03 8.526371341632328040e+03 0.000000000000000000e+00 4.727639853642513046e+00 9.199999999999999845e-02
7.332388000000000000e+07 1.000000000000000000e+00 6.500000000000000000e+01 4.024818257632568475e+03 2.416780000000000655e+03 8.520759241632327758e+03 0.000000000000000000e+00 6.946956437886033342e+00 9.199999999999999845e-02
7.332380500000000000e+07 1.000000000000000000e+00 6.600000000000000000e+01 4.025008557632568682e+03 2.395189999999999600e+03 8.541590011632328242e+03 0.000000000000000000e+00 8.807821703492706433e+00 9.199999999999999845e-02
7.106538600000000000e+07 0.000000000000000000e+00 6.600000000000000000e+01 4.224063157632568618e+03 1.136992000000000007e+04 8.551558861632329354e+03 1.000000000000000000e+00 2.580325341619146506e+00 1.700000000000000000e+01
