1.099221110000000000e+08 1.000000000000000000e+00 6.500000000000000000e+01 4.204175860905832451e+03 1.219795000000000073e+04 1.290854361131494079e+04 0.000000000000000000e+00 1.589055194960792505e+00 1.078999999999999915e+01
1.099026010000000000e+08 1.000000000000000000e+00 6.600000000000000000e+01 4.242204460905832093e+03 1.394930999999999949e+04 1.284967161131493958e+04 0.000000000000000000e+00 8.973608409565214217e+00 9.199999999999999845e-02
1.099026000000000000e+08 1.000000000000000000e+00 6.600000000000000000e+01 4.238056860905832764e+03 1.394999000000000160e+04 1.284282271131494053e+04 0.000000000000000000e+00 6.963100216235017292e+00 9.199999999999999845e-02
1.099026000000000000e+08 1.000000000000000000e+00 6.600000000000000000e+01 4.233884760905832081e+03 1.394997000000000116e+04 1.283910751131493998e+04 0.000000000000000000e+00 7.938864725284339841e+00 9.199999999999999845e-02
1.099026010000000000e+08 1.000000000000000000e+00 6.600000000000000000e+01 4.233540960905832435e+03 1.394937000000000080e+04 1.284381661131494002e+04 0.000000000000000000e+00 7.409620639288544197e+00 9.199999999999999845e-02
1.099026030000000000e+08 1.000000000000000000e+00 6.500000000000000000e+01 4.228165860905832233e+03 1.394781999999999971e+04 1.285321831131494037e+04 0.000000000000000000e+00 4.003320261959842696e+00 4.169999999999999818e-01
1.099026030000000000e+08 1.000000000000000000e+00 6.500000000000000000e+01 4.226835360905832204e+03 1.394904000000000087e+04 1.285259351131493895e+04 0.000000000000000000e+00 2.185967872647276877e+00 9.199999999999999845e-02
1.099026030000000000e+08 1.000000000000000000e+00 6.500000000000000000e+01 4.226824160905832287e+03 1.394907999999999993e+04 1.285255211131494070e+04 0.000000000000000000e+00 2.155189216537772623e+00 4.169999999999999818e-01
1.099027080000000000e+08 1.000000000000000000e+00 6.600000000000000000e+01 4.263377560905832070e+03 1.394223999999999978e+04 1.284665081131493935e+04 0.000000000000000000e+00 6.660042411386921657e+00 2.039999999999999869e-01
1.099035230000000000e+08 1.000000000000000000e+00 6.600000000000000000e+01 4.284594560905832623e+03 1.394879999999999927e+04 1.286735351131494099e+04 0.000000000000000000e+00 2.494194280585824153e+00 6.099999999999999867e-02
1.099035210000000000e+08 1.000000000000000000e+00 6.500000000000000000e+01 4.274049460905832348e+03 1.393652999999999884e+04 1.285613311131493901e+04 0.000000000000000000e+00 6.984759093495710225e+00 9.199999999999999845e-02
1.099027180000000000e+08 1.000000000000000000e+00 6.600000000000000000e+01 4.299243560905832055e+03 1.391206999999999971e+04 1.285437651131493840e+04 0.000000000000000000e+00 9.441021892496554102e+00 9.199999999999999845e-02
1.099035140000000000e+08 1.000000000000000000e+00 6.500000000000000000e+01 4.295701360905832189e+03 1.392543999999999869e+04 1.284885621131494008e+04 0.000000000000000000e+00 3.741395662200766470e+00 2.039999999999999869e-01
1.099035140000000000e+08 1.000000000000000000e+00 6.500000000000000000e+01 4.295701360905832189e+03 1.392543999999999869e+04 1.284885621131494008e+04 0.000000000000000000e+00 3.741395662200766470e+00 7.212819999999999787e+00
1.099035240000000000e+08 1.000000000000000000e+00 6.500000000000000000e+01 4.266451960905832493e+03 1.392131000000000131e+04 1.288418421131493960e+04 0.000000000000000000e+00 4.963770966683309638e+00 8.349999999999999645e-01
1.099035240000000000e+08 1.000000000000000000e+00 6.500000000000000000e+01 4.266451960905832493e+03 1.392131000000000131e+04 1.288418421131493960e+04 0.000000000000000000e+00 4.963770966683309638e+00 7.040560000000000151e+00
