5.384319900000000000e+07 1.000000000000000000e+00 6.500000000000000000e+01 9.867635466433319380e+03 1.293020000000000073e+04 6.394452916267203364e+03 0.000000000000000000e+00 2.366441547956009916e+00 1.605000000000000071e+01
5.384079000000000000e+07 0.000000000000000000e+00 6.500000000000000000e+01 9.905189966433317750e+03 1.285538999999999942e+04 6.404841316267203183e+03 0.000000000000000000e+00 3.511660166615468981e+00 1.605000000000000071e+01
5.384078800000000000e+07 1.000000000000000000e+00 6.600000000000000000e+01 9.905994766433319455e+03 1.285477000000000044e+04 6.405200616267203259e+03 0.000000000000000000e+00 3.687438796869876967e+00 1.605000000000000071e+01
5.384079100000000000e+07 1.000000000000000000e+00 6.500000000000000000e+01 9.905519166433317878e+03 1.285343999999999869e+04 6.403555716267203024e+03 0.000000000000000000e+00 2.275753577533885963e+00 1.605000000000000071e+01
5.384079100000000000e+07 1.000000000000000000e+00 6.500000000000000000e+01 9.903740566433318236e+03 1.285478999999999905e+04 6.401492816267203125e+03 0.000000000000000000e+00 1.047366776171868574e+00 1.339000000000000057e+01
5.384080200000000000e+07 1.000000000000000000e+00 6.500000000000000000e+01 9.910289266433319426e+03 1.286606999999999971e+04 6.371005516267203348e+03 0.000000000000000000e+00 6.550196523988669028e+00 3.229999999999999716e+01
5.384198900000000000e+07 1.000000000000000000e+00 6.600000000000000000e+01 9.880275666433317383e+03 1.286518000000000029e+04 6.363270116267202866e+03 0.000000000000000000e+00 5.101020605948946240e+00 1.605000000000000071e+01
5.384198800000000000e+07 1.000000000000000000e+00 6.600000000000000000e+01 9.876969766433318000e+03 1.286579000000000087e+04 6.367178616267203324e+03 0.000000000000000000e+00 3.094766188356396608e+00 1.339000000000000057e+01
5.384198800000000000e+07 1.000000000000000000e+00 6.600000000000000000e+01 9.879068466433318463e+03 1.286879999999999927e+04 6.365388916267203058e+03 0.000000000000000000e+00 2.361018649526733792e+00 1.078999999999999915e+01
5.384199000000000000e+07 1.000000000000000000e+00 6.600000000000000000e+01 9.885586966433318594e+03 1.285742000000000007e+04 6.360831516267203369e+03 0.000000000000000000e+00 7.750373747027599514e+00 9.199999999999999845e-02
5.384198800000000000e+07 1.000000000000000000e+00 6.600000000000000000e+01 9.871303566433318338e+03 1.286263000000000102e+04 6.366740916267202920e+03 0.000000000000000000e+00 9.293576780838506579e+00 9.199999999999999845e-02
5.384080000000000000e+07 1.000000000000000000e+00 6.600000000000000000e+01 9.900376466433317546e+03 1.288350000000000000e+04 6.378322016267203253e+03 0.000000000000000000e+00 3.414070700400865022e+00 2.400000000000000050e-02
5.384202600000000000e+07 1.000000000000000000e+00 6.500000000000000000e+01 9.945260266433317156e+03 1.288979999999999927e+04 6.376909016267202787e+03 0.000000000000000000e+00 4.762092501994787064e+00 9.199999999999999845e-02
5.384202100000000000e+07 1.000000000000000000e+00 6.600000000000000000e+01 9.949283266433318204e+03 1.288515999999999985e+04 6.370631716267203046e+03 0.000000000000000000e+00 4.965512251397142585e+00 4.169999999999999818e-01
5.384202100000000000e+07 1.000000000000000000e+00 6.600000000000000000e+01 9.953381366433317453e+03 1.288350000000000000e+04 6.369008316267202645e+03 0.000000000000000000e+00 3.148489861919406607e+00 6.099999999999999867e-02
5.384202100000000000e+07 1.000000000000000000e+00 6.600000000000000000e+01 9.957212966433318797e+03 1.288238999999999942e+04 6.369866916267203123e+03 0.000000000000000000e+00 5.376272640958029037e+00 9.199999999999999845e-02
5.384202300000000000e+07 1.000000000000000000e+00 6.500000000000000000e+01 9.968960866433317278e+03 1.290081999999999971e+04 6.366379216267202537e+03 0.000000000000000000e+00 3.406132514593355420e+00 9.199999999999999845e-02
5.384202300000000000e+07 1.000000000000000000e+00 6.500000000000000000e+01 9.968960866433317278e+03 1.290081999999999971e+04 6.366379216267202537e+03 0.000000000000000000e+00 3.406132514593355420e+00 7.317669999999999675e+00
5.384198400000000000e+07 1.000000000000000000e+00 6.500000000000000000e+01 9.869155566433317290e+03 1.286847999999999956e+04 6.379306316267203329e+03 0.000000000000000000e+00 6.498992810469112591e+00 9.199999999999999845e-02
5.384318100000000000e+07 1.000000000000000000e+00 6.600000000000000000e+01 9.859877866433318559e+03 1.289135000000000036e+04 6.362863516267202613e+03 0.000000000000000000e+00 8.912406238503345790e+00 9.199999999999999845e-02
5.384318100000000000e+07 1.000000000000000000e+00 6.600000000000000000e+01 9.851380566433319473e+03 1.289479000000000087e+04 6.360435516267202729e+03 0.000000000000000000e+00 4.943797391569858313e+00 9.199999999999999845e-02
5.384318100000000000e+07 1.000000000000000000e+00 6.600000000000000000e+01 9.850437166433319362e+03 1.289663000000000102e+04 6.357030116267203084e+03 0.000000000000000000e+00 6.525963538807066477e+00 4.169999999999999818e-01
5.384206800000000000e+07 1.000000000000000000e+00 6.600000000000000000e+01 9.871533466433318608e+03 1.284243000000000029e+04 6.392539716267202493e+03 0.000000000000000000e+00 1.461765972161672034e+00 9.199999999999999845e-02
5.384197900000000000e+07 1.000000000000000000e+00 6.600000000000000000e+01 9.865849666433317907e+03 1.288426000000000022e+04 6.392300016267203318e+03 0.000000000000000000e+00 4.875516825254060826e+00 9.199999999999999845e-02
5.384197800000000000e+07 1.000000000000000000e+00 6.600000000000000000e+01 9.864674566433317523e+03 1.289597999999999956e+04 6.390625216267202632e+03 0.000000000000000000e+00 7.243941948782676832e+00 6.099999999999999867e-02
5.384197700000000000e+07 1.000000000000000000e+00 6.600000000000000000e+01 9.865733566433318629e+03 1.290475000000000000e+04 6.394257916267202745e+03 0.000000000000000000e+00 8.114734473046192775e+00 6.099999999999999867e-02
5.384197700000000000e+07 1.000000000000000000e+00 6.600000000000000000e+01 9.866767766433318684e+03 1.290601000000000022e+04 6.395994616267203128e+03 0.000000000000000000e+00 8.518295992229115043e+00 2.400000000000000050e-02
5.384197700000000000e+07 1.000000000000000000e+00 6.600000000000000000e+01 9.867614566433319851e+03 1.290257999999999993e+04 6.389661216267202690e+03 0.000000000000000000e+00 6.600985989799878162e+00 9.199999999999999845e-02
5.384197700000000000e+07 1.000000000000000000e+00 6.600000000000000000e+01 9.866099866433318311e+03 1.289815999999999985e+04 6.387301916267202614e+03 0.000000000000000000e+00 8.374989011764261804e+00 6.099999999999999867e-02
5.384198100000000000e+07 1.000000000000000000e+00 6.500000000000000000e+01 9.866696366433319781e+03 1.289422999999999956e+04 6.373920816267203008e+03 0.000000000000000000e+00 9.076128443412549984e+00 9.199999999999999845e-02
5.384198100000000000e+07 1.000000000000000000e+00 6.500000000000000000e+01 9.870475066433318716e+03 1.288677000000000044e+04 6.385010316267203052e+03 0.000000000000000000e+00 3.490694059349586986e+00 2.400000000000000050e-02
5.384071500000000000e+07 1.000000000000000000e+00 6.600000000000000000e+01 9.888433266433319659e+03 1.288588000000000102e+04 6.390014016267203260e+03 0.000000000000000000e+00 4.375781212184919333e+00 9.199999999999999845e-02
5.384071500000000000e+07 1.000000000000000000e+00 6.600000000000000000e+01 9.888975366433318413e+03 1.288472000000000116e+04 6.389539516267202998e+03 0.000000000000000000e+00 4.257565199306071690e+00 9.199999999999999845e-02
5.384079600000000000e+07 1.000000000000000000e+00 6.500000000000000000e+01 9.891547166433318125e+03 1.288113000000000102e+04 6.387591916267202578e+03 0.000000000000000000e+00 5.943748736577210146e+00 6.099999999999999867e-02
5.384079700000000000e+07 0.000000000000000000e+00 6.600000000000000000e+01 9.899403966433317692e+03 1.286856000000000131e+04 6.384001716267202937e+03 0.000000000000000000e+00 1.249795447122838299e+00 6.099999999999999867e-02
5.384079700000000000e+07 0.000000000000000000e+00 6.600000000000000000e+01 9.900491466433319147e+03 1.286746999999999935e+04 6.384228516267203304e+03 0.000000000000000000e+00 1.565206018682664846e+00 4.169999999999999818e-01
5.384079900000000000e+07 0.000000000000000000e+00 6.500000000000000000e+01 9.892656166433318504e+03 1.286920999999999913e+04 6.378220916267203393e+03 0.000000000000000000e+00 1.479884376058813844e+00 2.400000000000000050e-02
5.384079800000000000e+07 1.000000000000000000e+00 6.500000000000000000e+01 9.888510766433319077e+03 1.285981999999999971e+04 6.383250516267203238e+03 0.000000000000000000e+00 3.390942064282960189e+00 6.099999999999999867e-02
5.384079800000000000e+07 1.000000000000000000e+00 6.500000000000000000e+01 9.888511666433318169e+03 1.285965000000000146e+04 6.383333316267203372e+03 0.000000000000000000e+00 3.569730172820408054e+00 2.400000000000000050e-02
5.384079600000000000e+07 1.000000000000000000e+00 6.600000000000000000e+01 9.890131166433318867e+03 1.285490999999999985e+04 6.386339416267202978e+03 0.000000000000000000e+00 3.467642424837953818e+00 9.199999999999999845e-02
5.384079500000000000e+07 1.000000000000000000e+00 6.600000000000000000e+01 9.890698566433318774e+03 1.285526000000000022e+04 6.392010516267202547e+03 0.000000000000000000e+00 1.240773014589739986e+00 9.199999999999999845e-02
5.384079500000000000e+07 1.000000000000000000e+00 6.600000000000000000e+01 9.893451966433318375e+03 1.285211000000000058e+04 6.396445116267203048e+03 0.000000000000000000e+00 1.977256575086450363e+00 9.199999999999999845e-02
5.384079200000000000e+07 1.000000000000000000e+00 6.500000000000000000e+01 9.901306366433318544e+03 1.284925000000000000e+04 6.394936316267202528e+03 0.000000000000000000e+00 5.242011611198378773e+00 4.169999999999999818e-01
5.384079100000000000e+07 1.000000000000000000e+00 6.500000000000000000e+01 9.898805066433318643e+03 1.284002999999999884e+04 6.399531716267202683e+03 0.000000000000000000e+00 7.744432519310962881e+00 9.199999999999999845e-02
5.384079100000000000e+07 1.000000000000000000e+00 6.500000000000000000e+01 9.898862466433318332e+03 1.284104000000000087e+04 6.400644116267202662e+03 0.000000000000000000e+00 6.492218679615750609e+00 9.199999999999999845e-02
5.384079000000000000e+07 1.000000000000000000e+00 6.500000000000000000e+01 9.893116366433318035e+03 1.284738000000000102e+04 6.410863616267202815e+03 0.000000000000000000e+00 3.809459980928960210e+00 9.199999999999999845e-02
5.384079000000000000e+07 1.000000000000000000e+00 6.500000000000000000e+01 9.894013566433317465e+03 1.283975000000000000e+04 6.415617616267202720e+03 0.000000000000000000e+00 9.478593286158828235e+00 9.199999999999999845e-02
5.384080200000000000e+07 1.000000000000000000e+00 6.500000000000000000e+01 9.912708766433319397e+03 1.286544000000000051e+04 6.371563116267202531e+03 0.000000000000000000e+00 8.943512459033163609e+00 9.199999999999999845e-02
5.384080300000000000e+07 1.000000000000000000e+00 6.500000000000000000e+01 9.913583566433317174e+03 1.286692000000000007e+04 6.366776916267202978e+03 0.000000000000000000e+00 7.476368552153600966e+00 1.339000000000000057e+01
5.384080300000000000e+07 1.000000000000000000e+00 6.500000000000000000e+01 9.913521466433317983e+03 1.286825000000000000e+04 6.364526116267203179e+03 0.000000000000000000e+00 6.263478609578676526e+00 1.078999999999999915e+01
5.384081400000000000e+07 1.000000000000000000e+00 6.500000000000000000e+01 9.930646426433318993e+03 1.289045999999999913e+04 6.350629316267202739e+03 0.000000000000000000e+00 7.668521579953652356e+00 2.039999999999999869e-01
5.384201300000000000e+07 1.000000000000000000e+00 6.600000000000000000e+01 9.943636566433318876e+03 1.289352000000000044e+04 6.345814316267203139e+03 0.000000000000000000e+00 4.940133910617607427e+00 2.400000000000000050e-02
5.384080800000000000e+07 1.000000000000000000e+00 6.600000000000000000e+01 9.918394726433318283e+03 1.287420999999999913e+04 6.361004516267203144e+03 0.000000000000000000e+00 6.763046112955949596e+00 2.400000000000000050e-02
5.384080800000000000e+07 1.000000000000000000e+00 6.600000000000000000e+01 9.921937526433317544e+03 1.287668999999999869e+04 6.357077916267203364e+03 0.000000000000000000e+00 7.535676364618626444e+00 9.199999999999999845e-02
5.384080800000000000e+07 1.000000000000000000e+00 6.600000000000000000e+01 9.921345086433317192e+03 1.287535000000000036e+04 6.358744216267203228e+03 0.000000000000000000e+00 7.525397757702673829e+00 9.199999999999999845e-02
5.384207900000000000e+07 1.000000000000000000e+00 6.500000000000000000e+01 9.914084466433318084e+03 1.285985000000000036e+04 6.361301416267202512e+03 0.000000000000000000e+00 8.448023863851517490e+00 9.199999999999999845e-02
5.384207900000000000e+07 1.000000000000000000e+00 6.500000000000000000e+01 9.915020166433318082e+03 1.285950000000000000e+04 6.362192816267202943e+03 0.000000000000000000e+00 8.393706945008242215e+00 2.400000000000000050e-02
5.384207900000000000e+07 1.000000000000000000e+00 6.500000000000000000e+01 9.912388966433318274e+03 1.285984000000000015e+04 6.361820516267202947e+03 0.000000000000000000e+00 8.096560023703247566e+00 2.400000000000000050e-02
5.384080300000000000e+07 1.000000000000000000e+00 6.500000000000000000e+01 9.913521466433317983e+03 1.286825000000000000e+04 6.364526116267203179e+03 0.000000000000000000e+00 6.263478609578676526e+00 6.772610000000000241e+00
5.384080200000000000e+07 1.000000000000000000e+00 6.500000000000000000e+01 9.912407166433318707e+03 1.286561999999999898e+04 6.368500416267203036e+03 0.000000000000000000e+00 7.544691395887213048e+00 1.339000000000000057e+01
5.384080200000000000e+07 1.000000000000000000e+00 6.500000000000000000e+01 9.912407166433318707e+03 1.286561999999999898e+04 6.368500416267203036e+03 0.000000000000000000e+00 7.544691395887213048e+00 4.583879999999999733e+00
5.384080200000000000e+07 1.000000000000000000e+00 6.500000000000000000e+01 9.912407166433318707e+03 1.286561999999999898e+04 6.368500416267203036e+03 0.000000000000000000e+00 7.544691395887213048e+00 1.069379999999999997e+00
5.384208300000000000e+07 1.000000000000000000e+00 6.600000000000000000e+01 9.915105666433319129e+03 1.285507999999999993e+04 6.370887316267202550e+03 0.000000000000000000e+00 8.242282691610348877e+00 9.199999999999999845e-02
5.384208300000000000e+07 1.000000000000000000e+00 6.600000000000000000e+01 9.919419916433318576e+03 1.284843000000000029e+04 6.370998916267202731e+03 0.000000000000000000e+00 5.553238253636436639e+00 9.199999999999999845e-02
5.384207900000000000e+07 1.000000000000000000e+00 6.500000000000000000e+01 9.914124166433317441e+03 1.285476000000000022e+04 6.360108616267202706e+03 0.000000000000000000e+00 4.314803404787004304e+00 6.099999999999999867e-02
5.384080600000000000e+07 1.000000000000000000e+00 6.600000000000000000e+01 9.903292766433318320e+03 1.286611999999999898e+04 6.359286016267203195e+03 0.000000000000000000e+00 2.792244460951217366e+00 9.199999999999999845e-02
5.384080200000000000e+07 1.000000000000000000e+00 6.500000000000000000e+01 9.904616166433319449e+03 1.286553000000000065e+04 6.363573816267203256e+03 0.000000000000000000e+00 2.557110928038718090e+00 6.099999999999999867e-02
5.384080200000000000e+07 1.000000000000000000e+00 6.500000000000000000e+01 9.904616166433319449e+03 1.286553000000000065e+04 6.363573816267203256e+03 0.000000000000000000e+00 2.557110928038718090e+00 7.390760000000000218e+00
5.384078900000000000e+07 0.000000000000000000e+00 6.600000000000000000e+01 9.904903066433318600e+03 1.285878000000000065e+04 6.405984716267203112e+03 0.000000000000000000e+00 1.971203538026853330e+00 2.400000000000000050e-02
5.384079100000000000e+07 0.000000000000000000e+00 6.500000000000000000e+01 9.896191166433318358e+03 1.285627000000000044e+04 6.404815716267203243e+03 0.000000000000000000e+00 3.453451812535409005e+00 9.199999999999999845e-02
5.384079300000000000e+07 1.000000000000000000e+00 6.600000000000000000e+01 9.893783266433318204e+03 1.285779999999999927e+04 6.407296816267203212e+03 0.000000000000000000e+00 5.245876872641015431e+00 4.169999999999999818e-01
5.384205700000000000e+07 1.000000000000000000e+00 6.500000000000000000e+01 9.886555666433319857e+03 1.285940999999999985e+04 6.411709616267203273e+03 0.000000000000000000e+00 6.234413659566979682e+00 9.199999999999999845e-02
5.384206200000000000e+07 0.000000000000000000e+00 6.600000000000000000e+01 9.876782766433318102e+03 1.285786999999999898e+04 6.409514916267203262e+03 0.000000000000000000e+00 2.133120648631084748e+00 9.199999999999999845e-02
5.384206100000000000e+07 0.000000000000000000e+00 6.500000000000000000e+01 9.874095066433317697e+03 1.285907999999999993e+04 6.410123916267202731e+03 0.000000000000000000e+00 1.436448703339992639e+00 2.400000000000000050e-02
5.384079000000000000e+07 0.000000000000000000e+00 6.500000000000000000e+01 9.903472466433318914e+03 1.285645999999999913e+04 6.405743816267203329e+03 0.000000000000000000e+00 1.423711273275466649e+00 1.078999999999999915e+01
5.384078700000000000e+07 1.000000000000000000e+00 6.600000000000000000e+01 9.912252466433317750e+03 1.285500999999999840e+04 6.407314216267202937e+03 0.000000000000000000e+00 1.497076476414360702e+00 9.199999999999999845e-02
5.384078800000000000e+07 1.000000000000000000e+00 6.600000000000000000e+01 9.909857266433318728e+03 1.285622999999999956e+04 6.405241016267203122e+03 0.000000000000000000e+00 1.425020069526700572e+00 1.124000000000000021e+01
5.384078800000000000e+07 1.000000000000000000e+00 6.600000000000000000e+01 9.909857266433318728e+03 1.285622999999999956e+04 6.405241016267203122e+03 0.000000000000000000e+00 1.425020069526700572e+00 3.651229999999999976e+00
5.384079100000000000e+07 0.000000000000000000e+00 6.500000000000000000e+01 9.900734266433319135e+03 1.285795000000000073e+04 6.402883416267202847e+03 0.000000000000000000e+00 1.107512159342146640e+00 2.400000000000000050e-02
5.384079100000000000e+07 1.000000000000000000e+00 6.500000000000000000e+01 9.904633566433318265e+03 1.285531999999999971e+04 6.400455116267203266e+03 0.000000000000000000e+00 1.691496829078076747e+00 4.169999999999999818e-01
5.384079100000000000e+07 1.000000000000000000e+00 6.500000000000000000e+01 9.906402766433318902e+03 1.285127999999999884e+04 6.403759116267203353e+03 0.000000000000000000e+00 3.787490842764154042e+00 4.169999999999999818e-01
5.384078000000000000e+07 1.000000000000000000e+00 6.500000000000000000e+01 9.925696386433319276e+03 1.284564999999999964e+04 6.428359446267202657e+03 0.000000000000000000e+00 4.004002848650772606e+00 4.169999999999999818e-01
5.384077900000000000e+07 1.000000000000000000e+00 6.500000000000000000e+01 9.934522816433318440e+03 1.285119000000000051e+04 6.430893526267203015e+03 0.000000000000000000e+00 6.933972907239663641e+00 6.099999999999999867e-02
5.384085700000000000e+07 1.000000000000000000e+00 6.600000000000000000e+01 9.948496866433317336e+03 1.286566999999999825e+04 6.432623766267202882e+03 0.000000000000000000e+00 3.318100880454149859e+00 4.169999999999999818e-01
5.384085800000000000e+07 1.000000000000000000e+00 6.600000000000000000e+01 9.949713966433319001e+03 1.285406999999999971e+04 6.437172516267202809e+03 0.000000000000000000e+00 7.801274527305774420e+00 4.169999999999999818e-01
5.383952900000000000e+07 1.000000000000000000e+00 6.500000000000000000e+01 9.946585566433317581e+03 1.285954999999999927e+04 6.454600116267202793e+03 0.000000000000000000e+00 7.400790200172456146e+00 2.400000000000000050e-02
5.383952900000000000e+07 1.000000000000000000e+00 6.500000000000000000e+01 9.943333466433319700e+03 1.286473999999999978e+04 6.453205716267202661e+03 0.000000000000000000e+00 5.676191402287438237e+00 9.199999999999999845e-02
5.383952900000000000e+07 1.000000000000000000e+00 6.500000000000000000e+01 9.941076166433318576e+03 1.286314999999999964e+04 6.456343016267202984e+03 0.000000000000000000e+00 3.918135603285508584e+00 2.400000000000000050e-02
5.383953300000000000e+07 1.000000000000000000e+00 6.600000000000000000e+01 9.938143466433317371e+03 1.286161000000000058e+04 6.453781616267203390e+03 0.000000000000000000e+00 3.531421047256438239e+00 9.199999999999999845e-02
5.384085700000000000e+07 1.000000000000000000e+00 6.600000000000000000e+01 9.942182566433319153e+03 1.286423999999999978e+04 6.435167276267203306e+03 0.000000000000000000e+00 6.313587800666572214e+00 2.400000000000000050e-02
5.384077400000000000e+07 0.000000000000000000e+00 6.600000000000000000e+01 9.943063366433318151e+03 1.286486999999999898e+04 6.425106266267202955e+03 0.000000000000000000e+00 1.634779812167150181e+00 9.199999999999999845e-02
5.384077400000000000e+07 0.000000000000000000e+00 6.600000000000000000e+01 9.943821366433319781e+03 1.286570999999999913e+04 6.422243616267202924e+03 0.000000000000000000e+00 1.624118112563398331e+00 2.400000000000000050e-02
5.384077000000000000e+07 1.000000000000000000e+00 6.500000000000000000e+01 9.956658266433318204e+03 1.286288000000000102e+04 6.418260036267202850e+03 0.000000000000000000e+00 3.520529481005036487e+00 9.199999999999999845e-02
5.384086000000000000e+07 0.000000000000000000e+00 6.500000000000000000e+01 9.960004866433318966e+03 1.285710000000000036e+04 6.423399806267202621e+03 0.000000000000000000e+00 2.336418385184336977e+00 9.199999999999999845e-02
5.384086000000000000e+07 0.000000000000000000e+00 6.500000000000000000e+01 9.966977566433317406e+03 1.286036000000000058e+04 6.423551386267203270e+03 0.000000000000000000e+00 2.692162148281557865e+00 9.199999999999999845e-02
5.384085800000000000e+07 0.000000000000000000e+00 6.500000000000000000e+01 9.966189866433318457e+03 1.286690000000000146e+04 6.424175526267203168e+03 0.000000000000000000e+00 4.388355702159953076e+00 2.400000000000000050e-02
5.384085800000000000e+07 0.000000000000000000e+00 6.500000000000000000e+01 9.962702766433318175e+03 1.286840000000000146e+04 6.423083326267203120e+03 0.000000000000000000e+00 1.730849335255602250e+00 2.400000000000000050e-02
5.384085700000000000e+07 0.000000000000000000e+00 6.500000000000000000e+01 9.959746466433318346e+03 1.287011000000000058e+04 6.425586572267203337e+03 0.000000000000000000e+00 7.240785970948486749e-01 9.199999999999999845e-02
5.384085600000000000e+07 1.000000000000000000e+00 6.500000000000000000e+01 9.962112266433319746e+03 1.287606999999999971e+04 6.424711596267203277e+03 0.000000000000000000e+00 1.922241182534919268e+00 9.199999999999999845e-02
5.384068600000000000e+07 0.000000000000000000e+00 6.500000000000000000e+01 9.958702666433318882e+03 1.287723999999999978e+04 6.422055726267202772e+03 0.000000000000000000e+00 1.546276097933212634e+00 4.169999999999999818e-01
5.384068300000000000e+07 0.000000000000000000e+00 6.500000000000000000e+01 9.961188066433318454e+03 1.288455999999999949e+04 6.426996363267203378e+03 0.000000000000000000e+00 1.346400919944133800e+00 9.199999999999999845e-02
5.384068300000000000e+07 0.000000000000000000e+00 6.500000000000000000e+01 9.961516266433318378e+03 1.288622000000000116e+04 6.427155595267203353e+03 0.000000000000000000e+00 6.805859638626923225e-01 6.099999999999999867e-02
5.384068300000000000e+07 1.000000000000000000e+00 6.500000000000000000e+01 9.966041566433319531e+03 1.289088999999999942e+04 6.423512126267202802e+03 0.000000000000000000e+00 1.240019322481072939e+00 9.199999999999999845e-02
5.384076700000000000e+07 1.000000000000000000e+00 6.500000000000000000e+01 9.964511066433318774e+03 1.289565999999999985e+04 6.412508216267203352e+03 0.000000000000000000e+00 1.306939297950999279e+00 6.099999999999999867e-02
5.384077000000000000e+07 1.000000000000000000e+00 6.600000000000000000e+01 9.958626366433318253e+03 1.289586000000000058e+04 6.406272416267202971e+03 0.000000000000000000e+00 4.852085498662007446e+00 9.199999999999999845e-02
5.384076800000000000e+07 1.000000000000000000e+00 6.600000000000000000e+01 9.953829566433318178e+03 1.288495999999999913e+04 6.393345216267202886e+03 0.000000000000000000e+00 7.287345363965277656e+00 9.199999999999999845e-02
5.384076800000000000e+07 1.000000000000000000e+00 6.600000000000000000e+01 9.953386966433317866e+03 1.288479999999999927e+04 6.393218716267202581e+03 0.000000000000000000e+00 7.620269938875991578e+00 2.400000000000000050e-02
5.384076800000000000e+07 1.000000000000000000e+00 6.600000000000000000e+01 9.953077766433318175e+03 1.288468999999999869e+04 6.393130316267202943e+03 0.000000000000000000e+00 7.862317687738473282e+00 2.400000000000000050e-02
5.384211000000000000e+07 1.000000000000000000e+00 6.500000000000000000e+01 9.944298166433318329e+03 1.288302000000000044e+04 6.393298416267202811e+03 0.000000000000000000e+00 5.727477256931524430e+00 9.199999999999999845e-02
5.384079000000000000e+07 1.000000000000000000e+00 6.500000000000000000e+01 9.902008466433318972e+03 1.285292000000000007e+04 6.406373916267202731e+03 0.000000000000000000e+00 1.728975157257612860e+00 6.099999999999999867e-02
5.384079000000000000e+07 1.000000000000000000e+00 6.500000000000000000e+01 9.903223266433318713e+03 1.285181000000000131e+04 6.408279816267203387e+03 0.000000000000000000e+00 2.400527424990016367e+00 1.078999999999999915e+01
5.384079100000000000e+07 1.000000000000000000e+00 6.500000000000000000e+01 9.909550466433318434e+03 1.285193000000000029e+04 6.401402516267203282e+03 0.000000000000000000e+00 5.484641195907439482e+00 9.199999999999999845e-02
5.384197000000000000e+07 1.000000000000000000e+00 6.600000000000000000e+01 9.911144766433317272e+03 1.286868000000000029e+04 6.445928816267202819e+03 0.000000000000000000e+00 4.239611510149162044e+00 9.199999999999999845e-02
5.384197000000000000e+07 1.000000000000000000e+00 6.600000000000000000e+01 9.911377866433318559e+03 1.286984000000000015e+04 6.444422616267203011e+03 0.000000000000000000e+00 3.280263820925575224e+00 9.199999999999999845e-02
5.384196800000000000e+07 1.000000000000000000e+00 6.600000000000000000e+01 9.906933166433318547e+03 1.286982999999999993e+04 6.430201036267202653e+03 0.000000000000000000e+00 3.593127944382150663e+00 5.000000000000000000e-01
5.384196800000000000e+07 1.000000000000000000e+00 6.600000000000000000e+01 9.907154166433318096e+03 1.287077999999999884e+04 6.431633046267203099e+03 0.000000000000000000e+00 1.969141416029878133e+00 2.400000000000000050e-02
5.384196800000000000e+07 1.000000000000000000e+00 6.600000000000000000e+01 9.906443666433318867e+03 1.287220000000000073e+04 6.435025926267202522e+03 0.000000000000000000e+00 2.487175772057480305e+00 9.199999999999999845e-02
5.384196800000000000e+07 1.000000000000000000e+00 6.600000000000000000e+01 9.906263666433318576e+03 1.287138999999999942e+04 6.434352296267203201e+03 0.000000000000000000e+00 2.182917287775129278e+00 4.169999999999999818e-01
5.384078800000000000e+07 1.000000000000000000e+00 6.500000000000000000e+01 9.891666366433317307e+03 1.285704000000000087e+04 6.422693226267202590e+03 0.000000000000000000e+00 7.519002533207324035e+00 2.400000000000000050e-02
5.384205500000000000e+07 1.000000000000000000e+00 6.500000000000000000e+01 9.886713066433318090e+03 1.286007999999999993e+04 6.425025856267203380e+03 0.000000000000000000e+00 8.232517669189560294e+00 2.400000000000000050e-02
5.384205500000000000e+07 1.000000000000000000e+00 6.500000000000000000e+01 9.886182266433319455e+03 1.285998999999999978e+04 6.425476266267202845e+03 0.000000000000000000e+00 7.718883441317880845e+00 2.400000000000000050e-02
5.384079000000000000e+07 1.000000000000000000e+00 6.500000000000000000e+01 9.903223266433318713e+03 1.285181000000000131e+04 6.408279816267203387e+03 0.000000000000000000e+00 2.400527424990016367e+00 6.096619999999999706e+00
5.384079200000000000e+07 1.000000000000000000e+00 6.500000000000000000e+01 9.908133566433318265e+03 1.285107999999999993e+04 6.391148416267203174e+03 0.000000000000000000e+00 6.650082793312223295e+00 4.169999999999999818e-01
5.384079100000000000e+07 1.000000000000000000e+00 6.500000000000000000e+01 9.902139166433318678e+03 1.284831000000000131e+04 6.400055316267203125e+03 0.000000000000000000e+00 2.750839226543853044e+00 1.078999999999999915e+01
5.384079100000000000e+07 1.000000000000000000e+00 6.500000000000000000e+01 9.905157066433319415e+03 1.284345999999999913e+04 6.396660216267203396e+03 0.000000000000000000e+00 8.478927876947889075e+00 9.199999999999999845e-02
5.384079100000000000e+07 1.000000000000000000e+00 6.500000000000000000e+01 9.904909366433319519e+03 1.284323999999999978e+04 6.397032116267202582e+03 0.000000000000000000e+00 8.203214557170117160e+00 9.199999999999999845e-02
5.384079100000000000e+07 1.000000000000000000e+00 6.500000000000000000e+01 9.903169066433318221e+03 1.284511999999999898e+04 6.398046916267202505e+03 0.000000000000000000e+00 5.612778321746271892e+00 9.199999999999999845e-02
5.384079100000000000e+07 1.000000000000000000e+00 6.500000000000000000e+01 9.902791366433317307e+03 1.284294000000000051e+04 6.399526516267203078e+03 0.000000000000000000e+00 5.870986514481706386e+00 2.400000000000000050e-02
5.384079700000000000e+07 1.000000000000000000e+00 6.600000000000000000e+01 9.907250366433318050e+03 1.285568999999999869e+04 6.389815516267202838e+03 0.000000000000000000e+00 6.111985627884326533e+00 9.355909999999999727e+00
5.384079100000000000e+07 1.000000000000000000e+00 6.500000000000000000e+01 9.902139166433318678e+03 1.284831000000000131e+04 6.400055316267203125e+03 0.000000000000000000e+00 2.750839226543853044e+00 7.264339999999999686e-02
