8.172240000000000000e+05 1.000000000000000000e+00 6.500000000000000000e+01 6.593054005685981792e+03 3.304062171840688279e+03 1.894700000000002547e+02 0.000000000000000000e+00 5.380980467185686678e+00 1.078999999999999915e+01
8.182110000000000000e+05 1.000000000000000000e+00 6.500000000000000000e+01 6.590698705685981622e+03 3.300411311840687631e+03 2.123100000000004002e+02 0.000000000000000000e+00 5.731192892606571831e+00 1.078999999999999915e+01
1.214239600000000000e+07 0.000000000000000000e+00 6.500000000000000000e+01 6.195195705685981011e+03 3.904693811840687886e+03 1.505460000000000036e+03 0.000000000000000000e+00 3.110297510880720040e+00 1.078999999999999915e+01
1.214239700000000000e+07 0.000000000000000000e+00 6.500000000000000000e+01 6.193970705685981557e+03 3.906692811840687682e+03 1.507050000000000182e+03 0.000000000000000000e+00 1.696188082893366644e+00 1.078999999999999915e+01
1.610127900000000000e+07 1.000000000000000000e+00 6.500000000000000000e+01 6.231717705685981855e+03 4.366752811840688082e+03 1.698809999999999491e+03 0.000000000000000000e+00 1.388677435328516507e+00 1.339000000000000057e+01
1.610119100000000000e+07 1.000000000000000000e+00 6.500000000000000000e+01 6.237628705685981913e+03 4.390162811840687937e+03 1.716130000000000109e+03 0.000000000000000000e+00 3.780067719685531014e+00 1.078999999999999915e+01
1.610118900000000000e+07 0.000000000000000000e+00 6.600000000000000000e+01 6.242041705685981469e+03 4.405482811840687646e+03 1.728210000000000036e+03 0.000000000000000000e+00 2.468822324237489596e+00 1.339000000000000057e+01
1.610118500000000000e+07 1.000000000000000000e+00 6.500000000000000000e+01 6.244842705685981855e+03 4.409402811840687718e+03 1.735880000000000109e+03 0.000000000000000000e+00 2.074882489941041186e+00 1.078999999999999915e+01
1.610118500000000000e+07 1.000000000000000000e+00 6.500000000000000000e+01 6.246062705685981200e+03 4.410772811840688519e+03 1.739699999999999818e+03 0.000000000000000000e+00 2.921925161553528216e+00 1.339000000000000057e+01
1.610244700000000000e+07 1.000000000000000000e+00 6.500000000000000000e+01 6.251540705685981266e+03 4.419302811840687355e+03 1.756170000000000073e+03 0.000000000000000000e+00 4.524627455628819739e+00 1.078999999999999915e+01
1.610274900000000000e+07 0.000000000000000000e+00 6.600000000000000000e+01 6.284003705685981913e+03 4.454682811840688373e+03 1.765189999999999600e+03 0.000000000000000000e+00 2.443702391047225753e+00 1.078999999999999915e+01
1.610167700000000000e+07 1.000000000000000000e+00 6.500000000000000000e+01 6.333146705685981942e+03 4.473322811840687791e+03 1.779130000000000109e+03 0.000000000000000000e+00 5.365906427600263484e+00 1.339000000000000057e+01
1.610167700000000000e+07 1.000000000000000000e+00 6.500000000000000000e+01 6.334265705685981629e+03 4.473582811840688009e+03 1.779539999999999964e+03 0.000000000000000000e+00 4.645577853909395039e+00 1.078999999999999915e+01
1.610176200000000000e+07 1.000000000000000000e+00 6.500000000000000000e+01 6.333929705685981389e+03 4.488992811840687864e+03 1.838680000000000291e+03 0.000000000000000000e+00 9.825886715108778091e+00 1.000000000000000021e-02
1.610086200000000000e+07 1.000000000000000000e+00 6.500000000000000000e+01 6.341092705685981855e+03 4.469512811840688300e+03 1.841059999999999491e+03 0.000000000000000000e+00 9.949220335675491356e+00 9.199999999999999845e-02
1.610176100000000000e+07 1.000000000000000000e+00 6.500000000000000000e+01 6.334917705685981673e+03 4.484172811840688155e+03 1.855049999999999272e+03 0.000000000000000000e+00 5.070758162395515356e+00 4.169999999999999818e-01
1.610176100000000000e+07 1.000000000000000000e+00 6.500000000000000000e+01 6.335812705685981200e+03 4.483262811840688300e+03 1.853550000000000182e+03 0.000000000000000000e+00 5.881682409766144204e+00 6.099999999999999867e-02
1.610176100000000000e+07 1.000000000000000000e+00 6.500000000000000000e+01 6.339520705685981738e+03 4.485672811840688155e+03 1.855249999999999091e+03 0.000000000000000000e+00 9.239724065615375181e+00 1.078999999999999915e+01
1.610176100000000000e+07 1.000000000000000000e+00 6.500000000000000000e+01 6.339520705685981738e+03 4.485672811840688155e+03 1.855249999999999091e+03 0.000000000000000000e+00 9.239724065615375181e+00 1.494040000000000035e+00
1.610176100000000000e+07 1.000000000000000000e+00 6.500000000000000000e+01 6.339520705685981738e+03 4.485672811840688155e+03 1.855249999999999091e+03 0.000000000000000000e+00 9.239724065615375181e+00 5.829860000000000042e-01
1.610086700000000000e+07 0.000000000000000000e+00 6.600000000000000000e+01 6.331522705685981236e+03 4.474642811840687500e+03 1.816750000000000909e+03 0.000000000000000000e+00 6.223438137944635962e+00 6.099999999999999867e-02
1.610086200000000000e+07 1.000000000000000000e+00 6.500000000000000000e+01 6.341434705685981498e+03 4.474612811840688664e+03 1.833510000000000218e+03 0.000000000000000000e+00 6.410868313681984176e+00 1.078999999999999915e+01
1.610086200000000000e+07 1.000000000000000000e+00 6.500000000000000000e+01 6.341434705685981498e+03 4.474612811840688664e+03 1.833510000000000218e+03 0.000000000000000000e+00 6.410868313681984176e+00 1.874989999999999934e+00
1.610086200000000000e+07 1.000000000000000000e+00 6.500000000000000000e+01 6.341434705685981498e+03 4.474612811840688664e+03 1.833510000000000218e+03 0.000000000000000000e+00 6.410868313681984176e+00 1.816399999999999959e-01
1.610167800000000000e+07 1.000000000000000000e+00 6.500000000000000000e+01 6.333718705685981149e+03 4.473772811840688519e+03 1.774549999999999272e+03 0.000000000000000000e+00 4.053486036658098257e+00 9.199999999999999845e-02
1.610167700000000000e+07 1.000000000000000000e+00 6.500000000000000000e+01 6.337607705685981273e+03 4.473792811840688955e+03 1.777449999999999818e+03 0.000000000000000000e+00 1.138625960996564324e+00 9.199999999999999845e-02
1.610167700000000000e+07 1.000000000000000000e+00 6.500000000000000000e+01 6.335174705685981280e+03 4.472042811840688955e+03 1.776800000000000182e+03 0.000000000000000000e+00 3.990271791326881257e+00 2.400000000000000050e-02
1.610167700000000000e+07 1.000000000000000000e+00 6.500000000000000000e+01 6.334396705685981942e+03 4.470382811840687282e+03 1.778250000000000000e+03 0.000000000000000000e+00 4.004795173472896153e+00 2.400000000000000050e-02
1.610167700000000000e+07 1.000000000000000000e+00 6.500000000000000000e+01 6.337159705685981862e+03 4.465882811840687282e+03 1.780359999999999673e+03 0.000000000000000000e+00 4.313438933846492240e+00 9.199999999999999845e-02
1.610167600000000000e+07 1.000000000000000000e+00 6.500000000000000000e+01 6.336304705685981389e+03 4.467262811840688300e+03 1.785019999999999527e+03 0.000000000000000000e+00 3.896146328284095350e+00 2.400000000000000050e-02
1.610167600000000000e+07 1.000000000000000000e+00 6.500000000000000000e+01 6.343060705685981702e+03 4.465272811840688519e+03 1.779900000000000546e+03 0.000000000000000000e+00 4.787598531546977121e+00 9.199999999999999845e-02
1.610167300000000000e+07 1.000000000000000000e+00 6.500000000000000000e+01 6.362379705685981207e+03 4.478482811840687646e+03 1.781299999999999272e+03 0.000000000000000000e+00 4.329555582610642439e+00 6.099999999999999867e-02
1.610167200000000000e+07 1.000000000000000000e+00 6.500000000000000000e+01 6.368384705685981316e+03 4.487052811840687355e+03 1.773929999999999382e+03 0.000000000000000000e+00 7.565798166848101580e+00 2.400000000000000050e-02
1.610167300000000000e+07 1.000000000000000000e+00 6.500000000000000000e+01 6.361422705685981782e+03 4.487412811840687937e+03 1.777949999999999818e+03 0.000000000000000000e+00 8.736574576722720309e+00 1.000000000000000000e+01
1.610167300000000000e+07 1.000000000000000000e+00 6.500000000000000000e+01 6.361422705685981782e+03 4.487412811840687937e+03 1.777949999999999818e+03 0.000000000000000000e+00 8.736574576722720309e+00 2.301759999999999806e+00
1.610167700000000000e+07 1.000000000000000000e+00 6.500000000000000000e+01 6.333146705685981942e+03 4.473322811840687791e+03 1.779130000000000109e+03 0.000000000000000000e+00 5.365906427600263484e+00 1.349120000000000097e+00
1.610274800000000000e+07 0.000000000000000000e+00 6.600000000000000000e+01 6.282443705685981513e+03 4.451762811840688300e+03 1.765030000000000655e+03 0.000000000000000000e+00 1.190940689272778519e+00 4.169999999999999818e-01
1.610274200000000000e+07 1.000000000000000000e+00 6.500000000000000000e+01 6.276326705685981324e+03 4.444102811840688446e+03 1.751019999999999527e+03 0.000000000000000000e+00 5.670279930608772112e+00 6.099999999999999867e-02
1.610113700000000000e+07 1.000000000000000000e+00 6.500000000000000000e+01 6.275352705685981164e+03 4.437652811840687718e+03 1.727960000000000036e+03 0.000000000000000000e+00 2.479323364465298773e+00 6.099999999999999867e-02
1.610113400000000000e+07 1.000000000000000000e+00 6.600000000000000000e+01 6.268364705685981789e+03 4.443722811840687427e+03 1.725140000000000327e+03 0.000000000000000000e+00 2.320621012172514153e+00 1.078999999999999915e+01
1.610113400000000000e+07 1.000000000000000000e+00 6.600000000000000000e+01 6.270862705685981382e+03 4.445352811840688446e+03 1.724429999999999382e+03 0.000000000000000000e+00 2.202343212608260714e+00 9.199999999999999845e-02
1.610113700000000000e+07 1.000000000000000000e+00 6.500000000000000000e+01 6.274360705685981884e+03 4.437812811840687573e+03 1.729760000000000218e+03 0.000000000000000000e+00 3.602355903240715307e+00 9.199999999999999845e-02
1.610113700000000000e+07 1.000000000000000000e+00 6.500000000000000000e+01 6.277687705685981200e+03 4.433062811840687573e+03 1.726079999999999927e+03 0.000000000000000000e+00 3.950709961716072360e+00 9.199999999999999845e-02
1.610259000000000000e+07 1.000000000000000000e+00 6.500000000000000000e+01 6.272987705685981382e+03 4.426642811840687500e+03 1.724470000000000255e+03 0.000000000000000000e+00 4.482207853112209150e+00 9.199999999999999845e-02
1.610251000000000000e+07 1.000000000000000000e+00 6.600000000000000000e+01 6.273484705685981680e+03 4.429342811840688228e+03 1.723010000000000218e+03 0.000000000000000000e+00 4.680111117620368688e+00 9.199999999999999845e-02
1.610113500000000000e+07 1.000000000000000000e+00 6.600000000000000000e+01 6.270268705685981331e+03 4.434472811840687427e+03 1.726950000000000728e+03 0.000000000000000000e+00 5.267969799967534783e+00 2.400000000000000050e-02
1.610113600000000000e+07 1.000000000000000000e+00 6.600000000000000000e+01 6.271378705685981913e+03 4.436322811840687791e+03 1.736259999999999309e+03 0.000000000000000000e+00 2.145898054520163800e+00 9.199999999999999845e-02
1.610265400000000000e+07 0.000000000000000000e+00 6.500000000000000000e+01 6.267393705685981331e+03 4.459392811840687500e+03 1.726380000000000109e+03 0.000000000000000000e+00 3.525664324092201984e-01 9.199999999999999845e-02
1.610265400000000000e+07 0.000000000000000000e+00 6.500000000000000000e+01 6.267393705685981331e+03 4.459392811840687500e+03 1.726380000000000109e+03 0.000000000000000000e+00 3.525664324092201984e-01 7.320459999999999745e+00
1.610113400000000000e+07 1.000000000000000000e+00 6.600000000000000000e+01 6.268364705685981789e+03 4.443722811840687427e+03 1.725140000000000327e+03 0.000000000000000000e+00 2.320621012172514153e+00 6.068599999999999550e-01
1.610244700000000000e+07 1.000000000000000000e+00 6.500000000000000000e+01 6.251540705685981266e+03 4.419302811840687355e+03 1.756170000000000073e+03 0.000000000000000000e+00 4.524627455628819739e+00 4.875689999999999635e+00
1.610118500000000000e+07 1.000000000000000000e+00 6.500000000000000000e+01 6.246062705685981200e+03 4.410772811840688519e+03 1.739699999999999818e+03 0.000000000000000000e+00 2.921925161553528216e+00 3.218980000000000175e+00
1.610118500000000000e+07 1.000000000000000000e+00 6.500000000000000000e+01 6.249363705685981586e+03 4.409912811840687937e+03 1.733630000000000109e+03 0.000000000000000000e+00 1.609595673665282778e+00 1.078999999999999915e+01
1.610118500000000000e+07 1.000000000000000000e+00 6.500000000000000000e+01 6.249363705685981586e+03 4.409912811840687937e+03 1.733630000000000109e+03 0.000000000000000000e+00 1.609595673665282778e+00 2.497679999999999900e+00
1.610118500000000000e+07 1.000000000000000000e+00 6.500000000000000000e+01 6.249363705685981586e+03 4.409912811840687937e+03 1.733630000000000109e+03 0.000000000000000000e+00 1.609595673665282778e+00 3.983459999999999779e-02
1.610118900000000000e+07 0.000000000000000000e+00 6.600000000000000000e+01 6.241868705685981695e+03 4.405402811840687718e+03 1.728330000000000837e+03 0.000000000000000000e+00 2.454756160354361061e+00 6.099999999999999867e-02
1.610252700000000000e+07 1.000000000000000000e+00 6.500000000000000000e+01 6.229426705685981688e+03 4.406052811840687355e+03 1.740870000000000800e+03 0.000000000000000000e+00 2.649572180613708028e+00 9.199999999999999845e-02
1.610252800000000000e+07 1.000000000000000000e+00 6.500000000000000000e+01 6.229654705685981753e+03 4.406442811840688591e+03 1.738100000000000364e+03 0.000000000000000000e+00 3.747613961535149141e+00 2.400000000000000050e-02
1.610118800000000000e+07 1.000000000000000000e+00 6.500000000000000000e+01 6.232918705685981877e+03 4.402652811840687718e+03 1.733329999999999927e+03 0.000000000000000000e+00 3.545188263923502614e+00 2.400000000000000050e-02
1.610118900000000000e+07 0.000000000000000000e+00 6.500000000000000000e+01 6.236051705685981688e+03 4.402992811840687864e+03 1.727829999999999927e+03 0.000000000000000000e+00 3.403116742687926966e+00 4.169999999999999818e-01
1.610119000000000000e+07 0.000000000000000000e+00 6.600000000000000000e+01 6.237816705685981105e+03 4.408022811840688519e+03 1.724859999999999673e+03 0.000000000000000000e+00 1.890465775466573906e+00 2.400000000000000050e-02
1.610119000000000000e+07 0.000000000000000000e+00 6.600000000000000000e+01 6.238125705685981302e+03 4.408132811840689101e+03 1.725069999999999709e+03 0.000000000000000000e+00 1.889394867966360358e+00 2.400000000000000050e-02
1.610118600000000000e+07 1.000000000000000000e+00 6.500000000000000000e+01 6.245205705685981229e+03 4.414592811840688228e+03 1.733579999999999927e+03 0.000000000000000000e+00 3.192335858439288021e+00 2.039999999999999869e-01
1.610119100000000000e+07 1.000000000000000000e+00 6.600000000000000000e+01 6.236668705685981877e+03 4.413122811840688883e+03 1.726229999999999563e+03 0.000000000000000000e+00 3.458534150569497090e+00 9.199999999999999845e-02
1.610119000000000000e+07 0.000000000000000000e+00 6.600000000000000000e+01 6.236346705685981760e+03 4.408122811840688883e+03 1.727519999999999527e+03 0.000000000000000000e+00 4.882861097712855702e+00 2.400000000000000050e-02
1.610118700000000000e+07 1.000000000000000000e+00 6.500000000000000000e+01 6.233584705685981135e+03 4.407212811840687209e+03 1.728829999999999927e+03 0.000000000000000000e+00 6.904998378951120230e+00 9.199999999999999845e-02
1.610260000000000000e+07 1.000000000000000000e+00 6.600000000000000000e+01 6.224285705685981156e+03 4.420072811840687791e+03 1.723310000000000400e+03 0.000000000000000000e+00 7.085110238280756256e+00 9.199999999999999845e-02
1.610245100000000000e+07 0.000000000000000000e+00 6.500000000000000000e+01 6.211362705685981382e+03 4.437212811840687209e+03 1.720559999999999491e+03 0.000000000000000000e+00 6.948997369857705664e+00 2.039999999999999869e-01
1.610245100000000000e+07 0.000000000000000000e+00 6.500000000000000000e+01 6.212223705685981258e+03 4.436032811840688737e+03 1.720690000000000509e+03 0.000000000000000000e+00 6.553063596024251147e+00 6.099999999999999867e-02
1.610245100000000000e+07 0.000000000000000000e+00 6.500000000000000000e+01 6.212710705685981338e+03 4.436032811840688737e+03 1.720949999999999818e+03 0.000000000000000000e+00 6.867465575573438841e+00 9.199999999999999845e-02
1.610245100000000000e+07 0.000000000000000000e+00 6.500000000000000000e+01 6.210709705685981135e+03 4.435222811840687427e+03 1.720449999999999818e+03 0.000000000000000000e+00 5.018353046016426511e+00 4.169999999999999818e-01
1.610245100000000000e+07 0.000000000000000000e+00 6.500000000000000000e+01 6.210709705685981135e+03 4.435222811840687427e+03 1.720449999999999818e+03 0.000000000000000000e+00 5.018353046016426511e+00 7.210479999999999556e+00
1.610119100000000000e+07 1.000000000000000000e+00 6.500000000000000000e+01 6.237857705685981273e+03 4.386942811840688591e+03 1.716739999999999782e+03 0.000000000000000000e+00 3.189476370120619908e+00 9.199999999999999845e-02
1.610127700000000000e+07 1.000000000000000000e+00 6.500000000000000000e+01 6.227211705685981542e+03 4.385312811840687573e+03 1.704069999999999709e+03 0.000000000000000000e+00 5.740043422268586326e+00 6.099999999999999867e-02
1.610246900000000000e+07 1.000000000000000000e+00 6.600000000000000000e+01 6.218505705685981411e+03 4.375672811840688155e+03 1.700000000000000000e+03 0.000000000000000000e+00 9.180775264979422090e+00 2.400000000000000050e-02
1.610255000000000000e+07 1.000000000000000000e+00 6.500000000000000000e+01 6.218168705685981877e+03 4.373562811840687573e+03 1.699449999999999818e+03 0.000000000000000000e+00 9.822543282755301419e+00 9.199999999999999845e-02
1.610127900000000000e+07 1.000000000000000000e+00 6.500000000000000000e+01 6.218451705685981324e+03 4.370642811840687500e+03 1.697920000000000073e+03 0.000000000000000000e+00 9.910590542689567073e+00 9.199999999999999845e-02
1.610127200000000000e+07 1.000000000000000000e+00 6.600000000000000000e+01 6.229048705685981986e+03 4.373052811840687355e+03 1.733829999999999927e+03 0.000000000000000000e+00 6.100248035363967425e+00 2.400000000000000050e-02
1.610127200000000000e+07 1.000000000000000000e+00 6.600000000000000000e+01 6.229813705685981404e+03 4.371472811840687427e+03 1.729780000000000655e+03 0.000000000000000000e+00 3.810611495166835283e+00 4.169999999999999818e-01
1.610127200000000000e+07 1.000000000000000000e+00 6.600000000000000000e+01 6.229551705685981688e+03 4.370692811840688591e+03 1.729420000000000073e+03 0.000000000000000000e+00 3.880380769482242975e+00 4.169999999999999818e-01
1.610254800000000000e+07 0.000000000000000000e+00 6.600000000000000000e+01 6.224319705685981717e+03 4.358892811840687500e+03 1.722969999999999345e+03 0.000000000000000000e+00 1.836506294536231154e+00 9.199999999999999845e-02
1.610254600000000000e+07 0.000000000000000000e+00 6.600000000000000000e+01 6.218858705685981477e+03 4.369692811840688591e+03 1.723529999999999745e+03 0.000000000000000000e+00 1.650700747327531248e+00 9.199999999999999845e-02
1.610254500000000000e+07 0.000000000000000000e+00 6.600000000000000000e+01 6.218336705685981542e+03 4.370002811840688082e+03 1.723980000000000473e+03 0.000000000000000000e+00 1.277210802861320271e+00 4.169999999999999818e-01
1.610254300000000000e+07 1.000000000000000000e+00 6.500000000000000000e+01 6.207200705685981120e+03 4.352172811840688155e+03 1.736840000000000146e+03 0.000000000000000000e+00 7.693048776993016702e+00 6.099999999999999867e-02
1.610254400000000000e+07 1.000000000000000000e+00 6.500000000000000000e+01 6.210773705685981440e+03 4.351502811840688082e+03 1.741340000000000146e+03 0.000000000000000000e+00 5.416881102251018376e+00 9.199999999999999845e-02
1.610254400000000000e+07 1.000000000000000000e+00 6.500000000000000000e+01 6.210703705685981731e+03 4.353872811840687064e+03 1.739750000000000000e+03 0.000000000000000000e+00 4.218578457815421956e+00 9.199999999999999845e-02
1.610254300000000000e+07 1.000000000000000000e+00 6.500000000000000000e+01 6.208844705685981353e+03 4.359662811840687937e+03 1.740870000000000800e+03 0.000000000000000000e+00 3.033160861517013362e+00 2.400000000000000050e-02
1.610127900000000000e+07 1.000000000000000000e+00 6.500000000000000000e+01 6.231717705685981855e+03 4.366752811840688082e+03 1.698809999999999491e+03 0.000000000000000000e+00 1.388677435328516507e+00 5.635519999999999641e+00
1.214239400000000000e+07 1.000000000000000000e+00 6.500000000000000000e+01 6.204110705685981884e+03 3.910714811840687616e+03 1.484589999999999236e+03 0.000000000000000000e+00 9.444635303457141973e+00 9.199999999999999845e-02
1.214142400000000000e+07 1.000000000000000000e+00 6.500000000000000000e+01 6.212643705685981331e+03 3.911845811840687929e+03 1.485409999999999854e+03 0.000000000000000000e+00 6.854509895706776490e+00 1.339000000000000057e+01
1.214142400000000000e+07 1.000000000000000000e+00 6.500000000000000000e+01 6.212643705685981331e+03 3.911845811840687929e+03 1.485409999999999854e+03 0.000000000000000000e+00 6.854509895706776490e+00 2.529920000000000169e+00
1.214142400000000000e+07 1.000000000000000000e+00 6.500000000000000000e+01 6.212643705685981331e+03 3.911845811840687929e+03 1.485409999999999854e+03 0.000000000000000000e+00 6.854509895706776490e+00 2.266919999999999824e+00
1.214239600000000000e+07 1.000000000000000000e+00 6.600000000000000000e+01 6.208638705685981222e+03 3.901036811840687733e+03 1.504170000000000073e+03 0.000000000000000000e+00 1.957223348651637940e+00 2.400000000000000050e-02
1.214239400000000000e+07 0.000000000000000000e+00 6.600000000000000000e+01 6.204356705685981069e+03 3.901506811840687988e+03 1.499970000000000255e+03 0.000000000000000000e+00 1.749360179229308532e+00 9.199999999999999845e-02
1.214239300000000000e+07 1.000000000000000000e+00 6.500000000000000000e+01 6.210809705685981498e+03 3.905370811840688475e+03 1.490729999999999563e+03 0.000000000000000000e+00 2.156951909839970760e+00 9.199999999999999845e-02
1.214239400000000000e+07 1.000000000000000000e+00 6.500000000000000000e+01 6.210942705685981309e+03 3.910938811840687777e+03 1.496539999999999964e+03 0.000000000000000000e+00 3.681303248590752641e+00 2.039999999999999869e-01
1.214239400000000000e+07 1.000000000000000000e+00 6.500000000000000000e+01 6.206478705685981367e+03 3.916082811840688009e+03 1.496569999999999709e+03 0.000000000000000000e+00 5.893969618231973406e+00 2.400000000000000050e-02
1.214239400000000000e+07 1.000000000000000000e+00 6.500000000000000000e+01 6.210408705685981658e+03 3.912997811840687973e+03 1.496460000000000036e+03 0.000000000000000000e+00 4.120285851177334813e+00 2.400000000000000050e-02
1.214142400000000000e+07 1.000000000000000000e+00 6.500000000000000000e+01 6.204240705685981084e+03 3.914547811840688155e+03 1.485759999999999309e+03 0.000000000000000000e+00 9.898617051831829272e+00 9.199999999999999845e-02
1.214142300000000000e+07 1.000000000000000000e+00 6.500000000000000000e+01 6.214506705685981615e+03 3.923476811840688242e+03 1.487819999999999709e+03 0.000000000000000000e+00 4.761402212240676057e+00 9.199999999999999845e-02
1.214142300000000000e+07 1.000000000000000000e+00 6.500000000000000000e+01 6.219826705685981324e+03 3.918582811840688009e+03 1.488309999999999491e+03 0.000000000000000000e+00 4.751270642806248112e+00 2.400000000000000050e-02
1.214323400000000000e+07 1.000000000000000000e+00 6.500000000000000000e+01 6.220068705685981513e+03 3.913107811840687646e+03 1.493500000000000000e+03 0.000000000000000000e+00 8.125402640356817585e+00 4.169999999999999818e-01
1.214142300000000000e+07 1.000000000000000000e+00 6.500000000000000000e+01 6.215203705685981731e+03 3.915641811840688206e+03 1.488380000000000109e+03 0.000000000000000000e+00 6.938079819297073847e+00 2.400000000000000050e-02
1.214142400000000000e+07 1.000000000000000000e+00 6.500000000000000000e+01 6.211326705685981324e+03 3.915980811840688148e+03 1.486560000000000400e+03 0.000000000000000000e+00 5.383508953829379884e+00 9.199999999999999845e-02
1.214142400000000000e+07 1.000000000000000000e+00 6.500000000000000000e+01 6.211512705685981928e+03 3.915928811840687558e+03 1.486160000000000764e+03 0.000000000000000000e+00 4.985660351419659797e+00 6.099999999999999867e-02
1.214239400000000000e+07 1.000000000000000000e+00 6.500000000000000000e+01 6.210273705685981440e+03 3.918374811840688380e+03 1.491489999999999782e+03 0.000000000000000000e+00 9.852378225330269856e+00 9.199999999999999845e-02
1.214239500000000000e+07 1.000000000000000000e+00 6.500000000000000000e+01 6.201240705685981084e+03 3.920860811840688257e+03 1.496039999999999964e+03 0.000000000000000000e+00 7.367640238407193287e+00 2.039999999999999869e-01
1.214239500000000000e+07 1.000000000000000000e+00 6.500000000000000000e+01 6.200572705685981418e+03 3.921181811840688169e+03 1.496720000000000255e+03 0.000000000000000000e+00 7.009876881076241517e+00 2.039999999999999869e-01
1.214239600000000000e+07 1.000000000000000000e+00 6.500000000000000000e+01 6.194017705685981127e+03 3.919279811840688126e+03 1.501350000000000364e+03 0.000000000000000000e+00 4.851177394855834102e+00 9.199999999999999845e-02
1.214239500000000000e+07 1.000000000000000000e+00 6.500000000000000000e+01 6.201507705685981819e+03 3.917433811840688577e+03 1.499539999999999964e+03 0.000000000000000000e+00 4.317684514046957744e+00 6.099999999999999867e-02
1.214239600000000000e+07 0.000000000000000000e+00 6.600000000000000000e+01 6.203456705685981433e+03 3.909753811840688286e+03 1.503109999999999673e+03 0.000000000000000000e+00 3.728985754914744266e+00 1.000000000000000000e+01
1.214239600000000000e+07 0.000000000000000000e+00 6.600000000000000000e+01 6.203456705685981433e+03 3.909753811840688286e+03 1.503109999999999673e+03 0.000000000000000000e+00 3.728985754914744266e+00 1.401839999999999975e+00
1.214310100000000000e+07 1.000000000000000000e+00 6.600000000000000000e+01 6.255599705685981462e+03 3.850328811840688104e+03 1.421089999999999236e+03 0.000000000000000000e+00 4.080093041655522335e+00 9.199999999999999845e-02
1.214310100000000000e+07 1.000000000000000000e+00 6.600000000000000000e+01 6.252407705685981455e+03 3.855205811840687602e+03 1.422630000000000109e+03 0.000000000000000000e+00 8.856666947747948271e+00 9.199999999999999845e-02
1.214144400000000000e+07 1.000000000000000000e+00 6.500000000000000000e+01 6.251666705685981469e+03 3.857978811840687740e+03 1.423579999999999927e+03 0.000000000000000000e+00 8.654715964552782026e+00 8.349999999999999645e-01
1.214318100000000000e+07 1.000000000000000000e+00 6.500000000000000000e+01 6.251481705685981069e+03 3.839087811840688119e+03 1.428760000000000218e+03 0.000000000000000000e+00 9.843605488990538888e+00 9.199999999999999845e-02
1.214310500000000000e+07 1.000000000000000000e+00 6.500000000000000000e+01 6.236328705685981731e+03 3.843876811840687878e+03 1.427949999999999818e+03 0.000000000000000000e+00 4.919032115297726548e+00 4.600000000000000200e-01
1.214311000000000000e+07 1.000000000000000000e+00 6.600000000000000000e+01 6.230142705685981127e+03 3.849787811840687937e+03 1.430689999999999600e+03 0.000000000000000000e+00 3.711881349425187882e+00 2.400000000000000050e-02
1.214311100000000000e+07 1.000000000000000000e+00 6.600000000000000000e+01 6.233285705685981156e+03 3.854480811840688148e+03 1.429050000000000182e+03 0.000000000000000000e+00 5.142770951441048233e+00 6.099999999999999867e-02
1.214311000000000000e+07 1.000000000000000000e+00 6.600000000000000000e+01 6.228813705685981404e+03 3.845157811840687827e+03 1.420520000000000437e+03 0.000000000000000000e+00 1.474610882533822886e+00 4.169999999999999818e-01
1.214311000000000000e+07 1.000000000000000000e+00 6.600000000000000000e+01 6.228813705685981404e+03 3.845157811840687827e+03 1.420520000000000437e+03 0.000000000000000000e+00 1.474610882533822886e+00 7.085300000000000153e+00
8.172180000000000000e+05 1.000000000000000000e+00 6.600000000000000000e+01 6.586549505685981785e+03 3.297255611840688289e+03 2.143000000000001819e+02 0.000000000000000000e+00 6.271688640275014492e+00 9.199999999999999845e-02
8.182100000000000000e+05 1.000000000000000000e+00 6.500000000000000000e+01 6.585044805685981373e+03 3.302747311840687871e+03 2.165599999999994907e+02 0.000000000000000000e+00 2.486274080327253166e+00 2.400000000000000050e-02
8.182100000000000000e+05 1.000000000000000000e+00 6.500000000000000000e+01 6.590154105685981449e+03 3.301686111840687772e+03 2.157399999999997817e+02 0.000000000000000000e+00 5.536728718711364294e+00 6.099999999999999867e-02
8.182110000000000000e+05 1.000000000000000000e+00 6.500000000000000000e+01 6.601598835685981612e+03 3.307453271840688103e+03 2.141499999999996362e+02 0.000000000000000000e+00 8.873686816075812445e+00 6.099999999999999867e-02
8.182120000000000000e+05 1.000000000000000000e+00 6.500000000000000000e+01 6.593747705685981600e+03 3.314982181840688099e+03 2.176199999999998909e+02 0.000000000000000000e+00 4.252442650347679098e+00 4.169999999999999818e-01
8.182120000000000000e+05 1.000000000000000000e+00 6.500000000000000000e+01 6.592952305685981628e+03 3.312309451840687871e+03 2.165900000000001455e+02 0.000000000000000000e+00 1.384459623828539154e+00 9.199999999999999845e-02
8.182120000000000000e+05 1.000000000000000000e+00 6.500000000000000000e+01 6.593068405685981816e+03 3.310945551840688495e+03 2.170299999999997453e+02 0.000000000000000000e+00 9.929611972619335480e-01 4.169999999999999818e-01
8.172240000000000000e+05 1.000000000000000000e+00 6.500000000000000000e+01 6.593009305685981417e+03 3.304078311840688002e+03 1.862399999999997817e+02 0.000000000000000000e+00 4.945931324432965681e+00 9.199999999999999845e-02
8.173100000000000000e+05 1.000000000000000000e+00 6.500000000000000000e+01 6.585387705685981928e+03 3.301501711840687676e+03 1.703499999999994543e+02 0.000000000000000000e+00 3.405321344078573897e+00 9.199999999999999845e-02
8.172300000000000000e+05 1.000000000000000000e+00 6.600000000000000000e+01 6.590820205685981819e+03 3.296241211840688266e+03 1.686999999999998181e+02 0.000000000000000000e+00 1.071226575997258124e+00 9.199999999999999845e-02
8.173190000000000000e+05 1.000000000000000000e+00 6.500000000000000000e+01 6.583291905685981874e+03 3.293504311840688388e+03 1.461500000000005457e+02 0.000000000000000000e+00 5.837632646658295954e+00 9.199999999999999845e-02
8.173170000000000000e+05 1.000000000000000000e+00 6.600000000000000000e+01 6.587054105685981085e+03 3.298392711840688207e+03 1.450600000000004002e+02 0.000000000000000000e+00 4.655976011354874267e+00 4.169999999999999818e-01
8.173170000000000000e+05 1.000000000000000000e+00 6.600000000000000000e+01 6.586663605685981565e+03 3.299777911840687921e+03 1.461500000000005457e+02 0.000000000000000000e+00 3.396323434393058616e+00 6.099999999999999867e-02
8.173170000000000000e+05 1.000000000000000000e+00 6.600000000000000000e+01 6.584588205685981848e+03 3.305193211840688491e+03 1.499400000000005093e+02 0.000000000000000000e+00 2.282884826531788924e+00 6.099999999999999867e-02
8.173130000000000000e+05 1.000000000000000000e+00 6.500000000000000000e+01 6.580346805685981053e+03 3.313073367840687752e+03 1.565699999999997090e+02 0.000000000000000000e+00 3.613565899016695671e+00 9.199999999999999845e-02
8.173140000000000000e+05 1.000000000000000000e+00 6.500000000000000000e+01 6.575867305685981592e+03 3.322704541840687853e+03 1.498999999999996362e+02 0.000000000000000000e+00 7.404192241429928600e+00 4.169999999999999818e-01
8.181670000000000000e+05 1.000000000000000000e+00 6.500000000000000000e+01 6.566420905685981779e+03 3.330371911840687972e+03 1.481899999999995998e+02 0.000000000000000000e+00 3.370045180411012975e+00 6.099999999999999867e-02
8.181710000000000000e+05 1.000000000000000000e+00 6.600000000000000000e+01 6.549628005685981407e+03 3.341855911840688350e+03 1.587600000000002183e+02 0.000000000000000000e+00 7.328255729755708714e+00 9.199999999999999845e-02
8.181700000000000000e+05 1.000000000000000000e+00 6.600000000000000000e+01 6.549107005685981676e+03 3.345479011840688145e+03 1.583599999999996726e+02 0.000000000000000000e+00 9.665292180527853105e+00 9.199999999999999845e-02
8.181740000000000000e+05 1.000000000000000000e+00 6.500000000000000000e+01 6.533653205685981447e+03 3.335672311840688053e+03 1.617600000000002183e+02 0.000000000000000000e+00 3.258446343755632579e+00 9.199999999999999845e-02
8.181750000000000000e+05 1.000000000000000000e+00 6.500000000000000000e+01 6.537357405685981576e+03 3.329579011840688509e+03 1.632300000000004729e+02 0.000000000000000000e+00 2.817373374179559242e+00 2.400000000000000050e-02
8.181740000000000000e+05 1.000000000000000000e+00 6.500000000000000000e+01 6.541481105685981674e+03 3.332405111840687823e+03 1.558700000000008004e+02 0.000000000000000000e+00 1.179189840431746905e+00 6.099999999999999867e-02
8.173740000000000000e+05 1.000000000000000000e+00 6.600000000000000000e+01 6.522247405685981903e+03 3.332206611840688311e+03 1.342599999999993088e+02 0.000000000000000000e+00 7.046182423659590022e+00 2.400000000000000050e-02
8.173780000000000000e+05 1.000000000000000000e+00 6.500000000000000000e+01 6.515808205685981193e+03 3.341377111840688485e+03 1.338599999999996726e+02 0.000000000000000000e+00 7.066815763573616849e+00 9.199999999999999845e-02
8.174570000000000000e+05 1.000000000000000000e+00 6.600000000000000000e+01 6.508954205685981833e+03 3.340054711840688469e+03 1.346400000000003274e+02 0.000000000000000000e+00 7.626156097903295183e+00 4.169999999999999818e-01
8.174560000000000000e+05 1.000000000000000000e+00 6.600000000000000000e+01 6.506334705685981135e+03 3.337086711840687713e+03 1.306699999999991633e+02 0.000000000000000000e+00 5.728881304239205718e+00 2.400000000000000050e-02
8.174560000000000000e+05 1.000000000000000000e+00 6.600000000000000000e+01 6.506333705685981840e+03 3.337881011840688188e+03 1.317500000000000000e+02 0.000000000000000000e+00 5.702246567971173796e+00 9.199999999999999845e-02
8.174600000000000000e+05 1.000000000000000000e+00 6.500000000000000000e+01 6.507520705685981738e+03 3.345162211840687633e+03 1.354299999999993815e+02 0.000000000000000000e+00 4.726397773954091441e+00 9.199999999999999845e-02
8.173760000000000000e+05 1.000000000000000000e+00 6.500000000000000000e+01 6.505633705685981113e+03 3.342787311840687835e+03 1.471100000000005821e+02 0.000000000000000000e+00 1.372550915425379436e+00 9.199999999999999845e-02
8.173760000000000000e+05 1.000000000000000000e+00 6.500000000000000000e+01 6.506585705685981338e+03 3.342349411840687935e+03 1.469899999999997817e+02 0.000000000000000000e+00 1.011189152171960481e+00 2.400000000000000050e-02
8.173760000000000000e+05 1.000000000000000000e+00 6.500000000000000000e+01 6.507901805685981344e+03 3.342328511840688407e+03 1.478000000000001819e+02 0.000000000000000000e+00 8.906128896183302945e-01 9.199999999999999845e-02
8.173770000000000000e+05 1.000000000000000000e+00 6.500000000000000000e+01 6.508065805685981104e+03 3.344185211840687771e+03 1.451499999999996362e+02 0.000000000000000000e+00 7.843081918655535612e-01 4.169999999999999818e-01
8.173770000000000000e+05 1.000000000000000000e+00 6.500000000000000000e+01 6.508065805685981104e+03 3.344185211840687771e+03 1.451499999999996362e+02 0.000000000000000000e+00 7.843081918655535612e-01 7.348329999999999806e+00
8.181230000000000000e+05 0.000000000000000000e+00 6.600000000000000000e+01 6.590005005685981814e+03 3.287593011840687723e+03 1.951800000000002910e+02 1.000000000000000000e+00 2.636749765297474735e+00 1.010000000000000000e+02
