4.874912900000000000e+07 1.000000000000000000e+00 6.500000000000000000e+01 2.398779999999999745e+03 1.010844065432403659e+04 5.769182461148448965e+03 0.000000000000000000e+00 5.555620295339495307e+00 3.229999999999999716e+01
4.874920700000000000e+07 1.000000000000000000e+00 6.500000000000000000e+01 2.398500000000000000e+03 1.009836485432403788e+04 5.789960461148449212e+03 0.000000000000000000e+00 4.393631522792828648e+00 1.078999999999999915e+01
4.874920800000000000e+07 1.000000000000000000e+00 6.500000000000000000e+01 2.398920000000000073e+03 1.009220935432403712e+04 5.797718261148448619e+03 0.000000000000000000e+00 1.598527540537126201e+00 3.229999999999999716e+01
4.874920700000000000e+07 1.000000000000000000e+00 6.500000000000000000e+01 2.406230000000000473e+03 1.009133875432403693e+04 5.793465661148448817e+03 0.000000000000000000e+00 2.921997537873084472e+00 1.078999999999999915e+01
4.874920700000000000e+07 1.000000000000000000e+00 6.500000000000000000e+01 2.406550000000000182e+03 1.009207655432403772e+04 5.793108661148448846e+03 0.000000000000000000e+00 2.512270906245960500e+00 9.199999999999999845e-02
4.874920600000000000e+07 0.000000000000000000e+00 6.500000000000000000e+01 2.411250000000000000e+03 1.009183145432403762e+04 5.790240461148448958e+03 0.000000000000000000e+00 3.747321321769212066e+00 9.199999999999999845e-02
4.874920300000000000e+07 1.000000000000000000e+00 6.600000000000000000e+01 2.420079999999999927e+03 1.009067815432403586e+04 5.789653561148448716e+03 0.000000000000000000e+00 1.301501641760153261e+00 2.039999999999999869e-01
4.874920300000000000e+07 1.000000000000000000e+00 6.600000000000000000e+01 2.420079999999999927e+03 1.009067795432403727e+04 5.789638761148448793e+03 0.000000000000000000e+00 1.306311988685350256e+00 2.400000000000000050e-02
4.874920200000000000e+07 1.000000000000000000e+00 6.500000000000000000e+01 2.423430000000000291e+03 1.008890885432403593e+04 5.777185921148448870e+03 0.000000000000000000e+00 2.294550655595140043e+00 9.199999999999999845e-02
4.874920200000000000e+07 1.000000000000000000e+00 6.500000000000000000e+01 2.423330000000000837e+03 1.008850555432403780e+04 5.775202241148448593e+03 0.000000000000000000e+00 1.511948751187807138e+00 1.605000000000000071e+01
4.874920200000000000e+07 1.000000000000000000e+00 6.500000000000000000e+01 2.423330000000000837e+03 1.008850555432403780e+04 5.775202241148448593e+03 0.000000000000000000e+00 1.511948751187807138e+00 2.158230000000000093e+00
4.874920200000000000e+07 1.000000000000000000e+00 6.500000000000000000e+01 2.423330000000000837e+03 1.008850555432403780e+04 5.775202241148448593e+03 0.000000000000000000e+00 1.511948751187807138e+00 1.925030000000000019e+00
4.874920600000000000e+07 0.000000000000000000e+00 6.600000000000000000e+01 2.406980000000000473e+03 1.008807455432403731e+04 5.790126161148448773e+03 0.000000000000000000e+00 1.165133252155750032e+00 9.199999999999999845e-02
4.874920500000000000e+07 1.000000000000000000e+00 6.600000000000000000e+01 2.408300000000000182e+03 1.008604365432403574e+04 5.795920461148449249e+03 0.000000000000000000e+00 3.187004937695060658e+00 9.199999999999999845e-02
4.874920400000000000e+07 1.000000000000000000e+00 6.600000000000000000e+01 2.412130000000000109e+03 1.008736875432403758e+04 5.793786261148448830e+03 0.000000000000000000e+00 9.540031785554844435e-01 2.039999999999999869e-01
4.874920300000000000e+07 1.000000000000000000e+00 6.600000000000000000e+01 2.416409999999999854e+03 1.008999445432403627e+04 5.791120661148448562e+03 0.000000000000000000e+00 2.028815121514871755e+00 4.169999999999999818e-01
4.874920300000000000e+07 1.000000000000000000e+00 6.600000000000000000e+01 2.419229999999999563e+03 1.009242045432403756e+04 5.800137261148449397e+03 0.000000000000000000e+00 9.022041495521424537e+00 6.099999999999999867e-02
4.874920700000000000e+07 1.000000000000000000e+00 6.500000000000000000e+01 2.401819999999999709e+03 1.009085935432403676e+04 5.797463461148448914e+03 0.000000000000000000e+00 3.135729469714251483e+00 2.400000000000000050e-02
4.874920500000000000e+07 1.000000000000000000e+00 6.600000000000000000e+01 2.407180000000000291e+03 1.008804895432403646e+04 5.795956561148448600e+03 0.000000000000000000e+00 4.959473752304422334e+00 1.078999999999999915e+01
4.874920500000000000e+07 1.000000000000000000e+00 6.600000000000000000e+01 2.407180000000000291e+03 1.008804895432403646e+04 5.795956561148448600e+03 0.000000000000000000e+00 4.959473752304422334e+00 4.603019999999999889e+00
4.874920500000000000e+07 1.000000000000000000e+00 6.600000000000000000e+01 2.407180000000000291e+03 1.008804895432403646e+04 5.795956561148448600e+03 0.000000000000000000e+00 4.959473752304422334e+00 6.410470000000000335e-01
4.874920700000000000e+07 1.000000000000000000e+00 6.500000000000000000e+01 2.398500000000000000e+03 1.009836485432403788e+04 5.789960461148449212e+03 0.000000000000000000e+00 4.393631522792828648e+00 2.363430000000000142e+00
4.874913200000000000e+07 0.000000000000000000e+00 6.600000000000000000e+01 2.397570000000000618e+03 1.010704872432403681e+04 5.758932661148449370e+03 1.000000000000000000e+00 2.362788124101300902e+00 1.500000000000000000e+01
4.875019900000000000e+07 0.000000000000000000e+00 6.600000000000000000e+01 2.381559999999999491e+03 1.010775437832403622e+04 5.744089661148448613e+03 1.000000000000000000e+00 1.817376278134549272e+00 1.500000000000000000e+01
4.874912700000000000e+07 0.000000000000000000e+00 6.600000000000000000e+01 2.415069999999999709e+03 1.011205311432403687e+04 5.749298061148449051e+03 1.000000000000000000e+00 8.535772373089297593e-01 1.500000000000000000e+01
4.874939500000000000e+07 1.000000000000000000e+00 6.600000000000000000e+01 2.374000000000000000e+03 1.008154105432403594e+04 5.792322461148449293e+03 1.000000000000000000e+00 4.756321992356153383e-01 1.500000000000000000e+01
