1.050787950000000000e+08 1.000000000000000000e+00 6.600000000000000000e+01 2.118822481326813431e+03 1.327468006409937334e+04 1.240489999999999964e+04 0.000000000000000000e+00 3.243080497548569419e+00 1.605000000000000071e+01
1.163395130000000000e+08 1.000000000000000000e+00 6.600000000000000000e+01 5.566100481326814588e+03 1.198701606409937449e+04 1.374132999999999993e+04 0.000000000000000000e+00 6.388695984428674812e+00 1.078999999999999915e+01
1.162286710000000000e+08 1.000000000000000000e+00 6.500000000000000000e+01 5.878660481326812260e+03 1.185204606409937333e+04 1.385292000000000007e+04 0.000000000000000000e+00 6.844692623346458227e+00 1.339000000000000057e+01
1.212997790000000000e+08 1.000000000000000000e+00 6.500000000000000000e+01 6.494750481326814224e+03 1.140090606409937391e+04 1.417186999999999898e+04 0.000000000000000000e+00 4.981382095827759926e+00 1.078999999999999915e+01
1.224675040000000000e+08 1.000000000000000000e+00 6.500000000000000000e+01 6.969080481326814152e+03 1.105979606409937333e+04 1.441100999999999840e+04 0.000000000000000000e+00 2.661705184146063718e+00 1.339000000000000057e+01
1.224674000000000000e+08 1.000000000000000000e+00 6.600000000000000000e+01 7.002590481326812551e+03 1.103128606409937493e+04 1.442972000000000116e+04 0.000000000000000000e+00 5.125156225403545207e+00 1.605000000000000071e+01
1.224690370000000000e+08 1.000000000000000000e+00 6.600000000000000000e+01 7.035180481326812696e+03 1.099573606409937383e+04 1.445522999999999956e+04 0.000000000000000000e+00 3.025603759530575587e+00 1.339000000000000057e+01
1.224690370000000000e+08 1.000000000000000000e+00 6.600000000000000000e+01 7.035180481326812696e+03 1.099573606409937383e+04 1.445522999999999956e+04 0.000000000000000000e+00 3.025603759530575587e+00 3.401609999999999800e+00
1.224673250000000000e+08 0.000000000000000000e+00 6.600000000000000000e+01 6.993340481326812551e+03 1.104740606409937391e+04 1.445910000000000036e+04 0.000000000000000000e+00 1.225962873835632960e+00 1.078999999999999915e+01
1.224674100000000000e+08 0.000000000000000000e+00 6.600000000000000000e+01 6.989160481326814079e+03 1.106589606409937369e+04 1.447823999999999978e+04 0.000000000000000000e+00 2.927157538534012282e+00 1.078999999999999915e+01
1.224673340000000000e+08 1.000000000000000000e+00 6.500000000000000000e+01 6.988740481326814006e+03 1.107026606409937449e+04 1.448095000000000073e+04 0.000000000000000000e+00 3.026974566927147503e+00 3.229999999999999716e+01
1.224673340000000000e+08 1.000000000000000000e+00 6.500000000000000000e+01 6.988620481326813206e+03 1.107095606409937318e+04 1.448127000000000044e+04 0.000000000000000000e+00 2.684484301970943232e+00 1.078999999999999915e+01
1.224673350000000000e+08 1.000000000000000000e+00 6.500000000000000000e+01 6.987790481326813278e+03 1.107504606409937333e+04 1.448445999999999913e+04 0.000000000000000000e+00 2.782446513554926337e+00 1.605000000000000071e+01
1.224673370000000000e+08 0.000000000000000000e+00 6.500000000000000000e+01 6.996450481326813133e+03 1.108320606409937318e+04 1.448777000000000044e+04 0.000000000000000000e+00 1.544295040085012394e+00 1.339000000000000057e+01
1.224673370000000000e+08 0.000000000000000000e+00 6.600000000000000000e+01 6.997580481326814152e+03 1.107929606409937333e+04 1.448926000000000022e+04 0.000000000000000000e+00 4.351968736073540178e+00 1.124000000000000021e+01
1.224673380000000000e+08 1.000000000000000000e+00 6.600000000000000000e+01 7.001360481326812987e+03 1.107123606409937383e+04 1.449125000000000000e+04 0.000000000000000000e+00 5.110535636702101314e+00 2.400000000000000050e-02
1.224673380000000000e+08 1.000000000000000000e+00 6.600000000000000000e+01 7.006250481326812405e+03 1.107426606409937449e+04 1.448902999999999884e+04 0.000000000000000000e+00 2.887136351548594604e+00 9.199999999999999845e-02
1.224673370000000000e+08 1.000000000000000000e+00 6.600000000000000000e+01 7.006240481326814006e+03 1.107400606409937427e+04 1.448539999999999964e+04 0.000000000000000000e+00 2.972352414451256752e+00 6.099999999999999867e-02
1.224672560000000000e+08 1.000000000000000000e+00 6.600000000000000000e+01 7.007420481326814297e+03 1.105689606409937369e+04 1.448942000000000007e+04 0.000000000000000000e+00 3.804807871930202978e+00 1.339000000000000057e+01
1.224680640000000000e+08 1.000000000000000000e+00 6.500000000000000000e+01 7.001230481326811969e+03 1.105573606409937383e+04 1.450760000000000036e+04 0.000000000000000000e+00 3.129840213564669238e+00 4.169999999999999818e-01
1.224672550000000000e+08 1.000000000000000000e+00 6.500000000000000000e+01 6.994890481326811823e+03 1.105655606409937354e+04 1.450555999999999949e+04 0.000000000000000000e+00 1.653143728014579095e+00 9.199999999999999845e-02
1.224674040000000000e+08 1.000000000000000000e+00 6.500000000000000000e+01 7.008500481326812405e+03 1.105131606409937376e+04 1.448554999999999927e+04 0.000000000000000000e+00 8.416936968246513828e+00 2.400000000000000050e-02
1.224672560000000000e+08 1.000000000000000000e+00 6.600000000000000000e+01 7.009320481326813933e+03 1.105079606409937333e+04 1.448554000000000087e+04 0.000000000000000000e+00 9.126881503110888971e+00 4.169999999999999818e-01
1.224672560000000000e+08 1.000000000000000000e+00 6.600000000000000000e+01 7.009490481326814006e+03 1.105069606409937478e+04 1.448554000000000087e+04 0.000000000000000000e+00 9.224891804409198315e+00 6.099999999999999867e-02
1.224681430000000000e+08 1.000000000000000000e+00 6.500000000000000000e+01 7.014970481326813569e+03 1.104733606409937420e+04 1.448354000000000087e+04 0.000000000000000000e+00 8.602530152452919410e+00 9.199999999999999845e-02
1.224681430000000000e+08 1.000000000000000000e+00 6.500000000000000000e+01 7.013300481326813497e+03 1.104511606409937303e+04 1.448425000000000000e+04 0.000000000000000000e+00 6.544792987415129382e+00 2.400000000000000050e-02
1.224681440000000000e+08 0.000000000000000000e+00 6.500000000000000000e+01 7.013230481326813788e+03 1.103442606409937434e+04 1.449157999999999993e+04 0.000000000000000000e+00 1.620119463076029831e+00 6.099999999999999867e-02
1.224679680000000000e+08 1.000000000000000000e+00 6.500000000000000000e+01 6.992370481326813206e+03 1.102970606409937318e+04 1.447932999999999993e+04 0.000000000000000000e+00 2.472874385857608548e+00 9.199999999999999845e-02
1.224681350000000000e+08 1.000000000000000000e+00 6.500000000000000000e+01 6.988190481326814734e+03 1.103429606409937333e+04 1.447770000000000073e+04 0.000000000000000000e+00 2.278540777433010422e+00 4.169999999999999818e-01
1.224690170000000000e+08 1.000000000000000000e+00 6.500000000000000000e+01 6.988480481326811969e+03 1.103823606409937383e+04 1.447677000000000044e+04 0.000000000000000000e+00 4.930546442572892651e+00 9.199999999999999845e-02
1.224674080000000000e+08 1.000000000000000000e+00 6.600000000000000000e+01 6.988190481326814734e+03 1.105410606409937463e+04 1.447857999999999993e+04 0.000000000000000000e+00 1.598998437148014151e+00 2.039999999999999869e-01
1.224674090000000000e+08 1.000000000000000000e+00 6.600000000000000000e+01 6.986280481326813060e+03 1.105340606409937391e+04 1.447656999999999971e+04 0.000000000000000000e+00 1.931531482246927833e+00 2.400000000000000050e-02
1.224674070000000000e+08 0.000000000000000000e+00 6.600000000000000000e+01 6.986070481326812114e+03 1.105905606409937354e+04 1.448756999999999971e+04 0.000000000000000000e+00 1.890750591461798580e+00 2.400000000000000050e-02
1.224674070000000000e+08 1.000000000000000000e+00 6.500000000000000000e+01 6.990970481326813569e+03 1.106685606409937282e+04 1.449375000000000000e+04 0.000000000000000000e+00 2.639467265086092862e+00 9.199999999999999845e-02
1.224674040000000000e+08 0.000000000000000000e+00 6.600000000000000000e+01 6.994980481326813788e+03 1.106046606409937340e+04 1.449657999999999993e+04 0.000000000000000000e+00 8.666446338768830637e-01 9.199999999999999845e-02
1.224674050000000000e+08 1.000000000000000000e+00 6.600000000000000000e+01 6.985690481326814734e+03 1.105612606409937325e+04 1.449762999999999920e+04 0.000000000000000000e+00 3.271020615138094279e+00 8.349999999999999645e-01
1.224674040000000000e+08 1.000000000000000000e+00 6.600000000000000000e+01 6.989630481326813424e+03 1.106485606409937463e+04 1.450238000000000102e+04 0.000000000000000000e+00 1.274126020901490630e+00 9.199999999999999845e-02
1.224674030000000000e+08 1.000000000000000000e+00 6.600000000000000000e+01 6.995600481326814588e+03 1.106658606409937420e+04 1.450277000000000044e+04 0.000000000000000000e+00 1.051156178179035505e+00 4.169999999999999818e-01
1.224674030000000000e+08 0.000000000000000000e+00 6.600000000000000000e+01 6.995160481326812260e+03 1.106323606409937383e+04 1.450263000000000102e+04 0.000000000000000000e+00 2.509841933787691826e+00 2.400000000000000050e-02
1.224672560000000000e+08 0.000000000000000000e+00 6.500000000000000000e+01 6.996320481326813933e+03 1.106185606409937463e+04 1.450386999999999898e+04 0.000000000000000000e+00 1.840196707338161985e+00 4.169999999999999818e-01
1.224672560000000000e+08 0.000000000000000000e+00 6.500000000000000000e+01 6.996320481326813933e+03 1.106185606409937463e+04 1.450386999999999898e+04 0.000000000000000000e+00 1.840196707338161985e+00 7.273710000000000342e+00
1.224672560000000000e+08 1.000000000000000000e+00 6.600000000000000000e+01 7.007420481326814297e+03 1.105689606409937369e+04 1.448942000000000007e+04 0.000000000000000000e+00 3.804807871930202978e+00 5.108050000000000423e+00
1.224673370000000000e+08 0.000000000000000000e+00 6.600000000000000000e+01 7.000570481326813933e+03 1.108270606409937318e+04 1.448737999999999920e+04 0.000000000000000000e+00 1.356726712287541936e+00 6.099999999999999867e-02
1.224673370000000000e+08 0.000000000000000000e+00 6.600000000000000000e+01 6.999890481326813642e+03 1.108211606409937303e+04 1.448595999999999913e+04 0.000000000000000000e+00 6.670990407045207515e-01 2.400000000000000050e-02
1.224673360000000000e+08 0.000000000000000000e+00 6.500000000000000000e+01 6.993830481326814152e+03 1.108480606409937354e+04 1.448413000000000102e+04 0.000000000000000000e+00 6.371951221554994493e-01 6.099999999999999867e-02
1.224673360000000000e+08 1.000000000000000000e+00 6.500000000000000000e+01 6.989570481326813933e+03 1.108282606409937398e+04 1.448327000000000044e+04 0.000000000000000000e+00 3.065745986908049669e+00 9.199999999999999845e-02
1.224673350000000000e+08 1.000000000000000000e+00 6.500000000000000000e+01 6.986610481326812987e+03 1.108022606409937362e+04 1.448369000000000051e+04 0.000000000000000000e+00 2.333374016042809362e+00 9.199999999999999845e-02
1.224673350000000000e+08 0.000000000000000000e+00 6.600000000000000000e+01 6.997230481326811969e+03 1.107890606409937391e+04 1.448184000000000015e+04 0.000000000000000000e+00 1.870061973417893153e+00 6.099999999999999867e-02
1.224673360000000000e+08 0.000000000000000000e+00 6.600000000000000000e+01 6.998860481326812987e+03 1.107920606409937318e+04 1.448136000000000058e+04 0.000000000000000000e+00 1.626511364721830555e+00 9.199999999999999845e-02
1.224673360000000000e+08 1.000000000000000000e+00 6.600000000000000000e+01 7.005890481326813642e+03 1.107915606409937391e+04 1.447518000000000029e+04 0.000000000000000000e+00 3.208329103301987839e+00 4.169999999999999818e-01
1.224673370000000000e+08 1.000000000000000000e+00 6.600000000000000000e+01 7.004280481326813060e+03 1.107003606409937311e+04 1.448179999999999927e+04 0.000000000000000000e+00 3.819085831075403892e+00 9.199999999999999845e-02
1.224673370000000000e+08 1.000000000000000000e+00 6.600000000000000000e+01 7.008590481326812551e+03 1.106601606409937449e+04 1.448345000000000073e+04 0.000000000000000000e+00 8.787697096695346488e+00 9.199999999999999845e-02
1.224680590000000000e+08 1.000000000000000000e+00 6.500000000000000000e+01 6.995230481326811969e+03 1.104116606409937413e+04 1.451114999999999964e+04 0.000000000000000000e+00 2.953184451488778617e+00 9.199999999999999845e-02
1.224680590000000000e+08 1.000000000000000000e+00 6.500000000000000000e+01 6.996270481326812842e+03 1.103748606409937383e+04 1.450888000000000102e+04 0.000000000000000000e+00 2.248808918366334453e+00 2.039999999999999869e-01
1.224680590000000000e+08 1.000000000000000000e+00 6.500000000000000000e+01 6.994650481326813861e+03 1.103831606409937376e+04 1.450820999999999913e+04 0.000000000000000000e+00 2.580904581227191130e+00 9.199999999999999845e-02
1.224680590000000000e+08 1.000000000000000000e+00 6.500000000000000000e+01 6.994420481326814297e+03 1.103834606409937442e+04 1.450811000000000058e+04 0.000000000000000000e+00 2.681383169993116766e+00 9.199999999999999845e-02
1.224680590000000000e+08 1.000000000000000000e+00 6.500000000000000000e+01 6.994420481326814297e+03 1.103834606409937442e+04 1.450811000000000058e+04 0.000000000000000000e+00 2.681383169993116766e+00 7.323349999999999582e+00
1.224673340000000000e+08 1.000000000000000000e+00 6.500000000000000000e+01 6.987390481326811823e+03 1.106933606409937420e+04 1.448479999999999927e+04 0.000000000000000000e+00 2.742508745948311066e+00 1.078999999999999915e+01
1.224673340000000000e+08 1.000000000000000000e+00 6.500000000000000000e+01 6.987390481326811823e+03 1.106933606409937420e+04 1.448479999999999927e+04 0.000000000000000000e+00 2.742508745948311066e+00 5.416400000000000325e+00
1.224673340000000000e+08 1.000000000000000000e+00 6.500000000000000000e+01 6.987390481326811823e+03 1.106933606409937420e+04 1.448479999999999927e+04 0.000000000000000000e+00 2.742508745948311066e+00 2.074669999999999792e+00
1.224674120000000000e+08 1.000000000000000000e+00 6.600000000000000000e+01 6.988500481326812405e+03 1.107056606409937376e+04 1.447713000000000102e+04 0.000000000000000000e+00 9.223718694147428065e-01 6.099999999999999867e-02
1.224674120000000000e+08 1.000000000000000000e+00 6.600000000000000000e+01 6.988480481326811969e+03 1.107049606409937405e+04 1.447643000000000029e+04 0.000000000000000000e+00 1.162904765145796437e+00 4.169999999999999818e-01
1.224674120000000000e+08 0.000000000000000000e+00 6.600000000000000000e+01 6.985050481326813497e+03 1.106781606409937376e+04 1.447540999999999985e+04 0.000000000000000000e+00 1.618176128436687566e+00 4.169999999999999818e-01
1.224674120000000000e+08 0.000000000000000000e+00 6.600000000000000000e+01 6.981140481326813642e+03 1.106536606409937303e+04 1.447663999999999942e+04 0.000000000000000000e+00 1.833169066867033736e+00 9.199999999999999845e-02
1.224661900000000000e+08 1.000000000000000000e+00 6.600000000000000000e+01 6.972340481326812551e+03 1.107246606409937340e+04 1.448988999999999942e+04 0.000000000000000000e+00 4.055967204637565438e+00 2.400000000000000050e-02
1.224661900000000000e+08 1.000000000000000000e+00 6.600000000000000000e+01 6.970350481326814588e+03 1.107387606409937325e+04 1.449029000000000087e+04 0.000000000000000000e+00 5.510691339986782289e+00 9.199999999999999845e-02
1.224661900000000000e+08 1.000000000000000000e+00 6.600000000000000000e+01 6.973310481326813715e+03 1.106831606409937376e+04 1.449202000000000044e+04 0.000000000000000000e+00 2.131573999259344099e+00 9.199999999999999845e-02
1.224674100000000000e+08 1.000000000000000000e+00 6.500000000000000000e+01 6.974840481326814370e+03 1.106652606409937289e+04 1.448407999999999993e+04 0.000000000000000000e+00 2.724257266768231212e+00 9.199999999999999845e-02
1.224661910000000000e+08 1.000000000000000000e+00 6.600000000000000000e+01 6.969300481326813497e+03 1.106739606409937369e+04 1.448070999999999913e+04 0.000000000000000000e+00 2.406256392009782363e+00 9.199999999999999845e-02
1.224662710000000000e+08 1.000000000000000000e+00 6.500000000000000000e+01 6.960060481326813715e+03 1.107436606409937303e+04 1.447400000000000000e+04 0.000000000000000000e+00 3.442537389463935060e+00 6.099999999999999867e-02
1.224662750000000000e+08 0.000000000000000000e+00 6.500000000000000000e+01 6.967260481326814443e+03 1.107842606409937434e+04 1.446888999999999942e+04 0.000000000000000000e+00 1.475054915729090865e+00 9.199999999999999845e-02
1.224662750000000000e+08 1.000000000000000000e+00 6.500000000000000000e+01 6.969870481326815025e+03 1.108266606409937413e+04 1.446561000000000058e+04 0.000000000000000000e+00 1.457123232365187038e+00 9.199999999999999845e-02
1.224662750000000000e+08 1.000000000000000000e+00 6.500000000000000000e+01 6.969960481326813351e+03 1.108367606409937434e+04 1.446636999999999898e+04 0.000000000000000000e+00 1.001299272877397728e+00 2.400000000000000050e-02
1.224662740000000000e+08 1.000000000000000000e+00 6.500000000000000000e+01 6.973520481326812842e+03 1.108272606409937362e+04 1.447032999999999993e+04 0.000000000000000000e+00 2.326891190771083473e-01 4.169999999999999818e-01
1.224662730000000000e+08 1.000000000000000000e+00 6.500000000000000000e+01 6.977090481326812551e+03 1.108080606409937354e+04 1.447918999999999869e+04 0.000000000000000000e+00 6.715336547831876501e+00 2.400000000000000050e-02
1.224662730000000000e+08 1.000000000000000000e+00 6.500000000000000000e+01 6.978310481326813715e+03 1.108199606409937405e+04 1.448096999999999935e+04 0.000000000000000000e+00 8.425554965872894542e+00 2.039999999999999869e-01
1.224662710000000000e+08 0.000000000000000000e+00 6.600000000000000000e+01 6.969880481326813424e+03 1.108991606409937413e+04 1.447901000000000022e+04 0.000000000000000000e+00 5.682568475456432289e+00 2.400000000000000050e-02
1.224662710000000000e+08 0.000000000000000000e+00 6.600000000000000000e+01 6.969590481326812551e+03 1.108999606409937405e+04 1.447903999999999905e+04 0.000000000000000000e+00 5.389214559153215234e+00 2.400000000000000050e-02
1.224662700000000000e+08 1.000000000000000000e+00 6.600000000000000000e+01 6.967410481326812260e+03 1.109408606409937420e+04 1.448648999999999978e+04 0.000000000000000000e+00 3.145129097187955303e+00 2.400000000000000050e-02
1.224662700000000000e+08 1.000000000000000000e+00 6.600000000000000000e+01 6.968220481326813569e+03 1.109412606409937325e+04 1.448489999999999964e+04 0.000000000000000000e+00 2.015219073789653592e+00 2.400000000000000050e-02
1.224662710000000000e+08 1.000000000000000000e+00 6.600000000000000000e+01 6.968240481326814006e+03 1.109514606409937369e+04 1.447711000000000058e+04 0.000000000000000000e+00 1.378604507325406736e+00 9.199999999999999845e-02
1.224662710000000000e+08 0.000000000000000000e+00 6.600000000000000000e+01 6.964590481326812551e+03 1.109047606409937362e+04 1.447901000000000022e+04 0.000000000000000000e+00 1.427837466894055218e+00 2.400000000000000050e-02
1.224662700000000000e+08 1.000000000000000000e+00 6.500000000000000000e+01 6.955830481326814152e+03 1.108653606409937311e+04 1.448172000000000116e+04 0.000000000000000000e+00 2.805690135627744830e+00 9.199999999999999845e-02
1.224662680000000000e+08 0.000000000000000000e+00 6.500000000000000000e+01 6.955270481326812842e+03 1.109780606409937354e+04 1.447879000000000087e+04 0.000000000000000000e+00 2.947987150615299701e+00 2.400000000000000050e-02
1.224662660000000000e+08 1.000000000000000000e+00 6.500000000000000000e+01 6.954710481326813351e+03 1.111007606409937398e+04 1.448679999999999927e+04 0.000000000000000000e+00 7.612880149106970862e-01 9.199999999999999845e-02
1.224662660000000000e+08 1.000000000000000000e+00 6.500000000000000000e+01 6.957340481326812551e+03 1.111513606409937347e+04 1.448013000000000102e+04 0.000000000000000000e+00 7.372205710246910293e+00 2.400000000000000050e-02
1.224673340000000000e+08 1.000000000000000000e+00 6.500000000000000000e+01 6.988740481326814006e+03 1.107026606409937449e+04 1.448095000000000073e+04 0.000000000000000000e+00 3.026974566927147503e+00 4.282269999999999577e+00
1.224674100000000000e+08 0.000000000000000000e+00 6.600000000000000000e+01 6.989160481326814079e+03 1.106589606409937369e+04 1.447823999999999978e+04 0.000000000000000000e+00 2.927157538534012282e+00 6.579259999999999664e+00
1.224673240000000000e+08 0.000000000000000000e+00 6.600000000000000000e+01 6.990340481326812551e+03 1.104322606409937362e+04 1.445560000000000036e+04 0.000000000000000000e+00 2.026089539332257328e+00 6.099999999999999867e-02
1.224673230000000000e+08 1.000000000000000000e+00 6.600000000000000000e+01 6.987680481326812696e+03 1.104029606409937333e+04 1.445242000000000007e+04 0.000000000000000000e+00 2.861333641101217573e+00 9.199999999999999845e-02
1.224678790000000000e+08 1.000000000000000000e+00 6.600000000000000000e+01 6.981430481326812696e+03 1.103657606409937398e+04 1.445786999999999898e+04 0.000000000000000000e+00 2.672946147587629717e+00 6.099999999999999867e-02
1.224662030000000000e+08 1.000000000000000000e+00 6.500000000000000000e+01 6.965440481326812915e+03 1.101823606409937383e+04 1.445328000000000065e+04 0.000000000000000000e+00 1.101801736810541277e+00 9.199999999999999845e-02
1.224662030000000000e+08 1.000000000000000000e+00 6.500000000000000000e+01 6.966510481326814443e+03 1.101792606409937434e+04 1.445272999999999956e+04 0.000000000000000000e+00 1.131342818422239160e+00 9.199999999999999845e-02
1.224662030000000000e+08 0.000000000000000000e+00 6.500000000000000000e+01 6.961190481326814734e+03 1.101605606409937354e+04 1.445456999999999971e+04 0.000000000000000000e+00 2.497340346920534859e+00 9.199999999999999845e-02
1.224662020000000000e+08 1.000000000000000000e+00 6.500000000000000000e+01 6.962800481326811678e+03 1.101500606409937245e+04 1.446097999999999956e+04 0.000000000000000000e+00 2.897661965881936030e+00 8.349999999999999645e-01
1.224678720000000000e+08 1.000000000000000000e+00 6.600000000000000000e+01 6.962040481326813278e+03 1.100711606409937303e+04 1.444634999999999854e+04 0.000000000000000000e+00 2.469210964199489045e+00 4.169999999999999818e-01
1.224678720000000000e+08 1.000000000000000000e+00 6.600000000000000000e+01 6.962040481326813278e+03 1.100711606409937303e+04 1.444634999999999854e+04 0.000000000000000000e+00 2.469210964199489045e+00 7.306680000000000064e+00
1.224687680000000000e+08 0.000000000000000000e+00 6.600000000000000000e+01 6.978140481326813642e+03 1.106337606409937325e+04 1.439969000000000051e+04 0.000000000000000000e+00 2.313992048756988940e+00 1.078999999999999915e+01
1.224687680000000000e+08 0.000000000000000000e+00 6.600000000000000000e+01 6.978090481326812551e+03 1.106499606409937405e+04 1.440036000000000058e+04 0.000000000000000000e+00 3.683279179822083194e+00 6.099999999999999867e-02
1.224687750000000000e+08 0.000000000000000000e+00 6.500000000000000000e+01 6.995200481326813133e+03 1.107500606409937427e+04 1.441994000000000051e+04 0.000000000000000000e+00 9.255411908909455532e-01 6.099999999999999867e-02
1.224687720000000000e+08 0.000000000000000000e+00 6.500000000000000000e+01 6.986140481326811823e+03 1.106464606409937369e+04 1.441222999999999956e+04 0.000000000000000000e+00 2.880374379499091475e+00 4.169999999999999818e-01
1.224687720000000000e+08 1.000000000000000000e+00 6.500000000000000000e+01 6.984820481326813933e+03 1.106323606409937383e+04 1.441365999999999985e+04 0.000000000000000000e+00 3.317821536590066955e+00 9.199999999999999845e-02
1.224687720000000000e+08 0.000000000000000000e+00 6.500000000000000000e+01 6.991880481326813424e+03 1.105835606409937282e+04 1.440647999999999956e+04 0.000000000000000000e+00 2.386514141513526699e+00 6.099999999999999867e-02
1.224687720000000000e+08 0.000000000000000000e+00 6.500000000000000000e+01 6.991970481326813569e+03 1.105742606409937434e+04 1.440804000000000087e+04 0.000000000000000000e+00 2.426821617183541502e+00 2.400000000000000050e-02
1.224687720000000000e+08 0.000000000000000000e+00 6.500000000000000000e+01 6.991850481326814588e+03 1.106170606409937318e+04 1.440977999999999884e+04 0.000000000000000000e+00 1.689329283637952983e+00 9.199999999999999845e-02
1.224687740000000000e+08 0.000000000000000000e+00 6.600000000000000000e+01 6.994660481326814079e+03 1.106596606409937340e+04 1.441404999999999927e+04 0.000000000000000000e+00 1.630415268630786008e+00 4.169999999999999818e-01
1.224687750000000000e+08 0.000000000000000000e+00 6.600000000000000000e+01 6.998390481326813642e+03 1.107233606409937420e+04 1.441493000000000029e+04 0.000000000000000000e+00 3.008921113906977585e+00 9.199999999999999845e-02
1.224689120000000000e+08 1.000000000000000000e+00 6.600000000000000000e+01 7.001560481326813715e+03 1.106063606409937347e+04 1.443243999999999869e+04 0.000000000000000000e+00 2.611375371763011710e+00 2.400000000000000050e-02
1.224674010000000000e+08 1.000000000000000000e+00 6.500000000000000000e+01 7.004260481326814443e+03 1.106320606409937318e+04 1.443322999999999956e+04 0.000000000000000000e+00 3.526803887113135083e+00 6.099999999999999867e-02
1.224674390000000000e+08 1.000000000000000000e+00 6.600000000000000000e+01 7.002790481326813278e+03 1.106862606409937325e+04 1.443267000000000007e+04 0.000000000000000000e+00 4.517452319919669002e+00 2.400000000000000050e-02
1.224687800000000000e+08 1.000000000000000000e+00 6.500000000000000000e+01 7.015920481326814297e+03 1.106871606409937340e+04 1.442823999999999978e+04 0.000000000000000000e+00 8.414625677267469683e+00 9.199999999999999845e-02
1.224689060000000000e+08 1.000000000000000000e+00 6.500000000000000000e+01 7.019420481326814297e+03 1.106733606409937420e+04 1.442722000000000116e+04 0.000000000000000000e+00 7.523158906924247269e+00 9.199999999999999845e-02
1.224689050000000000e+08 1.000000000000000000e+00 6.500000000000000000e+01 7.025660481326814079e+03 1.106413606409937347e+04 1.442161000000000058e+04 0.000000000000000000e+00 6.349785665801991108e+00 2.400000000000000050e-02
1.224673900000000000e+08 1.000000000000000000e+00 6.500000000000000000e+01 7.033360481326812987e+03 1.105784606409937260e+04 1.442497999999999956e+04 0.000000000000000000e+00 7.393831276563572530e+00 8.349999999999999645e-01
1.224673900000000000e+08 1.000000000000000000e+00 6.500000000000000000e+01 7.032900481326813861e+03 1.105127606409937289e+04 1.442140999999999985e+04 0.000000000000000000e+00 1.992616837193192048e+00 6.099999999999999867e-02
1.224689010000000000e+08 1.000000000000000000e+00 6.600000000000000000e+01 7.041110481326812987e+03 1.105534606409937442e+04 1.442554999999999927e+04 0.000000000000000000e+00 7.596418953773180327e+00 9.199999999999999845e-02
1.224685200000000000e+08 1.000000000000000000e+00 6.600000000000000000e+01 7.044030481326814879e+03 1.105665606409937391e+04 1.442548999999999978e+04 0.000000000000000000e+00 6.130820604496759252e+00 6.099999999999999867e-02
1.224685970000000000e+08 1.000000000000000000e+00 6.600000000000000000e+01 7.043710481326813351e+03 1.105662606409937325e+04 1.442520000000000073e+04 0.000000000000000000e+00 6.378091130771561090e+00 4.169999999999999818e-01
1.224685200000000000e+08 1.000000000000000000e+00 6.600000000000000000e+01 7.040930481326812696e+03 1.105666606409937231e+04 1.442618000000000029e+04 0.000000000000000000e+00 8.009704123893609307e+00 2.039999999999999869e-01
1.224689010000000000e+08 1.000000000000000000e+00 6.600000000000000000e+01 7.040660481326814079e+03 1.104835606409937463e+04 1.442238000000000102e+04 0.000000000000000000e+00 2.475165217703245712e+00 9.199999999999999845e-02
1.224689010000000000e+08 1.000000000000000000e+00 6.600000000000000000e+01 7.040660481326814079e+03 1.104835606409937463e+04 1.442238000000000102e+04 0.000000000000000000e+00 2.475165217703245712e+00 7.382550000000000168e+00
1.224687680000000000e+08 0.000000000000000000e+00 6.600000000000000000e+01 6.978140481326813642e+03 1.106337606409937325e+04 1.439969000000000051e+04 0.000000000000000000e+00 2.313992048756988940e+00 5.215279999999999916e+00
1.224677250000000000e+08 1.000000000000000000e+00 6.600000000000000000e+01 6.876610481326812987e+03 1.113187606409937325e+04 1.437543999999999869e+04 0.000000000000000000e+00 5.012224452894525228e+00 6.099999999999999867e-02
1.224677300000000000e+08 1.000000000000000000e+00 6.600000000000000000e+01 6.860550481326813497e+03 1.111768606409937274e+04 1.439142000000000007e+04 0.000000000000000000e+00 5.542759489358937586e+00 4.169999999999999818e-01
1.224677300000000000e+08 1.000000000000000000e+00 6.600000000000000000e+01 6.857960481326813351e+03 1.111946606409937340e+04 1.439219000000000051e+04 0.000000000000000000e+00 6.022427490189476096e+00 2.400000000000000050e-02
1.224664250000000000e+08 1.000000000000000000e+00 6.600000000000000000e+01 6.855560481326813715e+03 1.110425606409937245e+04 1.443148999999999978e+04 0.000000000000000000e+00 3.476734838497666402e+00 9.199999999999999845e-02
1.224664250000000000e+08 1.000000000000000000e+00 6.600000000000000000e+01 6.854370481326813206e+03 1.110408606409937420e+04 1.443267000000000007e+04 0.000000000000000000e+00 3.146141094361594170e+00 9.199999999999999845e-02
1.224665080000000000e+08 1.000000000000000000e+00 6.500000000000000000e+01 6.838740481326814006e+03 1.108911606409937303e+04 1.444381999999999971e+04 0.000000000000000000e+00 3.860047886422194541e+00 1.124000000000000021e+01
1.224665080000000000e+08 1.000000000000000000e+00 6.500000000000000000e+01 6.838740481326814006e+03 1.108911606409937303e+04 1.444381999999999971e+04 0.000000000000000000e+00 3.860047886422194541e+00 9.857219999999999871e-01
1.224665440000000000e+08 1.000000000000000000e+00 6.600000000000000000e+01 6.802910481326812260e+03 1.113472606409937362e+04 1.438288999999999942e+04 0.000000000000000000e+00 8.811235588606340485e+00 2.400000000000000050e-02
1.224666280000000000e+08 1.000000000000000000e+00 6.500000000000000000e+01 6.776660481326814079e+03 1.115382606409937398e+04 1.439420999999999913e+04 0.000000000000000000e+00 9.327642785701110384e+00 9.199999999999999845e-02
1.224666280000000000e+08 1.000000000000000000e+00 6.500000000000000000e+01 6.776660481326814079e+03 1.115382606409937398e+04 1.439420999999999913e+04 0.000000000000000000e+00 9.327642785701110384e+00 7.358550000000000146e+00
1.212997830000000000e+08 0.000000000000000000e+00 6.600000000000000000e+01 6.493760481326814443e+03 1.139727606409937289e+04 1.417184000000000015e+04 0.000000000000000000e+00 5.331478210971264176e+00 1.000000000000000021e-02
1.212997800000000000e+08 0.000000000000000000e+00 6.600000000000000000e+01 6.504550481326813497e+03 1.138689606409937369e+04 1.417345000000000073e+04 0.000000000000000000e+00 1.770942678882471588e+00 6.099999999999999867e-02
1.212997800000000000e+08 0.000000000000000000e+00 6.600000000000000000e+01 6.505440481326812915e+03 1.138733606409937420e+04 1.417330999999999949e+04 0.000000000000000000e+00 2.448720863390958513e+00 1.124000000000000021e+01
1.212997790000000000e+08 1.000000000000000000e+00 6.600000000000000000e+01 6.504250481326814224e+03 1.138230606409937354e+04 1.417776000000000022e+04 0.000000000000000000e+00 2.011046663728970785e+00 9.199999999999999845e-02
1.212997760000000000e+08 1.000000000000000000e+00 6.500000000000000000e+01 6.513200481326813133e+03 1.139279606409937333e+04 1.418406999999999971e+04 0.000000000000000000e+00 2.247201651791749022e+00 9.199999999999999845e-02
1.212997760000000000e+08 1.000000000000000000e+00 6.500000000000000000e+01 6.514990481326814006e+03 1.138688606409937347e+04 1.418309999999999854e+04 0.000000000000000000e+00 1.864868322087894548e+00 2.400000000000000050e-02
1.212997740000000000e+08 1.000000000000000000e+00 6.500000000000000000e+01 6.511510481326814443e+03 1.138182606409937398e+04 1.418963999999999942e+04 0.000000000000000000e+00 2.312388516823103757e+00 2.400000000000000050e-02
1.212997740000000000e+08 1.000000000000000000e+00 6.500000000000000000e+01 6.510370481326815025e+03 1.138059606409937260e+04 1.418951000000000022e+04 0.000000000000000000e+00 2.099949890626981563e+00 9.199999999999999845e-02
1.162286710000000000e+08 1.000000000000000000e+00 6.500000000000000000e+01 5.880850481326814588e+03 1.184698606409937383e+04 1.385134000000000015e+04 0.000000000000000000e+00 3.677867674872854487e+00 9.199999999999999845e-02
1.162286710000000000e+08 1.000000000000000000e+00 6.500000000000000000e+01 5.882350481326814588e+03 1.184512606409937325e+04 1.384847000000000116e+04 0.000000000000000000e+00 3.349808675828467752e+00 1.000000000000000021e-02
1.162286730000000000e+08 1.000000000000000000e+00 6.500000000000000000e+01 5.883780481326814879e+03 1.184098606409937383e+04 1.384022999999999956e+04 0.000000000000000000e+00 3.828559712613837096e+00 4.169999999999999818e-01
1.162286720000000000e+08 1.000000000000000000e+00 6.500000000000000000e+01 5.879020481326812842e+03 1.184200606409937427e+04 1.384111000000000058e+04 0.000000000000000000e+00 3.210842006223837863e+00 6.099999999999999867e-02
1.162286720000000000e+08 1.000000000000000000e+00 6.500000000000000000e+01 5.874160481326812260e+03 1.184192606409937434e+04 1.384392000000000007e+04 0.000000000000000000e+00 5.877076793475888294e+00 9.199999999999999845e-02
1.162286720000000000e+08 1.000000000000000000e+00 6.500000000000000000e+01 5.871860481326812987e+03 1.184323606409937383e+04 1.384418000000000029e+04 0.000000000000000000e+00 7.425970608171716059e+00 2.039999999999999869e-01
1.162287540000000000e+08 1.000000000000000000e+00 6.600000000000000000e+01 5.869430481326812696e+03 1.184892606409937434e+04 1.383554999999999927e+04 0.000000000000000000e+00 1.708166841257765522e+00 2.039999999999999869e-01
1.162286630000000000e+08 1.000000000000000000e+00 6.500000000000000000e+01 5.890950481326813133e+03 1.187547606409937362e+04 1.383418000000000029e+04 0.000000000000000000e+00 6.549256145908848303e+00 9.199999999999999845e-02
1.162286620000000000e+08 1.000000000000000000e+00 6.500000000000000000e+01 5.892960481326813351e+03 1.187696606409937340e+04 1.383458000000000175e+04 0.000000000000000000e+00 4.586670631679197641e+00 9.199999999999999845e-02
1.162286620000000000e+08 1.000000000000000000e+00 6.500000000000000000e+01 5.893680481326812696e+03 1.187728606409937311e+04 1.383439999999999964e+04 0.000000000000000000e+00 3.953418472376966530e+00 2.400000000000000050e-02
1.162286620000000000e+08 1.000000000000000000e+00 6.500000000000000000e+01 5.894450481326813133e+03 1.187771606409937340e+04 1.383415000000000146e+04 0.000000000000000000e+00 3.374155003326619440e+00 4.169999999999999818e-01
1.162287450000000000e+08 1.000000000000000000e+00 6.600000000000000000e+01 5.881660481326812260e+03 1.188464606409937369e+04 1.383020999999999913e+04 0.000000000000000000e+00 1.687300811768494668e+00 9.199999999999999845e-02
1.162287460000000000e+08 1.000000000000000000e+00 6.600000000000000000e+01 5.877680481326812696e+03 1.188220606409937318e+04 1.383829000000000087e+04 0.000000000000000000e+00 8.198720235256239164e+00 2.400000000000000050e-02
1.162287460000000000e+08 1.000000000000000000e+00 6.600000000000000000e+01 5.878240481326814006e+03 1.188189606409937369e+04 1.383772999999999956e+04 0.000000000000000000e+00 7.775900387762965771e+00 2.400000000000000050e-02
1.162287450000000000e+08 1.000000000000000000e+00 6.600000000000000000e+01 5.877410481326812260e+03 1.188383606409937420e+04 1.383837000000000080e+04 0.000000000000000000e+00 8.495175861069890644e+00 9.199999999999999845e-02
1.162287460000000000e+08 1.000000000000000000e+00 6.600000000000000000e+01 5.878540481326813278e+03 1.188210606409937463e+04 1.384004999999999927e+04 0.000000000000000000e+00 9.967655519640953088e+00 6.099999999999999867e-02
1.162302900000000000e+08 1.000000000000000000e+00 6.600000000000000000e+01 5.873990481326814006e+03 1.189166606409937413e+04 1.383681999999999971e+04 0.000000000000000000e+00 5.238103748348308386e+00 4.169999999999999818e-01
1.162302910000000000e+08 1.000000000000000000e+00 6.600000000000000000e+01 5.869620481326813206e+03 1.188843606409937274e+04 1.384429999999999927e+04 0.000000000000000000e+00 8.570075634210750692e+00 9.199999999999999845e-02
1.162286660000000000e+08 1.000000000000000000e+00 6.600000000000000000e+01 5.884870481326813206e+03 1.187821606409937340e+04 1.384597999999999956e+04 0.000000000000000000e+00 9.153199134923925229e+00 6.099999999999999867e-02
1.163395130000000000e+08 1.000000000000000000e+00 6.600000000000000000e+01 5.566100481326814588e+03 1.198701606409937449e+04 1.374132999999999993e+04 0.000000000000000000e+00 6.388695984428674812e+00 4.077519999999999811e+00
6.558193800000000000e+07 0.000000000000000000e+00 6.600000000000000000e+01 1.460144081326813648e+03 1.376554006409937392e+04 7.699409999999999854e+03 1.000000000000000000e+00 2.196238755966387401e+00 1.700000000000000000e+01
