1.806113300000000000e+07 1.000000000000000000e+00 6.600000000000000000e+01 1.007424169282254297e+03 2.905734144311969430e+03 2.078099999999999454e+03 0.000000000000000000e+00 4.368562226355162004e+00 1.339000000000000057e+01
3.284932200000000000e+07 1.000000000000000000e+00 6.500000000000000000e+01 9.624947692822543104e+02 2.895925224311969032e+03 3.691569999999999709e+03 0.000000000000000000e+00 3.734538467730655231e+00 1.078999999999999915e+01
3.503146100000000000e+07 1.000000000000000000e+00 6.500000000000000000e+01 9.502594692822540310e+02 2.891030144311969707e+03 4.094200000000000273e+03 0.000000000000000000e+00 9.470163573296124682e+00 1.078999999999999915e+01
9.054247500000000000e+07 1.000000000000000000e+00 6.500000000000000000e+01 6.692131692822540572e+02 2.695205144311968979e+03 1.092876000000000022e+04 0.000000000000000000e+00 8.861801494630190845e+00 4.169999999999999818e-01
9.054247500000000000e+07 1.000000000000000000e+00 6.500000000000000000e+01 6.789071692822544719e+02 2.685475144311969416e+03 1.092621999999999935e+04 0.000000000000000000e+00 7.554365880975350223e+00 9.199999999999999845e-02
9.054247500000000000e+07 1.000000000000000000e+00 6.500000000000000000e+01 6.764101692822541736e+02 2.684750144311969052e+03 1.092665999999999985e+04 0.000000000000000000e+00 7.055386241426850447e+00 9.199999999999999845e-02
9.054247400000000000e+07 1.000000000000000000e+00 6.500000000000000000e+01 6.697591692822543337e+02 2.682344144311969103e+03 1.092315999999999985e+04 0.000000000000000000e+00 4.846380284428444263e+00 9.199999999999999845e-02
9.054347400000000000e+07 1.000000000000000000e+00 6.500000000000000000e+01 6.689461692822542318e+02 2.680285144311969816e+03 1.092089999999999964e+04 0.000000000000000000e+00 5.320655908682011770e+00 9.199999999999999845e-02
9.054247800000000000e+07 1.000000000000000000e+00 6.600000000000000000e+01 6.692601692822545374e+02 2.674600144311969416e+03 1.091936999999999898e+04 0.000000000000000000e+00 2.672322171118774126e+00 4.169999999999999818e-01
9.054247400000000000e+07 1.000000000000000000e+00 6.500000000000000000e+01 6.644781692822543846e+02 2.687253144311969663e+03 1.091984000000000015e+04 0.000000000000000000e+00 2.252634026197096073e+00 6.099999999999999867e-02
9.054247400000000000e+07 1.000000000000000000e+00 6.500000000000000000e+01 6.650571692822541081e+02 2.682467144311969605e+03 1.092356999999999971e+04 0.000000000000000000e+00 3.953500225334270812e+00 9.199999999999999845e-02
9.054247500000000000e+07 1.000000000000000000e+00 6.500000000000000000e+01 6.729431692822545301e+02 2.693880144311969161e+03 1.092485000000000036e+04 0.000000000000000000e+00 4.048791937001145591e+00 4.169999999999999818e-01
9.054255300000000000e+07 1.000000000000000000e+00 6.500000000000000000e+01 6.750241692822546611e+02 2.708641144311969583e+03 1.092173999999999978e+04 0.000000000000000000e+00 7.931187238131480299e+00 9.199999999999999845e-02
9.054255400000000000e+07 1.000000000000000000e+00 6.500000000000000000e+01 6.763831692822541299e+02 2.718023144311969190e+03 1.091901000000000022e+04 0.000000000000000000e+00 5.076611949183861050e+00 9.199999999999999845e-02
9.054255400000000000e+07 1.000000000000000000e+00 6.500000000000000000e+01 6.816741692822542973e+02 2.720374144311969758e+03 1.091404999999999927e+04 0.000000000000000000e+00 1.057795668566956060e+00 9.199999999999999845e-02
9.054255400000000000e+07 1.000000000000000000e+00 6.500000000000000000e+01 6.822441692822540062e+02 2.719856144311969729e+03 1.091118000000000029e+04 0.000000000000000000e+00 2.795645442965912331e+00 9.199999999999999845e-02
9.054255000000000000e+07 1.000000000000000000e+00 6.600000000000000000e+01 6.727021692822545447e+02 2.721172144311969532e+03 1.090917000000000007e+04 0.000000000000000000e+00 2.828000572229213638e+00 4.169999999999999818e-01
9.054255000000000000e+07 1.000000000000000000e+00 6.600000000000000000e+01 6.727021692822545447e+02 2.721172144311969532e+03 1.090917000000000007e+04 0.000000000000000000e+00 2.828000572229213638e+00 7.296739999999999782e+00
8.477626400000000000e+07 1.000000000000000000e+00 6.600000000000000000e+01 6.494511692822543409e+02 2.537551144311969438e+03 9.686299999999999272e+03 0.000000000000000000e+00 9.714317777626236605e+00 1.078999999999999915e+01
8.477626500000000000e+07 1.000000000000000000e+00 6.600000000000000000e+01 6.475671692822543264e+02 2.534456144311969183e+03 9.694420000000000073e+03 0.000000000000000000e+00 2.457718394331580125e+00 9.199999999999999845e-02
8.477626600000000000e+07 1.000000000000000000e+00 6.600000000000000000e+01 6.428321692822546538e+02 2.526911144311969110e+03 9.706309999999999491e+03 0.000000000000000000e+00 4.052866425265190919e+00 1.000000000000000021e-02
8.477626700000000000e+07 1.000000000000000000e+00 6.600000000000000000e+01 6.396441692822545519e+02 2.527138144311969882e+03 9.716659999999999854e+03 0.000000000000000000e+00 6.012958138923116813e+00 1.078999999999999915e+01
8.477626700000000000e+07 1.000000000000000000e+00 6.600000000000000000e+01 6.396441692822545519e+02 2.527138144311969882e+03 9.716659999999999854e+03 0.000000000000000000e+00 6.012958138923116813e+00 2.574349999999999916e+00
8.477626700000000000e+07 1.000000000000000000e+00 6.600000000000000000e+01 6.396441692822545519e+02 2.527138144311969882e+03 9.716659999999999854e+03 0.000000000000000000e+00 6.012958138923116813e+00 7.415540000000000465e-01
3.503146100000000000e+07 1.000000000000000000e+00 6.500000000000000000e+01 9.501938692822541270e+02 2.901664634311969166e+03 4.099689999999999600e+03 0.000000000000000000e+00 9.461097534050395552e-01 8.349999999999999645e-01
3.503146100000000000e+07 1.000000000000000000e+00 6.500000000000000000e+01 9.495546692822545083e+02 2.906623972311969737e+03 4.095579999999999927e+03 0.000000000000000000e+00 2.015476436376912872e+00 4.169999999999999818e-01
3.503146300000000000e+07 0.000000000000000000e+00 6.600000000000000000e+01 9.493225692822543351e+02 2.905799465611969026e+03 4.100449999999999818e+03 0.000000000000000000e+00 2.398151534337079394e+00 9.199999999999999845e-02
3.503146400000000000e+07 0.000000000000000000e+00 6.500000000000000000e+01 9.439434692822542274e+02 2.903816324311969765e+03 4.104859999999999673e+03 0.000000000000000000e+00 1.295853249594867806e+00 2.400000000000000050e-02
3.503147200000000000e+07 1.000000000000000000e+00 6.500000000000000000e+01 9.215279692822541620e+02 2.915212864311969497e+03 4.106600000000000364e+03 0.000000000000000000e+00 5.567251084559482699e+00 6.099999999999999867e-02
3.503147200000000000e+07 1.000000000000000000e+00 6.500000000000000000e+01 9.248101692822547193e+02 2.919661244311969313e+03 4.106840000000000146e+03 0.000000000000000000e+00 1.567493286760154314e+00 9.199999999999999845e-02
3.503147300000000000e+07 1.000000000000000000e+00 6.500000000000000000e+01 9.205701692822540281e+02 2.923266544311969483e+03 4.107750000000000000e+03 0.000000000000000000e+00 2.204534241854103183e+00 9.199999999999999845e-02
3.503147200000000000e+07 1.000000000000000000e+00 6.500000000000000000e+01 9.274586692822540499e+02 2.919029844311969100e+03 4.109879999999999200e+03 0.000000000000000000e+00 3.224346856723470101e+00 9.199999999999999845e-02
3.503147000000000000e+07 0.000000000000000000e+00 6.600000000000000000e+01 9.396097692822540921e+02 2.915241354311969189e+03 4.112239999999999782e+03 0.000000000000000000e+00 3.108639927936495795e+00 4.169999999999999818e-01
3.503147100000000000e+07 1.000000000000000000e+00 6.600000000000000000e+01 9.359878692822539961e+02 2.915503844311969260e+03 4.115420000000000073e+03 0.000000000000000000e+00 1.165892672305866906e+00 6.099999999999999867e-02
3.503147100000000000e+07 1.000000000000000000e+00 6.600000000000000000e+01 9.338964692822546567e+02 2.915446634311969319e+03 4.118289999999999964e+03 0.000000000000000000e+00 2.418663860763103468e+00 2.039999999999999869e-01
3.503146700000000000e+07 1.000000000000000000e+00 6.600000000000000000e+01 9.315923692822543671e+02 2.902255244311969363e+03 4.095070000000000164e+03 0.000000000000000000e+00 8.466781224551837681e+00 2.400000000000000050e-02
3.503146700000000000e+07 1.000000000000000000e+00 6.600000000000000000e+01 9.315964692822544748e+02 2.902628514311969411e+03 4.094930000000000291e+03 0.000000000000000000e+00 8.403715385833413265e+00 9.199999999999999845e-02
3.503146700000000000e+07 1.000000000000000000e+00 6.600000000000000000e+01 9.284062692822544705e+02 2.903473044311969716e+03 4.098960000000000036e+03 0.000000000000000000e+00 6.188652473703256440e+00 2.400000000000000050e-02
3.503146700000000000e+07 1.000000000000000000e+00 6.600000000000000000e+01 9.307260692822546844e+02 2.904054254311969089e+03 4.104760000000000218e+03 0.000000000000000000e+00 3.292366422561609607e+00 2.039999999999999869e-01
3.503146700000000000e+07 1.000000000000000000e+00 6.600000000000000000e+01 9.307260692822546844e+02 2.904054254311969089e+03 4.104760000000000218e+03 0.000000000000000000e+00 3.292366422561609607e+00 7.287279999999999980e+00
3.284932200000000000e+07 1.000000000000000000e+00 6.500000000000000000e+01 9.624947692822543104e+02 2.895925224311969032e+03 3.691569999999999709e+03 0.000000000000000000e+00 3.734538467730655231e+00 5.243299999999999628e+00
1.806113300000000000e+07 1.000000000000000000e+00 6.600000000000000000e+01 1.007424169282254297e+03 2.905734144311969430e+03 2.078099999999999454e+03 0.000000000000000000e+00 4.368562226355162004e+00 6.596569999999999823e+00
9.046330500000000000e+07 0.000000000000000000e+00 6.500000000000000000e+01 7.011921692822543264e+02 2.736192144311969059e+03 1.035468000000000029e+04 1.000000000000000000e+00 2.105536233788166456e+00 3.800000000000000000e+01
9.046446500000000000e+07 1.000000000000000000e+00 6.600000000000000000e+01 8.098411692822546684e+02 2.772377144311969460e+03 1.042797999999999956e+04 1.000000000000000000e+00 6.205677433830137923e-01 3.800000000000000000e+01
1.806127900000000000e+07 0.000000000000000000e+00 6.500000000000000000e+01 1.026562269282254420e+03 2.904265564311969683e+03 2.069240000000000691e+03 1.000000000000000000e+00 1.656074283406926195e+00 3.800000000000000000e+01
9.046203800000000000e+07 1.000000000000000000e+00 6.600000000000000000e+01 7.052861692822543773e+02 2.711728144311969118e+03 1.035682999999999993e+04 1.000000000000000000e+00 7.104250288675861835e-01 3.800000000000000000e+01
4.981912100000000000e+07 1.000000000000000000e+00 6.600000000000000000e+01 9.304798692822541852e+02 2.832804244311969342e+03 5.769489999999999782e+03 1.000000000000000000e+00 7.499866336312516202e-02 3.800000000000000000e+01
9.046202900000000000e+07 1.000000000000000000e+00 6.500000000000000000e+01 7.211871692822542173e+02 2.722251144311969256e+03 1.038234000000000015e+04 1.000000000000000000e+00 5.702535935809701639e-01 3.800000000000000000e+01
9.046328300000000000e+07 0.000000000000000000e+00 6.500000000000000000e+01 7.370411692822544865e+02 2.720172144311969532e+03 1.040497999999999956e+04 1.000000000000000000e+00 2.695056198992884067e+00 3.800000000000000000e+01
