6.056578300000000000e+07 1.000000000000000000e+00 6.500000000000000000e+01 1.241903163528823279e+04 8.256011191981362572e+03 7.165061999999999898e+03 0.000000000000000000e+00 4.251454060867173368e+00 1.605000000000000071e+01
8.658352300000000000e+07 0.000000000000000000e+00 6.600000000000000000e+01 1.206405863528823102e+04 8.428446391981362467e+03 1.002665999999999985e+04 0.000000000000000000e+00 1.296932848014019868e+00 1.339000000000000057e+01
1.035498090000000000e+08 1.000000000000000000e+00 6.500000000000000000e+01 1.183201963528823035e+04 8.566446391981362467e+03 1.210226000000000022e+04 0.000000000000000000e+00 4.191014645471073941e+00 1.605000000000000071e+01
1.148609090000000000e+08 1.000000000000000000e+00 6.600000000000000000e+01 1.170752463528823137e+04 8.681302391981362234e+03 1.345988000000000102e+04 0.000000000000000000e+00 4.853047730301579321e+00 1.078999999999999915e+01
1.148609090000000000e+08 1.000000000000000000e+00 6.600000000000000000e+01 1.170625563528823113e+04 8.681263391981363384e+03 1.345985000000000036e+04 0.000000000000000000e+00 5.475853005377626204e+00 9.199999999999999845e-02
1.148609080000000000e+08 0.000000000000000000e+00 6.600000000000000000e+01 1.170987763528823052e+04 8.690618391981362947e+03 1.345915999999999985e+04 0.000000000000000000e+00 9.185930551803632715e-01 6.099999999999999867e-02
1.148609080000000000e+08 1.000000000000000000e+00 6.600000000000000000e+01 1.170878463528823158e+04 8.688141391981362176e+03 1.345661999999999898e+04 0.000000000000000000e+00 2.010497737152853848e+00 9.199999999999999845e-02
1.148609040000000000e+08 1.000000000000000000e+00 6.500000000000000000e+01 1.171411263528823110e+04 8.683240391981362336e+03 1.345342000000000007e+04 0.000000000000000000e+00 2.486212315001758544e+00 9.199999999999999845e-02
1.148609040000000000e+08 1.000000000000000000e+00 6.500000000000000000e+01 1.171417463528823100e+04 8.683213391981362292e+03 1.345338999999999942e+04 0.000000000000000000e+00 2.455130034032915631e+00 9.199999999999999845e-02
1.148609040000000000e+08 1.000000000000000000e+00 6.500000000000000000e+01 1.171537763528823052e+04 8.682691391981363267e+03 1.345283000000000175e+04 0.000000000000000000e+00 2.299371513905376752e+00 2.400000000000000050e-02
1.148609040000000000e+08 1.000000000000000000e+00 6.500000000000000000e+01 1.171555663528823061e+04 8.682613391981361929e+03 1.345275000000000000e+04 0.000000000000000000e+00 2.352513090940549834e+00 6.099999999999999867e-02
1.035486230000000000e+08 1.000000000000000000e+00 6.600000000000000000e+01 1.181978363528823138e+04 8.555699391981361259e+03 1.210382999999999993e+04 0.000000000000000000e+00 3.373345742940373704e+00 1.339000000000000057e+01
1.035486250000000000e+08 1.000000000000000000e+00 6.600000000000000000e+01 1.181099263528823212e+04 8.548046391981362831e+03 1.210085000000000036e+04 0.000000000000000000e+00 3.580460093763694118e+00 1.078999999999999915e+01
1.035486280000000000e+08 1.000000000000000000e+00 6.500000000000000000e+01 1.180771763528823067e+04 8.544385391981362773e+03 1.209918999999999869e+04 0.000000000000000000e+00 5.644127220019860225e+00 1.078999999999999915e+01
1.035486280000000000e+08 1.000000000000000000e+00 6.500000000000000000e+01 1.180644163528823265e+04 8.542568391981363675e+03 1.209810000000000036e+04 0.000000000000000000e+00 6.254206821006013328e+00 6.099999999999999867e-02
1.035486250000000000e+08 1.000000000000000000e+00 6.600000000000000000e+01 1.181096063528823106e+04 8.547884391981362569e+03 1.210045999999999913e+04 0.000000000000000000e+00 3.793606519214375972e+00 1.078999999999999915e+01
1.035486290000000000e+08 0.000000000000000000e+00 6.500000000000000000e+01 1.181380963528823122e+04 8.544995391981363355e+03 1.208876000000000022e+04 0.000000000000000000e+00 7.923785337263984374e-01 1.078999999999999915e+01
1.035486280000000000e+08 1.000000000000000000e+00 6.500000000000000000e+01 1.182336963528823253e+04 8.542381391981361958e+03 1.209043000000000029e+04 0.000000000000000000e+00 6.051970594547793958e+00 2.039999999999999869e-01
1.035498960000000000e+08 1.000000000000000000e+00 6.500000000000000000e+01 1.182226763528823176e+04 8.529391391981362176e+03 1.210269000000000051e+04 0.000000000000000000e+00 5.831864476531730901e+00 9.199999999999999845e-02
1.035498950000000000e+08 1.000000000000000000e+00 6.500000000000000000e+01 1.182847863528823109e+04 8.523816391981363267e+03 1.210352999999999884e+04 0.000000000000000000e+00 1.007852129002151376e+00 2.400000000000000050e-02
1.035486290000000000e+08 0.000000000000000000e+00 6.500000000000000000e+01 1.181380963528823122e+04 8.544995391981363355e+03 1.208876000000000022e+04 0.000000000000000000e+00 7.923785337263984374e-01 3.976329999999999920e+00
1.035486250000000000e+08 1.000000000000000000e+00 6.600000000000000000e+01 1.181096063528823106e+04 8.547884391981362569e+03 1.210045999999999913e+04 0.000000000000000000e+00 3.793606519214375972e+00 2.688550000000000217e+00
1.035488050000000000e+08 1.000000000000000000e+00 6.600000000000000000e+01 1.176057663528823105e+04 8.576195391981362263e+03 1.210465000000000146e+04 0.000000000000000000e+00 9.519465342174528999e+00 2.400000000000000050e-02
1.035486250000000000e+08 1.000000000000000000e+00 6.600000000000000000e+01 1.181099263528823212e+04 8.548046391981362831e+03 1.210085000000000036e+04 0.000000000000000000e+00 3.580460093763694118e+00 1.437249999999999917e+00
1.035498090000000000e+08 1.000000000000000000e+00 6.600000000000000000e+01 1.182162363528823153e+04 8.555275391981362191e+03 1.211170999999999913e+04 0.000000000000000000e+00 5.326036474671167475e+00 4.169999999999999818e-01
1.035498090000000000e+08 1.000000000000000000e+00 6.600000000000000000e+01 1.182201463528823115e+04 8.555138391981363384e+03 1.211232999999999993e+04 0.000000000000000000e+00 5.113582044127817916e+00 9.199999999999999845e-02
1.035498090000000000e+08 1.000000000000000000e+00 6.600000000000000000e+01 1.182474763528823132e+04 8.548894391981360968e+03 1.211692000000000007e+04 0.000000000000000000e+00 7.429642102022132377e+00 9.199999999999999845e-02
8.658352400000000000e+07 1.000000000000000000e+00 6.600000000000000000e+01 1.206415863528823138e+04 8.428854391981361914e+03 1.002580999999999949e+04 0.000000000000000000e+00 2.042439506572101493e+00 8.349999999999999645e-01
6.056520300000000000e+07 1.000000000000000000e+00 6.600000000000000000e+01 1.242008963528823188e+04 8.256352991981362720e+03 7.136274999999999636e+03 0.000000000000000000e+00 5.470555788395311758e+00 2.400000000000000050e-02
6.056512500000000000e+07 1.000000000000000000e+00 6.600000000000000000e+01 1.241953963528823078e+04 8.262508391981362365e+03 7.123577000000000226e+03 0.000000000000000000e+00 2.276232236166186862e+00 2.400000000000000050e-02
6.056504000000000000e+07 1.000000000000000000e+00 6.600000000000000000e+01 1.240702463528823137e+04 8.256428091981360922e+03 7.111297999999999774e+03 0.000000000000000000e+00 1.373340438755058512e+00 6.099999999999999867e-02
6.056568200000000000e+07 1.000000000000000000e+00 6.500000000000000000e+01 1.240671763528823067e+04 8.252872091981362246e+03 7.117381999999999607e+03 0.000000000000000000e+00 3.227049977486337262e+00 4.169999999999999818e-01
6.056503600000000000e+07 1.000000000000000000e+00 6.500000000000000000e+01 1.240899963528823173e+04 8.254586691981363401e+03 7.120333999999999833e+03 0.000000000000000000e+00 3.508347844599111198e+00 1.000000000000000021e-02
6.056503600000000000e+07 1.000000000000000000e+00 6.500000000000000000e+01 1.240722563528823230e+04 8.253158291981362709e+03 7.121073000000000320e+03 0.000000000000000000e+00 2.475539364197777648e+00 9.199999999999999845e-02
6.056567800000000000e+07 1.000000000000000000e+00 6.600000000000000000e+01 1.241238863528823276e+04 8.241960491981360974e+03 7.111676000000000386e+03 0.000000000000000000e+00 5.654116939917206430e+00 4.169999999999999818e-01
6.056512000000000000e+07 0.000000000000000000e+00 6.500000000000000000e+01 1.242368063528823041e+04 8.248706291981361574e+03 7.114114999999999782e+03 0.000000000000000000e+00 3.458057034874165048e+00 1.078999999999999915e+01
6.056512000000000000e+07 0.000000000000000000e+00 6.500000000000000000e+01 1.242368063528823041e+04 8.248706291981361574e+03 7.114114999999999782e+03 0.000000000000000000e+00 3.458057034874165048e+00 2.816530000000000200e+00
6.056512000000000000e+07 0.000000000000000000e+00 6.500000000000000000e+01 1.242368063528823041e+04 8.248706291981361574e+03 7.114114999999999782e+03 0.000000000000000000e+00 3.458057034874165048e+00 1.194899999999999990e-01
