1.102620480000000000e+08 0.000000000000000000e+00 6.600000000000000000e+01 1.241592235986036212e+04 1.124512000000000080e+04 1.280186455709113579e+04 1.000000000000000000e+00 2.413092977607986800e+00 3.910000000000000000e+02
1.227521170000000000e+08 0.000000000000000000e+00 6.500000000000000000e+01 1.206533235986036016e+04 8.319137000000000626e+03 1.458538855709113523e+04 1.000000000000000000e+00 2.013447129128171920e+00 3.910000000000000000e+02
1.262097980000000000e+08 0.000000000000000000e+00 6.500000000000000000e+01 1.268680235986036132e+04 9.246729999999999563e+03 1.476960855709113639e+04 1.000000000000000000e+00 1.911252870478229227e+00 3.910000000000000000e+02
1.102619700000000000e+08 1.000000000000000000e+00 6.500000000000000000e+01 1.242373235986036161e+04 1.125589999999999964e+04 1.276991155709113445e+04 1.000000000000000000e+00 7.681178504905343818e-01 3.910000000000000000e+02
1.227531130000000000e+08 0.000000000000000000e+00 6.500000000000000000e+01 1.208895235986036096e+04 8.318278000000000247e+03 1.457591855709113588e+04 1.000000000000000000e+00 1.832560678735978943e+00 3.910000000000000000e+02
1.260653770000000000e+08 0.000000000000000000e+00 6.600000000000000000e+01 1.203368235986036234e+04 5.629310000000000400e+03 1.481582855709113574e+04 1.000000000000000000e+00 1.694622224164039404e+00 3.910000000000000000e+02
1.102622530000000000e+08 0.000000000000000000e+00 6.600000000000000000e+01 1.242816235986036190e+04 1.119294000000000051e+04 1.272979555709113629e+04 1.000000000000000000e+00 2.053589532724822142e+00 3.910000000000000000e+02
1.103543060000000000e+08 0.000000000000000000e+00 6.600000000000000000e+01 1.316194235986036074e+04 1.159084000000000015e+04 1.309406255709113611e+04 1.000000000000000000e+00 2.292439412436205970e+00 3.910000000000000000e+02
1.250185770000000000e+08 0.000000000000000000e+00 6.500000000000000000e+01 1.222787235986036103e+04 5.310210000000000036e+03 1.469688855709113523e+04 1.000000000000000000e+00 2.250474582910160226e+00 3.910000000000000000e+02
1.262085600000000000e+08 1.000000000000000000e+00 6.600000000000000000e+01 1.266616235986036190e+04 9.251309999999999491e+03 1.480096855709113515e+04 1.000000000000000000e+00 7.935433274742117460e-01 3.910000000000000000e+02
1.102635250000000000e+08 1.000000000000000000e+00 6.600000000000000000e+01 1.242679235986036110e+04 1.116631000000000131e+04 1.274662255709113560e+04 1.000000000000000000e+00 6.327836954099385069e-01 3.910000000000000000e+02
1.102625430000000000e+08 1.000000000000000000e+00 6.500000000000000000e+01 1.235229235986036110e+04 1.131743000000000029e+04 1.275406955709113572e+04 1.000000000000000000e+00 5.945887239643095068e-01 3.910000000000000000e+02
1.262084750000000000e+08 0.000000000000000000e+00 6.600000000000000000e+01 1.265927235986036249e+04 9.249119999999998981e+03 1.481464855709113544e+04 1.000000000000000000e+00 2.595444218298146311e+00 3.910000000000000000e+02
1.262097010000000000e+08 1.000000000000000000e+00 6.600000000000000000e+01 1.265915235986036168e+04 9.245469999999999345e+03 1.479391855709113588e+04 1.000000000000000000e+00 6.771990326667026716e-01 3.910000000000000000e+02
1.227531190000000000e+08 0.000000000000000000e+00 6.600000000000000000e+01 1.210985235986036059e+04 8.323843000000000757e+03 1.456618855709113632e+04 1.000000000000000000e+00 2.882890798592032677e+00 3.910000000000000000e+02
1.102615670000000000e+08 0.000000000000000000e+00 6.600000000000000000e+01 1.229513235986036125e+04 1.133350000000000000e+04 1.279561755709113640e+04 1.000000000000000000e+00 8.266608545382669870e-01 3.910000000000000000e+02
1.262098040000000000e+08 1.000000000000000000e+00 6.600000000000000000e+01 1.269200235986036205e+04 9.231690000000000509e+03 1.476583855709113595e+04 1.000000000000000000e+00 7.701305287718133163e-01 3.910000000000000000e+02
1.227531190000000000e+08 0.000000000000000000e+00 6.500000000000000000e+01 1.210457235986036176e+04 8.312110000000000582e+03 1.457163855709113523e+04 1.000000000000000000e+00 8.814814888438797791e-01 3.910000000000000000e+02
