7.984477600000000000e+07 1.000000000000000000e+00 6.500000000000000000e+01 1.007428550552722663e+04 2.927804469214735036e+03 9.389239999999999782e+03 0.000000000000000000e+00 3.976946446298620597e+00 1.605000000000000071e+01
7.984349200000000000e+07 1.000000000000000000e+00 6.600000000000000000e+01 1.007995750552722893e+04 2.891440469214735458e+03 9.404360000000000582e+03 0.000000000000000000e+00 9.754859291337439231e+00 1.078999999999999915e+01
7.984481100000000000e+07 1.000000000000000000e+00 6.500000000000000000e+01 1.011044350552722790e+04 2.870409469214735509e+03 9.400200000000000728e+03 0.000000000000000000e+00 4.072545695025118206e+00 1.078999999999999915e+01
7.984481100000000000e+07 1.000000000000000000e+00 6.500000000000000000e+01 1.011299950552722657e+04 2.870254469214734854e+03 9.398549999999999272e+03 0.000000000000000000e+00 3.884648735113841678e+00 1.339000000000000057e+01
7.984481100000000000e+07 1.000000000000000000e+00 6.500000000000000000e+01 1.011536550552722838e+04 2.869655469214734694e+03 9.396270000000000437e+03 0.000000000000000000e+00 4.865817529542663777e+00 1.078999999999999915e+01
7.984480800000000000e+07 1.000000000000000000e+00 6.600000000000000000e+01 1.011936650552722858e+04 2.866491469214734934e+03 9.390709999999999127e+03 0.000000000000000000e+00 4.283845427191291577e+00 1.078999999999999915e+01
7.984480900000000000e+07 1.000000000000000000e+00 6.600000000000000000e+01 1.012688350552722841e+04 2.861958469214735487e+03 9.383750000000000000e+03 0.000000000000000000e+00 4.126870303540033369e+00 1.078999999999999915e+01
7.984473100000000000e+07 1.000000000000000000e+00 6.600000000000000000e+01 1.016548550552722736e+04 2.848440469214735458e+03 9.382309999999999491e+03 0.000000000000000000e+00 9.316452990093289088e+00 1.078999999999999915e+01
7.984391300000000000e+07 1.000000000000000000e+00 6.600000000000000000e+01 1.019228650552722684e+04 2.824663469214735414e+03 9.390959999999999127e+03 0.000000000000000000e+00 7.612025925218038225e+00 1.339000000000000057e+01
7.984391300000000000e+07 1.000000000000000000e+00 6.600000000000000000e+01 1.019445550552722852e+04 2.814275469214734585e+03 9.396780000000000655e+03 0.000000000000000000e+00 9.159026901581459157e+00 4.169999999999999818e-01
7.963393300000000000e+07 1.000000000000000000e+00 6.500000000000000000e+01 1.019920650552722873e+04 2.749787469214735211e+03 9.385520000000000437e+03 0.000000000000000000e+00 1.301191016191090233e+00 6.099999999999999867e-02
7.963274600000000000e+07 1.000000000000000000e+00 6.500000000000000000e+01 1.019678450552722825e+04 2.746057469214734738e+03 9.385209999999999127e+03 0.000000000000000000e+00 1.890756839471539941e+00 9.199999999999999845e-02
7.963274500000000000e+07 1.000000000000000000e+00 6.500000000000000000e+01 1.019813750552722740e+04 2.744211469214735189e+03 9.385360000000000582e+03 0.000000000000000000e+00 3.488461388807168273e+00 2.039999999999999869e-01
7.963274500000000000e+07 1.000000000000000000e+00 6.500000000000000000e+01 1.019603550552722663e+04 2.742918469214734614e+03 9.384850000000000364e+03 0.000000000000000000e+00 3.567882200783540902e+00 6.099999999999999867e-02
7.963274500000000000e+07 1.000000000000000000e+00 6.500000000000000000e+01 1.019719950552722730e+04 2.742857469214734920e+03 9.385930000000000291e+03 0.000000000000000000e+00 2.391915604409438068e+00 9.199999999999999845e-02
7.963265900000000000e+07 1.000000000000000000e+00 6.500000000000000000e+01 1.020492350552722746e+04 2.733044469214734818e+03 9.399260000000000218e+03 0.000000000000000000e+00 5.500323713765633116e+00 2.400000000000000050e-02
7.963265900000000000e+07 0.000000000000000000e+00 6.500000000000000000e+01 1.020700450552722759e+04 2.731864469214735436e+03 9.401569999999999709e+03 0.000000000000000000e+00 5.412400314726276918e+00 2.400000000000000050e-02
7.963392500000000000e+07 0.000000000000000000e+00 6.500000000000000000e+01 1.021925950552722861e+04 2.734724469214735109e+03 9.394030000000000655e+03 0.000000000000000000e+00 1.418498520656313433e+00 9.199999999999999845e-02
7.963392500000000000e+07 1.000000000000000000e+00 6.500000000000000000e+01 1.021857450552722730e+04 2.734629469214734854e+03 9.393340000000000146e+03 0.000000000000000000e+00 8.783788601621151937e-01 4.169999999999999818e-01
7.963265800000000000e+07 1.000000000000000000e+00 6.600000000000000000e+01 1.021249450552722737e+04 2.711617469214735138e+03 9.402729999999999563e+03 0.000000000000000000e+00 1.317226793905156290e+00 9.199999999999999845e-02
7.963265800000000000e+07 1.000000000000000000e+00 6.600000000000000000e+01 1.021279650552722887e+04 2.712848469214734905e+03 9.402739999999999782e+03 0.000000000000000000e+00 1.410451325946028067e+00 9.199999999999999845e-02
7.963266100000000000e+07 1.000000000000000000e+00 6.500000000000000000e+01 1.021041550552722765e+04 2.709563469214735051e+03 9.396880000000001019e+03 0.000000000000000000e+00 4.568997014485810304e+00 6.099999999999999867e-02
7.963266100000000000e+07 1.000000000000000000e+00 6.500000000000000000e+01 1.020873650552722756e+04 2.709916469214735116e+03 9.395459999999999127e+03 0.000000000000000000e+00 4.386377391828708561e+00 9.199999999999999845e-02
7.963398300000000000e+07 1.000000000000000000e+00 6.600000000000000000e+01 1.020286150552722756e+04 2.694182469214735647e+03 9.398299999999999272e+03 0.000000000000000000e+00 8.168460907851990527e+00 4.169999999999999818e-01
7.984377600000000000e+07 1.000000000000000000e+00 6.600000000000000000e+01 1.015431650552722749e+04 2.808010469214735167e+03 9.409049999999999272e+03 0.000000000000000000e+00 6.020262062628058963e+00 9.199999999999999845e-02
7.984377600000000000e+07 1.000000000000000000e+00 6.600000000000000000e+01 1.015594950552722730e+04 2.809338469214734687e+03 9.412770000000000437e+03 0.000000000000000000e+00 7.154099120193215811e+00 9.199999999999999845e-02
7.984328400000000000e+07 1.000000000000000000e+00 6.600000000000000000e+01 1.015268550552722809e+04 2.822941469214734752e+03 9.443329999999999927e+03 0.000000000000000000e+00 9.638621450665683099e+00 2.400000000000000050e-02
7.984328400000000000e+07 1.000000000000000000e+00 6.600000000000000000e+01 1.015562450552722657e+04 2.824975469214735313e+03 9.440780000000000655e+03 0.000000000000000000e+00 8.390616766591362463e+00 9.199999999999999845e-02
7.984328300000000000e+07 1.000000000000000000e+00 6.600000000000000000e+01 1.015306550552722911e+04 2.829698469214735269e+03 9.446489999999999782e+03 0.000000000000000000e+00 7.959261249032471675e+00 9.199999999999999845e-02
7.984328300000000000e+07 1.000000000000000000e+00 6.600000000000000000e+01 1.015608050552722852e+04 2.832119469214735545e+03 9.445690000000000509e+03 0.000000000000000000e+00 5.780751949875078566e+00 2.400000000000000050e-02
7.984384500000000000e+07 1.000000000000000000e+00 6.600000000000000000e+01 1.016319750552722689e+04 2.844190469214735458e+03 9.446389999999999418e+03 0.000000000000000000e+00 1.579923722151167054e+00 2.400000000000000050e-02
7.984384700000000000e+07 1.000000000000000000e+00 6.500000000000000000e+01 1.016162950552722759e+04 2.856296469214735225e+03 9.452620000000000800e+03 0.000000000000000000e+00 8.111761894926527106e+00 4.169999999999999818e-01
7.984384400000000000e+07 1.000000000000000000e+00 6.600000000000000000e+01 1.016180250552722828e+04 2.856341469214735298e+03 9.454950000000000728e+03 0.000000000000000000e+00 9.690880162442971013e+00 9.199999999999999845e-02
7.984394800000000000e+07 1.000000000000000000e+00 6.500000000000000000e+01 1.015706850552722790e+04 2.848992469214735138e+03 9.471100000000000364e+03 0.000000000000000000e+00 6.334829583970177147e+00 9.199999999999999845e-02
7.984385100000000000e+07 1.000000000000000000e+00 6.500000000000000000e+01 1.014663550552722882e+04 2.829880469214735058e+03 9.450139999999999418e+03 0.000000000000000000e+00 9.560334051937887878e+00 6.099999999999999867e-02
7.984328400000000000e+07 1.000000000000000000e+00 6.600000000000000000e+01 1.015007350552722710e+04 2.829206469214735080e+03 9.448200000000000728e+03 0.000000000000000000e+00 9.767862099107356144e+00 6.099999999999999867e-02
7.984310400000000000e+07 0.000000000000000000e+00 6.600000000000000000e+01 1.013329050552722765e+04 2.820333469214735487e+03 9.483370000000000800e+03 0.000000000000000000e+00 2.197470828055068992e+00 1.000000000000000021e-02
7.984310300000000000e+07 0.000000000000000000e+00 6.500000000000000000e+01 1.013452750552722864e+04 2.822183469214734941e+03 9.485159999999999854e+03 0.000000000000000000e+00 4.059504916247123951e+00 9.199999999999999845e-02
7.984310100000000000e+07 0.000000000000000000e+00 6.500000000000000000e+01 1.013946650552722713e+04 2.816366469214734934e+03 9.487020000000000437e+03 0.000000000000000000e+00 5.351466421108187488e-01 9.199999999999999845e-02
7.984310000000000000e+07 1.000000000000000000e+00 6.500000000000000000e+01 1.014634650552722815e+04 2.819461469214735189e+03 9.487010000000000218e+03 0.000000000000000000e+00 3.037160583569963102e+00 9.199999999999999845e-02
7.984310000000000000e+07 0.000000000000000000e+00 6.500000000000000000e+01 1.014493950552722890e+04 2.817302469214734629e+03 9.487620000000000800e+03 0.000000000000000000e+00 2.973010823143454662e+00 2.400000000000000050e-02
7.984310000000000000e+07 1.000000000000000000e+00 6.600000000000000000e+01 1.014096150552722793e+04 2.805423469214734723e+03 9.491450000000000728e+03 0.000000000000000000e+00 1.578810186922753989e+00 2.400000000000000050e-02
7.984310400000000000e+07 1.000000000000000000e+00 6.500000000000000000e+01 1.013135150552722916e+04 2.809877469214735356e+03 9.492870000000000800e+03 0.000000000000000000e+00 2.579532862138028015e+00 9.199999999999999845e-02
7.984310100000000000e+07 1.000000000000000000e+00 6.500000000000000000e+01 1.014113650552722902e+04 2.823989469214735436e+03 9.493399999999999636e+03 0.000000000000000000e+00 3.664494818913521357e+00 6.099999999999999867e-02
7.984310100000000000e+07 1.000000000000000000e+00 6.500000000000000000e+01 1.014298750552722777e+04 2.825042469214735320e+03 9.489729999999999563e+03 0.000000000000000000e+00 3.271321981382618205e+00 4.169999999999999818e-01
7.984318100000000000e+07 1.000000000000000000e+00 6.600000000000000000e+01 1.014280950552722788e+04 2.831194469214735363e+03 9.487829999999999927e+03 0.000000000000000000e+00 4.996093527073721674e+00 2.400000000000000050e-02
7.984395200000000000e+07 0.000000000000000000e+00 6.600000000000000000e+01 1.015041850552722826e+04 2.838610469214735531e+03 9.488709999999999127e+03 0.000000000000000000e+00 1.284538017660732834e+00 2.400000000000000050e-02
7.984318100000000000e+07 1.000000000000000000e+00 6.600000000000000000e+01 1.014652750552722864e+04 2.833862469214735029e+03 9.487719999999999345e+03 0.000000000000000000e+00 4.663086548228939088e-01 9.199999999999999845e-02
7.984310700000000000e+07 1.000000000000000000e+00 6.600000000000000000e+01 1.012649750552722799e+04 2.833209469214734781e+03 9.491680000000000291e+03 0.000000000000000000e+00 1.114291160118673796e+00 4.169999999999999818e-01
7.984303200000000000e+07 1.000000000000000000e+00 6.500000000000000000e+01 1.012999150552722858e+04 2.837030469214734694e+03 9.498000000000000000e+03 0.000000000000000000e+00 5.197245403672484443e+00 6.099999999999999867e-02
7.984303200000000000e+07 1.000000000000000000e+00 6.500000000000000000e+01 1.012999150552722858e+04 2.837030469214734694e+03 9.498000000000000000e+03 0.000000000000000000e+00 5.197245403672484443e+00 7.350640000000000285e+00
7.963402600000000000e+07 1.000000000000000000e+00 6.600000000000000000e+01 1.016153050552722743e+04 2.771409469214734600e+03 9.370750000000000000e+03 0.000000000000000000e+00 6.501568521218815455e+00 1.078999999999999915e+01
7.963402600000000000e+07 1.000000000000000000e+00 6.600000000000000000e+01 1.015675150552722698e+04 2.777377469214735356e+03 9.372729999999999563e+03 0.000000000000000000e+00 8.817967144072973440e+00 9.199999999999999845e-02
7.963402300000000000e+07 1.000000000000000000e+00 6.500000000000000000e+01 1.015969050552722911e+04 2.771917469214735320e+03 9.385799999999999272e+03 0.000000000000000000e+00 4.311028480496830184e+00 2.400000000000000050e-02
7.963402100000000000e+07 1.000000000000000000e+00 6.500000000000000000e+01 1.016865150552722844e+04 2.779492469214735138e+03 9.386659999999999854e+03 0.000000000000000000e+00 2.559834287143565312e+00 9.199999999999999845e-02
7.963402000000000000e+07 1.000000000000000000e+00 6.500000000000000000e+01 1.017971750552722733e+04 2.774315469214735458e+03 9.382790000000000873e+03 0.000000000000000000e+00 4.320002853755496197e+00 8.349999999999999645e-01
7.963401900000000000e+07 1.000000000000000000e+00 6.500000000000000000e+01 1.017790050552722823e+04 2.766831469214735080e+03 9.384880000000001019e+03 0.000000000000000000e+00 2.978545151485957554e+00 2.400000000000000050e-02
7.963401900000000000e+07 1.000000000000000000e+00 6.500000000000000000e+01 1.017832950552722832e+04 2.768610469214735531e+03 9.385850000000000364e+03 0.000000000000000000e+00 1.797169949623003138e+00 5.000000000000000000e-01
7.963401900000000000e+07 1.000000000000000000e+00 6.500000000000000000e+01 1.017832950552722832e+04 2.768610469214735531e+03 9.385850000000000364e+03 0.000000000000000000e+00 1.797169949623003138e+00 7.086660000000000181e+00
7.963402600000000000e+07 1.000000000000000000e+00 6.600000000000000000e+01 1.016153050552722743e+04 2.771409469214734600e+03 9.370750000000000000e+03 0.000000000000000000e+00 6.501568521218815455e+00 5.313019999999999854e+00
7.984391300000000000e+07 1.000000000000000000e+00 6.600000000000000000e+01 1.018952950552722905e+04 2.826758469214734760e+03 9.394229999999999563e+03 0.000000000000000000e+00 4.202883876564408538e+00 1.078999999999999915e+01
7.984376800000000000e+07 1.000000000000000000e+00 6.600000000000000000e+01 1.017758450552722752e+04 2.817208469214735487e+03 9.386250000000000000e+03 0.000000000000000000e+00 3.638936957426357921e+00 4.169999999999999818e-01
7.984376800000000000e+07 1.000000000000000000e+00 6.600000000000000000e+01 1.017920050552722751e+04 2.819143469214734978e+03 9.390630000000001019e+03 0.000000000000000000e+00 2.612182096475048620e+00 9.199999999999999845e-02
7.984376900000000000e+07 1.000000000000000000e+00 6.600000000000000000e+01 1.017439650552722742e+04 2.821121469214735043e+03 9.387180000000000291e+03 0.000000000000000000e+00 1.546674650307440668e+00 9.199999999999999845e-02
7.984376900000000000e+07 1.000000000000000000e+00 6.600000000000000000e+01 1.017414650552722742e+04 2.821404469214735400e+03 9.387299999999999272e+03 0.000000000000000000e+00 1.433301324157901568e+00 4.169999999999999818e-01
7.984377200000000000e+07 1.000000000000000000e+00 6.500000000000000000e+01 1.016616350552722724e+04 2.811729469214735218e+03 9.390299999999999272e+03 0.000000000000000000e+00 8.038403410963214313e+00 2.400000000000000050e-02
7.984473100000000000e+07 1.000000000000000000e+00 6.600000000000000000e+01 1.016614250552722660e+04 2.850464469214734891e+03 9.376889999999999418e+03 0.000000000000000000e+00 7.539031646083752314e+00 6.099999999999999867e-02
7.984473100000000000e+07 1.000000000000000000e+00 6.600000000000000000e+01 1.016248750552722777e+04 2.851329469214734672e+03 9.378920000000000073e+03 0.000000000000000000e+00 4.560735521614807553e+00 9.199999999999999845e-02
7.984473100000000000e+07 1.000000000000000000e+00 6.600000000000000000e+01 1.015616450552722745e+04 2.852559469214735145e+03 9.382299999999999272e+03 0.000000000000000000e+00 5.363144384984115831e+00 9.199999999999999845e-02
7.984473200000000000e+07 1.000000000000000000e+00 6.600000000000000000e+01 1.015026850552722681e+04 2.853157469214735102e+03 9.383299999999999272e+03 0.000000000000000000e+00 6.958986435422257699e+00 2.039999999999999869e-01
7.984473100000000000e+07 1.000000000000000000e+00 6.600000000000000000e+01 1.015475550552722780e+04 2.851988469214735233e+03 9.379200000000000728e+03 0.000000000000000000e+00 6.903847742310734503e+00 9.199999999999999845e-02
7.984472700000000000e+07 1.000000000000000000e+00 6.500000000000000000e+01 1.015404450552722847e+04 2.852861469214734825e+03 9.374469999999999345e+03 0.000000000000000000e+00 4.316304222121818412e+00 9.199999999999999845e-02
7.984472700000000000e+07 1.000000000000000000e+00 6.500000000000000000e+01 1.015306050552722809e+04 2.853222469214734701e+03 9.373370000000000800e+03 0.000000000000000000e+00 3.326237371355508010e+00 6.099999999999999867e-02
7.984472700000000000e+07 0.000000000000000000e+00 6.500000000000000000e+01 1.014912750552722719e+04 2.858290469214734912e+03 9.371409999999999854e+03 0.000000000000000000e+00 6.914090151234874027e-01 6.099999999999999867e-02
7.984480500000000000e+07 1.000000000000000000e+00 6.500000000000000000e+01 1.012908050552722852e+04 2.848324469214735473e+03 9.370780000000000655e+03 0.000000000000000000e+00 5.905982207685202212e+00 4.169999999999999818e-01
7.984480500000000000e+07 1.000000000000000000e+00 6.500000000000000000e+01 1.012413050552722780e+04 2.843034469214734600e+03 9.371059999999999491e+03 0.000000000000000000e+00 8.157719217161844227e+00 2.400000000000000050e-02
7.984480500000000000e+07 1.000000000000000000e+00 6.500000000000000000e+01 1.012364550552722721e+04 2.845081469214735080e+03 9.369430000000000291e+03 0.000000000000000000e+00 7.320387642041620069e+00 5.000000000000000000e-01
7.984480500000000000e+07 1.000000000000000000e+00 6.500000000000000000e+01 1.012520150552722771e+04 2.844627469214735356e+03 9.368979999999999563e+03 0.000000000000000000e+00 7.881092232902251027e+00 4.169999999999999818e-01
7.984345200000000000e+07 1.000000000000000000e+00 6.600000000000000000e+01 1.012646050552722772e+04 2.846191469214734752e+03 9.365319999999999709e+03 0.000000000000000000e+00 9.724978267756887007e+00 2.039999999999999869e-01
7.984345300000000000e+07 1.000000000000000000e+00 6.600000000000000000e+01 1.013418650552722829e+04 2.840529469214735400e+03 9.366709999999999127e+03 0.000000000000000000e+00 8.079404400840452638e+00 9.199999999999999845e-02
7.984345300000000000e+07 1.000000000000000000e+00 6.600000000000000000e+01 1.013444750552722689e+04 2.837612469214735029e+03 9.363809999999999491e+03 0.000000000000000000e+00 4.607561141029373530e+00 2.039999999999999869e-01
7.984345300000000000e+07 1.000000000000000000e+00 6.600000000000000000e+01 1.013444750552722689e+04 2.837612469214735029e+03 9.363809999999999491e+03 0.000000000000000000e+00 4.607561141029373530e+00 7.224020000000000330e+00
7.984480700000000000e+07 0.000000000000000000e+00 6.600000000000000000e+01 1.011570250552722791e+04 2.857457469214735283e+03 9.385739999999999782e+03 0.000000000000000000e+00 1.211315784713306254e+00 9.199999999999999845e-02
7.984480700000000000e+07 0.000000000000000000e+00 6.600000000000000000e+01 1.011590750552722784e+04 2.858266469214734570e+03 9.385590000000000146e+03 0.000000000000000000e+00 1.256829815806259854e+00 8.220000000000000639e+00
7.984480700000000000e+07 0.000000000000000000e+00 6.600000000000000000e+01 1.011590750552722784e+04 2.858266469214734570e+03 9.385590000000000146e+03 0.000000000000000000e+00 1.256829815806259854e+00 4.795350000000000001e+00
7.984480800000000000e+07 1.000000000000000000e+00 6.600000000000000000e+01 1.011523150552722655e+04 2.860559469214735145e+03 9.389409999999999854e+03 0.000000000000000000e+00 1.222935315356257213e+00 1.078999999999999915e+01
7.984480800000000000e+07 1.000000000000000000e+00 6.600000000000000000e+01 1.011523150552722655e+04 2.860559469214735145e+03 9.389409999999999854e+03 0.000000000000000000e+00 1.222935315356257213e+00 6.736399999999999721e+00
7.984480800000000000e+07 1.000000000000000000e+00 6.600000000000000000e+01 1.011523150552722655e+04 2.860559469214735145e+03 9.389409999999999854e+03 0.000000000000000000e+00 1.222935315356257213e+00 2.529500000000000082e+00
7.984481100000000000e+07 1.000000000000000000e+00 6.500000000000000000e+01 1.011274250552722879e+04 2.867001469214735152e+03 9.399209999999999127e+03 0.000000000000000000e+00 1.838259079442830846e+00 1.000000000000000021e-02
7.984481700000000000e+07 1.000000000000000000e+00 6.600000000000000000e+01 1.011622450552722876e+04 2.879747469214735247e+03 9.411659999999999854e+03 0.000000000000000000e+00 3.640262112111261494e+00 1.000000000000000000e+01
7.984340700000000000e+07 1.000000000000000000e+00 6.500000000000000000e+01 1.011491950552722847e+04 2.886424469214734927e+03 9.407940000000000509e+03 0.000000000000000000e+00 7.215779682459483091e+00 9.199999999999999845e-02
7.984474200000000000e+07 1.000000000000000000e+00 6.600000000000000000e+01 1.014189150552722822e+04 2.883339469214734891e+03 9.427459999999999127e+03 0.000000000000000000e+00 8.378257185069891477e+00 6.099999999999999867e-02
7.984473900000000000e+07 1.000000000000000000e+00 6.500000000000000000e+01 1.014008350552722914e+04 2.883427469214734629e+03 9.413819999999999709e+03 0.000000000000000000e+00 1.259714498021496931e+00 9.199999999999999845e-02
7.984473900000000000e+07 1.000000000000000000e+00 6.500000000000000000e+01 1.013950650552722800e+04 2.883590469214735094e+03 9.414209999999999127e+03 0.000000000000000000e+00 1.275417265879593476e+00 9.199999999999999845e-02
7.984473900000000000e+07 1.000000000000000000e+00 6.500000000000000000e+01 1.013753850552722724e+04 2.884497469214735247e+03 9.415090000000000146e+03 0.000000000000000000e+00 1.287923997627050898e+00 5.000000000000000000e-01
7.984473900000000000e+07 1.000000000000000000e+00 6.500000000000000000e+01 1.013448450552722716e+04 2.885419469214734818e+03 9.415909999999999854e+03 0.000000000000000000e+00 1.925323691245544477e+00 4.169999999999999818e-01
7.984474000000000000e+07 1.000000000000000000e+00 6.500000000000000000e+01 1.012848450552722716e+04 2.889013469214734869e+03 9.415450000000000728e+03 0.000000000000000000e+00 4.580805124615522139e+00 9.199999999999999845e-02
7.984340800000000000e+07 1.000000000000000000e+00 6.500000000000000000e+01 1.012507650552722771e+04 2.892733469214735123e+03 9.420399999999999636e+03 0.000000000000000000e+00 4.818773834295114966e+00 9.199999999999999845e-02
7.984340800000000000e+07 1.000000000000000000e+00 6.500000000000000000e+01 1.012498150552722655e+04 2.892799469214734927e+03 9.420319999999999709e+03 0.000000000000000000e+00 4.698214293989972035e+00 9.199999999999999845e-02
7.984474500000000000e+07 1.000000000000000000e+00 6.600000000000000000e+01 1.012500350552722739e+04 2.895123469214735451e+03 9.423010000000000218e+03 0.000000000000000000e+00 4.746156802375876005e+00 2.039999999999999869e-01
7.984467000000000000e+07 1.000000000000000000e+00 6.600000000000000000e+01 1.012588450552722861e+04 2.895310469214735349e+03 9.425399999999999636e+03 0.000000000000000000e+00 2.610818196407093783e+00 2.400000000000000050e-02
7.984473900000000000e+07 1.000000000000000000e+00 6.500000000000000000e+01 1.013532450552722730e+04 2.882557469214734738e+03 9.426510000000000218e+03 0.000000000000000000e+00 7.158747816386108909e+00 9.199999999999999845e-02
7.984482100000000000e+07 1.000000000000000000e+00 6.600000000000000000e+01 1.013272050552722794e+04 2.884131469214735262e+03 9.430889999999999418e+03 0.000000000000000000e+00 8.210434624268977188e+00 2.400000000000000050e-02
7.984467100000000000e+07 1.000000000000000000e+00 6.500000000000000000e+01 1.013213250552722820e+04 2.891300469214735131e+03 9.434360000000000582e+03 0.000000000000000000e+00 5.662522018936292589e+00 2.400000000000000050e-02
7.984467200000000000e+07 1.000000000000000000e+00 6.500000000000000000e+01 1.012289550552722721e+04 2.890455469214734876e+03 9.435440000000000509e+03 0.000000000000000000e+00 1.091939415079163478e+00 6.099999999999999867e-02
7.984467200000000000e+07 1.000000000000000000e+00 6.500000000000000000e+01 1.012289550552722721e+04 2.890455469214734876e+03 9.435440000000000509e+03 0.000000000000000000e+00 1.091939415079163478e+00 7.352979999999999627e+00
7.984480300000000000e+07 1.000000000000000000e+00 6.500000000000000000e+01 1.012049450552722919e+04 2.862011469214735371e+03 9.379430000000000291e+03 0.000000000000000000e+00 3.620243485656410964e+00 1.078999999999999915e+01
7.984480800000000000e+07 1.000000000000000000e+00 6.600000000000000000e+01 1.011762250552722799e+04 2.862621469214735043e+03 9.381479999999999563e+03 0.000000000000000000e+00 4.956297245691055231e+00 1.078999999999999915e+01
7.984480500000000000e+07 0.000000000000000000e+00 6.500000000000000000e+01 1.011442750552722828e+04 2.860165469214734912e+03 9.381639999999999418e+03 0.000000000000000000e+00 3.591627110124654187e+00 4.169999999999999818e-01
7.984480500000000000e+07 0.000000000000000000e+00 6.500000000000000000e+01 1.011442750552722828e+04 2.860165469214734912e+03 9.381639999999999418e+03 0.000000000000000000e+00 3.591627110124654187e+00 7.119390000000000107e+00
7.984480800000000000e+07 1.000000000000000000e+00 6.600000000000000000e+01 1.011762250552722799e+04 2.862621469214735043e+03 9.381479999999999563e+03 0.000000000000000000e+00 4.956297245691055231e+00 1.298179999999999890e+00
7.984481200000000000e+07 1.000000000000000000e+00 6.600000000000000000e+01 1.012357350552722710e+04 2.855430469214735240e+03 9.402870000000000800e+03 0.000000000000000000e+00 1.506286090648561116e+00 9.199999999999999845e-02
7.984481200000000000e+07 1.000000000000000000e+00 6.600000000000000000e+01 1.011406450552722890e+04 2.847616469214734934e+03 9.404059999999999491e+03 0.000000000000000000e+00 6.418599728482559996e+00 8.349999999999999645e-01
7.984346900000000000e+07 1.000000000000000000e+00 6.500000000000000000e+01 1.011284450552722774e+04 2.849390469214735276e+03 9.407049999999999272e+03 0.000000000000000000e+00 5.804957499878593552e+00 6.099999999999999867e-02
7.984480800000000000e+07 1.000000000000000000e+00 6.500000000000000000e+01 1.010744350552722790e+04 2.851893469214734978e+03 9.401219999999999345e+03 0.000000000000000000e+00 3.362865062591051668e+00 9.199999999999999845e-02
7.984480800000000000e+07 1.000000000000000000e+00 6.500000000000000000e+01 1.010242550552722787e+04 2.855798469214734723e+03 9.396489999999999782e+03 0.000000000000000000e+00 1.645883836263390521e+00 4.169999999999999818e-01
7.984480800000000000e+07 1.000000000000000000e+00 6.500000000000000000e+01 1.010383650552722793e+04 2.851347469214734701e+03 9.397670000000000073e+03 0.000000000000000000e+00 2.601656851564105200e+00 4.169999999999999818e-01
7.984346800000000000e+07 1.000000000000000000e+00 6.500000000000000000e+01 1.010477250552722762e+04 2.849795469214735022e+03 9.402510000000000218e+03 0.000000000000000000e+00 3.030686483689498889e+00 9.199999999999999845e-02
7.984346800000000000e+07 1.000000000000000000e+00 6.500000000000000000e+01 1.010476150552722902e+04 2.849803469214734832e+03 9.402510000000000218e+03 0.000000000000000000e+00 3.038507947702922429e+00 4.169999999999999818e-01
7.984346800000000000e+07 0.000000000000000000e+00 6.500000000000000000e+01 1.009926850552722681e+04 2.842642469214734774e+03 9.400850000000000364e+03 0.000000000000000000e+00 2.960084487157004673e+00 4.169999999999999818e-01
7.984346900000000000e+07 0.000000000000000000e+00 6.600000000000000000e+01 1.009566050552722663e+04 2.843821469214734861e+03 9.407340000000000146e+03 0.000000000000000000e+00 1.933974051922731530e+00 2.400000000000000050e-02
7.984339300000000000e+07 1.000000000000000000e+00 6.600000000000000000e+01 1.009372050552722794e+04 2.843515469214735276e+03 9.412879999999999200e+03 0.000000000000000000e+00 1.711370272360982492e+00 9.199999999999999845e-02
7.984339300000000000e+07 1.000000000000000000e+00 6.600000000000000000e+01 1.009359550552722794e+04 2.843484469214735327e+03 9.412950000000000728e+03 0.000000000000000000e+00 1.742794576535601880e+00 4.169999999999999818e-01
7.984339300000000000e+07 1.000000000000000000e+00 6.600000000000000000e+01 1.009272050552722794e+04 2.843054469214735036e+03 9.413610000000000582e+03 0.000000000000000000e+00 1.879991839653204044e+00 4.169999999999999818e-01
7.984339300000000000e+07 1.000000000000000000e+00 6.600000000000000000e+01 1.009272050552722794e+04 2.843054469214735036e+03 9.413610000000000582e+03 0.000000000000000000e+00 1.879991839653204044e+00 7.004500000000000171e+00
7.984481100000000000e+07 1.000000000000000000e+00 6.500000000000000000e+01 1.011044350552722790e+04 2.870409469214735509e+03 9.400200000000000728e+03 0.000000000000000000e+00 4.072545695025118206e+00 2.579229999999999912e+00
7.984349200000000000e+07 1.000000000000000000e+00 6.600000000000000000e+01 1.008027250552722762e+04 2.890970469214735203e+03 9.404690000000000509e+03 0.000000000000000000e+00 9.931679274629011900e+00 2.400000000000000050e-02
7.984478400000000000e+07 1.000000000000000000e+00 6.600000000000000000e+01 1.006830490552722767e+04 2.896611469214734825e+03 9.383879999999999200e+03 0.000000000000000000e+00 2.552369760376852703e+00 4.169999999999999818e-01
7.984478500000000000e+07 1.000000000000000000e+00 6.600000000000000000e+01 1.007176950552722701e+04 2.897820469214734658e+03 9.384059999999999491e+03 0.000000000000000000e+00 1.675622437517177099e+00 9.199999999999999845e-02
7.984478600000000000e+07 1.000000000000000000e+00 6.600000000000000000e+01 1.008135050552722896e+04 2.888786469214735007e+03 9.381819999999999709e+03 0.000000000000000000e+00 5.128973568458508048e+00 6.099999999999999867e-02
7.984479000000000000e+07 1.000000000000000000e+00 6.500000000000000000e+01 1.008005450552722687e+04 2.882531469214734898e+03 9.386020000000000437e+03 0.000000000000000000e+00 8.414951386627969043e+00 2.400000000000000050e-02
7.984349300000000000e+07 1.000000000000000000e+00 6.600000000000000000e+01 1.007712850552722739e+04 2.900095469214735203e+03 9.404659999999999854e+03 0.000000000000000000e+00 5.614250009350538306e+00 2.039999999999999869e-01
7.984349800000000000e+07 1.000000000000000000e+00 6.500000000000000000e+01 1.008620850552722914e+04 2.896033469214735305e+03 9.397520000000000437e+03 0.000000000000000000e+00 9.968766225376421986e+00 2.400000000000000050e-02
7.984349800000000000e+07 1.000000000000000000e+00 6.500000000000000000e+01 1.009301750552722660e+04 2.899596469214735407e+03 9.394290000000000873e+03 0.000000000000000000e+00 5.714548323222198967e+00 6.099999999999999867e-02
7.984349800000000000e+07 1.000000000000000000e+00 6.500000000000000000e+01 1.009255950552722788e+04 2.903364469214735436e+03 9.391540000000000873e+03 0.000000000000000000e+00 2.812455275688927170e+00 9.199999999999999845e-02
7.984350200000000000e+07 0.000000000000000000e+00 6.600000000000000000e+01 1.008936850552722899e+04 2.909610469214735531e+03 9.387440000000000509e+03 0.000000000000000000e+00 2.180588916902217456e+00 9.199999999999999845e-02
7.984350200000000000e+07 1.000000000000000000e+00 6.600000000000000000e+01 1.008790350552722884e+04 2.903222469214734701e+03 9.386840000000000146e+03 0.000000000000000000e+00 3.266783603440660766e+00 9.199999999999999845e-02
7.984349400000000000e+07 1.000000000000000000e+00 6.600000000000000000e+01 1.009751750552722660e+04 2.897327469214735174e+03 9.407600000000000364e+03 0.000000000000000000e+00 8.053000098522417716e+00 4.600000000000000200e-01
7.984341100000000000e+07 1.000000000000000000e+00 6.600000000000000000e+01 1.010049050552722838e+04 2.901553469214734832e+03 9.408659999999999854e+03 0.000000000000000000e+00 5.674320631874908649e+00 2.400000000000000050e-02
7.984341100000000000e+07 1.000000000000000000e+00 6.600000000000000000e+01 1.010038150552722800e+04 2.901843469214734796e+03 9.408989999999999782e+03 0.000000000000000000e+00 5.427107095107762902e+00 6.099999999999999867e-02
7.984341100000000000e+07 1.000000000000000000e+00 6.600000000000000000e+01 1.009857350552722710e+04 2.904124469214734745e+03 9.408809999999999491e+03 0.000000000000000000e+00 6.513478777153937749e+00 9.199999999999999845e-02
7.984349400000000000e+07 1.000000000000000000e+00 6.600000000000000000e+01 1.009294750552722689e+04 2.905898469214735087e+03 9.407819999999999709e+03 0.000000000000000000e+00 2.391919032590775984e+00 6.099999999999999867e-02
7.984349400000000000e+07 1.000000000000000000e+00 6.600000000000000000e+01 1.009208250552722893e+04 2.905934469214735145e+03 9.407739999999999782e+03 0.000000000000000000e+00 1.955927575303287203e+00 2.039999999999999869e-01
7.984349800000000000e+07 1.000000000000000000e+00 6.500000000000000000e+01 1.009585750552722675e+04 2.909028469214735196e+03 9.400500000000000000e+03 0.000000000000000000e+00 4.533720125047504546e+00 9.199999999999999845e-02
7.984341700000000000e+07 1.000000000000000000e+00 6.600000000000000000e+01 1.011671650552722713e+04 2.920076469214734971e+03 9.398530000000000655e+03 0.000000000000000000e+00 3.291271934744595562e+00 2.400000000000000050e-02
7.984341700000000000e+07 1.000000000000000000e+00 6.600000000000000000e+01 1.011967150552722887e+04 2.920922469214735429e+03 9.396880000000001019e+03 0.000000000000000000e+00 5.024047902407895450e+00 9.199999999999999845e-02
7.984468100000000000e+07 1.000000000000000000e+00 6.500000000000000000e+01 1.013668150552722727e+04 2.931342469214735502e+03 9.395959999999999127e+03 0.000000000000000000e+00 3.691896982565151752e+00 1.000000000000000021e-02
7.984467800000000000e+07 0.000000000000000000e+00 6.500000000000000000e+01 1.013461950552722737e+04 2.935365469214734730e+03 9.405370000000000800e+03 0.000000000000000000e+00 6.235194183135273072e-01 9.199999999999999845e-02
7.984467500000000000e+07 0.000000000000000000e+00 6.600000000000000000e+01 1.014233650552722793e+04 2.928802469214734629e+03 9.405379999999999200e+03 0.000000000000000000e+00 9.331918338053805106e-01 6.099999999999999867e-02
7.984482300000000000e+07 1.000000000000000000e+00 6.600000000000000000e+01 1.014548850552722797e+04 2.920075469214734767e+03 9.399750000000000000e+03 0.000000000000000000e+00 1.806860780805353617e+00 2.400000000000000050e-02
7.984482300000000000e+07 1.000000000000000000e+00 6.600000000000000000e+01 1.014908850552722652e+04 2.925918469214734614e+03 9.401630000000001019e+03 0.000000000000000000e+00 2.333643755064849667e+00 2.039999999999999869e-01
7.984467800000000000e+07 1.000000000000000000e+00 6.600000000000000000e+01 1.014533350552722914e+04 2.929670469214735022e+03 9.393399999999999636e+03 0.000000000000000000e+00 8.768549038121677963e-01 9.199999999999999845e-02
7.984467900000000000e+07 1.000000000000000000e+00 6.600000000000000000e+01 1.014425350552722739e+04 2.932915469214734912e+03 9.393130000000001019e+03 0.000000000000000000e+00 1.239410586067471565e+00 9.199999999999999845e-02
7.984468000000000000e+07 1.000000000000000000e+00 6.600000000000000000e+01 1.014296250552722813e+04 2.935012469214734665e+03 9.390120000000000800e+03 0.000000000000000000e+00 2.005178227154898352e+00 4.169999999999999818e-01
7.984468200000000000e+07 1.000000000000000000e+00 6.500000000000000000e+01 1.014281150552722829e+04 2.929351469214735516e+03 9.388649999999999636e+03 0.000000000000000000e+00 4.272322873636257512e+00 9.199999999999999845e-02
7.984467900000000000e+07 1.000000000000000000e+00 6.600000000000000000e+01 1.014500950552722861e+04 2.927598469214734905e+03 9.386719999999999345e+03 0.000000000000000000e+00 5.916815977170983842e+00 2.400000000000000050e-02
7.984467900000000000e+07 1.000000000000000000e+00 6.600000000000000000e+01 1.014103650552722684e+04 2.931500469214734949e+03 9.391049999999999272e+03 0.000000000000000000e+00 4.431159595521410033e+00 6.099999999999999867e-02
7.984468200000000000e+07 1.000000000000000000e+00 6.500000000000000000e+01 1.013506350552722870e+04 2.929045469214735022e+03 9.386600000000000364e+03 0.000000000000000000e+00 1.507673575650942954e+00 8.349999999999999645e-01
7.984467900000000000e+07 0.000000000000000000e+00 6.600000000000000000e+01 1.014244650552722669e+04 2.938934469214735145e+03 9.396860000000000582e+03 0.000000000000000000e+00 1.996295083809426218e+00 2.400000000000000050e-02
7.984468000000000000e+07 1.000000000000000000e+00 6.600000000000000000e+01 1.014234050552722692e+04 2.937968469214734796e+03 9.395600000000000364e+03 0.000000000000000000e+00 1.077316759085972686e+00 9.199999999999999845e-02
7.984477600000000000e+07 0.000000000000000000e+00 6.600000000000000000e+01 1.008053350552722804e+04 2.918107469214734920e+03 9.389920000000000073e+03 0.000000000000000000e+00 7.695908146151068108e-01 1.000000000000000021e-02
7.984478000000000000e+07 1.000000000000000000e+00 6.500000000000000000e+01 1.007957050552722831e+04 2.905827469214735174e+03 9.390409999999999854e+03 0.000000000000000000e+00 4.019217041695816839e+00 6.099999999999999867e-02
7.984478100000000000e+07 1.000000000000000000e+00 6.500000000000000000e+01 1.008013450552722861e+04 2.899767469214734774e+03 9.390780000000000655e+03 0.000000000000000000e+00 6.625158062274394410e+00 4.169999999999999818e-01
7.984478200000000000e+07 1.000000000000000000e+00 6.500000000000000000e+01 1.008667650552722807e+04 2.896866469214734934e+03 9.381260000000000218e+03 0.000000000000000000e+00 4.473854518396526814e+00 9.199999999999999845e-02
7.984478500000000000e+07 1.000000000000000000e+00 6.500000000000000000e+01 1.008856350552722870e+04 2.884266469214735480e+03 9.354450000000000728e+03 0.000000000000000000e+00 6.188489153260404940e+00 6.099999999999999867e-02
7.984351600000000000e+07 1.000000000000000000e+00 6.500000000000000000e+01 1.008939450552722701e+04 2.883459469214734781e+03 9.353520000000000437e+03 0.000000000000000000e+00 6.594369763087565062e+00 1.000000000000000000e+01
7.984351600000000000e+07 1.000000000000000000e+00 6.500000000000000000e+01 1.008939450552722701e+04 2.883459469214734781e+03 9.353520000000000437e+03 0.000000000000000000e+00 6.594369763087565062e+00 1.128360000000000030e+00
2.192977600000000000e+07 1.000000000000000000e+00 6.500000000000000000e+01 9.856770505527227215e+03 3.304266269214735075e+03 2.503200000000000728e+03 0.000000000000000000e+00 9.540683920476116242e+00 6.099999999999999867e-02
7.397555900000000000e+07 0.000000000000000000e+00 6.500000000000000000e+01 1.005492610552722908e+04 2.634798469214734723e+03 8.871370000000000800e+03 1.000000000000000000e+00 8.271902377963818997e-01 6.200000000000000000e+01
7.397363500000000000e+07 0.000000000000000000e+00 6.500000000000000000e+01 1.000077550552722823e+04 2.632181469214735444e+03 8.897049999999999272e+03 1.000000000000000000e+00 1.905080968960748855e+00 6.200000000000000000e+01
