5.741035400000000000e+07 1.000000000000000000e+00 6.500000000000000000e+01 6.377151923405888738e+03 2.841574281524806793e+03 6.831737000000000080e+03 0.000000000000000000e+00 9.277825277914436342e+00 1.078999999999999915e+01
1.070785100000000000e+08 1.000000000000000000e+00 6.600000000000000000e+01 8.407251923405889102e+03 2.792642815248073020e+02 1.250168999999999869e+04 0.000000000000000000e+00 4.181669460162693142e+00 3.229999999999999716e+01
1.078057580000000000e+08 1.000000000000000000e+00 6.600000000000000000e+01 8.461281923405889756e+03 2.818242815248077022e+02 1.284738999999999942e+04 0.000000000000000000e+00 6.005456240852597105e+00 1.339000000000000057e+01
1.078049170000000000e+08 1.000000000000000000e+00 6.600000000000000000e+01 8.424081923405889029e+03 2.796842815248073748e+02 1.286320999999999913e+04 0.000000000000000000e+00 9.585102565978017353e+00 1.339000000000000057e+01
1.078048820000000000e+08 1.000000000000000000e+00 6.500000000000000000e+01 8.322941923405889611e+03 2.756042815248074476e+02 1.288843000000000029e+04 0.000000000000000000e+00 5.566033917627211558e+00 1.339000000000000057e+01
1.133631860000000000e+08 1.000000000000000000e+00 6.500000000000000000e+01 4.957454923405888621e+03 6.115042815248070838e+02 1.356659999999999854e+04 0.000000000000000000e+00 3.267917789333955270e+00 1.339000000000000057e+01
1.189239710000000000e+08 1.000000000000000000e+00 6.500000000000000000e+01 3.696011923405889320e+03 7.916042815248074476e+02 1.409604000000000087e+04 0.000000000000000000e+00 3.235014249444809753e+00 3.229999999999999716e+01
1.189240590000000000e+08 1.000000000000000000e+00 6.500000000000000000e+01 3.695931923405889393e+03 7.840942815248081388e+02 1.409889999999999964e+04 0.000000000000000000e+00 5.183976523931370650e+00 1.078999999999999915e+01
1.189240590000000000e+08 1.000000000000000000e+00 6.500000000000000000e+01 3.696081923405889029e+03 7.730742815248077022e+02 1.409686000000000058e+04 0.000000000000000000e+00 4.927365527396894151e+00 1.078999999999999915e+01
1.189240650000000000e+08 0.000000000000000000e+00 6.500000000000000000e+01 3.699281923405888847e+03 7.587342815248075567e+02 1.410772000000000116e+04 0.000000000000000000e+00 2.214330385509780452e+00 1.078999999999999915e+01
1.189240670000000000e+08 0.000000000000000000e+00 6.500000000000000000e+01 3.702271923405889538e+03 7.544342815248073748e+02 1.411070000000000073e+04 0.000000000000000000e+00 1.522328069905351189e+00 1.339000000000000057e+01
1.189240680000000000e+08 0.000000000000000000e+00 6.600000000000000000e+01 3.705781923405888847e+03 7.520942815248072293e+02 1.411507999999999993e+04 0.000000000000000000e+00 1.728973065758179661e+00 1.078999999999999915e+01
1.189240680000000000e+08 1.000000000000000000e+00 6.600000000000000000e+01 3.707711923405889138e+03 7.598442815248072293e+02 1.412113000000000102e+04 0.000000000000000000e+00 3.671632421479959163e+00 2.400000000000000050e-02
1.189240680000000000e+08 1.000000000000000000e+00 6.600000000000000000e+01 3.708271923405888629e+03 7.600742815248077022e+02 1.412214999999999964e+04 0.000000000000000000e+00 3.357395174011521988e+00 9.199999999999999845e-02
1.189243580000000000e+08 1.000000000000000000e+00 6.600000000000000000e+01 3.700461923405889138e+03 7.659642815248071201e+02 1.412513999999999942e+04 0.000000000000000000e+00 4.920537220879896090e+00 2.039999999999999869e-01
1.189243580000000000e+08 1.000000000000000000e+00 6.600000000000000000e+01 3.698381923405889211e+03 7.697242815248073384e+02 1.412747000000000116e+04 0.000000000000000000e+00 6.665231296820516071e+00 2.039999999999999869e-01
1.189243580000000000e+08 1.000000000000000000e+00 6.600000000000000000e+01 3.698381923405889211e+03 7.697242815248073384e+02 1.412747000000000116e+04 0.000000000000000000e+00 6.665231296820516071e+00 7.246540000000000425e+00
1.189240680000000000e+08 0.000000000000000000e+00 6.600000000000000000e+01 3.705781923405888847e+03 7.520942815248072293e+02 1.411507999999999993e+04 0.000000000000000000e+00 1.728973065758179661e+00 5.938690000000000246e+00
1.189228160000000000e+08 1.000000000000000000e+00 6.600000000000000000e+01 3.713071923405888811e+03 7.401642815248078477e+02 1.408004999999999927e+04 0.000000000000000000e+00 6.671388294289649856e+00 1.078999999999999915e+01
1.189228160000000000e+08 1.000000000000000000e+00 6.600000000000000000e+01 3.713071923405888811e+03 7.401642815248078477e+02 1.408004999999999927e+04 0.000000000000000000e+00 6.671388294289649856e+00 3.109160000000000146e+00
1.189228160000000000e+08 1.000000000000000000e+00 6.600000000000000000e+01 3.713071923405888811e+03 7.401642815248078477e+02 1.408004999999999927e+04 0.000000000000000000e+00 6.671388294289649856e+00 1.321890000000000009e+00
1.189240650000000000e+08 0.000000000000000000e+00 6.500000000000000000e+01 3.699281923405888847e+03 7.587342815248075567e+02 1.410772000000000116e+04 0.000000000000000000e+00 2.214330385509780452e+00 4.751360000000000028e+00
1.189240590000000000e+08 1.000000000000000000e+00 6.500000000000000000e+01 3.696081923405889029e+03 7.730742815248077022e+02 1.409686000000000058e+04 0.000000000000000000e+00 4.927365527396894151e+00 3.530749999999999833e+00
1.189240580000000000e+08 1.000000000000000000e+00 6.500000000000000000e+01 3.691491923405888883e+03 7.797542815248079933e+02 1.410078000000000065e+04 0.000000000000000000e+00 2.303382566178469038e+00 6.099999999999999867e-02
1.189240590000000000e+08 0.000000000000000000e+00 6.500000000000000000e+01 3.691811923405888592e+03 7.760142815248073020e+02 1.410320000000000073e+04 0.000000000000000000e+00 3.098372013661942148e+00 9.199999999999999845e-02
1.189240600000000000e+08 0.000000000000000000e+00 6.500000000000000000e+01 3.691451923405888920e+03 7.742942815248070474e+02 1.410295000000000073e+04 0.000000000000000000e+00 3.799053541022884950e+00 2.400000000000000050e-02
1.189240620000000000e+08 1.000000000000000000e+00 6.600000000000000000e+01 3.689791923405889065e+03 7.692242815248082479e+02 1.410063999999999942e+04 0.000000000000000000e+00 2.554236323464347258e+00 9.199999999999999845e-02
1.189238940000000000e+08 1.000000000000000000e+00 6.600000000000000000e+01 3.690021923405888629e+03 7.702142815248080296e+02 1.409373999999999978e+04 0.000000000000000000e+00 4.312996392788341460e+00 6.099999999999999867e-02
1.189238940000000000e+08 1.000000000000000000e+00 6.600000000000000000e+01 3.688341923405889247e+03 7.726942815248075931e+02 1.409211000000000058e+04 0.000000000000000000e+00 3.959406471109682357e+00 9.199999999999999845e-02
1.189238940000000000e+08 1.000000000000000000e+00 6.600000000000000000e+01 3.688341923405889247e+03 7.726942815248075931e+02 1.409211000000000058e+04 0.000000000000000000e+00 3.959406471109682357e+00 7.361489999999999867e+00
1.185572260000000000e+08 1.000000000000000000e+00 6.500000000000000000e+01 4.638452923405889123e+03 6.529142815248078477e+02 1.372206000000000131e+04 0.000000000000000000e+00 8.616229043624892725e+00 9.199999999999999845e-02
1.185572260000000000e+08 1.000000000000000000e+00 6.500000000000000000e+01 4.638047923405889378e+03 6.540342815248077386e+02 1.372351000000000022e+04 0.000000000000000000e+00 8.085242518874625972e+00 4.169999999999999818e-01
1.185572260000000000e+08 1.000000000000000000e+00 6.500000000000000000e+01 4.638047923405889378e+03 6.540342815248077386e+02 1.372351000000000022e+04 0.000000000000000000e+00 8.085242518874625972e+00 7.218219999999999636e+00
1.133631960000000000e+08 1.000000000000000000e+00 6.600000000000000000e+01 4.937485923405889480e+03 5.891442815248074112e+02 1.354790000000000146e+04 0.000000000000000000e+00 4.769398976838641779e+00 1.605000000000000071e+01
1.133641110000000000e+08 1.000000000000000000e+00 6.600000000000000000e+01 4.917032923405889051e+03 5.775442815248079569e+02 1.354356999999999971e+04 0.000000000000000000e+00 1.331913735193967607e+00 1.078999999999999915e+01
1.133641110000000000e+08 0.000000000000000000e+00 6.600000000000000000e+01 4.911153923405889145e+03 5.762942815248079569e+02 1.354304999999999927e+04 0.000000000000000000e+00 3.353543116217422071e+00 1.339000000000000057e+01
1.133641110000000000e+08 0.000000000000000000e+00 6.600000000000000000e+01 4.915662923405889160e+03 5.739142815248078477e+02 1.354368000000000029e+04 0.000000000000000000e+00 6.553965211015068126e-01 6.099999999999999867e-02
1.133641110000000000e+08 1.000000000000000000e+00 6.600000000000000000e+01 4.922925923405889080e+03 5.711642815248078477e+02 1.354694000000000051e+04 0.000000000000000000e+00 2.064265834420871748e+00 1.339000000000000057e+01
1.133641110000000000e+08 1.000000000000000000e+00 6.600000000000000000e+01 4.923409923405889458e+03 5.706142815248076658e+02 1.354818000000000029e+04 0.000000000000000000e+00 1.742238251330541221e+00 1.078999999999999915e+01
1.133641110000000000e+08 1.000000000000000000e+00 6.600000000000000000e+01 4.923409923405889458e+03 5.706142815248076658e+02 1.354818000000000029e+04 0.000000000000000000e+00 1.742238251330541221e+00 3.877380000000000049e+00
1.133641110000000000e+08 1.000000000000000000e+00 6.600000000000000000e+01 4.923409923405889458e+03 5.706142815248076658e+02 1.354818000000000029e+04 0.000000000000000000e+00 1.742238251330541221e+00 3.537679999999999936e+00
1.133641100000000000e+08 0.000000000000000000e+00 6.600000000000000000e+01 4.919412923405889160e+03 5.744242815248071565e+02 1.354761999999999898e+04 0.000000000000000000e+00 1.045914875102216701e+00 9.199999999999999845e-02
1.133641070000000000e+08 1.000000000000000000e+00 6.500000000000000000e+01 4.914621923405888992e+03 5.806642815248078477e+02 1.354722999999999956e+04 0.000000000000000000e+00 3.542104042995259494e+00 8.349999999999999645e-01
1.133641070000000000e+08 1.000000000000000000e+00 6.500000000000000000e+01 4.914621923405888992e+03 5.806642815248078477e+02 1.354722999999999956e+04 0.000000000000000000e+00 3.542104042995259494e+00 7.317919999999999980e+00
1.133641120000000000e+08 1.000000000000000000e+00 6.600000000000000000e+01 4.913361923405888774e+03 5.769942815248077750e+02 1.354264999999999964e+04 0.000000000000000000e+00 2.604667304334636668e+00 1.339000000000000057e+01
1.133641120000000000e+08 1.000000000000000000e+00 6.600000000000000000e+01 4.917563923405889000e+03 5.708042815248081752e+02 1.354000999999999840e+04 0.000000000000000000e+00 2.611957872010415738e+00 9.199999999999999845e-02
1.133641150000000000e+08 1.000000000000000000e+00 6.500000000000000000e+01 4.918275923405889444e+03 5.691742815248080660e+02 1.353860000000000036e+04 0.000000000000000000e+00 3.634210712350115724e+00 9.199999999999999845e-02
1.133641120000000000e+08 1.000000000000000000e+00 6.600000000000000000e+01 4.922049923405888876e+03 5.718142815248074839e+02 1.354145000000000073e+04 0.000000000000000000e+00 3.866317964537293150e+00 6.099999999999999867e-02
1.133641120000000000e+08 1.000000000000000000e+00 6.600000000000000000e+01 4.918340923405889043e+03 5.711842815248082843e+02 1.353743000000000029e+04 0.000000000000000000e+00 4.053350542000861090e+00 2.400000000000000050e-02
1.133641130000000000e+08 1.000000000000000000e+00 6.600000000000000000e+01 4.912056923405889393e+03 5.734642815248071201e+02 1.353768000000000029e+04 0.000000000000000000e+00 2.329168732670223285e+00 2.400000000000000050e-02
1.133641130000000000e+08 1.000000000000000000e+00 6.600000000000000000e+01 4.906432923405888687e+03 5.754242815248071565e+02 1.353504000000000087e+04 0.000000000000000000e+00 2.503290831547603457e+00 9.199999999999999845e-02
1.133641130000000000e+08 1.000000000000000000e+00 6.600000000000000000e+01 4.905848923405888854e+03 5.765242815248075203e+02 1.353402999999999884e+04 0.000000000000000000e+00 3.587689670738132719e+00 1.000000000000000021e-02
1.133641120000000000e+08 1.000000000000000000e+00 6.600000000000000000e+01 4.917970923405889152e+03 5.824042815248076295e+02 1.353609999999999854e+04 0.000000000000000000e+00 8.854429016206077918e+00 9.199999999999999845e-02
1.133641160000000000e+08 1.000000000000000000e+00 6.500000000000000000e+01 4.916029923405889349e+03 5.698242815248077022e+02 1.353327999999999884e+04 0.000000000000000000e+00 3.661264521287073137e+00 2.400000000000000050e-02
1.133641160000000000e+08 1.000000000000000000e+00 6.500000000000000000e+01 4.918203923405889327e+03 5.670642815248074839e+02 1.353050000000000000e+04 0.000000000000000000e+00 9.348131267735306782e-01 6.099999999999999867e-02
1.133641160000000000e+08 1.000000000000000000e+00 6.500000000000000000e+01 4.916513923405888818e+03 5.674942815248077750e+02 1.353056999999999971e+04 0.000000000000000000e+00 7.450373454647718496e-01 6.099999999999999867e-02
1.133641160000000000e+08 1.000000000000000000e+00 6.500000000000000000e+01 4.922818923405889109e+03 5.702242815248073384e+02 1.353293999999999869e+04 0.000000000000000000e+00 3.465254214774633468e+00 9.199999999999999845e-02
1.133641120000000000e+08 1.000000000000000000e+00 6.600000000000000000e+01 4.922037923405889160e+03 5.722942815248070474e+02 1.353893000000000029e+04 0.000000000000000000e+00 4.373980373181484360e+00 5.000000000000000000e-01
1.133641120000000000e+08 1.000000000000000000e+00 6.600000000000000000e+01 4.916532923405889051e+03 5.755342815248077386e+02 1.353628000000000065e+04 0.000000000000000000e+00 4.363745516964258719e+00 9.199999999999999845e-02
1.133641070000000000e+08 1.000000000000000000e+00 6.500000000000000000e+01 4.912025923405889444e+03 5.856242815248078841e+02 1.353886000000000058e+04 0.000000000000000000e+00 7.019080543626425417e+00 5.000000000000000000e-01
1.133641070000000000e+08 1.000000000000000000e+00 6.500000000000000000e+01 4.912025923405889444e+03 5.856242815248078841e+02 1.353886000000000058e+04 0.000000000000000000e+00 7.019080543626425417e+00 7.372819999999999929e+00
1.133641090000000000e+08 0.000000000000000000e+00 6.500000000000000000e+01 4.911116923405888883e+03 5.770142815248073020e+02 1.354822999999999956e+04 0.000000000000000000e+00 1.003435525538489248e+00 2.400000000000000050e-02
1.133641090000000000e+08 1.000000000000000000e+00 6.500000000000000000e+01 4.908084923405888730e+03 5.758542815248074476e+02 1.355234999999999854e+04 0.000000000000000000e+00 2.159211030887016047e+00 2.400000000000000050e-02
1.133641100000000000e+08 1.000000000000000000e+00 6.500000000000000000e+01 4.906113923405889182e+03 5.695042815248070838e+02 1.354806999999999971e+04 0.000000000000000000e+00 1.440491104733560013e+00 2.400000000000000050e-02
1.133641110000000000e+08 1.000000000000000000e+00 6.600000000000000000e+01 4.920450923405888716e+03 5.775042815248079933e+02 1.354504000000000087e+04 0.000000000000000000e+00 8.393619235644106391e-01 4.169999999999999818e-01
1.133641090000000000e+08 0.000000000000000000e+00 6.600000000000000000e+01 4.920613923405889182e+03 5.778242815248077022e+02 1.355197000000000116e+04 0.000000000000000000e+00 2.659727318695376486e+00 9.199999999999999845e-02
1.133641080000000000e+08 0.000000000000000000e+00 6.600000000000000000e+01 4.921273923405889036e+03 5.773642815248076658e+02 1.355528000000000065e+04 0.000000000000000000e+00 1.070887707107085030e+00 2.039999999999999869e-01
1.133641070000000000e+08 0.000000000000000000e+00 6.600000000000000000e+01 4.920324923405889422e+03 5.758042815248072657e+02 1.356311999999999898e+04 0.000000000000000000e+00 1.657575038041869453e+00 4.169999999999999818e-01
1.133641080000000000e+08 1.000000000000000000e+00 6.600000000000000000e+01 4.921490923405888680e+03 5.760442815248070474e+02 1.356309000000000015e+04 0.000000000000000000e+00 1.426952493422584789e+00 1.078999999999999915e+01
1.133641080000000000e+08 1.000000000000000000e+00 6.600000000000000000e+01 4.921490923405888680e+03 5.760442815248070474e+02 1.356309000000000015e+04 0.000000000000000000e+00 1.426952493422584789e+00 3.986670000000000158e+00
1.133641080000000000e+08 1.000000000000000000e+00 6.600000000000000000e+01 4.921490923405888680e+03 5.760442815248070474e+02 1.356309000000000015e+04 0.000000000000000000e+00 1.426952493422584789e+00 4.834530000000000216e-01
1.133631960000000000e+08 1.000000000000000000e+00 6.600000000000000000e+01 4.936905923405888643e+03 5.912042815248078114e+02 1.354142000000000007e+04 0.000000000000000000e+00 7.838441959726241137e-01 2.400000000000000050e-02
1.133631970000000000e+08 1.000000000000000000e+00 6.600000000000000000e+01 4.933290923405888861e+03 5.858442815248081388e+02 1.353581999999999971e+04 0.000000000000000000e+00 7.514409637640386386e+00 1.078999999999999915e+01
1.133632010000000000e+08 1.000000000000000000e+00 6.500000000000000000e+01 4.934932923405888687e+03 5.857242815248073384e+02 1.352280999999999949e+04 0.000000000000000000e+00 9.587930550492016479e+00 2.400000000000000050e-02
1.133631970000000000e+08 1.000000000000000000e+00 6.600000000000000000e+01 4.933290923405888861e+03 5.858442815248081388e+02 1.353581999999999971e+04 0.000000000000000000e+00 7.514409637640386386e+00 1.304410000000000069e+00
1.078048810000000000e+08 1.000000000000000000e+00 6.500000000000000000e+01 8.322641923405888519e+03 2.748642815248076658e+02 1.288926000000000022e+04 0.000000000000000000e+00 4.848695721899791700e+00 1.078999999999999915e+01
1.078048810000000000e+08 1.000000000000000000e+00 6.500000000000000000e+01 8.320971923405888447e+03 2.711942815248075931e+02 1.289754999999999927e+04 0.000000000000000000e+00 2.628403422602828776e+00 1.339000000000000057e+01
1.078048800000000000e+08 1.000000000000000000e+00 6.500000000000000000e+01 8.320741923405888883e+03 2.614342815248073748e+02 1.288972999999999956e+04 0.000000000000000000e+00 2.044073950733016343e+00 2.400000000000000050e-02
1.078048810000000000e+08 1.000000000000000000e+00 6.500000000000000000e+01 8.320971923405888447e+03 2.711942815248075931e+02 1.289754999999999927e+04 0.000000000000000000e+00 2.628403422602828776e+00 1.267430000000000057e+00
1.078048820000000000e+08 1.000000000000000000e+00 6.500000000000000000e+01 8.320081923405889029e+03 2.788442815248072293e+02 1.288967000000000007e+04 0.000000000000000000e+00 7.609010226140700439e+00 9.199999999999999845e-02
1.078066060000000000e+08 1.000000000000000000e+00 6.500000000000000000e+01 8.336471923405888447e+03 2.992142815248071201e+02 1.285190999999999985e+04 0.000000000000000000e+00 2.947699698235504151e+00 9.199999999999999845e-02
1.078066040000000000e+08 1.000000000000000000e+00 6.500000000000000000e+01 8.334781923405889756e+03 3.101342815248081024e+02 1.284046999999999935e+04 0.000000000000000000e+00 6.055158296959730180e+00 2.400000000000000050e-02
1.078050620000000000e+08 1.000000000000000000e+00 6.500000000000000000e+01 8.337241923405888883e+03 3.197442815248068655e+02 1.284481999999999971e+04 0.000000000000000000e+00 9.844949131249393304e+00 9.199999999999999845e-02
1.078050620000000000e+08 1.000000000000000000e+00 6.500000000000000000e+01 8.327241923405888883e+03 3.194442815248075931e+02 1.284204999999999927e+04 0.000000000000000000e+00 9.764390014958900466e+00 9.199999999999999845e-02
1.078049170000000000e+08 1.000000000000000000e+00 6.600000000000000000e+01 8.424081923405889029e+03 2.796842815248073748e+02 1.286320999999999913e+04 0.000000000000000000e+00 9.585102565978017353e+00 6.377740000000000187e+00
1.078057580000000000e+08 1.000000000000000000e+00 6.600000000000000000e+01 8.461281923405889756e+03 2.818242815248077022e+02 1.284738999999999942e+04 0.000000000000000000e+00 6.005456240852597105e+00 5.441709999999999603e+00
1.070785100000000000e+08 1.000000000000000000e+00 6.600000000000000000e+01 8.407251923405889102e+03 2.792642815248073020e+02 1.250168999999999869e+04 0.000000000000000000e+00 4.181669460162693142e+00 6.522899999999999920e+00
7.893237600000000000e+07 1.000000000000000000e+00 6.500000000000000000e+01 6.911861923405889684e+03 1.434354281524807448e+03 9.169379999999999200e+03 0.000000000000000000e+00 8.466582477309739119e+00 1.078999999999999915e+01
7.893238000000000000e+07 1.000000000000000000e+00 6.600000000000000000e+01 6.918771923405889538e+03 1.445154281524807629e+03 9.169309999999999491e+03 0.000000000000000000e+00 6.710019797967578192e+00 1.339000000000000057e+01
7.893237600000000000e+07 1.000000000000000000e+00 6.500000000000000000e+01 6.912171923405889174e+03 1.441414281524807848e+03 9.163069999999999709e+03 0.000000000000000000e+00 3.074640537487771219e+00 9.199999999999999845e-02
7.893237600000000000e+07 1.000000000000000000e+00 6.500000000000000000e+01 6.911121923405889902e+03 1.440954281524807357e+03 9.162200000000000728e+03 0.000000000000000000e+00 1.952533297942796953e+00 6.099999999999999867e-02
7.893237400000000000e+07 0.000000000000000000e+00 6.600000000000000000e+01 6.900051923405888374e+03 1.437264281524807302e+03 9.151450000000000728e+03 0.000000000000000000e+00 2.402014573531480401e+00 1.078999999999999915e+01
7.893237400000000000e+07 1.000000000000000000e+00 6.600000000000000000e+01 6.892521923405889538e+03 1.432814281524807939e+03 9.143629999999999200e+03 0.000000000000000000e+00 4.479818519843020930e+00 6.099999999999999867e-02
7.893237400000000000e+07 1.000000000000000000e+00 6.600000000000000000e+01 6.892141923405888519e+03 1.432614281524807211e+03 9.143350000000000364e+03 0.000000000000000000e+00 4.530516921094907445e+00 1.078999999999999915e+01
7.893237000000000000e+07 1.000000000000000000e+00 6.500000000000000000e+01 6.878891923405888519e+03 1.436234281524807557e+03 9.138819999999999709e+03 0.000000000000000000e+00 6.579808025280782680e+00 1.339000000000000057e+01
7.893237000000000000e+07 1.000000000000000000e+00 6.500000000000000000e+01 6.880281923405889756e+03 1.435524281524807520e+03 9.142040000000000873e+03 0.000000000000000000e+00 3.595414155932157296e+00 1.078999999999999915e+01
7.893237000000000000e+07 1.000000000000000000e+00 6.500000000000000000e+01 6.880281923405889756e+03 1.435524281524807520e+03 9.142040000000000873e+03 0.000000000000000000e+00 3.595414155932157296e+00 3.970810000000000173e+00
7.893237000000000000e+07 1.000000000000000000e+00 6.500000000000000000e+01 6.880281923405889756e+03 1.435524281524807520e+03 9.142040000000000873e+03 0.000000000000000000e+00 3.595414155932157296e+00 1.918330000000000091e+00
7.893237000000000000e+07 1.000000000000000000e+00 6.500000000000000000e+01 6.879421923405889174e+03 1.434054281524807720e+03 9.136469999999999345e+03 0.000000000000000000e+00 7.693737648999585232e+00 2.400000000000000050e-02
7.893237000000000000e+07 1.000000000000000000e+00 6.500000000000000000e+01 6.882281923405889756e+03 1.434674281524807611e+03 9.137440000000000509e+03 0.000000000000000000e+00 5.805626407551891965e+00 2.400000000000000050e-02
7.893237000000000000e+07 1.000000000000000000e+00 6.500000000000000000e+01 6.887941923405889611e+03 1.431854281524807902e+03 9.142540000000000873e+03 0.000000000000000000e+00 5.094382704392861783e+00 2.400000000000000050e-02
7.893237500000000000e+07 1.000000000000000000e+00 6.600000000000000000e+01 6.896621923405889902e+03 1.435234281524807557e+03 9.137739999999999782e+03 0.000000000000000000e+00 4.748212861723597911e+00 9.199999999999999845e-02
7.893237500000000000e+07 1.000000000000000000e+00 6.600000000000000000e+01 6.893291923405888156e+03 1.433094281524807684e+03 9.135630000000001019e+03 0.000000000000000000e+00 6.308956218808265959e+00 9.199999999999999845e-02
7.893237500000000000e+07 1.000000000000000000e+00 6.600000000000000000e+01 6.891371923405889902e+03 1.434414281524807393e+03 9.136000000000000000e+03 0.000000000000000000e+00 7.834737003735861904e+00 2.400000000000000050e-02
7.893237100000000000e+07 1.000000000000000000e+00 6.500000000000000000e+01 6.890611923405889684e+03 1.436974281524807793e+03 9.137920000000000073e+03 0.000000000000000000e+00 5.252055489174018099e+00 4.169999999999999818e-01
7.893236900000000000e+07 1.000000000000000000e+00 6.600000000000000000e+01 6.895891923405888519e+03 1.452904281524807629e+03 9.154399999999999636e+03 0.000000000000000000e+00 3.225343019237473019e+00 9.199999999999999845e-02
7.893244800000000000e+07 1.000000000000000000e+00 6.500000000000000000e+01 6.891451923405888010e+03 1.460084281524807921e+03 9.158190000000000509e+03 0.000000000000000000e+00 3.450146002527267441e+00 2.400000000000000050e-02
7.893244800000000000e+07 1.000000000000000000e+00 6.500000000000000000e+01 6.889111923405889684e+03 1.461494281524807775e+03 9.158440000000000509e+03 0.000000000000000000e+00 4.749679757535465008e+00 9.199999999999999845e-02
7.893244900000000000e+07 1.000000000000000000e+00 6.500000000000000000e+01 6.886861923405889684e+03 1.463284281524807739e+03 9.151850000000000364e+03 0.000000000000000000e+00 4.787567203639413016e+00 6.099999999999999867e-02
7.893244900000000000e+07 1.000000000000000000e+00 6.500000000000000000e+01 6.886861923405889684e+03 1.463284281524807739e+03 9.151829999999999927e+03 0.000000000000000000e+00 4.787066714530268108e+00 9.199999999999999845e-02
7.893337000000000000e+07 0.000000000000000000e+00 6.600000000000000000e+01 6.888471923405888447e+03 1.488804281524807266e+03 9.150020000000000437e+03 0.000000000000000000e+00 2.545677321968532247e+00 6.099999999999999867e-02
7.893336900000000000e+07 0.000000000000000000e+00 6.600000000000000000e+01 6.888591923405889247e+03 1.488194281524807593e+03 9.145879999999999200e+03 0.000000000000000000e+00 1.253558873538855645e+00 9.199999999999999845e-02
7.893337100000000000e+07 1.000000000000000000e+00 6.500000000000000000e+01 6.883681923405889393e+03 1.490934281524807830e+03 9.137440000000000509e+03 0.000000000000000000e+00 3.820386676867998599e+00 9.199999999999999845e-02
7.893336900000000000e+07 1.000000000000000000e+00 6.600000000000000000e+01 6.883561923405888592e+03 1.487794281524807502e+03 9.135819999999999709e+03 0.000000000000000000e+00 2.709863750141473293e+00 8.349999999999999645e-01
7.893336900000000000e+07 1.000000000000000000e+00 6.600000000000000000e+01 6.882481923405888665e+03 1.489034281524807739e+03 9.133930000000000291e+03 0.000000000000000000e+00 4.077788514517847851e+00 4.169999999999999818e-01
7.893336900000000000e+07 1.000000000000000000e+00 6.600000000000000000e+01 6.882481923405888665e+03 1.489034281524807739e+03 9.133930000000000291e+03 0.000000000000000000e+00 4.077788514517847851e+00 7.298029999999999795e+00
7.893237500000000000e+07 1.000000000000000000e+00 6.600000000000000000e+01 6.902991923405888883e+03 1.423934281524807830e+03 9.148319999999999709e+03 0.000000000000000000e+00 6.611394307708455820e+00 9.199999999999999845e-02
7.893315200000000000e+07 1.000000000000000000e+00 6.500000000000000000e+01 6.902721923405888447e+03 1.413284281524807739e+03 9.126260000000000218e+03 0.000000000000000000e+00 9.373928808746089913e+00 9.199999999999999845e-02
7.893315200000000000e+07 1.000000000000000000e+00 6.500000000000000000e+01 6.906291923405888156e+03 1.409554281524807266e+03 9.127069999999999709e+03 0.000000000000000000e+00 6.293335076395558225e+00 9.199999999999999845e-02
7.893314800000000000e+07 1.000000000000000000e+00 6.600000000000000000e+01 6.908941923405889611e+03 1.407774281524807520e+03 9.125370000000000800e+03 0.000000000000000000e+00 3.372745614360984856e+00 9.199999999999999845e-02
7.893315200000000000e+07 1.000000000000000000e+00 6.500000000000000000e+01 6.901801923405888374e+03 1.403494281524807320e+03 9.129170000000000073e+03 0.000000000000000000e+00 2.369644724056038321e+00 6.099999999999999867e-02
7.893315200000000000e+07 1.000000000000000000e+00 6.500000000000000000e+01 6.900651923405888738e+03 1.402804281524807266e+03 9.129780000000000655e+03 0.000000000000000000e+00 3.728986428034723133e+00 4.169999999999999818e-01
7.893315700000000000e+07 1.000000000000000000e+00 6.600000000000000000e+01 6.893731923405888665e+03 1.405384281524807193e+03 9.131270000000000437e+03 0.000000000000000000e+00 3.138260888712950614e+00 2.400000000000000050e-02
7.893315700000000000e+07 1.000000000000000000e+00 6.600000000000000000e+01 6.893811923405888592e+03 1.406154281524807629e+03 9.130639999999999418e+03 0.000000000000000000e+00 3.016208994544278266e+00 4.169999999999999818e-01
7.893315700000000000e+07 1.000000000000000000e+00 6.600000000000000000e+01 6.893811923405888592e+03 1.406154281524807629e+03 9.130639999999999418e+03 0.000000000000000000e+00 3.016208994544278266e+00 7.208680000000000199e+00
7.893238000000000000e+07 1.000000000000000000e+00 6.600000000000000000e+01 6.921411923405888956e+03 1.445684281524807830e+03 9.169440000000000509e+03 0.000000000000000000e+00 6.255936515704251910e+00 9.199999999999999845e-02
7.893239200000000000e+07 1.000000000000000000e+00 6.600000000000000000e+01 6.950801923405888374e+03 1.436474281524807338e+03 9.181139999999999418e+03 0.000000000000000000e+00 5.638128018455740076e+00 9.199999999999999845e-02
7.893231900000000000e+07 1.000000000000000000e+00 6.600000000000000000e+01 6.950481923405888665e+03 1.448134281524807648e+03 9.209989999999999782e+03 0.000000000000000000e+00 6.383348427874391717e+00 9.199999999999999845e-02
7.893232000000000000e+07 1.000000000000000000e+00 6.600000000000000000e+01 6.952741923405888883e+03 1.451914281524807848e+03 9.215340000000000146e+03 0.000000000000000000e+00 8.679587817779845338e+00 2.400000000000000050e-02
7.893239900000000000e+07 0.000000000000000000e+00 6.500000000000000000e+01 6.964841923405889247e+03 1.456504281524807993e+03 9.210500000000000000e+03 0.000000000000000000e+00 4.480493742144324720e+00 2.400000000000000050e-02
7.893240100000000000e+07 1.000000000000000000e+00 6.600000000000000000e+01 6.955861923405889684e+03 1.460704281524807811e+03 9.211479999999999563e+03 0.000000000000000000e+00 4.296245737548645138e+00 6.099999999999999867e-02
7.893240500000000000e+07 1.000000000000000000e+00 6.500000000000000000e+01 6.964151923405888738e+03 1.472494281524807320e+03 9.220790000000000873e+03 0.000000000000000000e+00 2.242009078765840879e+00 9.199999999999999845e-02
7.893240400000000000e+07 1.000000000000000000e+00 6.500000000000000000e+01 6.966721923405888447e+03 1.473564281524807484e+03 9.219319999999999709e+03 0.000000000000000000e+00 1.306813007831380657e+00 9.199999999999999845e-02
7.893240400000000000e+07 1.000000000000000000e+00 6.500000000000000000e+01 6.967551923405888374e+03 1.472554281524807266e+03 9.218270000000000437e+03 0.000000000000000000e+00 1.985150475681964455e+00 9.199999999999999845e-02
7.893240400000000000e+07 1.000000000000000000e+00 6.500000000000000000e+01 6.967031923405889756e+03 1.477164281524807393e+03 9.221319999999999709e+03 0.000000000000000000e+00 1.711591459792657144e+00 9.199999999999999845e-02
7.893240400000000000e+07 1.000000000000000000e+00 6.500000000000000000e+01 6.970271923405889538e+03 1.486054281524807266e+03 9.223149999999999636e+03 0.000000000000000000e+00 5.826190019003035125e+00 9.199999999999999845e-02
7.893240900000000000e+07 1.000000000000000000e+00 6.600000000000000000e+01 6.970861923405889684e+03 1.488264281524807757e+03 9.224149999999999636e+03 0.000000000000000000e+00 6.547746986800366820e+00 9.199999999999999845e-02
7.893331700000000000e+07 1.000000000000000000e+00 6.600000000000000000e+01 6.954841923405889247e+03 1.492834281524807466e+03 9.227430000000000291e+03 0.000000000000000000e+00 5.190660019728850827e+00 6.099999999999999867e-02
7.893241400000000000e+07 1.000000000000000000e+00 6.500000000000000000e+01 6.957931923405889393e+03 1.489544281524807502e+03 9.230950000000000728e+03 0.000000000000000000e+00 5.750813275146601455e+00 6.099999999999999867e-02
7.893241900000000000e+07 1.000000000000000000e+00 6.600000000000000000e+01 6.947241923405888883e+03 1.501364281524807666e+03 9.237360000000000582e+03 0.000000000000000000e+00 2.866110060110987678e+00 4.169999999999999818e-01
7.893242000000000000e+07 1.000000000000000000e+00 6.600000000000000000e+01 6.941341923405889247e+03 1.497504281524807539e+03 9.233989999999999782e+03 0.000000000000000000e+00 1.364444650504754053e+00 9.199999999999999845e-02
7.893241900000000000e+07 1.000000000000000000e+00 6.600000000000000000e+01 6.943831923405889029e+03 1.498584281524807466e+03 9.230479999999999563e+03 0.000000000000000000e+00 5.107181056103072159e+00 9.199999999999999845e-02
7.893331200000000000e+07 1.000000000000000000e+00 6.500000000000000000e+01 6.950841923405889247e+03 1.491184281524807375e+03 9.212479999999999563e+03 0.000000000000000000e+00 6.351909784900268363e+00 4.169999999999999818e-01
7.893331500000000000e+07 1.000000000000000000e+00 6.600000000000000000e+01 6.946971923405888447e+03 1.480974281524807793e+03 9.209700000000000728e+03 0.000000000000000000e+00 3.119026053511417818e+00 2.400000000000000050e-02
7.893323200000000000e+07 1.000000000000000000e+00 6.600000000000000000e+01 6.898241923405888883e+03 1.447304281524807720e+03 9.172770000000000437e+03 0.000000000000000000e+00 6.976801164100534081e+00 9.199999999999999845e-02
7.893236600000000000e+07 1.000000000000000000e+00 6.500000000000000000e+01 6.892741923405888883e+03 1.444244281524807775e+03 9.171309999999999491e+03 0.000000000000000000e+00 5.282083595791831954e+00 9.199999999999999845e-02
7.893236700000000000e+07 1.000000000000000000e+00 6.600000000000000000e+01 6.880571923405888811e+03 1.454974281524807793e+03 9.161030000000000655e+03 0.000000000000000000e+00 5.815313335396048444e+00 9.199999999999999845e-02
7.893236400000000000e+07 0.000000000000000000e+00 6.600000000000000000e+01 6.872701923405889829e+03 1.445344281524807684e+03 9.159899999999999636e+03 0.000000000000000000e+00 1.615522139454341310e+00 6.099999999999999867e-02
7.893236600000000000e+07 1.000000000000000000e+00 6.600000000000000000e+01 6.873991923405888883e+03 1.442614281524807666e+03 9.156110000000000582e+03 0.000000000000000000e+00 1.609288984028144354e+00 9.199999999999999845e-02
7.893236700000000000e+07 0.000000000000000000e+00 6.600000000000000000e+01 6.886241923405888883e+03 1.446944281524807593e+03 9.158700000000000728e+03 0.000000000000000000e+00 1.002665196341587572e+00 9.199999999999999845e-02
7.893236700000000000e+07 0.000000000000000000e+00 6.600000000000000000e+01 6.886321923405888811e+03 1.446674281524807611e+03 9.158569999999999709e+03 0.000000000000000000e+00 1.290121396420673916e+00 9.199999999999999845e-02
7.893236800000000000e+07 0.000000000000000000e+00 6.600000000000000000e+01 6.886081923405889029e+03 1.445624281524807884e+03 9.157639999999999418e+03 0.000000000000000000e+00 1.277428490361159241e+00 9.199999999999999845e-02
7.893236700000000000e+07 0.000000000000000000e+00 6.600000000000000000e+01 6.884691923405889611e+03 1.446174281524807611e+03 9.157950000000000728e+03 0.000000000000000000e+00 9.080406403604132093e-01 4.169999999999999818e-01
7.893236700000000000e+07 0.000000000000000000e+00 6.600000000000000000e+01 6.879881923405888301e+03 1.443474281524807793e+03 9.156250000000000000e+03 0.000000000000000000e+00 1.879466192890552501e+00 4.169999999999999818e-01
7.893236600000000000e+07 0.000000000000000000e+00 6.600000000000000000e+01 6.879191923405889611e+03 1.442984281524807557e+03 9.156130000000001019e+03 0.000000000000000000e+00 2.483840556366149421e+00 2.039999999999999869e-01
7.893236600000000000e+07 0.000000000000000000e+00 6.600000000000000000e+01 6.879191923405889611e+03 1.442984281524807557e+03 9.156130000000001019e+03 0.000000000000000000e+00 2.483840556366149421e+00 7.383499999999999730e+00
7.893237600000000000e+07 1.000000000000000000e+00 6.500000000000000000e+01 6.911861923405889684e+03 1.434354281524807448e+03 9.169379999999999200e+03 0.000000000000000000e+00 8.466582477309739119e+00 2.626180000000000181e+00
7.893316600000000000e+07 1.000000000000000000e+00 6.500000000000000000e+01 6.858501923405889102e+03 1.415714281524807575e+03 9.100520000000000437e+03 0.000000000000000000e+00 8.549710381352674915e+00 1.078999999999999915e+01
7.893318400000000000e+07 1.000000000000000000e+00 6.500000000000000000e+01 6.866901923405888738e+03 1.465834281524807921e+03 9.123790000000000873e+03 0.000000000000000000e+00 2.898639580368037816e+00 9.199999999999999845e-02
7.893318400000000000e+07 1.000000000000000000e+00 6.500000000000000000e+01 6.867851923405889465e+03 1.464414281524807848e+03 9.123559999999999491e+03 0.000000000000000000e+00 2.851949722936578890e+00 2.400000000000000050e-02
7.893318000000000000e+07 1.000000000000000000e+00 6.600000000000000000e+01 6.867191923405889611e+03 1.458924281524807611e+03 9.120309999999999491e+03 0.000000000000000000e+00 3.769748792857743336e+00 6.099999999999999867e-02
7.893318000000000000e+07 1.000000000000000000e+00 6.600000000000000000e+01 6.867161923405888956e+03 1.458834281524807466e+03 9.120250000000000000e+03 0.000000000000000000e+00 3.757877576828237309e+00 9.199999999999999845e-02
7.893317900000000000e+07 1.000000000000000000e+00 6.600000000000000000e+01 6.862971923405888447e+03 1.449354281524807448e+03 9.120270000000000437e+03 0.000000000000000000e+00 2.568368370524097166e+00 9.199999999999999845e-02
7.893318000000000000e+07 1.000000000000000000e+00 6.600000000000000000e+01 6.859351923405889465e+03 1.453224281524807793e+03 9.111159999999999854e+03 0.000000000000000000e+00 4.147104613047628341e+00 2.400000000000000050e-02
7.893317000000000000e+07 1.000000000000000000e+00 6.600000000000000000e+01 6.854591923405889247e+03 1.425814281524807484e+03 9.100260000000000218e+03 0.000000000000000000e+00 9.690026094538591650e+00 9.199999999999999845e-02
7.893316600000000000e+07 1.000000000000000000e+00 6.500000000000000000e+01 6.850681923405889393e+03 1.418234281524807557e+03 9.100799999999999272e+03 0.000000000000000000e+00 6.026394535194707913e+00 6.099999999999999867e-02
7.893316600000000000e+07 1.000000000000000000e+00 6.500000000000000000e+01 6.852171923405889174e+03 1.417164281524807393e+03 9.102030000000000655e+03 0.000000000000000000e+00 4.546229688464014984e+00 9.199999999999999845e-02
7.893308200000000000e+07 1.000000000000000000e+00 6.500000000000000000e+01 6.857241923405888883e+03 1.412644281524807411e+03 9.095969999999999345e+03 0.000000000000000000e+00 6.208607322883841206e+00 6.099999999999999867e-02
7.893308200000000000e+07 1.000000000000000000e+00 6.500000000000000000e+01 6.852231923405888665e+03 1.413054281524807720e+03 9.098219999999999345e+03 0.000000000000000000e+00 3.568910647956545557e+00 2.400000000000000050e-02
7.893308200000000000e+07 1.000000000000000000e+00 6.500000000000000000e+01 6.859741923405888883e+03 1.414904281524807629e+03 9.097680000000000291e+03 0.000000000000000000e+00 9.345505251795783508e+00 9.199999999999999845e-02
7.893308200000000000e+07 1.000000000000000000e+00 6.500000000000000000e+01 6.856531923405889756e+03 1.416434281524807375e+03 9.096520000000000437e+03 0.000000000000000000e+00 6.821449670814545563e+00 6.099999999999999867e-02
7.893308700000000000e+07 1.000000000000000000e+00 6.600000000000000000e+01 6.850211923405890047e+03 1.420784281524807739e+03 9.095479999999999563e+03 0.000000000000000000e+00 3.097903945146349702e+00 9.199999999999999845e-02
7.893308700000000000e+07 1.000000000000000000e+00 6.600000000000000000e+01 6.849111923405889684e+03 1.419884281524807648e+03 9.094170000000000073e+03 0.000000000000000000e+00 2.533626771199914973e+00 6.099999999999999867e-02
7.893308500000000000e+07 0.000000000000000000e+00 6.600000000000000000e+01 6.839951923405889829e+03 1.415074281524807702e+03 9.090319999999999709e+03 0.000000000000000000e+00 1.188012509878071388e+00 4.169999999999999818e-01
7.893308500000000000e+07 0.000000000000000000e+00 6.600000000000000000e+01 6.839551923405888374e+03 1.414734281524807557e+03 9.087030000000000655e+03 0.000000000000000000e+00 1.367314463203099351e+00 4.169999999999999818e-01
7.893308400000000000e+07 1.000000000000000000e+00 6.500000000000000000e+01 6.839841923405889247e+03 1.416624281524807884e+03 9.082119999999998981e+03 0.000000000000000000e+00 1.255187156204126797e+00 6.099999999999999867e-02
7.893308400000000000e+07 1.000000000000000000e+00 6.500000000000000000e+01 6.839851923405889465e+03 1.416634281524807648e+03 9.082110000000000582e+03 0.000000000000000000e+00 1.242379529659107584e+00 4.169999999999999818e-01
7.893308400000000000e+07 1.000000000000000000e+00 6.500000000000000000e+01 6.840881923405888301e+03 1.422924281524807611e+03 9.073899999999999636e+03 0.000000000000000000e+00 7.460196105100047603e+00 2.400000000000000050e-02
7.893308600000000000e+07 1.000000000000000000e+00 6.500000000000000000e+01 6.822801923405888374e+03 1.418704281524807357e+03 9.069959999999999127e+03 0.000000000000000000e+00 1.249743621370549063e+00 6.099999999999999867e-02
7.893308600000000000e+07 1.000000000000000000e+00 6.500000000000000000e+01 6.822451923405889829e+03 1.419354281524807902e+03 9.067860000000000582e+03 0.000000000000000000e+00 2.292419838792182585e+00 4.169999999999999818e-01
7.893308600000000000e+07 1.000000000000000000e+00 6.500000000000000000e+01 6.823271923405889538e+03 1.416054281524807266e+03 9.065399999999999636e+03 0.000000000000000000e+00 4.877842662409691776e+00 2.400000000000000050e-02
7.893308600000000000e+07 1.000000000000000000e+00 6.500000000000000000e+01 6.826461923405890047e+03 1.413414281524807393e+03 9.062430000000000291e+03 0.000000000000000000e+00 9.697565369766707022e+00 9.199999999999999845e-02
7.893316600000000000e+07 1.000000000000000000e+00 6.500000000000000000e+01 6.858501923405889102e+03 1.415714281524807575e+03 9.100520000000000437e+03 0.000000000000000000e+00 8.549710381352674915e+00 5.543340000000000073e-02
7.893305200000000000e+07 1.000000000000000000e+00 6.600000000000000000e+01 6.892001923405889102e+03 1.423924281524807611e+03 9.057870000000000800e+03 0.000000000000000000e+00 7.759934886047276770e+00 9.199999999999999845e-02
7.893305200000000000e+07 1.000000000000000000e+00 6.600000000000000000e+01 6.895541923405888156e+03 1.427354281524807448e+03 9.066860000000000582e+03 0.000000000000000000e+00 1.425247022328070656e+00 9.199999999999999845e-02
7.893305300000000000e+07 1.000000000000000000e+00 6.500000000000000000e+01 6.891281923405889756e+03 1.426134281524807648e+03 9.084610000000000582e+03 0.000000000000000000e+00 6.127781066789733444e+00 9.199999999999999845e-02
7.893305800000000000e+07 1.000000000000000000e+00 6.600000000000000000e+01 6.889161923405888956e+03 1.424914281524807393e+03 9.086909999999999854e+03 0.000000000000000000e+00 8.983487018636019172e+00 4.169999999999999818e-01
7.893305700000000000e+07 1.000000000000000000e+00 6.600000000000000000e+01 6.891951923405888010e+03 1.422624281524807884e+03 9.089270000000000437e+03 0.000000000000000000e+00 8.561719821748146941e+00 9.199999999999999845e-02
7.893310700000000000e+07 1.000000000000000000e+00 6.600000000000000000e+01 6.868061923405888592e+03 1.463324281524807247e+03 9.109110000000000582e+03 0.000000000000000000e+00 8.571971947218306909e+00 4.169999999999999818e-01
7.893318300000000000e+07 1.000000000000000000e+00 6.500000000000000000e+01 6.871441923405889611e+03 1.461124281524807429e+03 9.128840000000000146e+03 0.000000000000000000e+00 2.851929161987007078e+00 9.199999999999999845e-02
7.893318000000000000e+07 1.000000000000000000e+00 6.600000000000000000e+01 6.871561923405888592e+03 1.456854281524807448e+03 9.121369999999998981e+03 0.000000000000000000e+00 6.037834960978411658e+00 4.169999999999999818e-01
7.893317600000000000e+07 1.000000000000000000e+00 6.600000000000000000e+01 6.868421923405889174e+03 1.446854281524807902e+03 9.137770000000000437e+03 0.000000000000000000e+00 7.783633712118545045e-01 6.099999999999999867e-02
7.893317600000000000e+07 1.000000000000000000e+00 6.600000000000000000e+01 6.868481923405888665e+03 1.446854281524807902e+03 9.139020000000000437e+03 0.000000000000000000e+00 1.818135953758787338e+00 2.400000000000000050e-02
7.893317200000000000e+07 1.000000000000000000e+00 6.500000000000000000e+01 6.870721923405888447e+03 1.440544281524807502e+03 9.135700000000000728e+03 0.000000000000000000e+00 3.149360887225959527e+00 9.199999999999999845e-02
7.893317200000000000e+07 1.000000000000000000e+00 6.500000000000000000e+01 6.870721923405888447e+03 1.440544281524807502e+03 9.135700000000000728e+03 0.000000000000000000e+00 3.149360887225959527e+00 7.312459999999999738e+00
6.813320800000000000e+07 1.000000000000000000e+00 6.500000000000000000e+01 6.666001923405889102e+03 2.092054281524808175e+03 8.074680000000000291e+03 0.000000000000000000e+00 9.590898890531187604e+00 2.400000000000000050e-02
6.813321400000000000e+07 1.000000000000000000e+00 6.600000000000000000e+01 6.653111923405889684e+03 2.071774281524807520e+03 8.095702999999999520e+03 0.000000000000000000e+00 9.954188359493064908e+00 6.099999999999999867e-02
9.370800000000000000e+05 1.000000000000000000e+00 6.600000000000000000e+01 5.345818223405888602e+03 5.341682581524807574e+03 9.373999999999978172e+01 0.000000000000000000e+00 6.087860449708295540e+00 6.099999999999999867e-02
9.369960000000000000e+05 1.000000000000000000e+00 6.600000000000000000e+01 5.326039103405889364e+03 5.327152514124807567e+03 8.410000000000036380e+01 0.000000000000000000e+00 2.959352462130328654e+00 9.199999999999999845e-02
9.369960000000000000e+05 1.000000000000000000e+00 6.600000000000000000e+01 5.327127743405889305e+03 5.323545021524807453e+03 8.412000000000080036e+01 0.000000000000000000e+00 5.084688968283809452e+00 4.169999999999999818e-01
9.369970000000000000e+05 1.000000000000000000e+00 6.500000000000000000e+01 5.315993183405888885e+03 5.316558081524807676e+03 6.671000000000003638e+01 0.000000000000000000e+00 3.901228943181779041e+00 9.199999999999999845e-02
9.369930000000000000e+05 1.000000000000000000e+00 6.600000000000000000e+01 5.301772923405888832e+03 5.315476881524807141e+03 6.022000000000025466e+01 0.000000000000000000e+00 7.660526635070052492e+00 2.400000000000000050e-02
9.369930000000000000e+05 1.000000000000000000e+00 6.600000000000000000e+01 5.304560023405889297e+03 5.323273501524807216e+03 6.061999999999989086e+01 0.000000000000000000e+00 1.859289684263688347e+00 9.199999999999999845e-02
9.369910000000000000e+05 1.000000000000000000e+00 6.600000000000000000e+01 5.303841123405889448e+03 5.329272411524807467e+03 5.906999999999970896e+01 0.000000000000000000e+00 1.329228435659844720e+00 6.099999999999999867e-02
9.369940000000000000e+05 1.000000000000000000e+00 6.500000000000000000e+01 5.315602753405889416e+03 5.330296411524807809e+03 6.510000000000036380e+01 0.000000000000000000e+00 9.438109029462959931e-01 9.199999999999999845e-02
9.369940000000000000e+05 0.000000000000000000e+00 6.500000000000000000e+01 5.317684773405889246e+03 5.332571951524807446e+03 6.992000000000007276e+01 0.000000000000000000e+00 9.831029437291199935e-01 4.169999999999999818e-01
9.369940000000000000e+05 1.000000000000000000e+00 6.500000000000000000e+01 5.314934993405889145e+03 5.329456581524807916e+03 6.446000000000003638e+01 0.000000000000000000e+00 1.127774316090631723e+00 9.199999999999999845e-02
9.369940000000000000e+05 0.000000000000000000e+00 6.500000000000000000e+01 5.314628183405889104e+03 5.327861191524807509e+03 6.661000000000058208e+01 0.000000000000000000e+00 6.411144258798953111e-01 4.169999999999999818e-01
9.369940000000000000e+05 1.000000000000000000e+00 6.600000000000000000e+01 5.312425793405888726e+03 5.324318811524807643e+03 7.172000000000025466e+01 0.000000000000000000e+00 1.443372665220069351e+00 2.400000000000000050e-02
9.369940000000000000e+05 1.000000000000000000e+00 6.600000000000000000e+01 5.311371623405889295e+03 5.320129601524807185e+03 6.961999999999989086e+01 0.000000000000000000e+00 2.014561777673116172e+00 5.000000000000000000e-01
9.369940000000000000e+05 1.000000000000000000e+00 6.600000000000000000e+01 5.311829423405889429e+03 5.320035651524807690e+03 6.669999999999981810e+01 0.000000000000000000e+00 1.682529817371647862e+00 2.039999999999999869e-01
9.369930000000000000e+05 1.000000000000000000e+00 6.600000000000000000e+01 5.305226423405889363e+03 5.323274961524807622e+03 6.964000000000032742e+01 0.000000000000000000e+00 2.494440706132233121e+00 9.199999999999999845e-02
9.369940000000000000e+05 1.000000000000000000e+00 6.600000000000000000e+01 5.312206223405889432e+03 5.318163421524807745e+03 7.082000000000061846e+01 0.000000000000000000e+00 4.320252635839679556e+00 2.400000000000000050e-02
9.369940000000000000e+05 1.000000000000000000e+00 6.600000000000000000e+01 5.310960823405888732e+03 5.325727071524807798e+03 7.020000000000072760e+01 0.000000000000000000e+00 1.266465424979178023e+00 9.199999999999999845e-02
9.369940000000000000e+05 1.000000000000000000e+00 6.600000000000000000e+01 5.312424483405889077e+03 5.322677601524807869e+03 6.536999999999989086e+01 0.000000000000000000e+00 3.165147150164406842e+00 9.199999999999999845e-02
9.369940000000000000e+05 1.000000000000000000e+00 6.600000000000000000e+01 5.312424483405889077e+03 5.322677601524807869e+03 6.536999999999989086e+01 0.000000000000000000e+00 3.165147150164406842e+00 7.316150000000000375e+00
6.877385800000000000e+07 1.000000000000000000e+00 6.600000000000000000e+01 4.446096923405889356e+03 5.444277281524807222e+03 8.045561999999999898e+03 1.000000000000000000e+00 5.829710525932438880e-01 8.000000000000000000e+01
7.260366700000000000e+07 0.000000000000000000e+00 6.500000000000000000e+01 4.400850923405889262e+03 5.476983281524807353e+03 8.353582000000000335e+03 1.000000000000000000e+00 1.956015919602686060e+00 8.000000000000000000e+01
3.869751900000000000e+07 0.000000000000000000e+00 6.600000000000000000e+01 4.914196923405888811e+03 5.005631281524807491e+03 4.527520000000000437e+03 1.000000000000000000e+00 1.654985730752969397e+00 8.000000000000000000e+01
