5.781037800000000000e+07 1.000000000000000000e+00 6.500000000000000000e+01 2.111069999999999709e+03 8.057679628969439364e+03 6.753504343990053712e+03 0.000000000000000000e+00 2.998623782664298965e+00 1.078999999999999915e+01
9.113498900000000000e+07 1.000000000000000000e+00 6.600000000000000000e+01 1.275805999999999949e+04 4.235586928969439214e+03 1.070236134399005459e+04 0.000000000000000000e+00 2.114176214734475145e+00 1.078999999999999915e+01
9.113498900000000000e+07 1.000000000000000000e+00 6.600000000000000000e+01 1.275805999999999949e+04 4.235586928969439214e+03 1.070236134399005459e+04 0.000000000000000000e+00 2.114176214734475145e+00 1.525870000000000060e+00
5.781163100000000000e+07 1.000000000000000000e+00 6.500000000000000000e+01 2.273529999999999745e+03 8.037467828969439324e+03 6.729930343990053188e+03 0.000000000000000000e+00 9.569440952155387592e+00 6.099999999999999867e-02
5.781163100000000000e+07 1.000000000000000000e+00 6.500000000000000000e+01 2.276860000000000582e+03 8.037912328969438931e+03 6.732084343990053640e+03 0.000000000000000000e+00 7.093742661653558379e+00 4.169999999999999818e-01
5.781163200000000000e+07 1.000000000000000000e+00 6.500000000000000000e+01 2.281689999999999600e+03 8.041538528969439540e+03 6.736800343990053989e+03 0.000000000000000000e+00 4.923150269223807718e-01 4.169999999999999818e-01
5.781163200000000000e+07 1.000000000000000000e+00 6.500000000000000000e+01 2.283869999999999891e+03 8.042007728969439086e+03 6.736903343990053145e+03 0.000000000000000000e+00 2.718655125720465637e+00 6.099999999999999867e-02
5.781163300000000000e+07 1.000000000000000000e+00 6.500000000000000000e+01 2.289940000000000509e+03 8.038734828969439150e+03 6.737388343990053727e+03 0.000000000000000000e+00 6.235001357557906410e+00 2.039999999999999869e-01
5.781163300000000000e+07 1.000000000000000000e+00 6.500000000000000000e+01 2.292119999999999891e+03 8.039894528969439307e+03 6.738739343990053385e+03 0.000000000000000000e+00 6.588440314033863210e+00 9.199999999999999845e-02
5.781037900000000000e+07 0.000000000000000000e+00 6.500000000000000000e+01 2.104189999999999600e+03 8.055680028969439263e+03 6.757742343990053087e+03 0.000000000000000000e+00 1.043948492582036369e+00 1.078999999999999915e+01
5.781037800000000000e+07 0.000000000000000000e+00 6.600000000000000000e+01 2.104039999999999964e+03 8.051793728969439144e+03 6.759003343990053509e+03 0.000000000000000000e+00 1.984644578033129658e+00 8.220000000000000639e+00
5.781037800000000000e+07 0.000000000000000000e+00 6.600000000000000000e+01 2.104039999999999964e+03 8.051793728969439144e+03 6.759003343990053509e+03 0.000000000000000000e+00 1.984644578033129658e+00 1.029600000000000071e+00
5.781037900000000000e+07 0.000000000000000000e+00 6.500000000000000000e+01 2.104189999999999600e+03 8.055680028969439263e+03 6.757742343990053087e+03 0.000000000000000000e+00 1.043948492582036369e+00 1.510710000000000108e-01
4.589193900000000000e+07 0.000000000000000000e+00 6.600000000000000000e+01 1.280688999999999942e+04 3.048806928969439468e+03 5.481761343990053319e+03 1.000000000000000000e+00 2.281915263731434607e+00 7.100000000000000000e+01
5.225976500000000000e+07 1.000000000000000000e+00 6.500000000000000000e+01 5.621860000000000582e+03 6.522106928969438741e+03 6.046455343990053734e+03 1.000000000000000000e+00 1.610261111155187330e-01 7.100000000000000000e+01
4.589348400000000000e+07 0.000000000000000000e+00 6.500000000000000000e+01 1.279170999999999913e+04 3.068766928969439505e+03 5.505351343990053465e+03 1.000000000000000000e+00 2.777358440959215358e+00 7.100000000000000000e+01
