6.113558400000000000e+07 1.000000000000000000e+00 6.600000000000000000e+01 1.221868774718353052e+03 5.508240545012725306e+03 7.086207999999999629e+03 0.000000000000000000e+00 1.002446968277427519e+00 1.078999999999999915e+01
7.244701000000000000e+07 1.000000000000000000e+00 6.600000000000000000e+01 1.213914674718353126e+03 5.516614945012725002e+03 8.536020000000000437e+03 0.000000000000000000e+00 4.880411780358864249e+00 1.260999999999999943e+01
7.810357400000000000e+07 1.000000000000000000e+00 6.500000000000000000e+01 1.217604474718352321e+03 5.525856445012725089e+03 9.219610000000000582e+03 0.000000000000000000e+00 7.502944965497131413e+00 1.078999999999999915e+01
8.594367600000000000e+07 0.000000000000000000e+00 6.500000000000000000e+01 1.226592674718353010e+03 5.540696145012725538e+03 1.018131999999999971e+04 0.000000000000000000e+00 2.388332605823981325e+00 1.000000000000000021e-02
8.594367300000000000e+07 1.000000000000000000e+00 6.500000000000000000e+01 1.235351474718352620e+03 5.542112045012725503e+03 1.017650000000000000e+04 0.000000000000000000e+00 9.467032959899382982e-01 1.078999999999999915e+01
8.594367300000000000e+07 1.000000000000000000e+00 6.500000000000000000e+01 1.235351474718352620e+03 5.542112045012725503e+03 1.017650000000000000e+04 0.000000000000000000e+00 9.467032959899382982e-01 2.608210000000000139e+00
8.594367300000000000e+07 1.000000000000000000e+00 6.500000000000000000e+01 1.235351474718352620e+03 5.542112045012725503e+03 1.017650000000000000e+04 0.000000000000000000e+00 9.467032959899382982e-01 2.476560000000000095e+00
7.810357400000000000e+07 1.000000000000000000e+00 6.500000000000000000e+01 1.222398374718352898e+03 5.524193745012725230e+03 9.216899999999999636e+03 0.000000000000000000e+00 7.524317937683194124e+00 9.199999999999999845e-02
6.679075300000000000e+07 1.000000000000000000e+00 6.600000000000000000e+01 1.262471974718352612e+03 5.515586545012725765e+03 7.681984999999999673e+03 0.000000000000000000e+00 8.813479876796751711e+00 6.099999999999999867e-02
6.679075300000000000e+07 1.000000000000000000e+00 6.600000000000000000e+01 1.260490274718352339e+03 5.509512745012725645e+03 7.681515000000000327e+03 0.000000000000000000e+00 4.085448385843170271e+00 1.078999999999999915e+01
6.679075300000000000e+07 1.000000000000000000e+00 6.600000000000000000e+01 1.260017474718352787e+03 5.509403945012725671e+03 7.681471999999999753e+03 0.000000000000000000e+00 4.045244386307180307e+00 1.339000000000000057e+01
6.679075300000000000e+07 1.000000000000000000e+00 6.600000000000000000e+01 1.263423674718353141e+03 5.509118745012725412e+03 7.684814000000000306e+03 0.000000000000000000e+00 3.732989675983214628e+00 2.400000000000000050e-02
6.679075300000000000e+07 1.000000000000000000e+00 6.600000000000000000e+01 1.263431174718352850e+03 5.509120945012725315e+03 7.684819000000000415e+03 0.000000000000000000e+00 3.740270611844308757e+00 2.400000000000000050e-02
6.679075200000000000e+07 1.000000000000000000e+00 6.600000000000000000e+01 1.265053474718352845e+03 5.509715045012725568e+03 7.689565999999999804e+03 0.000000000000000000e+00 4.916916865436697037e+00 2.039999999999999869e-01
6.679075100000000000e+07 1.000000000000000000e+00 6.600000000000000000e+01 1.279979574718352524e+03 5.495713095012725717e+03 7.686405999999999949e+03 0.000000000000000000e+00 8.005734799339775165e+00 2.400000000000000050e-02
6.679195200000000000e+07 1.000000000000000000e+00 6.500000000000000000e+01 1.286298374718352534e+03 5.488156435012725524e+03 7.684944000000000415e+03 0.000000000000000000e+00 3.871162798537586269e+00 1.078999999999999915e+01
6.679195200000000000e+07 1.000000000000000000e+00 6.500000000000000000e+01 1.286298374718352534e+03 5.488156435012725524e+03 7.684944000000000415e+03 0.000000000000000000e+00 3.871162798537586269e+00 6.463919999999999888e+00
6.679195200000000000e+07 1.000000000000000000e+00 6.500000000000000000e+01 1.286298374718352534e+03 5.488156435012725524e+03 7.684944000000000415e+03 0.000000000000000000e+00 3.871162798537586269e+00 2.916770000000000085e+00
6.679075300000000000e+07 1.000000000000000000e+00 6.600000000000000000e+01 1.260017474718352787e+03 5.509403945012725671e+03 7.681471999999999753e+03 0.000000000000000000e+00 4.045244386307180307e+00 4.807210000000000427e+00
6.679075300000000000e+07 1.000000000000000000e+00 6.600000000000000000e+01 1.260568874718353072e+03 5.516617045012725612e+03 7.682490999999999985e+03 0.000000000000000000e+00 9.272873993370717827e+00 1.078999999999999915e+01
6.679075300000000000e+07 1.000000000000000000e+00 6.600000000000000000e+01 1.260568874718353072e+03 5.516617045012725612e+03 7.682490999999999985e+03 0.000000000000000000e+00 9.272873993370717827e+00 4.394660000000000011e+00
6.679075300000000000e+07 1.000000000000000000e+00 6.600000000000000000e+01 1.260568874718353072e+03 5.516617045012725612e+03 7.682490999999999985e+03 0.000000000000000000e+00 9.272873993370717827e+00 3.807900000000000063e+00
6.113558400000000000e+07 1.000000000000000000e+00 6.600000000000000000e+01 1.221906674718352406e+03 5.508228945012725490e+03 7.086212000000000444e+03 0.000000000000000000e+00 1.023532390089738175e+00 2.039999999999999869e-01
6.113424800000000000e+07 1.000000000000000000e+00 6.600000000000000000e+01 1.227892674718352282e+03 5.508936545012725219e+03 7.085247999999999593e+03 0.000000000000000000e+00 5.824113305624884163e+00 6.099999999999999867e-02
6.113424800000000000e+07 1.000000000000000000e+00 6.600000000000000000e+01 1.226163474718352518e+03 5.509863845012725506e+03 7.085242000000000189e+03 0.000000000000000000e+00 3.883682698342798556e+00 1.000000000000000021e-02
6.113425200000000000e+07 1.000000000000000000e+00 6.500000000000000000e+01 1.228448274718352877e+03 5.518273545012725663e+03 7.079942000000000007e+03 0.000000000000000000e+00 7.345749740485550738e+00 9.199999999999999845e-02
6.113417000000000000e+07 1.000000000000000000e+00 6.600000000000000000e+01 1.248882974718352671e+03 5.507172545012725095e+03 7.095458999999999833e+03 0.000000000000000000e+00 2.416713746455565914e+00 2.400000000000000050e-02
6.113551400000000000e+07 1.000000000000000000e+00 6.500000000000000000e+01 1.248895174718352791e+03 5.529720045012725677e+03 7.091720999999999549e+03 0.000000000000000000e+00 9.147492253665556738e-01 2.039999999999999869e-01
6.113551400000000000e+07 1.000000000000000000e+00 6.500000000000000000e+01 1.248144774718352892e+03 5.529856445012725089e+03 7.090989999999999782e+03 0.000000000000000000e+00 8.095353775322844392e-01 2.400000000000000050e-02
6.113551500000000000e+07 1.000000000000000000e+00 6.500000000000000000e+01 1.244643774718352688e+03 5.530492745012725209e+03 7.087581000000000131e+03 0.000000000000000000e+00 4.403254898577356080e+00 9.199999999999999845e-02
6.113425500000000000e+07 1.000000000000000000e+00 6.500000000000000000e+01 1.238417274718352928e+03 5.534862545012725604e+03 7.083654000000000451e+03 0.000000000000000000e+00 3.907946512940359440e+00 6.099999999999999867e-02
6.113425400000000000e+07 1.000000000000000000e+00 6.500000000000000000e+01 1.237715174718352500e+03 5.529853945012725490e+03 7.078614999999999782e+03 0.000000000000000000e+00 3.539224418847403797e+00 6.099999999999999867e-02
6.113425600000000000e+07 0.000000000000000000e+00 6.600000000000000000e+01 1.231333174718352893e+03 5.532693045012725634e+03 7.076006000000000313e+03 0.000000000000000000e+00 3.487928970673220164e+00 6.099999999999999867e-02
6.113425400000000000e+07 0.000000000000000000e+00 6.600000000000000000e+01 1.221458574718352793e+03 5.542029345012725571e+03 7.080606999999999971e+03 0.000000000000000000e+00 9.878401396838327742e-01 2.400000000000000050e-02
6.113425500000000000e+07 1.000000000000000000e+00 6.600000000000000000e+01 1.219294974718352933e+03 5.542142945012725249e+03 7.081859000000000378e+03 0.000000000000000000e+00 2.338366153154032734e+00 2.039999999999999869e-01
6.113425300000000000e+07 0.000000000000000000e+00 6.600000000000000000e+01 1.223073074718352473e+03 5.540191345012725833e+03 7.087177999999999884e+03 0.000000000000000000e+00 1.094601346367117811e+00 6.099999999999999867e-02
6.113425300000000000e+07 0.000000000000000000e+00 6.500000000000000000e+01 1.227096974718352612e+03 5.536767845012725047e+03 7.085920000000000073e+03 0.000000000000000000e+00 1.695111427329544673e+00 4.169999999999999818e-01
6.113425600000000000e+07 0.000000000000000000e+00 6.500000000000000000e+01 1.227442274718352564e+03 5.542321745012725842e+03 7.080869999999999891e+03 0.000000000000000000e+00 1.870143816513957225e+00 9.199999999999999845e-02
6.113425600000000000e+07 0.000000000000000000e+00 6.500000000000000000e+01 1.227652074718353106e+03 5.542352545012725386e+03 7.080715000000000146e+03 0.000000000000000000e+00 1.709250929223353532e+00 9.199999999999999845e-02
6.113425700000000000e+07 0.000000000000000000e+00 6.500000000000000000e+01 1.232640574718352582e+03 5.549251245012725121e+03 7.080560999999999694e+03 0.000000000000000000e+00 2.596476969103414412e+00 9.199999999999999845e-02
6.113425700000000000e+07 1.000000000000000000e+00 6.500000000000000000e+01 1.225097974718352816e+03 5.558787245012725180e+03 7.085244999999999891e+03 0.000000000000000000e+00 6.976508076237839084e+00 9.199999999999999845e-02
6.113425800000000000e+07 1.000000000000000000e+00 6.500000000000000000e+01 1.227325174718353082e+03 5.564280145012725370e+03 7.081219000000000051e+03 0.000000000000000000e+00 7.852592069348865778e+00 2.400000000000000050e-02
4.600646000000000000e+06 1.000000000000000000e+00 6.500000000000000000e+01 1.200622224718352300e+03 5.491597215012725428e+03 3.795000000000000000e+02 0.000000000000000000e+00 7.147306978225213214e+00 1.124000000000000021e+01
4.600646000000000000e+06 1.000000000000000000e+00 6.500000000000000000e+01 1.200622224718352300e+03 5.491597215012725428e+03 3.795000000000000000e+02 0.000000000000000000e+00 7.147306978225213214e+00 5.835130000000000372e+00
