1.019524520000000000e+08 1.000000000000000000e+00 6.500000000000000000e+01 3.617336350951807162e+03 5.665599999999994907e+02 1.210826470080071158e+04 0.000000000000000000e+00 5.232509538607330590e+00 1.078999999999999915e+01
1.019524520000000000e+08 1.000000000000000000e+00 6.500000000000000000e+01 3.618632350951807439e+03 5.697999999999992724e+02 1.211037970080071318e+04 0.000000000000000000e+00 7.064534699874358559e+00 1.339000000000000057e+01
1.019525350000000000e+08 1.000000000000000000e+00 6.500000000000000000e+01 3.620849350951807082e+03 5.705400000000008731e+02 1.211123570080071295e+04 0.000000000000000000e+00 7.828256062485503541e+00 1.000000000000000021e-02
1.019524500000000000e+08 1.000000000000000000e+00 6.600000000000000000e+01 3.607129350951807737e+03 5.600299999999997453e+02 1.208751270080071299e+04 0.000000000000000000e+00 3.547460207469423032e+00 1.078999999999999915e+01
1.019524500000000000e+08 1.000000000000000000e+00 6.600000000000000000e+01 3.607129350951807737e+03 5.600299999999997453e+02 1.208751270080071299e+04 0.000000000000000000e+00 3.547460207469423032e+00 6.987729999999999997e+00
1.019524500000000000e+08 1.000000000000000000e+00 6.600000000000000000e+01 3.607129350951807737e+03 5.600299999999997453e+02 1.208751270080071299e+04 0.000000000000000000e+00 3.547460207469423032e+00 6.973789999999999711e-01
1.019508170000000000e+08 1.000000000000000000e+00 6.500000000000000000e+01 3.625120350951807723e+03 5.710299999999997453e+02 1.210779270080071365e+04 0.000000000000000000e+00 5.622007828412940889e+00 9.199999999999999845e-02
1.019508170000000000e+08 1.000000000000000000e+00 6.500000000000000000e+01 3.632002350951807330e+03 5.685499999999992724e+02 1.211031070080071368e+04 0.000000000000000000e+00 3.809328281992424348e+00 2.400000000000000050e-02
1.019508150000000000e+08 1.000000000000000000e+00 6.500000000000000000e+01 3.644302350951807512e+03 5.800000000000000000e+02 1.210838970080071158e+04 0.000000000000000000e+00 4.209900316879998883e+00 6.099999999999999867e-02
1.019508160000000000e+08 1.000000000000000000e+00 6.500000000000000000e+01 3.643330350951807759e+03 5.783599999999996726e+02 1.211435670080071213e+04 0.000000000000000000e+00 7.392623642491607860e+00 9.199999999999999845e-02
1.019508160000000000e+08 1.000000000000000000e+00 6.500000000000000000e+01 3.644293350951807497e+03 5.784300000000002910e+02 1.211216470080071304e+04 0.000000000000000000e+00 6.133512480006420908e+00 6.099999999999999867e-02
1.019508160000000000e+08 1.000000000000000000e+00 6.500000000000000000e+01 3.645004350951807737e+03 5.782200000000002547e+02 1.210954570080071244e+04 0.000000000000000000e+00 4.466662326884232037e+00 9.199999999999999845e-02
1.019508150000000000e+08 1.000000000000000000e+00 6.500000000000000000e+01 3.649532350951807075e+03 5.771900000000005093e+02 1.210657570080071309e+04 0.000000000000000000e+00 2.518949994941945381e+00 2.039999999999999869e-01
1.019508160000000000e+08 1.000000000000000000e+00 6.500000000000000000e+01 3.646588350951807570e+03 5.758599999999996726e+02 1.211163670080071279e+04 0.000000000000000000e+00 5.336815039481056289e+00 9.199999999999999845e-02
1.019508160000000000e+08 1.000000000000000000e+00 6.500000000000000000e+01 3.645488350951807206e+03 5.752299999999995634e+02 1.211476370080071138e+04 0.000000000000000000e+00 6.825769705996283854e+00 4.169999999999999818e-01
1.019525330000000000e+08 1.000000000000000000e+00 6.500000000000000000e+01 3.639995350951807723e+03 5.744600000000000364e+02 1.212918170080071286e+04 0.000000000000000000e+00 7.234447345586326961e+00 2.400000000000000050e-02
1.019525380000000000e+08 1.000000000000000000e+00 6.600000000000000000e+01 3.647610350951807504e+03 5.751400000000003274e+02 1.213014170080071199e+04 0.000000000000000000e+00 9.632831852605043821e+00 2.400000000000000050e-02
1.019516500000000000e+08 1.000000000000000000e+00 6.500000000000000000e+01 3.652971350951807381e+03 5.768000000000001819e+02 1.213513670080071279e+04 0.000000000000000000e+00 6.298470969494457172e+00 9.199999999999999845e-02
1.019525380000000000e+08 1.000000000000000000e+00 6.600000000000000000e+01 3.645591350951807271e+03 5.802300000000004729e+02 1.213489970080071362e+04 0.000000000000000000e+00 6.031155774537976022e+00 9.199999999999999845e-02
1.019525420000000000e+08 1.000000000000000000e+00 6.500000000000000000e+01 3.644616350951807817e+03 5.893900000000003274e+02 1.213915570080071302e+04 0.000000000000000000e+00 1.983349759259964928e+00 9.199999999999999845e-02
1.019525420000000000e+08 1.000000000000000000e+00 6.500000000000000000e+01 3.644616350951807817e+03 5.893900000000003274e+02 1.213915570080071302e+04 0.000000000000000000e+00 1.983349759259964928e+00 7.318469999999999587e+00
1.019509050000000000e+08 1.000000000000000000e+00 6.600000000000000000e+01 3.655751350951807126e+03 5.464099999999998545e+02 1.208788270080071379e+04 0.000000000000000000e+00 4.832761596297157958e+00 4.169999999999999818e-01
1.019524230000000000e+08 1.000000000000000000e+00 6.500000000000000000e+01 3.652363350951807206e+03 5.434499999999998181e+02 1.209025270080071277e+04 0.000000000000000000e+00 7.104673247409151848e+00 9.199999999999999845e-02
1.019508210000000000e+08 1.000000000000000000e+00 6.500000000000000000e+01 3.640222350951807584e+03 5.505999999999994543e+02 1.208996870080071312e+04 0.000000000000000000e+00 8.283095748119988500e+00 9.199999999999999845e-02
1.019514600000000000e+08 1.000000000000000000e+00 6.600000000000000000e+01 3.635766350951807453e+03 5.451100000000005821e+02 1.208418570080071368e+04 0.000000000000000000e+00 8.585487061379861728e+00 1.078999999999999915e+01
1.019514600000000000e+08 1.000000000000000000e+00 6.600000000000000000e+01 3.635766350951807453e+03 5.451100000000005821e+02 1.208418570080071368e+04 0.000000000000000000e+00 8.585487061379861728e+00 7.539120000000000266e-01
1.019514600000000000e+08 1.000000000000000000e+00 6.600000000000000000e+01 3.635766350951807453e+03 5.451100000000005821e+02 1.208418570080071368e+04 0.000000000000000000e+00 8.585487061379861728e+00 4.581040000000000112e-01
1.129918530000000000e+08 1.000000000000000000e+00 6.600000000000000000e+01 2.321621350951807926e+03 1.008739999999999782e+03 1.315899470080071296e+04 1.000000000000000000e+00 7.918059363446621202e-01 1.560000000000000000e+02
1.129946530000000000e+08 0.000000000000000000e+00 6.500000000000000000e+01 2.198871350951807017e+03 1.025949999999999818e+03 1.307274470080071296e+04 1.000000000000000000e+00 2.372881962705081449e+00 1.560000000000000000e+02
