8.347995500000000000e+07 1.000000000000000000e+00 6.500000000000000000e+01 4.258620007982273819e+03 5.664559999999999491e+03 9.717736184774512367e+03 0.000000000000000000e+00 7.625607813737180329e+00 1.339000000000000057e+01
8.347995500000000000e+07 1.000000000000000000e+00 6.500000000000000000e+01 4.258843007982273775e+03 5.656619999999999891e+03 9.715619984774511977e+03 0.000000000000000000e+00 5.210302195591673069e+00 3.229999999999999716e+01
8.347995800000000000e+07 1.000000000000000000e+00 6.500000000000000000e+01 4.259269007982273251e+03 5.636369999999999891e+03 9.712246084774511473e+03 0.000000000000000000e+00 3.301248234133714821e+00 1.078999999999999915e+01
8.348005600000000000e+07 1.000000000000000000e+00 6.600000000000000000e+01 4.245718007982273775e+03 5.606329999999999927e+03 9.702948284774513013e+03 0.000000000000000000e+00 9.183021346874378210e+00 1.078999999999999915e+01
8.348005600000000000e+07 1.000000000000000000e+00 6.600000000000000000e+01 4.245514007982274052e+03 5.605690000000000509e+03 9.702764784774512009e+03 0.000000000000000000e+00 9.100252377716055108e+00 1.605000000000000071e+01
8.347877600000000000e+07 1.000000000000000000e+00 6.500000000000000000e+01 4.248614007982274416e+03 5.615239999999999782e+03 9.706821584774512303e+03 0.000000000000000000e+00 8.703103945871305314e+00 1.078999999999999915e+01
8.347877600000000000e+07 1.000000000000000000e+00 6.500000000000000000e+01 4.248590007982273164e+03 5.617699999999999818e+03 9.708385684774511901e+03 0.000000000000000000e+00 8.288208857835963173e+00 1.078999999999999915e+01
8.347894000000000000e+07 1.000000000000000000e+00 6.500000000000000000e+01 4.154283007982274285e+03 5.606449999999999818e+03 9.750592984774511933e+03 0.000000000000000000e+00 2.248503273068314989e+00 1.339000000000000057e+01
8.347894400000000000e+07 1.000000000000000000e+00 6.500000000000000000e+01 4.125375007982274838e+03 5.606699999999999818e+03 9.759149984774510813e+03 0.000000000000000000e+00 6.426458805015157871e+00 1.339000000000000057e+01
8.347766500000000000e+07 1.000000000000000000e+00 6.600000000000000000e+01 4.114429007982274925e+03 5.589949999999999818e+03 9.766354984774512559e+03 0.000000000000000000e+00 7.252650090095000834e+00 9.199999999999999845e-02
8.347894000000000000e+07 1.000000000000000000e+00 6.600000000000000000e+01 4.137436007982274532e+03 5.613149999999999636e+03 9.764255984774510580e+03 0.000000000000000000e+00 2.391658945157782323e+00 4.169999999999999818e-01
8.347893900000000000e+07 1.000000000000000000e+00 6.600000000000000000e+01 4.129645007982273455e+03 5.618079999999999927e+03 9.771029984774511831e+03 0.000000000000000000e+00 9.680415724579688685e+00 9.199999999999999845e-02
8.347893900000000000e+07 1.000000000000000000e+00 6.600000000000000000e+01 4.129630007982274037e+03 5.618420000000000073e+03 9.768576984774510493e+03 0.000000000000000000e+00 9.926565400855468013e+00 9.199999999999999845e-02
8.347893900000000000e+07 1.000000000000000000e+00 6.600000000000000000e+01 4.131221007982274386e+03 5.619779999999999745e+03 9.769207984774511715e+03 0.000000000000000000e+00 9.580262566468562113e+00 9.199999999999999845e-02
8.347893900000000000e+07 1.000000000000000000e+00 6.600000000000000000e+01 4.131515007982274255e+03 5.620020000000000437e+03 9.769313984774511482e+03 0.000000000000000000e+00 9.561745337973846404e+00 9.199999999999999845e-02
8.347894400000000000e+07 1.000000000000000000e+00 6.500000000000000000e+01 4.125313007982274939e+03 5.606569999999999709e+03 9.759142984774513025e+03 0.000000000000000000e+00 6.494360199121718580e+00 9.199999999999999845e-02
8.347894400000000000e+07 1.000000000000000000e+00 6.500000000000000000e+01 4.124903007982273266e+03 5.605739999999999782e+03 9.759098984774511337e+03 0.000000000000000000e+00 6.988027446304359458e+00 9.199999999999999845e-02
8.347894300000000000e+07 1.000000000000000000e+00 6.500000000000000000e+01 4.132217007982273572e+03 5.611850000000000364e+03 9.758764984774512413e+03 0.000000000000000000e+00 3.412939713835327016e+00 9.199999999999999845e-02
8.347894400000000000e+07 1.000000000000000000e+00 6.500000000000000000e+01 4.121599007982273179e+03 5.619649999999999636e+03 9.754733984774511555e+03 0.000000000000000000e+00 5.380422243131204318e+00 6.099999999999999867e-02
8.347894400000000000e+07 1.000000000000000000e+00 6.500000000000000000e+01 4.122686007982274532e+03 5.618529999999999745e+03 9.752456984774511511e+03 0.000000000000000000e+00 3.996772823755944781e+00 9.199999999999999845e-02
8.347894100000000000e+07 1.000000000000000000e+00 6.600000000000000000e+01 4.133640007982274255e+03 5.608869999999999891e+03 9.757157984774512443e+03 0.000000000000000000e+00 2.519199946716896399e+00 6.099999999999999867e-02
8.347893800000000000e+07 0.000000000000000000e+00 6.600000000000000000e+01 4.141659007982274488e+03 5.604649999999999636e+03 9.764903984774511628e+03 0.000000000000000000e+00 4.043565754688638769e+00 9.199999999999999845e-02
8.347893400000000000e+07 1.000000000000000000e+00 6.500000000000000000e+01 4.144446007982274750e+03 5.608059999999999491e+03 9.773068984774512501e+03 0.000000000000000000e+00 3.590490170814928383e+00 4.169999999999999818e-01
8.347893400000000000e+07 1.000000000000000000e+00 6.500000000000000000e+01 4.144446007982274750e+03 5.608059999999999491e+03 9.773068984774512501e+03 0.000000000000000000e+00 3.590490170814928383e+00 7.169340000000000046e+00
8.347893700000000000e+07 1.000000000000000000e+00 6.600000000000000000e+01 4.162320007982274547e+03 5.610159999999999854e+03 9.756437984774511278e+03 0.000000000000000000e+00 7.757767402030725457e+00 1.605000000000000071e+01
8.347893700000000000e+07 1.000000000000000000e+00 6.600000000000000000e+01 4.162320007982274547e+03 5.610159999999999854e+03 9.756437984774511278e+03 0.000000000000000000e+00 7.757767402030725457e+00 6.642299999999999649e+00
8.347893700000000000e+07 1.000000000000000000e+00 6.600000000000000000e+01 4.162320007982274547e+03 5.610159999999999854e+03 9.756437984774511278e+03 0.000000000000000000e+00 7.757767402030725457e+00 3.737410000000000121e+00
8.348005600000000000e+07 1.000000000000000000e+00 6.500000000000000000e+01 4.204518007982274867e+03 5.603399999999999636e+03 9.706051384774511462e+03 0.000000000000000000e+00 9.175972989333670782e+00 9.199999999999999845e-02
8.348005600000000000e+07 1.000000000000000000e+00 6.500000000000000000e+01 4.202916007982274095e+03 5.609689999999999600e+03 9.704761284774511296e+03 0.000000000000000000e+00 9.795565689667244058e+00 2.400000000000000050e-02
8.347886000000000000e+07 1.000000000000000000e+00 6.500000000000000000e+01 4.180008007982274648e+03 5.596389999999999418e+03 9.723745884774511069e+03 0.000000000000000000e+00 4.167018811514656917e+00 9.199999999999999845e-02
8.347886000000000000e+07 1.000000000000000000e+00 6.500000000000000000e+01 4.180008007982274648e+03 5.596389999999999418e+03 9.723745884774511069e+03 0.000000000000000000e+00 4.167018811514656917e+00 7.354700000000000237e+00
8.347885900000000000e+07 1.000000000000000000e+00 6.600000000000000000e+01 4.161244007982273615e+03 5.610119999999999891e+03 9.741200984774512108e+03 0.000000000000000000e+00 8.684276636776949942e+00 9.199999999999999845e-02
8.347885400000000000e+07 1.000000000000000000e+00 6.500000000000000000e+01 4.174428007982274721e+03 5.603279999999999745e+03 9.745449984774511904e+03 0.000000000000000000e+00 5.176566565246900176e+00 2.400000000000000050e-02
8.347893600000000000e+07 1.000000000000000000e+00 6.600000000000000000e+01 4.170793007982274503e+03 5.604479999999999563e+03 9.762293984774511046e+03 0.000000000000000000e+00 7.975226860194969625e+00 6.099999999999999867e-02
8.347893900000000000e+07 1.000000000000000000e+00 6.500000000000000000e+01 4.158841007982273368e+03 5.599159999999999854e+03 9.748780984774512035e+03 0.000000000000000000e+00 3.244176346267508393e+00 9.199999999999999845e-02
8.347894100000000000e+07 1.000000000000000000e+00 6.500000000000000000e+01 4.151507007982274445e+03 5.611159999999999854e+03 9.747985984774511962e+03 0.000000000000000000e+00 4.026785129774914651e+00 9.199999999999999845e-02
8.347894100000000000e+07 1.000000000000000000e+00 6.500000000000000000e+01 4.151445007982274547e+03 5.611369999999999891e+03 9.747842984774511933e+03 0.000000000000000000e+00 4.123268999964062154e+00 4.169999999999999818e-01
8.347894100000000000e+07 1.000000000000000000e+00 6.500000000000000000e+01 4.149098007982274794e+03 5.615539999999999964e+03 9.747372984774512588e+03 0.000000000000000000e+00 6.668916972007037813e+00 6.099999999999999867e-02
8.347894200000000000e+07 1.000000000000000000e+00 6.500000000000000000e+01 4.147079007982274561e+03 5.614819999999999709e+03 9.744065984774511890e+03 0.000000000000000000e+00 7.109874448405360425e+00 9.199999999999999845e-02
8.347894100000000000e+07 1.000000000000000000e+00 6.500000000000000000e+01 4.147788007982273484e+03 5.614149999999999636e+03 9.742223984774511337e+03 0.000000000000000000e+00 7.403856489079288394e+00 6.099999999999999867e-02
8.347894600000000000e+07 1.000000000000000000e+00 6.600000000000000000e+01 4.146127007982273426e+03 5.614239999999999782e+03 9.738072984774511497e+03 0.000000000000000000e+00 9.018703510196319328e+00 2.400000000000000050e-02
8.347893900000000000e+07 1.000000000000000000e+00 6.500000000000000000e+01 4.161831007982273150e+03 5.601560000000000400e+03 9.748557984774512079e+03 0.000000000000000000e+00 6.305387941296087817e+00 2.400000000000000050e-02
8.347893900000000000e+07 1.000000000000000000e+00 6.500000000000000000e+01 4.161385007982273237e+03 5.600520000000000437e+03 9.748586984774512530e+03 0.000000000000000000e+00 5.689749650641614309e+00 9.199999999999999845e-02
8.347893600000000000e+07 1.000000000000000000e+00 6.600000000000000000e+01 4.161970007982274183e+03 5.601399999999999636e+03 9.749466984774511729e+03 0.000000000000000000e+00 5.773164307219376568e+00 2.400000000000000050e-02
8.347893600000000000e+07 1.000000000000000000e+00 6.600000000000000000e+01 4.162432007982273717e+03 5.598689999999999600e+03 9.747976984774511948e+03 0.000000000000000000e+00 6.265686879004193521e+00 9.199999999999999845e-02
8.347885300000000000e+07 1.000000000000000000e+00 6.500000000000000000e+01 4.181448007982273339e+03 5.597170000000000073e+03 9.752086984774512530e+03 0.000000000000000000e+00 4.896011177222079347e+00 9.199999999999999845e-02
8.347885300000000000e+07 1.000000000000000000e+00 6.500000000000000000e+01 4.183056007982273513e+03 5.596069999999999709e+03 9.752305984774511671e+03 0.000000000000000000e+00 5.481550237635342882e+00 4.169999999999999818e-01
8.347885300000000000e+07 1.000000000000000000e+00 6.500000000000000000e+01 4.183056007982273513e+03 5.596069999999999709e+03 9.752305984774511671e+03 0.000000000000000000e+00 5.481550237635342882e+00 7.197829999999999728e+00
8.347876600000000000e+07 1.000000000000000000e+00 6.500000000000000000e+01 4.237107007982274808e+03 5.624859999999999673e+03 9.725743784774511369e+03 0.000000000000000000e+00 3.332191658871031859e+00 1.078999999999999915e+01
8.347876600000000000e+07 1.000000000000000000e+00 6.500000000000000000e+01 4.235230007982274401e+03 5.623760000000000218e+03 9.727040484774512151e+03 0.000000000000000000e+00 3.112098910736224688e+00 1.078999999999999915e+01
8.347877000000000000e+07 1.000000000000000000e+00 6.600000000000000000e+01 4.233506007982274241e+03 5.628149999999999636e+03 9.721097784774512547e+03 0.000000000000000000e+00 2.439081861931289286e+00 9.199999999999999845e-02
8.347877000000000000e+07 0.000000000000000000e+00 6.600000000000000000e+01 4.234501007982273222e+03 5.631199999999999818e+03 9.721404984774511831e+03 0.000000000000000000e+00 2.479058146353498859e+00 4.169999999999999818e-01
8.347877000000000000e+07 0.000000000000000000e+00 6.600000000000000000e+01 4.235472007982274590e+03 5.630680000000000291e+03 9.721722384774511738e+03 0.000000000000000000e+00 2.801014280275980095e+00 1.000000000000000021e-02
8.347876800000000000e+07 0.000000000000000000e+00 6.500000000000000000e+01 4.233166007982274095e+03 5.633750000000000000e+03 9.726855084774511852e+03 0.000000000000000000e+00 2.039943651789401180e+00 1.078999999999999915e+01
8.347876800000000000e+07 0.000000000000000000e+00 6.500000000000000000e+01 4.233166007982274095e+03 5.633750000000000000e+03 9.726855084774511852e+03 0.000000000000000000e+00 2.039943651789401180e+00 4.847599999999999909e+00
8.347876800000000000e+07 0.000000000000000000e+00 6.500000000000000000e+01 4.233166007982274095e+03 5.633750000000000000e+03 9.726855084774511852e+03 0.000000000000000000e+00 2.039943651789401180e+00 2.147930000000000117e+00
8.347876600000000000e+07 1.000000000000000000e+00 6.500000000000000000e+01 4.235230007982274401e+03 5.623760000000000218e+03 9.727040484774512151e+03 0.000000000000000000e+00 3.112098910736224688e+00 1.314300000000000024e+00
8.347876600000000000e+07 1.000000000000000000e+00 6.500000000000000000e+01 4.237107007982274808e+03 5.624859999999999673e+03 9.725743784774511369e+03 0.000000000000000000e+00 3.332191658871031859e+00 1.882880000000000109e+00
8.347876500000000000e+07 1.000000000000000000e+00 6.500000000000000000e+01 4.227677007982274517e+03 5.622559999999999491e+03 9.732399384774511418e+03 0.000000000000000000e+00 7.208231626048314133e+00 9.199999999999999845e-02
8.347876400000000000e+07 0.000000000000000000e+00 6.500000000000000000e+01 4.226356007982274605e+03 5.633940000000000509e+03 9.739072984774511497e+03 0.000000000000000000e+00 8.472770967251598284e-01 6.099999999999999867e-02
8.347876400000000000e+07 0.000000000000000000e+00 6.500000000000000000e+01 4.227312007982274736e+03 5.631970000000000255e+03 9.738534984774512850e+03 0.000000000000000000e+00 2.876363767566423313e+00 2.039999999999999869e-01
8.347876400000000000e+07 0.000000000000000000e+00 6.500000000000000000e+01 4.227312007982274736e+03 5.631970000000000255e+03 9.738534984774512850e+03 0.000000000000000000e+00 2.876363767566423313e+00 7.219059999999999810e+00
8.347877600000000000e+07 1.000000000000000000e+00 6.500000000000000000e+01 4.249702007982274154e+03 5.617609999999999673e+03 9.708981684774511450e+03 0.000000000000000000e+00 9.125487848597723328e+00 2.039999999999999869e-01
8.347877600000000000e+07 1.000000000000000000e+00 6.500000000000000000e+01 4.249670007982274910e+03 5.617579999999999927e+03 9.709054184774511668e+03 0.000000000000000000e+00 9.189521979208107538e+00 9.199999999999999845e-02
8.348005600000000000e+07 1.000000000000000000e+00 6.600000000000000000e+01 4.246755007982274037e+03 5.606520000000000437e+03 9.701725684774512047e+03 0.000000000000000000e+00 9.372849103753910782e+00 9.199999999999999845e-02
8.347869100000000000e+07 1.000000000000000000e+00 6.500000000000000000e+01 4.260775007982274474e+03 5.631680000000000291e+03 9.710417584774511852e+03 0.000000000000000000e+00 3.932239361782414733e+00 9.199999999999999845e-02
8.347995900000000000e+07 1.000000000000000000e+00 6.500000000000000000e+01 4.260206007982273150e+03 5.632590000000000146e+03 9.712901884774511927e+03 0.000000000000000000e+00 5.806155664353593870e+00 2.400000000000000050e-02
8.347995900000000000e+07 1.000000000000000000e+00 6.500000000000000000e+01 4.259899007982274270e+03 5.632869999999999891e+03 9.712590584774512536e+03 0.000000000000000000e+00 5.561277442007217964e+00 9.199999999999999845e-02
8.347996300000000000e+07 1.000000000000000000e+00 6.600000000000000000e+01 4.254795007982274910e+03 5.635340000000000146e+03 9.711848584774510527e+03 0.000000000000000000e+00 4.623918368585353100e+00 9.199999999999999845e-02
8.347996200000000000e+07 1.000000000000000000e+00 6.600000000000000000e+01 4.250619007982273615e+03 5.640130000000000109e+03 9.712675184774510853e+03 0.000000000000000000e+00 3.178599999998946934e+00 9.199999999999999845e-02
8.347877500000000000e+07 1.000000000000000000e+00 6.600000000000000000e+01 4.240103007982273994e+03 5.643899999999999636e+03 9.703048884774510952e+03 0.000000000000000000e+00 6.684113734536308193e+00 2.400000000000000050e-02
8.347877500000000000e+07 1.000000000000000000e+00 6.600000000000000000e+01 4.248411007982274896e+03 5.634170000000000073e+03 9.699632884774511695e+03 0.000000000000000000e+00 2.178717035511718692e+00 2.400000000000000050e-02
8.347877700000000000e+07 1.000000000000000000e+00 6.600000000000000000e+01 4.226847007982274590e+03 5.637329999999999927e+03 9.692874184774511377e+03 0.000000000000000000e+00 5.889438007131446717e+00 9.199999999999999845e-02
8.347869000000000000e+07 1.000000000000000000e+00 6.600000000000000000e+01 4.252362007982274008e+03 5.620810000000000400e+03 9.710699584774512914e+03 0.000000000000000000e+00 9.069833355658849072e+00 9.199999999999999845e-02
8.347869400000000000e+07 1.000000000000000000e+00 6.500000000000000000e+01 4.258530007982273673e+03 5.616059999999999491e+03 9.701718384774510923e+03 0.000000000000000000e+00 4.048010407104727371e+00 1.339000000000000057e+01
8.347869400000000000e+07 1.000000000000000000e+00 6.500000000000000000e+01 4.259852007982273790e+03 5.611639999999999418e+03 9.701860984774511962e+03 0.000000000000000000e+00 3.772289037480669904e+00 9.199999999999999845e-02
8.347869400000000000e+07 1.000000000000000000e+00 6.500000000000000000e+01 4.262758007982274648e+03 5.611170000000000073e+03 9.704828584774511910e+03 0.000000000000000000e+00 4.880593470264014577e+00 9.199999999999999845e-02
8.347869100000000000e+07 1.000000000000000000e+00 6.600000000000000000e+01 4.264411007982274896e+03 5.610860000000000582e+03 9.707501184774511785e+03 0.000000000000000000e+00 5.314137561249165920e+00 9.199999999999999845e-02
8.347869400000000000e+07 1.000000000000000000e+00 6.500000000000000000e+01 4.265072007982273135e+03 5.610360000000000582e+03 9.705712884774511622e+03 0.000000000000000000e+00 4.304752232854263561e+00 9.199999999999999845e-02
8.347869500000000000e+07 1.000000000000000000e+00 6.500000000000000000e+01 4.267067007982273935e+03 5.605170000000000073e+03 9.699658284774512140e+03 0.000000000000000000e+00 2.108779803691506860e+00 6.099999999999999867e-02
8.347869500000000000e+07 1.000000000000000000e+00 6.500000000000000000e+01 4.266664007982273688e+03 5.603219999999999345e+03 9.702340484774511424e+03 0.000000000000000000e+00 5.309438444048333317e+00 2.400000000000000050e-02
8.347869400000000000e+07 1.000000000000000000e+00 6.500000000000000000e+01 4.258530007982273673e+03 5.616059999999999491e+03 9.701718384774510923e+03 0.000000000000000000e+00 4.048010407104727371e+00 7.931540000000000257e-01
8.347869400000000000e+07 1.000000000000000000e+00 6.500000000000000000e+01 4.257027007982274881e+03 5.605239999999999782e+03 9.699970984774510725e+03 0.000000000000000000e+00 9.806176269820102931e+00 2.400000000000000050e-02
8.347869400000000000e+07 1.000000000000000000e+00 6.500000000000000000e+01 4.257098007982274794e+03 5.608699999999999818e+03 9.696856784774510743e+03 0.000000000000000000e+00 7.498300081931922989e+00 6.099999999999999867e-02
8.347869400000000000e+07 1.000000000000000000e+00 6.500000000000000000e+01 4.257480007982274401e+03 5.608050000000000182e+03 9.699067384774512902e+03 0.000000000000000000e+00 7.243319306935473101e+00 6.099999999999999867e-02
8.347869400000000000e+07 1.000000000000000000e+00 6.500000000000000000e+01 4.258304007982274925e+03 5.607140000000000327e+03 9.703306484774511773e+03 0.000000000000000000e+00 8.401716134354677123e+00 4.169999999999999818e-01
8.347878000000000000e+07 0.000000000000000000e+00 6.600000000000000000e+01 4.239858007982273193e+03 5.619940000000000509e+03 9.690160084774512143e+03 0.000000000000000000e+00 1.370514935610128493e+00 9.199999999999999845e-02
8.347877700000000000e+07 1.000000000000000000e+00 6.500000000000000000e+01 4.252435007982274328e+03 5.623430000000000291e+03 9.701131084774511692e+03 0.000000000000000000e+00 5.151114704028126212e+00 9.199999999999999845e-02
8.347877700000000000e+07 1.000000000000000000e+00 6.500000000000000000e+01 4.254623007982274430e+03 5.619969999999999345e+03 9.697588984774512937e+03 0.000000000000000000e+00 4.377539541214380492e+00 4.169999999999999818e-01
8.347869400000000000e+07 1.000000000000000000e+00 6.500000000000000000e+01 4.262111007982273804e+03 5.616289999999999964e+03 9.698540084774511342e+03 0.000000000000000000e+00 2.178527414886628044e+00 9.199999999999999845e-02
8.347996000000000000e+07 1.000000000000000000e+00 6.500000000000000000e+01 4.269683007982273921e+03 5.629369999999999891e+03 9.701181884774512582e+03 0.000000000000000000e+00 2.670980748257934412e+00 9.199999999999999845e-02
8.347996000000000000e+07 1.000000000000000000e+00 6.500000000000000000e+01 4.269736007982273804e+03 5.631260000000000218e+03 9.701518084774510498e+03 0.000000000000000000e+00 1.846790025362383902e+00 9.199999999999999845e-02
8.347869100000000000e+07 1.000000000000000000e+00 6.500000000000000000e+01 4.267575007982273746e+03 5.627989999999999782e+03 9.704234084774510848e+03 0.000000000000000000e+00 2.064634311921047960e+00 9.199999999999999845e-02
8.347995900000000000e+07 1.000000000000000000e+00 6.500000000000000000e+01 4.272662007982273281e+03 5.638039999999999964e+03 9.702840784774511121e+03 0.000000000000000000e+00 3.700424090819279144e+00 9.199999999999999845e-02
8.347877300000000000e+07 1.000000000000000000e+00 6.600000000000000000e+01 4.251552007982274517e+03 5.624270000000000437e+03 9.712365284774510656e+03 0.000000000000000000e+00 6.335499702572182201e+00 4.169999999999999818e-01
8.347877200000000000e+07 1.000000000000000000e+00 6.600000000000000000e+01 4.244925007982274110e+03 5.619649999999999636e+03 9.714826284774511805e+03 0.000000000000000000e+00 6.919754044338027654e+00 6.099999999999999867e-02
8.348005500000000000e+07 1.000000000000000000e+00 6.600000000000000000e+01 4.238662007982273281e+03 5.613750000000000000e+03 9.714195984774512908e+03 0.000000000000000000e+00 9.144828652767715838e+00 9.199999999999999845e-02
8.348000400000000000e+07 1.000000000000000000e+00 6.600000000000000000e+01 4.278796007982273295e+03 5.591430000000000291e+03 9.729987484774512268e+03 0.000000000000000000e+00 1.876867497732723766e+00 6.099999999999999867e-02
8.348000400000000000e+07 1.000000000000000000e+00 6.600000000000000000e+01 4.279719007982273979e+03 5.588750000000000000e+03 9.729572184774511697e+03 0.000000000000000000e+00 3.571205532535592919e+00 2.400000000000000050e-02
8.388403900000000000e+07 1.000000000000000000e+00 6.500000000000000000e+01 4.283150007982274474e+03 5.577699999999999818e+03 9.713303684774511567e+03 0.000000000000000000e+00 4.230184833592582905e+00 4.169999999999999818e-01
8.388403800000000000e+07 1.000000000000000000e+00 6.500000000000000000e+01 4.279240007982274619e+03 5.579359999999999673e+03 9.717441784774511689e+03 0.000000000000000000e+00 8.420297538991455832e-01 9.199999999999999845e-02
8.388404000000000000e+07 1.000000000000000000e+00 6.500000000000000000e+01 4.288824007982273542e+03 5.575059999999999491e+03 9.719757284774510481e+03 0.000000000000000000e+00 1.370423996814992273e+00 4.169999999999999818e-01
8.388404000000000000e+07 1.000000000000000000e+00 6.500000000000000000e+01 4.285761007982273441e+03 5.574380000000000109e+03 9.718897384774511011e+03 0.000000000000000000e+00 1.356793159964614581e+00 6.099999999999999867e-02
8.388403900000000000e+07 1.000000000000000000e+00 6.500000000000000000e+01 4.284265007982274255e+03 5.574039999999999964e+03 9.718440084774512798e+03 0.000000000000000000e+00 2.547815293605712572e+00 4.169999999999999818e-01
8.388403800000000000e+07 1.000000000000000000e+00 6.500000000000000000e+01 4.280984007982273397e+03 5.576949999999999818e+03 9.714959684774512425e+03 0.000000000000000000e+00 2.781785817549507822e+00 4.169999999999999818e-01
8.388403800000000000e+07 1.000000000000000000e+00 6.500000000000000000e+01 4.280984007982273397e+03 5.576949999999999818e+03 9.714959684774512425e+03 0.000000000000000000e+00 2.781785817549507822e+00 7.360019999999999563e+00
8.347868900000000000e+07 1.000000000000000000e+00 6.600000000000000000e+01 4.254601007982273586e+03 5.625369999999999891e+03 9.717638084774513118e+03 0.000000000000000000e+00 2.943952269461247884e+00 1.000000000000000000e+01
8.347868900000000000e+07 1.000000000000000000e+00 6.600000000000000000e+01 4.254601007982273586e+03 5.625369999999999891e+03 9.717638084774513118e+03 0.000000000000000000e+00 2.943952269461247884e+00 3.204839999999999911e+00
8.347995500000000000e+07 1.000000000000000000e+00 6.500000000000000000e+01 4.257812007982274736e+03 5.656789999999999964e+03 9.715462284774512227e+03 0.000000000000000000e+00 5.659825304905679921e+00 1.078999999999999915e+01
8.347995500000000000e+07 1.000000000000000000e+00 6.500000000000000000e+01 4.257812007982274736e+03 5.656789999999999964e+03 9.715462284774512227e+03 0.000000000000000000e+00 5.659825304905679921e+00 1.449519999999999920e+00
8.347995500000000000e+07 1.000000000000000000e+00 6.500000000000000000e+01 4.257812007982274736e+03 5.656789999999999964e+03 9.715462284774512227e+03 0.000000000000000000e+00 5.659825304905679921e+00 5.589469999999999716e-01
8.347995500000000000e+07 1.000000000000000000e+00 6.500000000000000000e+01 4.258852007982273790e+03 5.665109999999999673e+03 9.717436684774511377e+03 0.000000000000000000e+00 8.199817095690606905e+00 2.400000000000000050e-02
8.248987000000000000e+07 1.000000000000000000e+00 6.500000000000000000e+01 3.025246007982274477e+03 1.235707999999999993e+04 9.829014984774512413e+03 1.000000000000000000e+00 5.808463736369466890e-01 4.000000000000000000e+01
