1.218054100000000000e+07 1.000000000000000000e+00 6.600000000000000000e+01 7.302715088627129262e+03 3.866036711114133595e+03 1.530579999999999927e+03 0.000000000000000000e+00 2.225825457391294115e+00 1.078999999999999915e+01
1.218054000000000000e+07 0.000000000000000000e+00 6.600000000000000000e+01 7.300004408627129123e+03 3.861353865114133896e+03 1.528599999999999454e+03 0.000000000000000000e+00 1.017250741749779808e+00 1.078999999999999915e+01
1.218054200000000000e+07 0.000000000000000000e+00 6.500000000000000000e+01 7.294678238627129758e+03 3.856744955114133973e+03 1.532829999999999927e+03 0.000000000000000000e+00 1.349439078623935639e+00 6.099999999999999867e-02
1.218053900000000000e+07 1.000000000000000000e+00 6.500000000000000000e+01 7.283340848627129162e+03 3.847310655114134079e+03 1.517970000000000255e+03 0.000000000000000000e+00 9.135080781189648391e+00 6.099999999999999867e-02
1.218053500000000000e+07 1.000000000000000000e+00 6.600000000000000000e+01 7.289319148627128925e+03 3.850529255114134230e+03 1.513470000000000255e+03 0.000000000000000000e+00 5.468662169769965331e+00 4.169999999999999818e-01
1.218053500000000000e+07 1.000000000000000000e+00 6.600000000000000000e+01 7.289675148627129602e+03 3.847142255114133604e+03 1.513350000000000364e+03 0.000000000000000000e+00 2.813037540887390442e+00 2.400000000000000050e-02
1.218053800000000000e+07 1.000000000000000000e+00 6.500000000000000000e+01 7.288704248627129346e+03 3.851875955114134285e+03 1.513890000000000327e+03 0.000000000000000000e+00 5.088952760381505236e+00 8.349999999999999645e-01
1.218053600000000000e+07 0.000000000000000000e+00 6.500000000000000000e+01 7.293897138627129607e+03 3.850755755114133990e+03 1.513600000000000364e+03 0.000000000000000000e+00 2.954672281330750216e+00 9.199999999999999845e-02
1.218053600000000000e+07 0.000000000000000000e+00 6.500000000000000000e+01 7.298736688627129297e+03 3.849133955114134096e+03 1.513280000000000655e+03 0.000000000000000000e+00 8.988447531146036562e-01 9.199999999999999845e-02
1.218053600000000000e+07 0.000000000000000000e+00 6.500000000000000000e+01 7.301882960627129250e+03 3.852801355114134367e+03 1.512520000000000437e+03 0.000000000000000000e+00 2.241037154289412747e+00 2.400000000000000050e-02
1.218053500000000000e+07 1.000000000000000000e+00 6.500000000000000000e+01 7.306468218627129318e+03 3.860122565114134431e+03 1.506600000000000364e+03 0.000000000000000000e+00 6.326782808054630891e+00 9.199999999999999845e-02
1.218053500000000000e+07 1.000000000000000000e+00 6.500000000000000000e+01 7.312643248627129651e+03 3.856693555114133687e+03 1.512010000000000218e+03 0.000000000000000000e+00 8.019400374805437437e+00 8.349999999999999645e-01
1.218054000000000000e+07 1.000000000000000000e+00 6.600000000000000000e+01 7.305189468627128917e+03 3.862881845114133739e+03 1.529210000000000036e+03 0.000000000000000000e+00 2.099853343012176854e+00 6.099999999999999867e-02
1.218054000000000000e+07 1.000000000000000000e+00 6.600000000000000000e+01 7.306443308627129227e+03 3.868698475114133998e+03 1.527180000000000291e+03 0.000000000000000000e+00 3.486512556124533369e+00 6.099999999999999867e-02
1.218054000000000000e+07 1.000000000000000000e+00 6.600000000000000000e+01 7.310231158627128934e+03 3.873601385114133791e+03 1.526239999999999782e+03 0.000000000000000000e+00 9.469437523888483810e+00 4.169999999999999818e-01
1.218054000000000000e+07 1.000000000000000000e+00 6.600000000000000000e+01 7.302299178627129550e+03 3.864319345114133739e+03 1.525090000000000146e+03 0.000000000000000000e+00 2.272522552101350790e+00 6.099999999999999867e-02
1.218054000000000000e+07 1.000000000000000000e+00 6.600000000000000000e+01 7.311679048627129305e+03 3.863757315114133689e+03 1.525979999999999563e+03 0.000000000000000000e+00 7.113374406996851640e+00 9.199999999999999845e-02
1.218054000000000000e+07 1.000000000000000000e+00 6.600000000000000000e+01 7.313477548627129181e+03 3.866930185114134019e+03 1.524150000000000546e+03 0.000000000000000000e+00 8.891337895567856364e+00 2.400000000000000050e-02
1.218054000000000000e+07 1.000000000000000000e+00 6.600000000000000000e+01 7.312569048627129632e+03 3.866108564114133969e+03 1.522750000000000000e+03 0.000000000000000000e+00 8.386917448121053553e+00 2.400000000000000050e-02
1.218053900000000000e+07 1.000000000000000000e+00 6.600000000000000000e+01 7.313206448627129248e+03 3.863092915114134030e+03 1.521400000000000546e+03 0.000000000000000000e+00 9.669582200797036009e+00 6.099999999999999867e-02
1.218053900000000000e+07 1.000000000000000000e+00 6.600000000000000000e+01 7.315305148627129711e+03 3.855179755114133968e+03 1.522380000000000109e+03 0.000000000000000000e+00 8.481292105923291302e+00 9.199999999999999845e-02
1.218053500000000000e+07 1.000000000000000000e+00 6.500000000000000000e+01 7.309827998627129091e+03 3.853669955114134154e+03 1.512220000000000255e+03 0.000000000000000000e+00 5.424899772593067659e+00 9.199999999999999845e-02
1.218053500000000000e+07 1.000000000000000000e+00 6.500000000000000000e+01 7.309827998627129091e+03 3.853669955114134154e+03 1.512220000000000255e+03 0.000000000000000000e+00 5.424899772593067659e+00 7.362119999999999997e+00
3.876546900000000000e+07 1.000000000000000000e+00 6.600000000000000000e+01 7.307124978627129167e+03 3.870552205114133812e+03 4.491020000000000437e+03 1.000000000000000000e+00 7.925916059541443515e-01 2.300000000000000000e+01
3.876547300000000000e+07 0.000000000000000000e+00 6.600000000000000000e+01 7.300704279627128926e+03 3.883149255114134121e+03 4.486559999999999491e+03 1.000000000000000000e+00 1.473316825476523206e+00 2.300000000000000000e+01
3.876644700000000000e+07 0.000000000000000000e+00 6.500000000000000000e+01 7.295377328627128918e+03 3.876000355114133981e+03 4.505520000000000437e+03 1.000000000000000000e+00 2.452390034262401652e+00 2.300000000000000000e+01
3.876644300000000000e+07 0.000000000000000000e+00 6.600000000000000000e+01 7.282295548627129392e+03 3.870200445114134254e+03 4.491970000000000255e+03 1.000000000000000000e+00 2.136578023518812319e+00 2.300000000000000000e+01
