1.423771800000000000e+07 1.000000000000000000e+00 6.500000000000000000e+01 1.047485090201880666e+04 1.224089269828882243e+04 1.847600000000000364e+03 0.000000000000000000e+00 1.375145273181937799e+00 1.078999999999999915e+01
1.423771800000000000e+07 1.000000000000000000e+00 6.500000000000000000e+01 1.047367990201880639e+04 1.223710069828882297e+04 1.848770000000000437e+03 0.000000000000000000e+00 3.050916644531405986e+00 1.078999999999999915e+01
1.423771700000000000e+07 1.000000000000000000e+00 6.500000000000000000e+01 1.047196490201880624e+04 1.223079769828882309e+04 1.850390000000000327e+03 0.000000000000000000e+00 8.406691344905045327e+00 1.339000000000000057e+01
1.423671300000000000e+07 1.000000000000000000e+00 6.600000000000000000e+01 1.044095090201880703e+04 1.213172369828882256e+04 1.885269999999999527e+03 0.000000000000000000e+00 8.524197250543176452e+00 1.078999999999999915e+01
1.423571300000000000e+07 1.000000000000000000e+00 6.600000000000000000e+01 1.043936490201880588e+04 1.212570969828882335e+04 1.886460000000000036e+03 0.000000000000000000e+00 8.152289977934978893e+00 1.339000000000000057e+01
1.967574100000000000e+07 1.000000000000000000e+00 6.600000000000000000e+01 1.038182390201880662e+04 1.129715869828882205e+04 2.073980000000000473e+03 0.000000000000000000e+00 5.482391220432368151e+00 1.078999999999999915e+01
1.878617500000000000e+07 1.000000000000000000e+00 6.500000000000000000e+01 1.042037990201880530e+04 1.102863869828882343e+04 2.167340000000000146e+03 0.000000000000000000e+00 3.436254992343320769e+00 1.339000000000000057e+01
1.878617000000000000e+07 1.000000000000000000e+00 6.500000000000000000e+01 1.042063890201880713e+04 1.100585869828882278e+04 2.177750000000000000e+03 0.000000000000000000e+00 4.604129745560311626e+00 1.339000000000000057e+01
1.315023700000000000e+07 1.000000000000000000e+00 6.600000000000000000e+01 1.114465890201880757e+04 1.008023869828882380e+04 1.534039999999999964e+03 0.000000000000000000e+00 3.808073982863030782e+00 4.169999999999999818e-01
1.315023700000000000e+07 1.000000000000000000e+00 6.600000000000000000e+01 1.114728590201880615e+04 1.007815869828882205e+04 1.534039999999999964e+03 0.000000000000000000e+00 7.027117829114925662e+00 9.199999999999999845e-02
1.315023700000000000e+07 1.000000000000000000e+00 6.600000000000000000e+01 1.114728590201880615e+04 1.007815869828882205e+04 1.534039999999999964e+03 0.000000000000000000e+00 7.027117829114925662e+00 7.340340000000000309e+00
1.315023200000000000e+07 1.000000000000000000e+00 6.500000000000000000e+01 1.114917490201880719e+04 1.008622869828882358e+04 1.508880000000000109e+03 0.000000000000000000e+00 9.558900737060573860e+00 9.199999999999999845e-02
1.314932900000000000e+07 1.000000000000000000e+00 6.500000000000000000e+01 1.115074690201880730e+04 1.008475869828882242e+04 1.499990000000000691e+03 0.000000000000000000e+00 9.325809029240817338e+00 4.169999999999999818e-01
1.314932900000000000e+07 1.000000000000000000e+00 6.500000000000000000e+01 1.115057590201880703e+04 1.008702869828882285e+04 1.497689999999999600e+03 0.000000000000000000e+00 8.713301245262162098e+00 2.400000000000000050e-02
1.314933300000000000e+07 1.000000000000000000e+00 6.600000000000000000e+01 1.114283390201880684e+04 1.008560869828882278e+04 1.495930000000000291e+03 0.000000000000000000e+00 7.091826277098870257e+00 6.099999999999999867e-02
1.314933300000000000e+07 1.000000000000000000e+00 6.600000000000000000e+01 1.114270890201880684e+04 1.008569869828882292e+04 1.496060000000000400e+03 0.000000000000000000e+00 7.288599668786758023e+00 4.169999999999999818e-01
1.315030900000000000e+07 1.000000000000000000e+00 6.500000000000000000e+01 1.114080290201880780e+04 1.008719869828882292e+04 1.500229999999999563e+03 0.000000000000000000e+00 8.184781413977582076e+00 9.199999999999999845e-02
1.315023000000000000e+07 1.000000000000000000e+00 6.500000000000000000e+01 1.114354390201880597e+04 1.009563869828882343e+04 1.500079999999999927e+03 0.000000000000000000e+00 7.611941722310190173e+00 2.039999999999999869e-01
1.315023100000000000e+07 1.000000000000000000e+00 6.500000000000000000e+01 1.114696390201880786e+04 1.009661869828882300e+04 1.505350000000000364e+03 0.000000000000000000e+00 4.469760528701656632e+00 6.099999999999999867e-02
1.315023100000000000e+07 1.000000000000000000e+00 6.500000000000000000e+01 1.114831490201880661e+04 1.010012869828882322e+04 1.506369999999999891e+03 0.000000000000000000e+00 4.872449674064212033e+00 2.400000000000000050e-02
1.315023100000000000e+07 1.000000000000000000e+00 6.500000000000000000e+01 1.114792990201880639e+04 1.009189869828882365e+04 1.504950000000000728e+03 0.000000000000000000e+00 6.650443797672906499e+00 9.199999999999999845e-02
1.315023100000000000e+07 1.000000000000000000e+00 6.500000000000000000e+01 1.114904590201880637e+04 1.008956869828882373e+04 1.509220000000000255e+03 0.000000000000000000e+00 6.770637900971402168e+00 5.000000000000000000e-01
1.315023100000000000e+07 1.000000000000000000e+00 6.500000000000000000e+01 1.114871890201880706e+04 1.008943869828882271e+04 1.509210000000000036e+03 0.000000000000000000e+00 6.689925777667013129e+00 4.169999999999999818e-01
1.315023100000000000e+07 1.000000000000000000e+00 6.500000000000000000e+01 1.114662890201880691e+04 1.009321869828882336e+04 1.509099999999999454e+03 0.000000000000000000e+00 2.558803926755206515e+00 6.099999999999999867e-02
1.315023100000000000e+07 1.000000000000000000e+00 6.500000000000000000e+01 1.114343590201880579e+04 1.009563869828882343e+04 1.506940000000000509e+03 0.000000000000000000e+00 2.083244048582618468e+00 9.199999999999999845e-02
1.315030900000000000e+07 1.000000000000000000e+00 6.500000000000000000e+01 1.113517290201880678e+04 1.009153869828882307e+04 1.500369999999999891e+03 0.000000000000000000e+00 6.267704141853247535e+00 6.099999999999999867e-02
1.315031200000000000e+07 0.000000000000000000e+00 6.600000000000000000e+01 1.113251990201880653e+04 1.007900869828882242e+04 1.506060000000000400e+03 0.000000000000000000e+00 9.929126620535854153e-01 9.199999999999999845e-02
1.315031300000000000e+07 0.000000000000000000e+00 6.600000000000000000e+01 1.112814490201880653e+04 1.007460869828882278e+04 1.508979999999999563e+03 0.000000000000000000e+00 2.386890994279794231e+00 9.199999999999999845e-02
1.315031300000000000e+07 0.000000000000000000e+00 6.600000000000000000e+01 1.112671590201880645e+04 1.007370869828882314e+04 1.509490000000000691e+03 0.000000000000000000e+00 3.988550905898861298e+00 6.099999999999999867e-02
1.315031200000000000e+07 1.000000000000000000e+00 6.600000000000000000e+01 1.112381990201880762e+04 1.007935869828882278e+04 1.506090000000000146e+03 0.000000000000000000e+00 2.221889611871307402e+00 6.099999999999999867e-02
1.315031100000000000e+07 1.000000000000000000e+00 6.600000000000000000e+01 1.111539590201880674e+04 1.008487869828882322e+04 1.500470000000000255e+03 0.000000000000000000e+00 7.043241296628304227e+00 4.169999999999999818e-01
1.315016400000000000e+07 1.000000000000000000e+00 6.600000000000000000e+01 1.118348490201880668e+04 1.015669869828882292e+04 1.566150000000000546e+03 0.000000000000000000e+00 5.867601410676755336e+00 2.400000000000000050e-02
1.315016500000000000e+07 1.000000000000000000e+00 6.600000000000000000e+01 1.117684090201880645e+04 1.015479869828882329e+04 1.563600000000000364e+03 0.000000000000000000e+00 5.061184268859555857e+00 9.199999999999999845e-02
1.517834100000000000e+07 1.000000000000000000e+00 6.600000000000000000e+01 1.077278990201880697e+04 1.021319869828882292e+04 1.806729999999999563e+03 0.000000000000000000e+00 9.162867426216021460e-01 1.339000000000000057e+01
1.517834400000000000e+07 1.000000000000000000e+00 6.500000000000000000e+01 1.077291390201880677e+04 1.021833869828882234e+04 1.810250000000000000e+03 0.000000000000000000e+00 5.166503703712900908e+00 1.605000000000000071e+01
1.517834400000000000e+07 1.000000000000000000e+00 6.500000000000000000e+01 1.077914590201880674e+04 1.022119869828882292e+04 1.811939999999999600e+03 0.000000000000000000e+00 4.471000681608997773e+00 1.078999999999999915e+01
1.517834600000000000e+07 1.000000000000000000e+00 6.500000000000000000e+01 1.078361690201880629e+04 1.022597869828882358e+04 1.819719999999999345e+03 0.000000000000000000e+00 7.337665670674735630e+00 1.339000000000000057e+01
1.517834500000000000e+07 1.000000000000000000e+00 6.500000000000000000e+01 1.078255990201880559e+04 1.022542869828882249e+04 1.819260000000000218e+03 0.000000000000000000e+00 7.216023217020550717e+00 4.169999999999999818e-01
1.517834500000000000e+07 1.000000000000000000e+00 6.500000000000000000e+01 1.077619590201880783e+04 1.023290869828882205e+04 1.816959999999999127e+03 0.000000000000000000e+00 5.125848571395286157e+00 6.099999999999999867e-02
1.517834900000000000e+07 1.000000000000000000e+00 6.600000000000000000e+01 1.077331690201880701e+04 1.023690869828882205e+04 1.818359999999999673e+03 0.000000000000000000e+00 7.225817665688531122e+00 1.339000000000000057e+01
1.517834900000000000e+07 1.000000000000000000e+00 6.600000000000000000e+01 1.077317190201880658e+04 1.023712869828882322e+04 1.818330000000000837e+03 0.000000000000000000e+00 7.119540617161663754e+00 9.199999999999999845e-02
1.517834900000000000e+07 1.000000000000000000e+00 6.600000000000000000e+01 1.077331690201880701e+04 1.023690869828882205e+04 1.818359999999999673e+03 0.000000000000000000e+00 7.225817665688531122e+00 4.381280000000000285e+00
1.517834600000000000e+07 1.000000000000000000e+00 6.500000000000000000e+01 1.078492790201880780e+04 1.022802869828882285e+04 1.822069999999999709e+03 0.000000000000000000e+00 8.399638957446756038e+00 4.169999999999999818e-01
1.517834400000000000e+07 1.000000000000000000e+00 6.500000000000000000e+01 1.077914590201880674e+04 1.022119869828882292e+04 1.811939999999999600e+03 0.000000000000000000e+00 4.471000681608997773e+00 5.428279999999999994e+00
1.517988800000000000e+07 0.000000000000000000e+00 6.600000000000000000e+01 1.078325290201880671e+04 1.020390869828882205e+04 1.815890000000000327e+03 0.000000000000000000e+00 9.085199131312440279e-01 2.400000000000000050e-02
1.517989000000000000e+07 1.000000000000000000e+00 6.600000000000000000e+01 1.078760890201880648e+04 1.019689869828882365e+04 1.818149999999999636e+03 0.000000000000000000e+00 6.701158304883265693e-01 1.078999999999999915e+01
1.517989000000000000e+07 1.000000000000000000e+00 6.600000000000000000e+01 1.078685290201880707e+04 1.019723869828882380e+04 1.817770000000000437e+03 0.000000000000000000e+00 1.209324361052017904e+00 2.400000000000000050e-02
1.517988800000000000e+07 0.000000000000000000e+00 6.600000000000000000e+01 1.078393390201880538e+04 1.020106869828882373e+04 1.814340000000000146e+03 0.000000000000000000e+00 7.850867435006246842e-01 6.099999999999999867e-02
1.517988800000000000e+07 0.000000000000000000e+00 6.600000000000000000e+01 1.078181790201880722e+04 1.020077869828882285e+04 1.814979999999999563e+03 0.000000000000000000e+00 1.827666354922118597e+00 6.099999999999999867e-02
1.517988900000000000e+07 1.000000000000000000e+00 6.600000000000000000e+01 1.078134290201880685e+04 1.020030869828882351e+04 1.814920000000000073e+03 0.000000000000000000e+00 1.811664550945672580e+00 1.339000000000000057e+01
1.517988900000000000e+07 1.000000000000000000e+00 6.600000000000000000e+01 1.078414990201880573e+04 1.019908869828882234e+04 1.811409999999999854e+03 0.000000000000000000e+00 2.793648124576668668e+00 1.339000000000000057e+01
1.517989000000000000e+07 1.000000000000000000e+00 6.600000000000000000e+01 1.079159690201880585e+04 1.019255869828882351e+04 1.811440000000000509e+03 0.000000000000000000e+00 5.501719324394472643e+00 9.199999999999999845e-02
1.517989000000000000e+07 1.000000000000000000e+00 6.600000000000000000e+01 1.079387590201880630e+04 1.019259869828882256e+04 1.809010000000000218e+03 0.000000000000000000e+00 8.468862130726066084e+00 9.199999999999999845e-02
1.517989000000000000e+07 1.000000000000000000e+00 6.600000000000000000e+01 1.079398090201880768e+04 1.019252869828882285e+04 1.808909999999999854e+03 0.000000000000000000e+00 8.614703851716248195e+00 2.039999999999999869e-01
1.517989100000000000e+07 1.000000000000000000e+00 6.600000000000000000e+01 1.079876490201880733e+04 1.019555869828882351e+04 1.817029999999999745e+03 0.000000000000000000e+00 6.517391743311088170e+00 1.078999999999999915e+01
1.517989100000000000e+07 1.000000000000000000e+00 6.600000000000000000e+01 1.079601990201880653e+04 1.019731869828882373e+04 1.820769999999999527e+03 0.000000000000000000e+00 2.733655799325785285e+00 9.199999999999999845e-02
1.517726400000000000e+07 1.000000000000000000e+00 6.500000000000000000e+01 1.078730690201880680e+04 1.016093869828882271e+04 1.815840000000000146e+03 0.000000000000000000e+00 9.420899294600866725e+00 2.400000000000000050e-02
1.517726400000000000e+07 1.000000000000000000e+00 6.500000000000000000e+01 1.078871690201880665e+04 1.015721869828882336e+04 1.809100000000000364e+03 0.000000000000000000e+00 4.271312162247691724e+00 1.000000000000000000e+01
1.517726400000000000e+07 1.000000000000000000e+00 6.500000000000000000e+01 1.078871690201880665e+04 1.015721869828882336e+04 1.809100000000000364e+03 0.000000000000000000e+00 4.271312162247691724e+00 5.553449999999999775e-01
1.517989100000000000e+07 1.000000000000000000e+00 6.600000000000000000e+01 1.079876490201880733e+04 1.019555869828882351e+04 1.817029999999999745e+03 0.000000000000000000e+00 6.517391743311088170e+00 1.355110000000000037e+00
1.517988900000000000e+07 1.000000000000000000e+00 6.600000000000000000e+01 1.078414990201880573e+04 1.019908869828882234e+04 1.811409999999999854e+03 0.000000000000000000e+00 2.793648124576668668e+00 6.486869999999999692e+00
1.517988900000000000e+07 1.000000000000000000e+00 6.600000000000000000e+01 1.078134290201880685e+04 1.020030869828882351e+04 1.814920000000000073e+03 0.000000000000000000e+00 1.811664550945672580e+00 3.668779999999999930e+00
1.517988300000000000e+07 1.000000000000000000e+00 6.500000000000000000e+01 1.077752790201880634e+04 1.020895869828882314e+04 1.798220000000000255e+03 0.000000000000000000e+00 1.302613603090390537e+00 4.169999999999999818e-01
1.517834100000000000e+07 1.000000000000000000e+00 6.600000000000000000e+01 1.077943290201880700e+04 1.020642869828882249e+04 1.804849999999999454e+03 0.000000000000000000e+00 4.326131490678160496e+00 4.169999999999999818e-01
1.517988800000000000e+07 1.000000000000000000e+00 6.600000000000000000e+01 1.078152590201880594e+04 1.020370869828882314e+04 1.817789999999999964e+03 0.000000000000000000e+00 2.977836660543286218e+00 9.199999999999999845e-02
1.517988800000000000e+07 0.000000000000000000e+00 6.500000000000000000e+01 1.078536490201880588e+04 1.020893869828882271e+04 1.819319999999999709e+03 0.000000000000000000e+00 3.516168586213622493e+00 6.099999999999999867e-02
1.517989000000000000e+07 1.000000000000000000e+00 6.500000000000000000e+01 1.078057490201880682e+04 1.020553869828882307e+04 1.822559999999999491e+03 0.000000000000000000e+00 2.769629568996227142e+00 4.169999999999999818e-01
1.517989000000000000e+07 1.000000000000000000e+00 6.500000000000000000e+01 1.078527590201880594e+04 1.020478869828882307e+04 1.826310000000000400e+03 0.000000000000000000e+00 4.104217261672222783e-01 9.199999999999999845e-02
1.517988800000000000e+07 1.000000000000000000e+00 6.500000000000000000e+01 1.079486090201880688e+04 1.020729869828882329e+04 1.825280000000000655e+03 0.000000000000000000e+00 2.244609056227924171e+00 2.400000000000000050e-02
1.517989000000000000e+07 1.000000000000000000e+00 6.500000000000000000e+01 1.078224990201880792e+04 1.021199869828882220e+04 1.834409999999999854e+03 0.000000000000000000e+00 6.867849254619145860e+00 2.039999999999999869e-01
1.517989100000000000e+07 1.000000000000000000e+00 6.500000000000000000e+01 1.077797890201880728e+04 1.020586869828882300e+04 1.833739999999999782e+03 0.000000000000000000e+00 5.474506438931508789e+00 2.400000000000000050e-02
1.517989100000000000e+07 1.000000000000000000e+00 6.500000000000000000e+01 1.077873390201880648e+04 1.020685869828882278e+04 1.838399999999999636e+03 0.000000000000000000e+00 9.177851895197013832e+00 9.199999999999999845e-02
1.517834200000000000e+07 0.000000000000000000e+00 6.600000000000000000e+01 1.077639990201880573e+04 1.021718869828882271e+04 1.805569999999999709e+03 0.000000000000000000e+00 1.048383607540779749e+00 2.400000000000000050e-02
1.517834200000000000e+07 0.000000000000000000e+00 6.600000000000000000e+01 1.077337090201880710e+04 1.021712869828882322e+04 1.805489999999999782e+03 0.000000000000000000e+00 2.859624654385593434e+00 8.349999999999999645e-01
1.517834200000000000e+07 0.000000000000000000e+00 6.600000000000000000e+01 1.077337090201880710e+04 1.021712869828882322e+04 1.805489999999999782e+03 0.000000000000000000e+00 2.859624654385593434e+00 6.707919999999999661e+00
1.517852300000000000e+07 1.000000000000000000e+00 6.600000000000000000e+01 1.079960390201880728e+04 1.019398869828882380e+04 1.761569999999999709e+03 0.000000000000000000e+00 9.416560646920384414e+00 9.199999999999999845e-02
1.517852300000000000e+07 1.000000000000000000e+00 6.600000000000000000e+01 1.079440790201880736e+04 1.019609869828882256e+04 1.760710000000000036e+03 0.000000000000000000e+00 8.872769861576820460e+00 9.199999999999999845e-02
1.517979500000000000e+07 1.000000000000000000e+00 6.500000000000000000e+01 1.081272290201880605e+04 1.021807869828882394e+04 1.762989999999999782e+03 0.000000000000000000e+00 8.259009479243951901e+00 2.400000000000000050e-02
1.517979500000000000e+07 1.000000000000000000e+00 6.500000000000000000e+01 1.081471090201880725e+04 1.021869869828882292e+04 1.761930000000000291e+03 0.000000000000000000e+00 6.440918031085697493e+00 9.199999999999999845e-02
1.878617000000000000e+07 1.000000000000000000e+00 6.500000000000000000e+01 1.042063890201880713e+04 1.100585869828882278e+04 2.177750000000000000e+03 0.000000000000000000e+00 4.604129745560311626e+00 6.320140000000000313e+00
1.878617500000000000e+07 1.000000000000000000e+00 6.500000000000000000e+01 1.042055790201880700e+04 1.102820869828882314e+04 2.160260000000000218e+03 0.000000000000000000e+00 2.179919518083481833e+00 6.099999999999999867e-02
1.878617500000000000e+07 1.000000000000000000e+00 6.500000000000000000e+01 1.042092090201880637e+04 1.102797869828882358e+04 2.159989999999999782e+03 0.000000000000000000e+00 2.057210566822003983e+00 2.039999999999999869e-01
1.878702600000000000e+07 1.000000000000000000e+00 6.500000000000000000e+01 1.042609590201880565e+04 1.103428869828882307e+04 2.154210000000000036e+03 0.000000000000000000e+00 1.844874347315004215e+00 9.199999999999999845e-02
1.878617500000000000e+07 1.000000000000000000e+00 6.500000000000000000e+01 1.042821890201880706e+04 1.103316869828882409e+04 2.160319999999999709e+03 0.000000000000000000e+00 5.693993075917675561e+00 2.400000000000000050e-02
1.878617400000000000e+07 1.000000000000000000e+00 6.500000000000000000e+01 1.042754990201880719e+04 1.102655869828882351e+04 2.164429999999999382e+03 0.000000000000000000e+00 2.034088273492264509e+00 9.199999999999999845e-02
1.878617500000000000e+07 1.000000000000000000e+00 6.500000000000000000e+01 1.042482190201880621e+04 1.103264869828882365e+04 2.165520000000000437e+03 0.000000000000000000e+00 5.108976158081123486e+00 6.099999999999999867e-02
1.878617500000000000e+07 1.000000000000000000e+00 6.500000000000000000e+01 1.042254090201880535e+04 1.103011869828882300e+04 2.166610000000000582e+03 0.000000000000000000e+00 2.844004822885983774e+00 2.400000000000000050e-02
1.878617200000000000e+07 1.000000000000000000e+00 6.600000000000000000e+01 1.042174690201880730e+04 1.103009869828882256e+04 2.170600000000000364e+03 0.000000000000000000e+00 2.475354737581267894e+00 9.199999999999999845e-02
1.878617200000000000e+07 1.000000000000000000e+00 6.600000000000000000e+01 1.042372690201880687e+04 1.102797869828882358e+04 2.172610000000000582e+03 0.000000000000000000e+00 1.675534881519983532e+00 9.199999999999999845e-02
1.878617000000000000e+07 0.000000000000000000e+00 6.600000000000000000e+01 1.042798390201880648e+04 1.101930869828882351e+04 2.175039999999999964e+03 0.000000000000000000e+00 4.434120037050140795e+00 9.199999999999999845e-02
1.878617200000000000e+07 1.000000000000000000e+00 6.500000000000000000e+01 1.042678590201880797e+04 1.101543869828882271e+04 2.169310000000000400e+03 0.000000000000000000e+00 1.361194489995315449e+00 6.099999999999999867e-02
1.878700400000000000e+07 1.000000000000000000e+00 6.500000000000000000e+01 1.042054690201880658e+04 1.097312869828882322e+04 2.170200000000000728e+03 0.000000000000000000e+00 7.778775522704560963e+00 4.169999999999999818e-01
1.878700400000000000e+07 1.000000000000000000e+00 6.500000000000000000e+01 1.042054690201880658e+04 1.097312869828882322e+04 2.170200000000000728e+03 0.000000000000000000e+00 7.778775522704560963e+00 7.084489999999999732e+00
1.967566300000000000e+07 1.000000000000000000e+00 6.600000000000000000e+01 1.038038490201880632e+04 1.129331869828882191e+04 2.048960000000000036e+03 0.000000000000000000e+00 6.737427135449745030e+00 9.199999999999999845e-02
1.967566300000000000e+07 1.000000000000000000e+00 6.600000000000000000e+01 1.038038390201880611e+04 1.129333869828882234e+04 2.048979999999999563e+03 0.000000000000000000e+00 6.709726919406673318e+00 4.169999999999999818e-01
1.967566300000000000e+07 1.000000000000000000e+00 6.600000000000000000e+01 1.038034990201880646e+04 1.129361869828882300e+04 2.049029999999999745e+03 0.000000000000000000e+00 6.497085364797533735e+00 1.000000000000000000e+01
1.967566300000000000e+07 1.000000000000000000e+00 6.600000000000000000e+01 1.038034990201880646e+04 1.129361869828882300e+04 2.049029999999999745e+03 0.000000000000000000e+00 6.497085364797533735e+00 4.328689999999999927e+00
1.423670900000000000e+07 1.000000000000000000e+00 6.500000000000000000e+01 1.043370190201880541e+04 1.212574569828882341e+04 1.890280000000000655e+03 0.000000000000000000e+00 5.872451727313031000e+00 1.339000000000000057e+01
1.423670800000000000e+07 1.000000000000000000e+00 6.500000000000000000e+01 1.043236990201880690e+04 1.212213069828882362e+04 1.887339999999999236e+03 0.000000000000000000e+00 1.323052998898535337e+00 1.339000000000000057e+01
1.423662500000000000e+07 1.000000000000000000e+00 6.600000000000000000e+01 1.044037790201880671e+04 1.210505069828882188e+04 1.879649999999999636e+03 0.000000000000000000e+00 5.432422668777712182e+00 1.124000000000000021e+01
1.423662500000000000e+07 1.000000000000000000e+00 6.600000000000000000e+01 1.044037790201880671e+04 1.210505069828882188e+04 1.879649999999999636e+03 0.000000000000000000e+00 5.432422668777712182e+00 1.606579999999999897e+00
1.423670900000000000e+07 1.000000000000000000e+00 6.500000000000000000e+01 1.043370190201880541e+04 1.212574569828882341e+04 1.890280000000000655e+03 0.000000000000000000e+00 5.872451727313031000e+00 2.484259999999999913e+00
1.423670900000000000e+07 1.000000000000000000e+00 6.500000000000000000e+01 1.043487190201880730e+04 1.213200869828882423e+04 1.891220000000000255e+03 0.000000000000000000e+00 7.609000656771218729e+00 6.099999999999999867e-02
1.423671400000000000e+07 1.000000000000000000e+00 6.600000000000000000e+01 1.044249990201880792e+04 1.213979269828882389e+04 1.879400000000000546e+03 0.000000000000000000e+00 4.877857038063521777e+00 1.000000000000000021e-02
1.423671400000000000e+07 1.000000000000000000e+00 6.600000000000000000e+01 1.044230390201880618e+04 1.213959169828882295e+04 1.878059999999999491e+03 0.000000000000000000e+00 4.095677206554046990e+00 2.400000000000000050e-02
1.423671300000000000e+07 0.000000000000000000e+00 6.500000000000000000e+01 1.043381290201880620e+04 1.213580069828882188e+04 1.873439999999999600e+03 0.000000000000000000e+00 1.082144939021779662e+00 2.400000000000000050e-02
1.423671200000000000e+07 0.000000000000000000e+00 6.500000000000000000e+01 1.042925090201880630e+04 1.213550769828882403e+04 1.875109999999999673e+03 0.000000000000000000e+00 1.195917819368890633e+00 9.199999999999999845e-02
1.423671800000000000e+07 1.000000000000000000e+00 6.600000000000000000e+01 1.042700890201880611e+04 1.214524569828882341e+04 1.864779999999999745e+03 0.000000000000000000e+00 6.684302235258734459e-01 2.400000000000000050e-02
1.423580200000000000e+07 0.000000000000000000e+00 6.600000000000000000e+01 1.041761490201880588e+04 1.215498269828882258e+04 1.859929999999999382e+03 0.000000000000000000e+00 4.600429091972979556e+00 9.199999999999999845e-02
1.423672200000000000e+07 1.000000000000000000e+00 6.500000000000000000e+01 1.042360390201880728e+04 1.216447469828882276e+04 1.855750000000000000e+03 0.000000000000000000e+00 4.328476581480305896e+00 9.199999999999999845e-02
1.423672700000000000e+07 1.000000000000000000e+00 6.600000000000000000e+01 1.042075590201880550e+04 1.216917669828882208e+04 1.853630000000000109e+03 0.000000000000000000e+00 4.885900217082795649e+00 2.400000000000000050e-02
1.423677400000000000e+07 1.000000000000000000e+00 6.600000000000000000e+01 1.039607990201880602e+04 1.217486869828882300e+04 1.859869999999999891e+03 0.000000000000000000e+00 4.992167822589597570e+00 9.199999999999999845e-02
1.423677700000000000e+07 1.000000000000000000e+00 6.500000000000000000e+01 1.039485490201880748e+04 1.217439169828882223e+04 1.863529999999999745e+03 0.000000000000000000e+00 5.911243521184854188e+00 6.099999999999999867e-02
1.423677800000000000e+07 1.000000000000000000e+00 6.500000000000000000e+01 1.039398890201880567e+04 1.217762369828882220e+04 1.871610000000000582e+03 0.000000000000000000e+00 3.802554144921538981e+00 4.169999999999999818e-01
1.423677800000000000e+07 1.000000000000000000e+00 6.500000000000000000e+01 1.038708590201880725e+04 1.217412069828882341e+04 1.871890000000000327e+03 0.000000000000000000e+00 6.052574487252478264e+00 2.400000000000000050e-02
1.423677800000000000e+07 1.000000000000000000e+00 6.500000000000000000e+01 1.038027690201880614e+04 1.217756569828882311e+04 1.871670000000000073e+03 0.000000000000000000e+00 4.691360640913594615e+00 2.400000000000000050e-02
1.423677900000000000e+07 1.000000000000000000e+00 6.500000000000000000e+01 1.037798190201880789e+04 1.218119969828882313e+04 1.873920000000000073e+03 0.000000000000000000e+00 1.501837490019647392e+00 4.169999999999999818e-01
1.423677900000000000e+07 1.000000000000000000e+00 6.500000000000000000e+01 1.037949790201880751e+04 1.217920669828882274e+04 1.875769999999999527e+03 0.000000000000000000e+00 2.845202450939328109e+00 4.169999999999999818e-01
1.423678800000000000e+07 1.000000000000000000e+00 6.500000000000000000e+01 1.038689590201880674e+04 1.219457169828882252e+04 1.898130000000000109e+03 0.000000000000000000e+00 7.214502101682315427e+00 9.199999999999999845e-02
1.423579000000000000e+07 0.000000000000000000e+00 6.500000000000000000e+01 1.038236790201880649e+04 1.214301469828882182e+04 1.891489999999999782e+03 0.000000000000000000e+00 1.208550746985122437e+00 9.199999999999999845e-02
1.423579100000000000e+07 1.000000000000000000e+00 6.600000000000000000e+01 1.039431090201880579e+04 1.213470469828882415e+04 1.880659999999999854e+03 0.000000000000000000e+00 4.404650656319917701e+00 9.199999999999999845e-02
1.423578900000000000e+07 1.000000000000000000e+00 6.600000000000000000e+01 1.038011790201880649e+04 1.214024869828882220e+04 1.884939999999999600e+03 0.000000000000000000e+00 2.002829917558437423e+00 9.199999999999999845e-02
1.423578700000000000e+07 0.000000000000000000e+00 6.600000000000000000e+01 1.037345990201880704e+04 1.213324769828882199e+04 1.888060000000000400e+03 0.000000000000000000e+00 3.663264458164224635e+00 2.400000000000000050e-02
1.423578600000000000e+07 0.000000000000000000e+00 6.500000000000000000e+01 1.037166990201880617e+04 1.213664669828882325e+04 1.895300000000000182e+03 0.000000000000000000e+00 2.023747244922616151e+00 6.099999999999999867e-02
1.423578700000000000e+07 0.000000000000000000e+00 6.600000000000000000e+01 1.037285090201880666e+04 1.213825069828882260e+04 1.889779999999999745e+03 0.000000000000000000e+00 9.522201904348585044e-01 9.199999999999999845e-02
1.423578700000000000e+07 0.000000000000000000e+00 6.500000000000000000e+01 1.037942690201880760e+04 1.213483269828882294e+04 1.895049999999999272e+03 0.000000000000000000e+00 1.961120380537602736e+00 9.199999999999999845e-02
1.423577200000000000e+07 1.000000000000000000e+00 6.500000000000000000e+01 1.034743690201880599e+04 1.212320769828882294e+04 1.870210000000000036e+03 0.000000000000000000e+00 9.936392917116577905e+00 9.199999999999999845e-02
1.423577200000000000e+07 1.000000000000000000e+00 6.500000000000000000e+01 1.034764090201880754e+04 1.212094069828882311e+04 1.870660000000000764e+03 0.000000000000000000e+00 7.820921172436387181e+00 4.169999999999999818e-01
1.423668000000000000e+07 1.000000000000000000e+00 6.500000000000000000e+01 1.035098890201880567e+04 1.212075169828882281e+04 1.868520000000000437e+03 0.000000000000000000e+00 7.783837636842117824e+00 9.199999999999999845e-02
1.423577200000000000e+07 1.000000000000000000e+00 6.500000000000000000e+01 1.034734490201880544e+04 1.212427169828882325e+04 1.872539999999999964e+03 0.000000000000000000e+00 9.986531259175457365e+00 4.169999999999999818e-01
1.423577700000000000e+07 1.000000000000000000e+00 6.600000000000000000e+01 1.034795990201880704e+04 1.212516869828882409e+04 1.877070000000000618e+03 0.000000000000000000e+00 7.020327382089588397e+00 6.099999999999999867e-02
1.423668100000000000e+07 1.000000000000000000e+00 6.500000000000000000e+01 1.035743090201880659e+04 1.212788369828882423e+04 1.873680000000000291e+03 0.000000000000000000e+00 5.286412510272135989e+00 6.099999999999999867e-02
1.423681800000000000e+07 1.000000000000000000e+00 6.500000000000000000e+01 1.046355490201880639e+04 1.222250769828882403e+04 1.839400000000000546e+03 0.000000000000000000e+00 7.771403425622279926e+00 9.199999999999999845e-02
1.423681800000000000e+07 1.000000000000000000e+00 6.500000000000000000e+01 1.046375890201880611e+04 1.222107169828882252e+04 1.838199999999999818e+03 0.000000000000000000e+00 7.367641749022610043e+00 9.199999999999999845e-02
1.423681800000000000e+07 1.000000000000000000e+00 6.600000000000000000e+01 1.044397990201880748e+04 1.223937769828882301e+04 1.835510000000000218e+03 0.000000000000000000e+00 9.264534308904581739e-01 9.199999999999999845e-02
1.423681800000000000e+07 1.000000000000000000e+00 6.600000000000000000e+01 1.044494990201880682e+04 1.223894769828882272e+04 1.835410000000000764e+03 0.000000000000000000e+00 1.155119624846461912e+00 6.099999999999999867e-02
1.423681800000000000e+07 1.000000000000000000e+00 6.600000000000000000e+01 1.044512090201880710e+04 1.223887769828882301e+04 1.835400000000000546e+03 0.000000000000000000e+00 1.280372398055750427e+00 2.400000000000000050e-02
1.423681900000000000e+07 1.000000000000000000e+00 6.600000000000000000e+01 1.044125390201880691e+04 1.223545969828882335e+04 1.835390000000000327e+03 0.000000000000000000e+00 1.588748518733757331e+00 9.199999999999999845e-02
1.423681400000000000e+07 1.000000000000000000e+00 6.500000000000000000e+01 1.043099790201880751e+04 1.223999369828882300e+04 1.844590000000000146e+03 0.000000000000000000e+00 3.614350957231110772e+00 9.199999999999999845e-02
1.423769000000000000e+07 1.000000000000000000e+00 6.600000000000000000e+01 1.040987890201880691e+04 1.223654169828882368e+04 1.841019999999999527e+03 0.000000000000000000e+00 6.008083905499264077e+00 6.099999999999999867e-02
1.423776900000000000e+07 1.000000000000000000e+00 6.500000000000000000e+01 1.038343790201880620e+04 1.224049269828882279e+04 1.832090000000000146e+03 0.000000000000000000e+00 8.295760389538751056e+00 9.199999999999999845e-02
1.423776900000000000e+07 1.000000000000000000e+00 6.500000000000000000e+01 1.038422590201880666e+04 1.224370769828882294e+04 1.834720000000000255e+03 0.000000000000000000e+00 4.673340541776105361e+00 9.199999999999999845e-02
1.423777500000000000e+07 1.000000000000000000e+00 6.600000000000000000e+01 1.036769190201880701e+04 1.223260469828882196e+04 1.859020000000000437e+03 0.000000000000000000e+00 8.179085476297304425e+00 2.400000000000000050e-02
1.423777500000000000e+07 1.000000000000000000e+00 6.600000000000000000e+01 1.036965690201880716e+04 1.222881369828882271e+04 1.865789999999999964e+03 0.000000000000000000e+00 8.511715593030189098e+00 9.199999999999999845e-02
1.423777500000000000e+07 1.000000000000000000e+00 6.600000000000000000e+01 1.036883590201880725e+04 1.222909169828882295e+04 1.866159999999999854e+03 0.000000000000000000e+00 8.767844774277889996e+00 2.039999999999999869e-01
1.423685900000000000e+07 1.000000000000000000e+00 6.600000000000000000e+01 1.036005290201880780e+04 1.222247169828882397e+04 1.856369999999999891e+03 0.000000000000000000e+00 9.532503388130766808e+00 8.349999999999999645e-01
1.423685700000000000e+07 1.000000000000000000e+00 6.600000000000000000e+01 1.034773690201880709e+04 1.220875269828882301e+04 1.854639999999999418e+03 0.000000000000000000e+00 1.250657154745959510e+00 6.099999999999999867e-02
1.423685700000000000e+07 1.000000000000000000e+00 6.600000000000000000e+01 1.034488890201880713e+04 1.220852869828882285e+04 1.852620000000000800e+03 0.000000000000000000e+00 3.155514222404975033e+00 9.199999999999999845e-02
1.423685800000000000e+07 1.000000000000000000e+00 6.600000000000000000e+01 1.034381690201880701e+04 1.221547669828882317e+04 1.847920000000000073e+03 0.000000000000000000e+00 9.441958713907702361e+00 2.400000000000000050e-02
1.423686200000000000e+07 1.000000000000000000e+00 6.500000000000000000e+01 1.033602090201880674e+04 1.222165269828882265e+04 1.870870000000000800e+03 0.000000000000000000e+00 7.748804285025590488e+00 4.169999999999999818e-01
1.423686200000000000e+07 1.000000000000000000e+00 6.500000000000000000e+01 1.034234890201880626e+04 1.221678469828882226e+04 1.874249999999999091e+03 0.000000000000000000e+00 9.527438668442245184e-01 6.099999999999999867e-02
1.423686200000000000e+07 1.000000000000000000e+00 6.500000000000000000e+01 1.034335590201880768e+04 1.221337669828882281e+04 1.877449999999999818e+03 0.000000000000000000e+00 3.942775137218753834e+00 9.199999999999999845e-02
1.423686500000000000e+07 1.000000000000000000e+00 6.600000000000000000e+01 1.034407490201880682e+04 1.221106269828882432e+04 1.882550000000000182e+03 0.000000000000000000e+00 3.830572928853599457e+00 9.199999999999999845e-02
1.423771900000000000e+07 1.000000000000000000e+00 6.500000000000000000e+01 1.048023490201880668e+04 1.224171669828882295e+04 1.854159999999999854e+03 0.000000000000000000e+00 4.718533606991988094e+00 9.199999999999999845e-02
1.423771900000000000e+07 1.000000000000000000e+00 6.500000000000000000e+01 1.048449190201880629e+04 1.223919369828882191e+04 1.849619999999999891e+03 0.000000000000000000e+00 8.463915182882747246e+00 1.078999999999999915e+01
1.423771900000000000e+07 1.000000000000000000e+00 6.500000000000000000e+01 1.048449190201880629e+04 1.223919369828882191e+04 1.849619999999999891e+03 0.000000000000000000e+00 8.463915182882747246e+00 5.175489999999999924e+00
1.423771800000000000e+07 1.000000000000000000e+00 6.500000000000000000e+01 1.047482890201880582e+04 1.224091269828882287e+04 1.848250000000000000e+03 0.000000000000000000e+00 1.569575090615137336e+00 9.199999999999999845e-02
1.423772000000000000e+07 1.000000000000000000e+00 6.500000000000000000e+01 1.047157390201880662e+04 1.224873869828882380e+04 1.855899999999999636e+03 0.000000000000000000e+00 1.975269832439378259e+00 2.400000000000000050e-02
1.423772100000000000e+07 1.000000000000000000e+00 6.500000000000000000e+01 1.046995390201880582e+04 1.226095069828882333e+04 1.860369999999999891e+03 0.000000000000000000e+00 6.831216820025967529e+00 6.099999999999999867e-02
1.423772100000000000e+07 1.000000000000000000e+00 6.500000000000000000e+01 1.047105990201880559e+04 1.226219769828882272e+04 1.860479999999999563e+03 0.000000000000000000e+00 8.245799478529534099e+00 6.099999999999999867e-02
1.423772100000000000e+07 1.000000000000000000e+00 6.500000000000000000e+01 1.047125590201880550e+04 1.226205269828882228e+04 1.860390000000000327e+03 0.000000000000000000e+00 8.138923929348761632e+00 9.199999999999999845e-02
1.423772100000000000e+07 1.000000000000000000e+00 6.500000000000000000e+01 1.047718490201880559e+04 1.225864269828882243e+04 1.857360000000000582e+03 0.000000000000000000e+00 9.259758146785094013e+00 9.199999999999999845e-02
1.423772100000000000e+07 1.000000000000000000e+00 6.500000000000000000e+01 1.047760190201880687e+04 1.225920869828882314e+04 1.857010000000000218e+03 0.000000000000000000e+00 9.961209268136739681e+00 1.339000000000000057e+01
1.423772100000000000e+07 1.000000000000000000e+00 6.500000000000000000e+01 1.047760190201880687e+04 1.225920869828882314e+04 1.857010000000000218e+03 0.000000000000000000e+00 9.961209268136739681e+00 4.178009999999999557e+00
1.423772100000000000e+07 1.000000000000000000e+00 6.500000000000000000e+01 1.047760190201880687e+04 1.225920869828882314e+04 1.857010000000000218e+03 0.000000000000000000e+00 9.961209268136739681e+00 3.172950000000000159e+00
1.423872400000000000e+07 1.000000000000000000e+00 6.600000000000000000e+01 1.048119990201880682e+04 1.237255939828882401e+04 1.765949999999999818e+03 0.000000000000000000e+00 9.870838626069661004e+00 4.169999999999999818e-01
1.423864300000000000e+07 1.000000000000000000e+00 6.500000000000000000e+01 1.047341390201880677e+04 1.236610869828882278e+04 1.753479999999999563e+03 0.000000000000000000e+00 6.223239188518127740e+00 9.199999999999999845e-02
1.423872200000000000e+07 1.000000000000000000e+00 6.600000000000000000e+01 1.046007790201880562e+04 1.235768869828882271e+04 1.756199999999999818e+03 0.000000000000000000e+00 9.943525944304388631e+00 9.199999999999999845e-02
1.423870600000000000e+07 1.000000000000000000e+00 6.500000000000000000e+01 1.045341390201880677e+04 1.231543869828882271e+04 1.760800000000000182e+03 0.000000000000000000e+00 3.365060100291634715e+00 9.199999999999999845e-02
1.423870700000000000e+07 1.000000000000000000e+00 6.500000000000000000e+01 1.045123890201880567e+04 1.232296769828882316e+04 1.753039999999999964e+03 0.000000000000000000e+00 9.316145403694751082e+00 2.400000000000000050e-02
1.423870700000000000e+07 1.000000000000000000e+00 6.500000000000000000e+01 1.046236890201880669e+04 1.232582469828882313e+04 1.755190000000000509e+03 0.000000000000000000e+00 5.636216678270725033e+00 4.169999999999999818e-01
1.423870700000000000e+07 1.000000000000000000e+00 6.500000000000000000e+01 1.046098090201880768e+04 1.232405069828882188e+04 1.757949999999999818e+03 0.000000000000000000e+00 2.439302464122329095e+00 4.169999999999999818e-01
1.423870900000000000e+07 1.000000000000000000e+00 6.500000000000000000e+01 1.046863390201880611e+04 1.231776469828882182e+04 1.761510000000000218e+03 0.000000000000000000e+00 1.309980451663703693e+00 2.400000000000000050e-02
1.423871400000000000e+07 0.000000000000000000e+00 6.600000000000000000e+01 1.046961490201880588e+04 1.232967069828882268e+04 1.770840000000000146e+03 0.000000000000000000e+00 2.117703381448123867e+00 2.400000000000000050e-02
1.423871400000000000e+07 0.000000000000000000e+00 6.600000000000000000e+01 1.046927390201880553e+04 1.233101869828882263e+04 1.769389999999999418e+03 0.000000000000000000e+00 1.516978987621261155e+00 4.600000000000000200e-01
1.423871600000000000e+07 1.000000000000000000e+00 6.500000000000000000e+01 1.046420090201880703e+04 1.233868469828882371e+04 1.755300000000000182e+03 0.000000000000000000e+00 9.204859798635830259e+00 4.169999999999999818e-01
1.423871400000000000e+07 1.000000000000000000e+00 6.600000000000000000e+01 1.046991690201880556e+04 1.233477269828882345e+04 1.757710000000000036e+03 0.000000000000000000e+00 4.077770407822627341e+00 9.199999999999999845e-02
1.423871300000000000e+07 1.000000000000000000e+00 6.600000000000000000e+01 1.047055190201880760e+04 1.233412569828882260e+04 1.755860000000000582e+03 0.000000000000000000e+00 5.014736555063490364e+00 9.199999999999999845e-02
1.423871300000000000e+07 1.000000000000000000e+00 6.600000000000000000e+01 1.047055190201880760e+04 1.233412569828882260e+04 1.755860000000000582e+03 0.000000000000000000e+00 5.014736555063490364e+00 7.379319999999999879e+00
8.340738000000000000e+06 1.000000000000000000e+00 6.500000000000000000e+01 1.047539890201880553e+04 1.263028869828882307e+04 7.298199999999997090e+02 0.000000000000000000e+00 7.624868161509454900e+00 9.199999999999999845e-02
3.120171200000000000e+07 0.000000000000000000e+00 6.500000000000000000e+01 1.030235090201880666e+04 1.157006069828882391e+04 3.823529999999999745e+03 1.000000000000000000e+00 2.197899557717922558e+00 1.770000000000000000e+02
