6.312646600000000000e+07 1.000000000000000000e+00 6.500000000000000000e+01 4.718130676967064574e+03 4.536479999999999563e+03 7.430691246506756215e+03 0.000000000000000000e+00 8.115069682905096116e+00 3.229999999999999716e+01
6.355990500000000000e+07 1.000000000000000000e+00 6.600000000000000000e+01 5.054906676967064413e+03 5.754390000000000327e+03 7.392102246506756273e+03 0.000000000000000000e+00 7.575555010940127509e+00 1.605000000000000071e+01
6.080513500000000000e+07 1.000000000000000000e+00 6.600000000000000000e+01 6.438067676967063562e+03 8.259031999999999243e+03 7.251676246506756797e+03 0.000000000000000000e+00 3.327303197776539712e+00 1.078999999999999915e+01
6.489863900000000000e+07 1.000000000000000000e+00 6.600000000000000000e+01 1.031756767696706447e+04 1.156540999999999985e+04 7.458305246506756703e+03 0.000000000000000000e+00 9.200806179742652802e+00 1.078999999999999915e+01
6.495825500000000000e+07 0.000000000000000000e+00 6.500000000000000000e+01 1.077029767696706404e+04 1.187270000000000073e+04 7.479118246506756805e+03 0.000000000000000000e+00 4.483955400881338704e+00 1.339000000000000057e+01
6.507337200000000000e+07 1.000000000000000000e+00 6.600000000000000000e+01 1.191093767696706345e+04 1.278400999999999840e+04 7.840620246506756303e+03 0.000000000000000000e+00 6.226350048792600234e+00 1.605000000000000071e+01
6.507249800000000000e+07 1.000000000000000000e+00 6.600000000000000000e+01 1.201676767696706520e+04 1.287209999999999854e+04 7.876043246506756986e+03 0.000000000000000000e+00 3.645719551433074024e+00 1.339000000000000057e+01
6.507249800000000000e+07 1.000000000000000000e+00 6.600000000000000000e+01 1.201676767696706520e+04 1.287209999999999854e+04 7.876043246506756986e+03 0.000000000000000000e+00 3.645719551433074024e+00 4.282029999999999781e+00
6.495825500000000000e+07 0.000000000000000000e+00 6.500000000000000000e+01 1.077088767696706418e+04 1.187297999999999956e+04 7.479239246506756899e+03 0.000000000000000000e+00 4.177521293251742485e+00 6.099999999999999867e-02
6.495825300000000000e+07 1.000000000000000000e+00 6.600000000000000000e+01 1.077034767696706695e+04 1.188213000000000102e+04 7.489844246506756463e+03 0.000000000000000000e+00 6.585537783913982146e+00 2.400000000000000050e-02
6.495825500000000000e+07 1.000000000000000000e+00 6.500000000000000000e+01 1.076872767696706433e+04 1.188220000000000073e+04 7.489004246506756317e+03 0.000000000000000000e+00 6.120630253180550540e+00 9.199999999999999845e-02
6.495817700000000000e+07 1.000000000000000000e+00 6.500000000000000000e+01 1.076084767696706695e+04 1.186572999999999956e+04 7.510319246506756826e+03 0.000000000000000000e+00 6.911807329746458173e+00 9.199999999999999845e-02
6.495817700000000000e+07 1.000000000000000000e+00 6.500000000000000000e+01 1.075571767696706593e+04 1.186622999999999956e+04 7.513967246506756965e+03 0.000000000000000000e+00 9.602056476403861396e+00 2.400000000000000050e-02
6.495818200000000000e+07 1.000000000000000000e+00 6.600000000000000000e+01 1.074792767696706505e+04 1.184789999999999964e+04 7.511842246506756965e+03 0.000000000000000000e+00 9.608060007257346768e+00 9.199999999999999845e-02
6.495817800000000000e+07 1.000000000000000000e+00 6.500000000000000000e+01 1.075780767696706607e+04 1.185761999999999898e+04 7.509331246506756543e+03 0.000000000000000000e+00 5.802558137417508810e+00 6.099999999999999867e-02
6.495817800000000000e+07 1.000000000000000000e+00 6.500000000000000000e+01 1.075852767696706360e+04 1.185707999999999993e+04 7.506028246506756659e+03 0.000000000000000000e+00 4.112505994149167954e+00 6.099999999999999867e-02
6.495818000000000000e+07 1.000000000000000000e+00 6.500000000000000000e+01 1.076776767696706520e+04 1.185259999999999854e+04 7.500232246506756383e+03 0.000000000000000000e+00 3.215431042622200586e+00 9.199999999999999845e-02
6.489863900000000000e+07 1.000000000000000000e+00 6.600000000000000000e+01 1.030760767696706534e+04 1.157206999999999971e+04 7.460204246506756135e+03 0.000000000000000000e+00 2.334768566782603472e+00 1.078999999999999915e+01
6.489864000000000000e+07 0.000000000000000000e+00 6.500000000000000000e+01 1.030967767696706505e+04 1.157904999999999927e+04 7.469191246506756215e+03 0.000000000000000000e+00 4.802141463649359787e-01 2.400000000000000050e-02
6.489863900000000000e+07 1.000000000000000000e+00 6.500000000000000000e+01 1.030629767696706404e+04 1.158857999999999993e+04 7.472302246506757001e+03 0.000000000000000000e+00 1.164199157158584130e+00 6.099999999999999867e-02
6.489863900000000000e+07 1.000000000000000000e+00 6.500000000000000000e+01 1.030615767696706462e+04 1.159076000000000022e+04 7.472814246506756717e+03 0.000000000000000000e+00 3.014023277686077584e+00 6.099999999999999867e-02
6.489710900000000000e+07 1.000000000000000000e+00 6.500000000000000000e+01 1.029428767696706564e+04 1.159738000000000102e+04 7.471872246506756710e+03 0.000000000000000000e+00 7.056217715380354250e+00 1.339000000000000057e+01
6.489710900000000000e+07 1.000000000000000000e+00 6.500000000000000000e+01 1.029367767696706505e+04 1.159667000000000007e+04 7.469603246506756477e+03 0.000000000000000000e+00 9.462458406744813644e+00 6.099999999999999867e-02
6.489711500000000000e+07 1.000000000000000000e+00 6.600000000000000000e+01 1.030901767696706520e+04 1.160310000000000036e+04 7.470166246506756579e+03 0.000000000000000000e+00 4.075970583367435118e+00 9.199999999999999845e-02
6.489711000000000000e+07 1.000000000000000000e+00 6.500000000000000000e+01 1.030858767696706491e+04 1.159339999999999964e+04 7.476351246506756979e+03 0.000000000000000000e+00 1.554453406343652144e+00 2.400000000000000050e-02
6.489710700000000000e+07 0.000000000000000000e+00 6.600000000000000000e+01 1.031404767696706404e+04 1.158335000000000036e+04 7.483656246506756361e+03 0.000000000000000000e+00 2.568565066188043033e+00 2.400000000000000050e-02
6.489864100000000000e+07 1.000000000000000000e+00 6.500000000000000000e+01 1.031405767696706607e+04 1.157818000000000029e+04 7.478314246506756717e+03 0.000000000000000000e+00 3.082462393629768815e+00 6.099999999999999867e-02
6.489710300000000000e+07 1.000000000000000000e+00 6.500000000000000000e+01 1.031694767696706549e+04 1.157697999999999956e+04 7.483053246506756295e+03 0.000000000000000000e+00 3.489929812467104764e+00 2.400000000000000050e-02
6.489710400000000000e+07 1.000000000000000000e+00 6.500000000000000000e+01 1.031824767696706476e+04 1.157802000000000044e+04 7.485273246506756550e+03 0.000000000000000000e+00 4.056083395569230809e+00 2.400000000000000050e-02
6.489702300000000000e+07 1.000000000000000000e+00 6.600000000000000000e+01 1.031378767696706564e+04 1.157386000000000058e+04 7.493162246506756674e+03 0.000000000000000000e+00 4.563055692130828511e+00 9.199999999999999845e-02
6.489702300000000000e+07 1.000000000000000000e+00 6.600000000000000000e+01 1.031494767696706549e+04 1.157036000000000058e+04 7.497280246506756157e+03 0.000000000000000000e+00 3.546594992767337029e+00 1.078999999999999915e+01
6.489702300000000000e+07 1.000000000000000000e+00 6.600000000000000000e+01 1.031494767696706549e+04 1.157036000000000058e+04 7.497280246506756157e+03 0.000000000000000000e+00 3.546594992767337029e+00 2.593500000000000139e+00
6.489702300000000000e+07 1.000000000000000000e+00 6.600000000000000000e+01 1.031494767696706549e+04 1.157036000000000058e+04 7.497280246506756157e+03 0.000000000000000000e+00 3.546594992767337029e+00 1.679999999999999938e+00
6.489710900000000000e+07 1.000000000000000000e+00 6.500000000000000000e+01 1.029428767696706564e+04 1.159738000000000102e+04 7.471872246506756710e+03 0.000000000000000000e+00 7.056217715380354250e+00 1.322389999999999954e+00
6.489863900000000000e+07 1.000000000000000000e+00 6.600000000000000000e+01 1.030760767696706534e+04 1.157206999999999971e+04 7.460204246506756135e+03 0.000000000000000000e+00 2.334768566782603472e+00 4.903970000000000162e+00
6.080613200000000000e+07 1.000000000000000000e+00 6.500000000000000000e+01 6.441987676967063635e+03 8.256530999999999040e+03 7.254340246506756557e+03 0.000000000000000000e+00 5.060523513366609549e+00 2.400000000000000050e-02
6.080513400000000000e+07 1.000000000000000000e+00 6.600000000000000000e+01 6.431567676967063562e+03 8.252322000000000116e+03 7.250873246506756914e+03 0.000000000000000000e+00 4.086045792185966086e+00 6.099999999999999867e-02
6.080513400000000000e+07 1.000000000000000000e+00 6.600000000000000000e+01 6.425667676967063926e+03 8.249701999999999316e+03 7.250867246506756601e+03 0.000000000000000000e+00 5.531396779244791340e+00 2.039999999999999869e-01
6.080604900000000000e+07 1.000000000000000000e+00 6.500000000000000000e+01 6.403727676967065236e+03 8.218494000000000597e+03 7.210919246506756281e+03 0.000000000000000000e+00 3.944875751802450647e+00 9.199999999999999845e-02
6.080604900000000000e+07 1.000000000000000000e+00 6.500000000000000000e+01 6.400847676967064217e+03 8.214136000000000422e+03 7.210091246506756761e+03 0.000000000000000000e+00 5.438570907240642072e+00 2.400000000000000050e-02
6.080604800000000000e+07 1.000000000000000000e+00 6.500000000000000000e+01 6.404657676967063708e+03 8.208379999999999200e+03 7.202410246506756266e+03 0.000000000000000000e+00 5.488022626141034976e+00 9.199999999999999845e-02
6.080605200000000000e+07 0.000000000000000000e+00 6.600000000000000000e+01 6.411717676967065017e+03 8.208805000000000291e+03 7.202398246506756550e+03 0.000000000000000000e+00 3.921703616437062223e+00 6.099999999999999867e-02
6.080605500000000000e+07 0.000000000000000000e+00 6.500000000000000000e+01 6.422707676967064799e+03 8.209658999999999651e+03 7.204362246506756492e+03 0.000000000000000000e+00 2.687923964288573941e+00 6.099999999999999867e-02
6.080605300000000000e+07 0.000000000000000000e+00 6.600000000000000000e+01 6.419807676967065163e+03 8.210101000000000568e+03 7.203889246506756535e+03 0.000000000000000000e+00 1.703632475906264210e+00 9.199999999999999845e-02
6.080605300000000000e+07 0.000000000000000000e+00 6.600000000000000000e+01 6.419867676967064654e+03 8.210209000000000742e+03 7.203642246506756237e+03 0.000000000000000000e+00 1.948682343193221422e+00 4.169999999999999818e-01
6.080605200000000000e+07 1.000000000000000000e+00 6.600000000000000000e+01 6.420367676967064654e+03 8.211129999999999200e+03 7.201579246506757045e+03 0.000000000000000000e+00 1.070979118460172685e+00 9.199999999999999845e-02
6.080605400000000000e+07 1.000000000000000000e+00 6.500000000000000000e+01 6.423397676967065308e+03 8.214489999999999782e+03 7.205650246506756957e+03 0.000000000000000000e+00 3.517807106849788035e+00 6.099999999999999867e-02
6.080515700000000000e+07 1.000000000000000000e+00 6.500000000000000000e+01 6.438117676967064654e+03 8.197134000000000015e+03 7.180150246506756957e+03 0.000000000000000000e+00 1.855587898394684521e+00 5.000000000000000000e-01
6.080606700000000000e+07 0.000000000000000000e+00 6.500000000000000000e+01 6.447487676967065454e+03 8.185716999999999643e+03 7.181177246506757001e+03 0.000000000000000000e+00 1.126515224439016194e+00 9.199999999999999845e-02
6.080515600000000000e+07 1.000000000000000000e+00 6.600000000000000000e+01 6.462127676967064872e+03 8.196546000000000276e+03 7.185734246506756790e+03 0.000000000000000000e+00 5.270402999728945659e+00 9.199999999999999845e-02
6.080614800000000000e+07 1.000000000000000000e+00 6.500000000000000000e+01 6.460477676967063417e+03 8.201280999999999040e+03 7.197465246506756557e+03 0.000000000000000000e+00 9.491469277343393962e-01 2.400000000000000050e-02
6.080614800000000000e+07 1.000000000000000000e+00 6.500000000000000000e+01 6.457567676967063562e+03 8.198880999999999403e+03 7.196007246506756928e+03 0.000000000000000000e+00 4.075238536382661536e+00 2.400000000000000050e-02
6.080614800000000000e+07 1.000000000000000000e+00 6.500000000000000000e+01 6.459237676967063635e+03 8.195575000000000728e+03 7.197794246506756281e+03 0.000000000000000000e+00 5.469566784814911209e+00 4.169999999999999818e-01
6.080606800000000000e+07 1.000000000000000000e+00 6.600000000000000000e+01 6.454867676967064654e+03 8.194798999999999069e+03 7.187660246506756266e+03 0.000000000000000000e+00 1.922782396690871032e+00 2.400000000000000050e-02
6.080607000000000000e+07 1.000000000000000000e+00 6.600000000000000000e+01 6.455317676967063562e+03 8.193980999999999767e+03 7.181189246506756717e+03 0.000000000000000000e+00 1.445061189904054411e+00 2.400000000000000050e-02
6.080606900000000000e+07 1.000000000000000000e+00 6.600000000000000000e+01 6.459857676967064435e+03 8.192337999999999738e+03 7.182443246506756623e+03 0.000000000000000000e+00 1.547893902665640420e+00 4.169999999999999818e-01
6.080606900000000000e+07 1.000000000000000000e+00 6.600000000000000000e+01 6.459857676967064435e+03 8.192337999999999738e+03 7.182443246506756623e+03 0.000000000000000000e+00 1.547893902665640420e+00 7.120809999999999640e+00
6.355990500000000000e+07 1.000000000000000000e+00 6.600000000000000000e+01 5.054906676967064413e+03 5.754390000000000327e+03 7.392102246506756273e+03 0.000000000000000000e+00 7.575555010940127509e+00 2.530640000000000001e+00
6.312637200000000000e+07 1.000000000000000000e+00 6.500000000000000000e+01 4.713188676967064566e+03 4.557110000000000582e+03 7.416871246506756506e+03 0.000000000000000000e+00 1.191716876834159278e+00 1.078999999999999915e+01
6.312637000000000000e+07 0.000000000000000000e+00 6.500000000000000000e+01 4.715945676967064173e+03 4.567569999999999709e+03 7.409253246506756113e+03 0.000000000000000000e+00 1.964857552350980807e+00 2.400000000000000050e-02
6.312637200000000000e+07 0.000000000000000000e+00 6.500000000000000000e+01 4.718259676967064479e+03 4.559630000000000109e+03 7.412546246506756688e+03 0.000000000000000000e+00 1.325404366860249317e+00 9.199999999999999845e-02
6.312637700000000000e+07 1.000000000000000000e+00 6.600000000000000000e+01 4.721182676967064253e+03 4.549079999999999927e+03 7.429075246506756230e+03 0.000000000000000000e+00 8.211999543156519366e+00 2.400000000000000050e-02
6.312638000000000000e+07 1.000000000000000000e+00 6.500000000000000000e+01 4.737647676967064399e+03 4.551649999999999636e+03 7.421911246506756470e+03 0.000000000000000000e+00 3.579120615813662365e+00 4.169999999999999818e-01
6.312638200000000000e+07 1.000000000000000000e+00 6.500000000000000000e+01 4.727076676967064486e+03 4.538600000000000364e+03 7.420886246506756834e+03 0.000000000000000000e+00 1.099470224640951566e+00 2.400000000000000050e-02
6.312637800000000000e+07 1.000000000000000000e+00 6.600000000000000000e+01 4.716572676967064581e+03 4.543720000000000255e+03 7.417272246506756346e+03 0.000000000000000000e+00 6.210391486007552864e+00 9.199999999999999845e-02
6.312637300000000000e+07 1.000000000000000000e+00 6.500000000000000000e+01 4.713998676967064057e+03 4.550909999999999854e+03 7.409289246506756172e+03 0.000000000000000000e+00 5.348461766311382704e+00 9.199999999999999845e-02
6.312637300000000000e+07 1.000000000000000000e+00 6.500000000000000000e+01 4.717756676967064777e+03 4.551159999999999854e+03 7.410626246506756615e+03 0.000000000000000000e+00 2.431949322557827475e+00 9.199999999999999845e-02
6.312636600000000000e+07 1.000000000000000000e+00 6.500000000000000000e+01 4.712321676967064377e+03 4.565659999999999854e+03 7.400465246506756557e+03 0.000000000000000000e+00 1.603520299001972793e+00 1.078999999999999915e+01
6.312636600000000000e+07 1.000000000000000000e+00 6.500000000000000000e+01 4.712321676967064377e+03 4.565659999999999854e+03 7.400465246506756557e+03 0.000000000000000000e+00 1.603520299001972793e+00 5.140270000000000117e+00
6.312636600000000000e+07 1.000000000000000000e+00 6.500000000000000000e+01 4.712321676967064377e+03 4.565659999999999854e+03 7.400465246506756557e+03 0.000000000000000000e+00 1.603520299001972793e+00 2.939630000000000187e+00
6.312637200000000000e+07 1.000000000000000000e+00 6.500000000000000000e+01 4.713188676967064566e+03 4.557110000000000582e+03 7.416871246506756506e+03 0.000000000000000000e+00 1.191716876834159278e+00 4.252939999999999721e+00
7.484891800000000000e+07 0.000000000000000000e+00 6.500000000000000000e+01 4.438790676967064428e+03 6.840565999999999804e+03 8.758569246506756826e+03 1.000000000000000000e+00 1.295241419566623975e+00 1.090000000000000000e+02
7.484891600000000000e+07 0.000000000000000000e+00 6.600000000000000000e+01 4.439411676967064523e+03 6.841376000000000204e+03 8.746389246506756535e+03 1.000000000000000000e+00 1.676263823894505123e+00 1.090000000000000000e+02
7.484746600000000000e+07 0.000000000000000000e+00 6.600000000000000000e+01 4.449759676967064479e+03 6.830851999999999862e+03 8.753079246506757045e+03 1.000000000000000000e+00 1.135662079396549506e+00 1.090000000000000000e+02
7.484746400000000000e+07 1.000000000000000000e+00 6.500000000000000000e+01 4.440606676967064232e+03 6.825934000000000196e+03 8.750979246506756681e+03 1.000000000000000000e+00 2.459004861071704962e-01 1.090000000000000000e+02
7.484891600000000000e+07 0.000000000000000000e+00 6.500000000000000000e+01 4.443575676967064283e+03 6.835685999999999694e+03 8.746439246506755808e+03 1.000000000000000000e+00 1.082343867037771190e+00 1.090000000000000000e+02
7.484757400000000000e+07 1.000000000000000000e+00 6.600000000000000000e+01 4.460279676967064916e+03 6.853228000000000065e+03 8.745469246506756463e+03 1.000000000000000000e+00 8.232884001499966020e-01 1.090000000000000000e+02
7.484890000000000000e+07 0.000000000000000000e+00 6.600000000000000000e+01 4.459064676967064770e+03 6.851088999999999942e+03 8.696108246506755677e+03 1.000000000000000000e+00 2.633231135602775552e+00 1.090000000000000000e+02
