2.032238000000000000e+06 1.000000000000000000e+00 6.600000000000000000e+01 4.672110767940785991e+03 1.050115760029601552e+04 4.340999999999985448e+01 0.000000000000000000e+00 7.172555885863627800e+00 1.078999999999999915e+01
2.030523000000000000e+06 1.000000000000000000e+00 6.500000000000000000e+01 4.669613377940785540e+03 1.050568534029601506e+04 1.662899999999999636e+02 0.000000000000000000e+00 2.329718409640464394e+00 3.229999999999999716e+01
1.493793600000000000e+07 1.000000000000000000e+00 6.500000000000000000e+01 5.014371767940786413e+03 1.043225030029601476e+04 1.893879999999999200e+03 0.000000000000000000e+00 6.387695226965973028e+00 1.339000000000000057e+01
2.058573800000000000e+07 1.000000000000000000e+00 6.500000000000000000e+01 5.271693767940785619e+03 1.000094060029601678e+04 2.490430000000000291e+03 0.000000000000000000e+00 9.877331618136228286e+00 1.078999999999999915e+01
2.058573900000000000e+07 1.000000000000000000e+00 6.500000000000000000e+01 5.275847767940786071e+03 9.998397600296015298e+03 2.499600000000000364e+03 0.000000000000000000e+00 4.843723459536415810e+00 1.078999999999999915e+01
3.037769200000000000e+07 0.000000000000000000e+00 6.500000000000000000e+01 5.104703767940785838e+03 8.534747600296015662e+03 3.475759999999999764e+03 0.000000000000000000e+00 3.822649900332104056e-01 1.078999999999999915e+01
3.037769200000000000e+07 1.000000000000000000e+00 6.500000000000000000e+01 5.105307767940786107e+03 8.536157600296015517e+03 3.471539999999999964e+03 0.000000000000000000e+00 7.054533107237296319e-01 1.078999999999999915e+01
3.037769100000000000e+07 0.000000000000000000e+00 6.500000000000000000e+01 5.104297767940785889e+03 8.530977600296015225e+03 3.470849999999999909e+03 0.000000000000000000e+00 2.982530042295012507e+00 3.229999999999999716e+01
3.037769000000000000e+07 0.000000000000000000e+00 6.600000000000000000e+01 5.103716767940785758e+03 8.528097600296016026e+03 3.470930000000000291e+03 0.000000000000000000e+00 2.483568568453838665e+00 1.078999999999999915e+01
3.037768900000000000e+07 0.000000000000000000e+00 6.600000000000000000e+01 5.103326767940786340e+03 8.527177600296015953e+03 3.470980000000000018e+03 0.000000000000000000e+00 2.093003478973126885e+00 1.078999999999999915e+01
3.037768900000000000e+07 0.000000000000000000e+00 6.600000000000000000e+01 5.101654767940785860e+03 8.525077600296015589e+03 3.472489999999999782e+03 0.000000000000000000e+00 1.482245092588768243e+00 1.339000000000000057e+01
3.037768900000000000e+07 0.000000000000000000e+00 6.600000000000000000e+01 5.101985767940785991e+03 8.524127600296014862e+03 3.472860000000000127e+03 0.000000000000000000e+00 1.901643549971490543e+00 1.078999999999999915e+01
3.037854000000000000e+07 1.000000000000000000e+00 6.500000000000000000e+01 5.111522767940786252e+03 8.511977600296015225e+03 3.482919999999999618e+03 0.000000000000000000e+00 5.996359219856640443e+00 9.199999999999999845e-02
3.037854300000000000e+07 1.000000000000000000e+00 6.600000000000000000e+01 5.115098767940786274e+03 8.504397600296015298e+03 3.493889999999999873e+03 0.000000000000000000e+00 2.301690428937507971e+00 4.169999999999999818e-01
3.037854000000000000e+07 0.000000000000000000e+00 6.500000000000000000e+01 5.117715767940785554e+03 8.508367600296016462e+03 3.491000000000000000e+03 0.000000000000000000e+00 1.815006169276835779e+00 4.169999999999999818e-01
3.037853900000000000e+07 1.000000000000000000e+00 6.500000000000000000e+01 5.109587767940785852e+03 8.505097600296016026e+03 3.490900000000000091e+03 0.000000000000000000e+00 4.970477055166942826e+00 4.169999999999999818e-01
3.037854000000000000e+07 1.000000000000000000e+00 6.500000000000000000e+01 5.111176767940785794e+03 8.511957600296016608e+03 3.487530000000000200e+03 0.000000000000000000e+00 2.510087581479385488e+00 9.199999999999999845e-02
3.037854100000000000e+07 1.000000000000000000e+00 6.500000000000000000e+01 5.117193767940785619e+03 8.516217600296015007e+03 3.489750000000000000e+03 0.000000000000000000e+00 3.273205357509878066e+00 9.199999999999999845e-02
3.037854100000000000e+07 1.000000000000000000e+00 6.500000000000000000e+01 5.118759767940786332e+03 8.518797600296016753e+03 3.491800000000000182e+03 0.000000000000000000e+00 3.635482189914607698e+00 9.199999999999999845e-02
3.037769200000000000e+07 1.000000000000000000e+00 6.600000000000000000e+01 5.117522767940786252e+03 8.529977600296015225e+03 3.494179999999999836e+03 0.000000000000000000e+00 9.686782509363062843e+00 2.400000000000000050e-02
3.037769400000000000e+07 0.000000000000000000e+00 6.500000000000000000e+01 5.116229767940785678e+03 8.538417600296015735e+03 3.483360000000000127e+03 0.000000000000000000e+00 3.852820490097809358e+00 4.169999999999999818e-01
3.037769300000000000e+07 1.000000000000000000e+00 6.600000000000000000e+01 5.111935767940785809e+03 8.535157600296015517e+03 3.485299999999999727e+03 0.000000000000000000e+00 8.454918961151921541e-01 2.400000000000000050e-02
3.037769300000000000e+07 1.000000000000000000e+00 6.600000000000000000e+01 5.107397767940786252e+03 8.535657600296015517e+03 3.487189999999999600e+03 0.000000000000000000e+00 1.846425378057732658e+00 9.199999999999999845e-02
3.037769400000000000e+07 1.000000000000000000e+00 6.600000000000000000e+01 5.100132767940785925e+03 8.532597600296016026e+03 3.487429999999999836e+03 0.000000000000000000e+00 4.984271715969668115e+00 2.039999999999999869e-01
3.037768800000000000e+07 1.000000000000000000e+00 6.500000000000000000e+01 5.104603767940786383e+03 8.523937600296016171e+03 3.484250000000000000e+03 0.000000000000000000e+00 2.078529591310097846e+00 9.199999999999999845e-02
3.037769100000000000e+07 0.000000000000000000e+00 6.600000000000000000e+01 5.107445767940786027e+03 8.528637600296015080e+03 3.481389999999999873e+03 0.000000000000000000e+00 3.612277997727412426e+00 9.199999999999999845e-02
3.037761300000000000e+07 0.000000000000000000e+00 6.500000000000000000e+01 5.111622767940785707e+03 8.531547600296016753e+03 3.468230000000000018e+03 0.000000000000000000e+00 1.703121638861216924e+00 6.099999999999999867e-02
3.037761600000000000e+07 1.000000000000000000e+00 6.600000000000000000e+01 5.124454767940786041e+03 8.533077600296015589e+03 3.466059999999999945e+03 0.000000000000000000e+00 2.408629696003200316e+00 9.199999999999999845e-02
3.037761600000000000e+07 1.000000000000000000e+00 6.600000000000000000e+01 5.119513767940786238e+03 8.529737600296015444e+03 3.464429999999999836e+03 0.000000000000000000e+00 1.320076111744173497e+00 1.078999999999999915e+01
3.037761600000000000e+07 1.000000000000000000e+00 6.600000000000000000e+01 5.119513767940786238e+03 8.529737600296015444e+03 3.464429999999999836e+03 0.000000000000000000e+00 1.320076111744173497e+00 1.294470000000000010e+00
3.037761600000000000e+07 1.000000000000000000e+00 6.600000000000000000e+01 5.119513767940786238e+03 8.529737600296015444e+03 3.464429999999999836e+03 0.000000000000000000e+00 1.320076111744173497e+00 9.379159999999999719e-01
3.037768900000000000e+07 0.000000000000000000e+00 6.600000000000000000e+01 5.101985767940785991e+03 8.524127600296014862e+03 3.472860000000000127e+03 0.000000000000000000e+00 1.901643549971490543e+00 7.387800000000000367e+00
3.037768800000000000e+07 1.000000000000000000e+00 6.600000000000000000e+01 5.094902767940786362e+03 8.519607600296014425e+03 3.461320000000000164e+03 0.000000000000000000e+00 3.445895925621865974e+00 1.078999999999999915e+01
3.037768800000000000e+07 1.000000000000000000e+00 6.600000000000000000e+01 5.094902767940786362e+03 8.519607600296014425e+03 3.461320000000000164e+03 0.000000000000000000e+00 3.445895925621865974e+00 4.964520000000000266e+00
3.037768800000000000e+07 1.000000000000000000e+00 6.600000000000000000e+01 5.094902767940786362e+03 8.519607600296014425e+03 3.461320000000000164e+03 0.000000000000000000e+00 3.445895925621865974e+00 9.695259999999999989e-01
3.037769100000000000e+07 0.000000000000000000e+00 6.500000000000000000e+01 5.099116767940786303e+03 8.532287600296014716e+03 3.472629999999999654e+03 0.000000000000000000e+00 4.408274292619873136e-01 9.199999999999999845e-02
3.037768900000000000e+07 0.000000000000000000e+00 6.600000000000000000e+01 5.099988767940785692e+03 8.523807600296015153e+03 3.470729999999999563e+03 0.000000000000000000e+00 1.682900238288626227e+00 6.099999999999999867e-02
3.037768300000000000e+07 1.000000000000000000e+00 6.500000000000000000e+01 5.096192767940786325e+03 8.510407600296015517e+03 3.457990000000000236e+03 0.000000000000000000e+00 8.824590564179395358e+00 6.099999999999999867e-02
3.037769000000000000e+07 0.000000000000000000e+00 6.600000000000000000e+01 5.103716767940785758e+03 8.528097600296016026e+03 3.470930000000000291e+03 0.000000000000000000e+00 2.483568568453838665e+00 4.965290000000000425e+00
3.037761200000000000e+07 0.000000000000000000e+00 6.500000000000000000e+01 5.107570767940786027e+03 8.532967600296015007e+03 3.468130000000000109e+03 0.000000000000000000e+00 2.122592166913783274e+00 1.078999999999999915e+01
3.037761200000000000e+07 0.000000000000000000e+00 6.500000000000000000e+01 5.107570767940786027e+03 8.532967600296015007e+03 3.468130000000000109e+03 0.000000000000000000e+00 2.122592166913783274e+00 3.832949999999999857e+00
3.037761200000000000e+07 0.000000000000000000e+00 6.500000000000000000e+01 5.107570767940786027e+03 8.532967600296015007e+03 3.468130000000000109e+03 0.000000000000000000e+00 2.122592166913783274e+00 2.251669999999999838e+00
3.037769200000000000e+07 0.000000000000000000e+00 6.500000000000000000e+01 5.105997767940785707e+03 8.536087600296015808e+03 3.473739999999999782e+03 0.000000000000000000e+00 1.309768871459877637e+00 2.400000000000000050e-02
3.037769200000000000e+07 1.000000000000000000e+00 6.600000000000000000e+01 5.111193767940785619e+03 8.529687600296016171e+03 3.490089999999999691e+03 0.000000000000000000e+00 4.658950098202536694e+00 1.078999999999999915e+01
3.037769200000000000e+07 1.000000000000000000e+00 6.600000000000000000e+01 5.111193767940785619e+03 8.529687600296016171e+03 3.490089999999999691e+03 0.000000000000000000e+00 4.658950098202536694e+00 4.362919999999999909e+00
3.037769200000000000e+07 1.000000000000000000e+00 6.600000000000000000e+01 5.111193767940785619e+03 8.529687600296016171e+03 3.490089999999999691e+03 0.000000000000000000e+00 4.658950098202536694e+00 1.901100000000000012e+00
3.037769200000000000e+07 0.000000000000000000e+00 6.500000000000000000e+01 5.104703767940785838e+03 8.534747600296015662e+03 3.475759999999999764e+03 0.000000000000000000e+00 3.822649900332104056e-01 2.511969999999999814e+00
3.037855500000000000e+07 1.000000000000000000e+00 6.600000000000000000e+01 5.095653767940785656e+03 8.508657600296015517e+03 3.520179999999999836e+03 0.000000000000000000e+00 3.689403344365647097e+00 9.199999999999999845e-02
3.037855500000000000e+07 0.000000000000000000e+00 6.600000000000000000e+01 5.103798767940786092e+03 8.508947600296014571e+03 3.529239999999999782e+03 0.000000000000000000e+00 1.067645280754437875e+00 9.199999999999999845e-02
3.037855500000000000e+07 0.000000000000000000e+00 6.600000000000000000e+01 5.104868767940785801e+03 8.508987600296015444e+03 3.531269999999999982e+03 0.000000000000000000e+00 1.265745575729842143e+00 4.169999999999999818e-01
3.037855500000000000e+07 0.000000000000000000e+00 6.600000000000000000e+01 5.104938767940785510e+03 8.511237600296015444e+03 3.534539999999999964e+03 0.000000000000000000e+00 1.031214696923073326e+00 9.199999999999999845e-02
3.037855600000000000e+07 0.000000000000000000e+00 6.600000000000000000e+01 5.106973767940786274e+03 8.511527600296016317e+03 3.535930000000000291e+03 0.000000000000000000e+00 1.816459535776753897e+00 9.199999999999999845e-02
3.037855800000000000e+07 1.000000000000000000e+00 6.600000000000000000e+01 5.110523767940786456e+03 8.513587600296015808e+03 3.543370000000000346e+03 0.000000000000000000e+00 4.477835995288235615e+00 9.199999999999999845e-02
3.037855500000000000e+07 1.000000000000000000e+00 6.500000000000000000e+01 5.122553767940786202e+03 8.510487600296015444e+03 3.545309999999999945e+03 0.000000000000000000e+00 2.703477521145392970e+00 2.400000000000000050e-02
3.037765500000000000e+07 1.000000000000000000e+00 6.500000000000000000e+01 5.126403767940785656e+03 8.505427600296015953e+03 3.551539999999999964e+03 0.000000000000000000e+00 1.573122551129457314e+00 8.349999999999999645e-01
3.037765500000000000e+07 1.000000000000000000e+00 6.500000000000000000e+01 5.129635767940785627e+03 8.504087600296015808e+03 3.554390000000000327e+03 0.000000000000000000e+00 1.995497289106684002e+00 6.099999999999999867e-02
3.037765400000000000e+07 0.000000000000000000e+00 6.600000000000000000e+01 5.118054767940786405e+03 8.506577600296015589e+03 3.554240000000000236e+03 0.000000000000000000e+00 8.341496262595073929e-01 9.199999999999999845e-02
3.037765500000000000e+07 0.000000000000000000e+00 6.600000000000000000e+01 5.116288767940785874e+03 8.503027600296016317e+03 3.552940000000000055e+03 0.000000000000000000e+00 9.814759765597625973e-01 2.400000000000000050e-02
3.037864700000000000e+07 1.000000000000000000e+00 6.600000000000000000e+01 5.119354767940785678e+03 8.490417600296015735e+03 3.559880000000000109e+03 0.000000000000000000e+00 2.830446748593330231e+00 9.199999999999999845e-02
3.037856900000000000e+07 1.000000000000000000e+00 6.600000000000000000e+01 5.105235767940785991e+03 8.476687600296016171e+03 3.550299999999999727e+03 0.000000000000000000e+00 5.997150760390221436e+00 2.039999999999999869e-01
3.037856900000000000e+07 1.000000000000000000e+00 6.600000000000000000e+01 5.106277767940786362e+03 8.480307600296015153e+03 3.551440000000000055e+03 0.000000000000000000e+00 7.723668569702107689e+00 9.199999999999999845e-02
3.037856900000000000e+07 1.000000000000000000e+00 6.600000000000000000e+01 5.106119767940786005e+03 8.480427600296015953e+03 3.551199999999999818e+03 0.000000000000000000e+00 7.512297782726623296e+00 4.169999999999999818e-01
3.037856900000000000e+07 1.000000000000000000e+00 6.600000000000000000e+01 5.106877767940785816e+03 8.477917600296015735e+03 3.544119999999999891e+03 0.000000000000000000e+00 2.524279360251672877e+00 4.169999999999999818e-01
3.037856900000000000e+07 1.000000000000000000e+00 6.600000000000000000e+01 5.106877767940785816e+03 8.477917600296015735e+03 3.544119999999999891e+03 0.000000000000000000e+00 2.524279360251672877e+00 7.063410000000000188e+00
3.037758000000000000e+07 1.000000000000000000e+00 6.500000000000000000e+01 5.055885767940785627e+03 8.529377600296014862e+03 3.499960000000000036e+03 0.000000000000000000e+00 9.548134828500471016e+00 9.199999999999999845e-02
3.037749100000000000e+07 1.000000000000000000e+00 6.500000000000000000e+01 5.021684767940785605e+03 8.538707600296016608e+03 3.503050000000000182e+03 0.000000000000000000e+00 7.520093694751693647e+00 6.099999999999999867e-02
3.037749100000000000e+07 1.000000000000000000e+00 6.500000000000000000e+01 5.014148767940786456e+03 8.541047600296014934e+03 3.497899999999999636e+03 0.000000000000000000e+00 3.032291714704470564e+00 9.199999999999999845e-02
3.037749100000000000e+07 0.000000000000000000e+00 6.500000000000000000e+01 5.015224767940785568e+03 8.549967600296015007e+03 3.496139999999999873e+03 0.000000000000000000e+00 1.229281523385743702e+00 2.039999999999999869e-01
3.037749100000000000e+07 0.000000000000000000e+00 6.600000000000000000e+01 5.013759767940786332e+03 8.551277600296016317e+03 3.494939999999999600e+03 0.000000000000000000e+00 1.683921517447352967e+00 6.099999999999999867e-02
3.037749100000000000e+07 0.000000000000000000e+00 6.600000000000000000e+01 5.010849767940785568e+03 8.553387600296015080e+03 3.492779999999999745e+03 0.000000000000000000e+00 3.580050382592202762e+00 4.169999999999999818e-01
3.037748800000000000e+07 1.000000000000000000e+00 6.500000000000000000e+01 4.997148767940786456e+03 8.552977600296015225e+03 3.493869999999999891e+03 0.000000000000000000e+00 4.917045873177377402e+00 6.099999999999999867e-02
3.037748800000000000e+07 1.000000000000000000e+00 6.500000000000000000e+01 5.001692767940786325e+03 8.555317600296015371e+03 3.490079999999999927e+03 0.000000000000000000e+00 2.702992147630114861e+00 9.199999999999999845e-02
3.037748900000000000e+07 1.000000000000000000e+00 6.500000000000000000e+01 5.006501767940785612e+03 8.551247600296015662e+03 3.490760000000000218e+03 0.000000000000000000e+00 4.620556366025240003e+00 9.199999999999999845e-02
3.037748900000000000e+07 1.000000000000000000e+00 6.500000000000000000e+01 5.006622767940785707e+03 8.551637600296015080e+03 3.491070000000000164e+03 0.000000000000000000e+00 4.804931030116480706e+00 2.400000000000000050e-02
3.037749200000000000e+07 1.000000000000000000e+00 6.600000000000000000e+01 5.008623767940785910e+03 8.553417600296015735e+03 3.492690000000000055e+03 0.000000000000000000e+00 4.400571817389853813e+00 9.199999999999999845e-02
3.037748500000000000e+07 1.000000000000000000e+00 6.500000000000000000e+01 5.016774767940785750e+03 8.572547600296014934e+03 3.505609999999999673e+03 0.000000000000000000e+00 7.025128781527572919e+00 9.199999999999999845e-02
3.037748500000000000e+07 1.000000000000000000e+00 6.500000000000000000e+01 5.019183767940786311e+03 8.573697600296014571e+03 3.507919999999999618e+03 0.000000000000000000e+00 7.666793198886441729e+00 9.199999999999999845e-02
3.037748200000000000e+07 1.000000000000000000e+00 6.600000000000000000e+01 5.015568767940785619e+03 8.576537600296014716e+03 3.505380000000000109e+03 0.000000000000000000e+00 9.925789088179248765e+00 6.099999999999999867e-02
3.037657700000000000e+07 1.000000000000000000e+00 6.600000000000000000e+01 5.016057767940786107e+03 8.583467600296015007e+03 3.506299999999999727e+03 0.000000000000000000e+00 7.897712859459689483e+00 9.199999999999999845e-02
3.037657700000000000e+07 1.000000000000000000e+00 6.600000000000000000e+01 5.015532767940785561e+03 8.584527600296016317e+03 3.505929999999999836e+03 0.000000000000000000e+00 7.307784390647386275e+00 9.199999999999999845e-02
3.037748200000000000e+07 1.000000000000000000e+00 6.600000000000000000e+01 5.008806767940785903e+03 8.578887600296015080e+03 3.505679999999999836e+03 0.000000000000000000e+00 8.811820878139164037e+00 2.400000000000000050e-02
3.037748200000000000e+07 1.000000000000000000e+00 6.600000000000000000e+01 5.006961767940785649e+03 8.576447600296014571e+03 3.504980000000000018e+03 0.000000000000000000e+00 7.354679994351827510e+00 2.039999999999999869e-01
3.037739800000000000e+07 1.000000000000000000e+00 6.500000000000000000e+01 5.000576767940786340e+03 8.579327600296015589e+03 3.459010000000000218e+03 0.000000000000000000e+00 9.593284639618063991e+00 6.099999999999999867e-02
3.037739600000000000e+07 1.000000000000000000e+00 6.600000000000000000e+01 5.002359767940785787e+03 8.587787600296014716e+03 3.459940000000000055e+03 0.000000000000000000e+00 4.773162441225758279e+00 1.000000000000000021e-02
3.037740000000000000e+07 1.000000000000000000e+00 6.500000000000000000e+01 5.013101767940785976e+03 8.582577600296015589e+03 3.462309999999999945e+03 0.000000000000000000e+00 5.421238066426819380e+00 6.099999999999999867e-02
3.037740000000000000e+07 1.000000000000000000e+00 6.500000000000000000e+01 5.016750767940786318e+03 8.580257600296015880e+03 3.465070000000000164e+03 0.000000000000000000e+00 6.176655963944718941e+00 4.169999999999999818e-01
3.037747900000000000e+07 0.000000000000000000e+00 6.500000000000000000e+01 5.007033767940785765e+03 8.580577600296015589e+03 3.522250000000000000e+03 0.000000000000000000e+00 2.150660139594345210e+00 9.199999999999999845e-02
3.037748200000000000e+07 1.000000000000000000e+00 6.600000000000000000e+01 5.013246767940786413e+03 8.574317600296015371e+03 3.513469999999999800e+03 0.000000000000000000e+00 2.158499152585118264e+00 9.199999999999999845e-02
3.037657800000000000e+07 1.000000000000000000e+00 6.500000000000000000e+01 5.007822767940785525e+03 8.592647600296015298e+03 3.506089999999999691e+03 0.000000000000000000e+00 3.286762915885905745e+00 4.169999999999999818e-01
3.037657700000000000e+07 1.000000000000000000e+00 6.500000000000000000e+01 5.011838767940786056e+03 8.602627600296014862e+03 3.512289999999999964e+03 0.000000000000000000e+00 2.830083326552315537e+00 2.400000000000000050e-02
3.037657700000000000e+07 1.000000000000000000e+00 6.500000000000000000e+01 5.010377767940785816e+03 8.601527600296016317e+03 3.513730000000000018e+03 0.000000000000000000e+00 3.731122386229662968e+00 2.400000000000000050e-02
3.037746800000000000e+07 1.000000000000000000e+00 6.500000000000000000e+01 5.002528767940785656e+03 8.609867600296016462e+03 3.529569999999999709e+03 0.000000000000000000e+00 7.049702353908411823e+00 2.400000000000000050e-02
3.037746800000000000e+07 1.000000000000000000e+00 6.500000000000000000e+01 5.000528767940785656e+03 8.611297600296014934e+03 3.528619999999999891e+03 0.000000000000000000e+00 9.192407430165358662e+00 9.199999999999999845e-02
3.037747300000000000e+07 1.000000000000000000e+00 6.600000000000000000e+01 5.003068767940785619e+03 8.604747600296015662e+03 3.528089999999999691e+03 0.000000000000000000e+00 5.530563979956724552e+00 9.199999999999999845e-02
3.037747300000000000e+07 1.000000000000000000e+00 6.600000000000000000e+01 5.003721767940785867e+03 8.604107600296014425e+03 3.527910000000000309e+03 0.000000000000000000e+00 4.762867800826500186e+00 4.169999999999999818e-01
3.037657400000000000e+07 1.000000000000000000e+00 6.600000000000000000e+01 5.006786767940786376e+03 8.596197600296014571e+03 3.520429999999999836e+03 0.000000000000000000e+00 5.131410867125261177e+00 9.199999999999999845e-02
3.037657400000000000e+07 0.000000000000000000e+00 6.600000000000000000e+01 5.018726767940785976e+03 8.590637600296015080e+03 3.521329999999999927e+03 0.000000000000000000e+00 3.089465111714097656e+00 2.400000000000000050e-02
3.037747700000000000e+07 1.000000000000000000e+00 6.500000000000000000e+01 5.003122767940785707e+03 8.586927600296015953e+03 3.519920000000000073e+03 0.000000000000000000e+00 2.956705011479833445e+00 9.199999999999999845e-02
3.037748300000000000e+07 1.000000000000000000e+00 6.600000000000000000e+01 4.992943767940785619e+03 8.575677600296015953e+03 3.509290000000000418e+03 0.000000000000000000e+00 8.121242369909854375e+00 6.099999999999999867e-02
3.037748300000000000e+07 1.000000000000000000e+00 6.600000000000000000e+01 4.993967767940785961e+03 8.568757600296015880e+03 3.503700000000000273e+03 0.000000000000000000e+00 7.109754867552181778e+00 4.169999999999999818e-01
3.037748300000000000e+07 1.000000000000000000e+00 6.600000000000000000e+01 4.998312767940786216e+03 8.570907600296015517e+03 3.508849999999999909e+03 0.000000000000000000e+00 2.112549160370833956e+00 2.039999999999999869e-01
3.037748300000000000e+07 1.000000000000000000e+00 6.600000000000000000e+01 5.003690767940785918e+03 8.569367600296016462e+03 3.505600000000000364e+03 0.000000000000000000e+00 4.018182553319611827e+00 9.199999999999999845e-02
3.037749200000000000e+07 1.000000000000000000e+00 6.600000000000000000e+01 5.006267767940786143e+03 8.553687600296016171e+03 3.487509999999999764e+03 0.000000000000000000e+00 3.979760538382822954e+00 5.000000000000000000e-01
3.037749200000000000e+07 1.000000000000000000e+00 6.600000000000000000e+01 5.006267767940786143e+03 8.553687600296016171e+03 3.487509999999999764e+03 0.000000000000000000e+00 3.979760538382822954e+00 7.371920000000000250e+00
3.037748400000000000e+07 1.000000000000000000e+00 6.600000000000000000e+01 4.992189767940785714e+03 8.565457600296016608e+03 3.507679999999999836e+03 0.000000000000000000e+00 6.419338963277620103e+00 9.199999999999999845e-02
3.037748300000000000e+07 1.000000000000000000e+00 6.600000000000000000e+01 4.992052767940785998e+03 8.570447600296014571e+03 3.507709999999999582e+03 0.000000000000000000e+00 6.141378107884744253e+00 1.124000000000000021e+01
3.037748800000000000e+07 1.000000000000000000e+00 6.500000000000000000e+01 4.999898767940786456e+03 8.554757600296015880e+03 3.497190000000000055e+03 0.000000000000000000e+00 3.566246399698001834e+00 6.099999999999999867e-02
3.037748800000000000e+07 1.000000000000000000e+00 6.500000000000000000e+01 4.998818767940785619e+03 8.553507600296015880e+03 3.497300000000000182e+03 0.000000000000000000e+00 4.376608491883582808e+00 2.400000000000000050e-02
3.037748800000000000e+07 1.000000000000000000e+00 6.500000000000000000e+01 4.993848767940786274e+03 8.551377600296014862e+03 3.496389999999999873e+03 0.000000000000000000e+00 9.204857780677299317e+00 2.400000000000000050e-02
3.188645500000000000e+07 1.000000000000000000e+00 6.600000000000000000e+01 5.294781767940786267e+03 8.624167600296015735e+03 3.719489999999999782e+03 0.000000000000000000e+00 8.808704636602357141e+00 1.605000000000000071e+01
3.188645500000000000e+07 1.000000000000000000e+00 6.600000000000000000e+01 5.301130767940786427e+03 8.620927600296015953e+03 3.722260000000000218e+03 0.000000000000000000e+00 6.681328772693171381e+00 1.605000000000000071e+01
3.188645800000000000e+07 1.000000000000000000e+00 6.500000000000000000e+01 5.314618767940785801e+03 8.618157600296015517e+03 3.739539999999999964e+03 0.000000000000000000e+00 1.192395753467166752e+00 1.078999999999999915e+01
3.188646100000000000e+07 1.000000000000000000e+00 6.600000000000000000e+01 5.326489767940785896e+03 8.615387600296015080e+03 3.753910000000000309e+03 0.000000000000000000e+00 3.413331287764537425e+00 1.605000000000000071e+01
3.188773500000000000e+07 1.000000000000000000e+00 6.500000000000000000e+01 5.410186767940785103e+03 8.705547600296014934e+03 3.792120000000000346e+03 0.000000000000000000e+00 7.279295530056721475e+00 9.199999999999999845e-02
3.188773400000000000e+07 1.000000000000000000e+00 6.500000000000000000e+01 5.402606767940785176e+03 8.702077600296015589e+03 3.799189999999999600e+03 0.000000000000000000e+00 9.094970214467148040e+00 4.169999999999999818e-01
3.188773300000000000e+07 1.000000000000000000e+00 6.500000000000000000e+01 5.415596767940786776e+03 8.697787600296014716e+03 3.809809999999999945e+03 0.000000000000000000e+00 1.340866652814604709e+00 9.199999999999999845e-02
3.188773300000000000e+07 1.000000000000000000e+00 6.500000000000000000e+01 5.415803767940785292e+03 8.697847600296016026e+03 3.809849999999999909e+03 0.000000000000000000e+00 1.447380303734165263e+00 1.000000000000000021e-02
3.188773700000000000e+07 1.000000000000000000e+00 6.500000000000000000e+01 5.431550767940786500e+03 8.711357600296014425e+03 3.808009999999999764e+03 0.000000000000000000e+00 1.802808293607097267e+00 2.400000000000000050e-02
3.188773700000000000e+07 1.000000000000000000e+00 6.500000000000000000e+01 5.430422767940785889e+03 8.710197600296014571e+03 3.808250000000000000e+03 0.000000000000000000e+00 2.011874481955954863e+00 6.099999999999999867e-02
3.188773600000000000e+07 1.000000000000000000e+00 6.500000000000000000e+01 5.426207767940785743e+03 8.710637600296015080e+03 3.807730000000000018e+03 0.000000000000000000e+00 5.466694892258401328e-01 2.039999999999999869e-01
3.188773600000000000e+07 1.000000000000000000e+00 6.500000000000000000e+01 5.424381767940786631e+03 8.710777600296016317e+03 3.808209999999999582e+03 0.000000000000000000e+00 1.671624327886884531e+00 9.199999999999999845e-02
3.188773400000000000e+07 0.000000000000000000e+00 6.500000000000000000e+01 5.415970767940786573e+03 8.701837600296015808e+03 3.808790000000000418e+03 0.000000000000000000e+00 1.116266317984589751e+00 9.199999999999999845e-02
3.188773500000000000e+07 1.000000000000000000e+00 6.500000000000000000e+01 5.418833767940785947e+03 8.712367600296016462e+03 3.805880000000000109e+03 0.000000000000000000e+00 3.740922344271218503e+00 4.169999999999999818e-01
3.188773500000000000e+07 1.000000000000000000e+00 6.500000000000000000e+01 5.417895767940785845e+03 8.713367600296016462e+03 3.807209999999999582e+03 0.000000000000000000e+00 4.877836807539206454e+00 2.400000000000000050e-02
3.188773500000000000e+07 0.000000000000000000e+00 6.500000000000000000e+01 5.419806767940785903e+03 8.705327600296015589e+03 3.807899999999999636e+03 0.000000000000000000e+00 1.008727131396873311e+00 2.039999999999999869e-01
3.188773500000000000e+07 0.000000000000000000e+00 6.500000000000000000e+01 5.419232767940785379e+03 8.705467600296015007e+03 3.808159999999999854e+03 0.000000000000000000e+00 9.739879426761475223e-01 4.169999999999999818e-01
3.188773500000000000e+07 0.000000000000000000e+00 6.500000000000000000e+01 5.421105767940786791e+03 8.707437600296016171e+03 3.810319999999999709e+03 0.000000000000000000e+00 2.353717712722277700e+00 4.169999999999999818e-01
3.188773500000000000e+07 0.000000000000000000e+00 6.500000000000000000e+01 5.421105767940786791e+03 8.707437600296016171e+03 3.810319999999999709e+03 0.000000000000000000e+00 2.353717712722277700e+00 7.034159999999999968e+00
3.188664400000000000e+07 1.000000000000000000e+00 6.500000000000000000e+01 5.364293767940786893e+03 8.663497600296015662e+03 3.793889999999999873e+03 0.000000000000000000e+00 9.976954477502232521e+00 6.099999999999999867e-02
3.188646000000000000e+07 1.000000000000000000e+00 6.600000000000000000e+01 5.325506767940785721e+03 8.613637600296015080e+03 3.754490000000000236e+03 0.000000000000000000e+00 4.266800470440522908e+00 2.400000000000000050e-02
3.188645600000000000e+07 1.000000000000000000e+00 6.500000000000000000e+01 5.321287767940785670e+03 8.610317600296015371e+03 3.753579999999999927e+03 0.000000000000000000e+00 1.972155143118233145e+00 9.199999999999999845e-02
3.188645500000000000e+07 1.000000000000000000e+00 6.500000000000000000e+01 5.316328767940785838e+03 8.607297600296016753e+03 3.751889999999999873e+03 0.000000000000000000e+00 2.271847627260211055e+00 4.169999999999999818e-01
3.188645500000000000e+07 1.000000000000000000e+00 6.500000000000000000e+01 5.316264767940786442e+03 8.606937600296016171e+03 3.751849999999999909e+03 0.000000000000000000e+00 2.266529578880102314e+00 1.000000000000000000e+01
3.188645500000000000e+07 1.000000000000000000e+00 6.500000000000000000e+01 5.316264767940786442e+03 8.606937600296016171e+03 3.751849999999999909e+03 0.000000000000000000e+00 2.266529578880102314e+00 7.363570000000000171e+00
3.188645800000000000e+07 1.000000000000000000e+00 6.500000000000000000e+01 5.314618767940785801e+03 8.618157600296015517e+03 3.739539999999999964e+03 0.000000000000000000e+00 1.192395753467166752e+00 6.717150000000000176e+00
3.188609300000000000e+07 1.000000000000000000e+00 6.600000000000000000e+01 5.367186767940786922e+03 8.616827600296015589e+03 3.687550000000000182e+03 0.000000000000000000e+00 7.491402508194972221e+00 6.099999999999999867e-02
3.188609600000000000e+07 1.000000000000000000e+00 6.500000000000000000e+01 5.369619767940786005e+03 8.610517600296016099e+03 3.697710000000000036e+03 0.000000000000000000e+00 6.575488243063553284e+00 9.199999999999999845e-02
3.188609600000000000e+07 1.000000000000000000e+00 6.500000000000000000e+01 5.372244767940786005e+03 8.611467600296015007e+03 3.698400000000000091e+03 0.000000000000000000e+00 4.634385707536331722e+00 9.199999999999999845e-02
3.188609600000000000e+07 1.000000000000000000e+00 6.500000000000000000e+01 5.376461767940786558e+03 8.612247600296015662e+03 3.702449999999999818e+03 0.000000000000000000e+00 4.106134141776219160e+00 2.039999999999999869e-01
3.188609700000000000e+07 1.000000000000000000e+00 6.500000000000000000e+01 5.374960767940786354e+03 8.607997600296015662e+03 3.703780000000000200e+03 0.000000000000000000e+00 1.481762245906270037e+00 2.039999999999999869e-01
3.188640100000000000e+07 1.000000000000000000e+00 6.500000000000000000e+01 5.363419767940786187e+03 8.612517600296014280e+03 3.705280000000000200e+03 0.000000000000000000e+00 7.590352683477585849e+00 4.169999999999999818e-01
3.188640100000000000e+07 1.000000000000000000e+00 6.500000000000000000e+01 5.370385767940785627e+03 8.614777600296016317e+03 3.713610000000000127e+03 0.000000000000000000e+00 5.836813860426997458e+00 9.199999999999999845e-02
3.188640100000000000e+07 1.000000000000000000e+00 6.500000000000000000e+01 5.368442767940786325e+03 8.610457600296016608e+03 3.712909999999999854e+03 0.000000000000000000e+00 3.515976203816580270e+00 6.099999999999999867e-02
3.188640100000000000e+07 1.000000000000000000e+00 6.500000000000000000e+01 5.367866767940785394e+03 8.610047600296016753e+03 3.712309999999999945e+03 0.000000000000000000e+00 3.321709394451342945e+00 2.400000000000000050e-02
3.188609400000000000e+07 1.000000000000000000e+00 6.600000000000000000e+01 5.367221767940786776e+03 8.607077600296015589e+03 3.693880000000000109e+03 0.000000000000000000e+00 6.765696447328997998e+00 9.199999999999999845e-02
3.188609600000000000e+07 1.000000000000000000e+00 6.500000000000000000e+01 5.371881767940786631e+03 8.611697600296014571e+03 3.697019999999999982e+03 0.000000000000000000e+00 5.305670824444882250e+00 2.400000000000000050e-02
3.188609300000000000e+07 1.000000000000000000e+00 6.600000000000000000e+01 5.374975767940785772e+03 8.614297600296014934e+03 3.692579999999999927e+03 0.000000000000000000e+00 4.659386917074725076e+00 2.400000000000000050e-02
3.188609300000000000e+07 1.000000000000000000e+00 6.600000000000000000e+01 5.376898767940786456e+03 8.612257600296015880e+03 3.691960000000000036e+03 0.000000000000000000e+00 4.552165860105042761e+00 4.169999999999999818e-01
3.188609300000000000e+07 1.000000000000000000e+00 6.600000000000000000e+01 5.376799767940786296e+03 8.611067600296015371e+03 3.691739999999999782e+03 0.000000000000000000e+00 4.178710478258871319e+00 9.199999999999999845e-02
3.188609600000000000e+07 1.000000000000000000e+00 6.500000000000000000e+01 5.369944767940786733e+03 8.608277600296016317e+03 3.697100000000000364e+03 0.000000000000000000e+00 6.074811146860155553e+00 2.400000000000000050e-02
3.188609600000000000e+07 1.000000000000000000e+00 6.500000000000000000e+01 5.371079767940786951e+03 8.607307600296015153e+03 3.695960000000000036e+03 0.000000000000000000e+00 5.574040197319369838e+00 9.199999999999999845e-02
3.188609400000000000e+07 1.000000000000000000e+00 6.600000000000000000e+01 5.373468767940786165e+03 8.604397600296015298e+03 3.696009999999999764e+03 0.000000000000000000e+00 5.191355945122533733e+00 5.000000000000000000e-01
3.188609400000000000e+07 1.000000000000000000e+00 6.600000000000000000e+01 5.365947767940785525e+03 8.612107600296014425e+03 3.694539999999999964e+03 0.000000000000000000e+00 9.346924899783870089e+00 4.169999999999999818e-01
3.188646000000000000e+07 1.000000000000000000e+00 6.500000000000000000e+01 5.318028767940785656e+03 8.635337600296015808e+03 3.722309999999999945e+03 0.000000000000000000e+00 9.372918943871720643e+00 6.099999999999999867e-02
3.188646500000000000e+07 1.000000000000000000e+00 6.600000000000000000e+01 5.324151767940786158e+03 8.634607600296014425e+03 3.729399999999999636e+03 0.000000000000000000e+00 6.151810530920493569e+00 9.199999999999999845e-02
3.188646100000000000e+07 1.000000000000000000e+00 6.500000000000000000e+01 5.322696767940786231e+03 8.634007600296015880e+03 3.736309999999999945e+03 0.000000000000000000e+00 2.686485852141705433e+00 2.400000000000000050e-02
3.188646100000000000e+07 1.000000000000000000e+00 6.500000000000000000e+01 5.314712767940785852e+03 8.641347600296016026e+03 3.735779999999999745e+03 0.000000000000000000e+00 6.914270760240254887e+00 9.199999999999999845e-02
3.188646100000000000e+07 1.000000000000000000e+00 6.500000000000000000e+01 5.313484767940785787e+03 8.642457600296016608e+03 3.735599999999999909e+03 0.000000000000000000e+00 8.486873107364500513e+00 9.199999999999999845e-02
3.188646000000000000e+07 1.000000000000000000e+00 6.500000000000000000e+01 5.315108767940785583e+03 8.630817600296015371e+03 3.736380000000000109e+03 0.000000000000000000e+00 1.138787551505350937e+00 2.039999999999999869e-01
3.188644900000000000e+07 1.000000000000000000e+00 6.500000000000000000e+01 5.302323767940785729e+03 8.604017600296014280e+03 3.730079999999999927e+03 0.000000000000000000e+00 6.599173823317431520e+00 9.199999999999999845e-02
3.188644800000000000e+07 0.000000000000000000e+00 6.600000000000000000e+01 5.289121767940786413e+03 8.597287600296014716e+03 3.742510000000000218e+03 0.000000000000000000e+00 2.155350812637385705e+00 9.199999999999999845e-02
3.188644700000000000e+07 0.000000000000000000e+00 6.500000000000000000e+01 5.292355767940785881e+03 8.594457600296016608e+03 3.737359999999999673e+03 0.000000000000000000e+00 9.917654305796438363e-01 6.099999999999999867e-02
3.188644600000000000e+07 0.000000000000000000e+00 6.500000000000000000e+01 5.295698767940785729e+03 8.589427600296015953e+03 3.744689999999999600e+03 0.000000000000000000e+00 1.912000987732494828e+00 9.199999999999999845e-02
3.188644600000000000e+07 1.000000000000000000e+00 6.500000000000000000e+01 5.302195767940786027e+03 8.588327600296015589e+03 3.746589999999999691e+03 0.000000000000000000e+00 4.043197895040013812e-01 9.199999999999999845e-02
3.188645400000000000e+07 1.000000000000000000e+00 6.600000000000000000e+01 5.306290767940786282e+03 8.611767600296014280e+03 3.723000000000000000e+03 0.000000000000000000e+00 9.412135804993605248e+00 4.169999999999999818e-01
3.188645400000000000e+07 1.000000000000000000e+00 6.600000000000000000e+01 5.305159767940785969e+03 8.614167600296015735e+03 3.724339999999999691e+03 0.000000000000000000e+00 7.314625851706489712e+00 6.099999999999999867e-02
3.188645400000000000e+07 1.000000000000000000e+00 6.600000000000000000e+01 5.307068767940786529e+03 8.614237600296015444e+03 3.724540000000000418e+03 0.000000000000000000e+00 8.560485032392453064e+00 2.039999999999999869e-01
3.188645000000000000e+07 1.000000000000000000e+00 6.500000000000000000e+01 5.292188767940786420e+03 8.614367600296016462e+03 3.721759999999999764e+03 0.000000000000000000e+00 5.234867675176554158e+00 8.349999999999999645e-01
3.188645500000000000e+07 1.000000000000000000e+00 6.600000000000000000e+01 5.299386767940785830e+03 8.619757600296015880e+03 3.729570000000000164e+03 0.000000000000000000e+00 1.162990934530527154e+00 2.400000000000000050e-02
3.188645500000000000e+07 1.000000000000000000e+00 6.600000000000000000e+01 5.296949767940785932e+03 8.621207600296016608e+03 3.723530000000000200e+03 0.000000000000000000e+00 4.078677507934509450e+00 6.099999999999999867e-02
3.188645500000000000e+07 1.000000000000000000e+00 6.600000000000000000e+01 5.296641767940785940e+03 8.621877600296014862e+03 3.723000000000000000e+03 0.000000000000000000e+00 4.618062879484165606e+00 2.039999999999999869e-01
3.188645500000000000e+07 1.000000000000000000e+00 6.600000000000000000e+01 5.298202767940785634e+03 8.626767600296016099e+03 3.722920000000000073e+03 0.000000000000000000e+00 7.023458390639160775e+00 2.400000000000000050e-02
3.188645500000000000e+07 1.000000000000000000e+00 6.600000000000000000e+01 5.297462767940785852e+03 8.627097600296016026e+03 3.722880000000000109e+03 0.000000000000000000e+00 7.225085425657365334e+00 5.000000000000000000e-01
3.188645500000000000e+07 1.000000000000000000e+00 6.600000000000000000e+01 5.297462767940785852e+03 8.627097600296016026e+03 3.722880000000000109e+03 0.000000000000000000e+00 7.225085425657365334e+00 7.107859999999999623e+00
3.188645500000000000e+07 1.000000000000000000e+00 6.600000000000000000e+01 5.293079767940786041e+03 8.625237600296015444e+03 3.720329999999999927e+03 0.000000000000000000e+00 9.069909632291507151e+00 9.199999999999999845e-02
3.188645700000000000e+07 1.000000000000000000e+00 6.500000000000000000e+01 5.315214767940786260e+03 8.613427600296015953e+03 3.736340000000000146e+03 0.000000000000000000e+00 4.902625548410939338e+00 1.078999999999999915e+01
3.188645700000000000e+07 1.000000000000000000e+00 6.500000000000000000e+01 5.315214767940786260e+03 8.613427600296015953e+03 3.736340000000000146e+03 0.000000000000000000e+00 4.902625548410939338e+00 5.517070000000000363e+00
3.188645700000000000e+07 1.000000000000000000e+00 6.500000000000000000e+01 5.315214767940786260e+03 8.613427600296015953e+03 3.736340000000000146e+03 0.000000000000000000e+00 4.902625548410939338e+00 1.611199999999999966e+00
2.058573900000000000e+07 1.000000000000000000e+00 6.500000000000000000e+01 5.276129767940786223e+03 9.998436600296015968e+03 2.500249999999999091e+03 0.000000000000000000e+00 4.763303842308964420e+00 2.039999999999999869e-01
2.058574000000000000e+07 1.000000000000000000e+00 6.500000000000000000e+01 5.276111767940786194e+03 9.994853600296015429e+03 2.497800000000000182e+03 0.000000000000000000e+00 8.508073638106619541e+00 9.199999999999999845e-02
2.058574000000000000e+07 1.000000000000000000e+00 6.500000000000000000e+01 5.270798767940786092e+03 9.991837600296015808e+03 2.496699999999999818e+03 0.000000000000000000e+00 8.942844430442015380e+00 4.169999999999999818e-01
2.058574000000000000e+07 1.000000000000000000e+00 6.500000000000000000e+01 5.273231767940786085e+03 9.991502600296014862e+03 2.496829999999999927e+03 0.000000000000000000e+00 9.303372297647218403e+00 2.400000000000000050e-02
2.058484900000000000e+07 1.000000000000000000e+00 6.500000000000000000e+01 5.303819767940785823e+03 9.980851600296015022e+03 2.476979999999999563e+03 0.000000000000000000e+00 8.594706532803712662e+00 4.169999999999999818e-01
2.058484900000000000e+07 1.000000000000000000e+00 6.500000000000000000e+01 5.309041767940785576e+03 9.987084600296015196e+03 2.465400000000000546e+03 0.000000000000000000e+00 2.560765091381075109e+00 2.400000000000000050e-02
2.058484900000000000e+07 1.000000000000000000e+00 6.500000000000000000e+01 5.310664767940786078e+03 9.985836600296015604e+03 2.465699999999999818e+03 0.000000000000000000e+00 4.074706179612871182e+00 9.199999999999999845e-02
2.058484900000000000e+07 1.000000000000000000e+00 6.500000000000000000e+01 5.314258767940786129e+03 9.982596600296015822e+03 2.464119999999999891e+03 0.000000000000000000e+00 9.156216057431354471e+00 6.099999999999999867e-02
2.058573800000000000e+07 1.000000000000000000e+00 6.500000000000000000e+01 5.271693767940785619e+03 1.000094060029601678e+04 2.490430000000000291e+03 0.000000000000000000e+00 9.877331618136228286e+00 4.530599999999999739e+00
1.493793600000000000e+07 1.000000000000000000e+00 6.500000000000000000e+01 5.014102767940786180e+03 1.043340760029601552e+04 1.894539999999999964e+03 0.000000000000000000e+00 5.870669234049064933e+00 2.400000000000000050e-02
1.493793600000000000e+07 1.000000000000000000e+00 6.500000000000000000e+01 5.013995767940786209e+03 1.043387080029601566e+04 1.894810000000000400e+03 0.000000000000000000e+00 5.738996082113059671e+00 6.099999999999999867e-02
1.493793600000000000e+07 1.000000000000000000e+00 6.500000000000000000e+01 5.012541767940785576e+03 1.043620870029601429e+04 1.894639999999999418e+03 0.000000000000000000e+00 5.870435751526843049e+00 5.000000000000000000e-01
1.493793800000000000e+07 1.000000000000000000e+00 6.500000000000000000e+01 5.000944767940785823e+03 1.043491440029601654e+04 1.885840000000000146e+03 0.000000000000000000e+00 4.263584260388499914e+00 6.099999999999999867e-02
1.493793700000000000e+07 1.000000000000000000e+00 6.500000000000000000e+01 5.002905767940786063e+03 1.043450580029601588e+04 1.883380000000000109e+03 0.000000000000000000e+00 7.036707436882298161e+00 6.099999999999999867e-02
1.493793700000000000e+07 1.000000000000000000e+00 6.500000000000000000e+01 5.007071767940786231e+03 1.044246840029601663e+04 1.891210000000000036e+03 0.000000000000000000e+00 6.429271851318827835e+00 9.199999999999999845e-02
1.493793500000000000e+07 0.000000000000000000e+00 6.500000000000000000e+01 5.005851767940785976e+03 1.042502350029601439e+04 1.897269999999999527e+03 0.000000000000000000e+00 1.219318103804536424e+00 9.199999999999999845e-02
1.493793300000000000e+07 0.000000000000000000e+00 6.500000000000000000e+01 5.000143767940786347e+03 1.041724730029601596e+04 1.891569999999999709e+03 0.000000000000000000e+00 1.497099347310968609e+00 6.099999999999999867e-02
1.493883700000000000e+07 1.000000000000000000e+00 6.500000000000000000e+01 4.998060767940785809e+03 1.042965040029601550e+04 1.870979999999999563e+03 0.000000000000000000e+00 1.921610554912152491e+00 9.199999999999999845e-02
1.493884300000000000e+07 1.000000000000000000e+00 6.600000000000000000e+01 4.991003767940786020e+03 1.042837890029601476e+04 1.875569999999999709e+03 0.000000000000000000e+00 4.565001068976541454e+00 9.199999999999999845e-02
1.493884200000000000e+07 1.000000000000000000e+00 6.600000000000000000e+01 4.993130767940786427e+03 1.042596250029601651e+04 1.877270000000000437e+03 0.000000000000000000e+00 2.769611447343865329e+00 2.400000000000000050e-02
1.493884100000000000e+07 1.000000000000000000e+00 6.600000000000000000e+01 4.998134767940786332e+03 1.042492820029601535e+04 1.876199999999999818e+03 0.000000000000000000e+00 3.667454106090496602e+00 9.199999999999999845e-02
1.493884100000000000e+07 1.000000000000000000e+00 6.600000000000000000e+01 5.003949767940785932e+03 1.042884790029601572e+04 1.874909999999999854e+03 0.000000000000000000e+00 8.098134872922246430e+00 8.349999999999999645e-01
1.493884100000000000e+07 1.000000000000000000e+00 6.600000000000000000e+01 5.003949767940785932e+03 1.042884790029601572e+04 1.874909999999999854e+03 0.000000000000000000e+00 8.098134872922246430e+00 7.086459999999999759e+00
9.223181000000000000e+06 1.000000000000000000e+00 6.600000000000000000e+01 4.696801467940786097e+03 1.054012890029601476e+04 1.049650000000000546e+03 0.000000000000000000e+00 9.931822555093930305e+00 1.339000000000000057e+01
9.223182000000000000e+06 1.000000000000000000e+00 6.600000000000000000e+01 4.689327067940786037e+03 1.054565060029601591e+04 1.051640000000000327e+03 0.000000000000000000e+00 8.203275958639707710e+00 9.199999999999999845e-02
9.223035000000000000e+06 1.000000000000000000e+00 6.600000000000000000e+01 4.683205867940785538e+03 1.054946260029601581e+04 1.046989999999999782e+03 0.000000000000000000e+00 3.053988621022562189e+00 1.339000000000000057e+01
9.223035000000000000e+06 1.000000000000000000e+00 6.600000000000000000e+01 4.689523467940785849e+03 1.054494680029601659e+04 1.049459999999999127e+03 0.000000000000000000e+00 7.545194371866605465e+00 9.199999999999999845e-02
9.223093000000000000e+06 1.000000000000000000e+00 6.500000000000000000e+01 4.723178667940785999e+03 1.054399600029601424e+04 1.061919999999999163e+03 0.000000000000000000e+00 4.772890671065790791e+00 8.220000000000000639e+00
9.223093000000000000e+06 1.000000000000000000e+00 6.500000000000000000e+01 4.723178667940785999e+03 1.054399600029601424e+04 1.061919999999999163e+03 0.000000000000000000e+00 4.772890671065790791e+00 6.652590000000000003e+00
9.223035000000000000e+06 1.000000000000000000e+00 6.600000000000000000e+01 4.690362967940785893e+03 1.054783440029601479e+04 1.045090000000000146e+03 0.000000000000000000e+00 7.934915770276576019e+00 6.099999999999999867e-02
9.223036000000000000e+06 1.000000000000000000e+00 6.600000000000000000e+01 4.682602767940786180e+03 1.054978730029601502e+04 1.037590000000000146e+03 0.000000000000000000e+00 4.776070101653274946e+00 9.199999999999999845e-02
9.223036000000000000e+06 1.000000000000000000e+00 6.600000000000000000e+01 4.681722147940786272e+03 1.054715110029601419e+04 1.040350000000000364e+03 0.000000000000000000e+00 1.198932448290933150e+00 2.400000000000000050e-02
9.223033000000000000e+06 0.000000000000000000e+00 6.500000000000000000e+01 4.681024037940786002e+03 1.053743220029601434e+04 1.050009999999999309e+03 0.000000000000000000e+00 2.791690633722549997e+00 4.169999999999999818e-01
9.223033000000000000e+06 0.000000000000000000e+00 6.500000000000000000e+01 4.677720787940786067e+03 1.053765910029601582e+04 1.047240000000000691e+03 0.000000000000000000e+00 1.855282645701764599e+00 2.400000000000000050e-02
9.223034000000000000e+06 1.000000000000000000e+00 6.500000000000000000e+01 4.662793497940786438e+03 1.052976980029601509e+04 1.053010000000000218e+03 0.000000000000000000e+00 5.548813170594381283e+00 9.199999999999999845e-02
9.223035000000000000e+06 1.000000000000000000e+00 6.500000000000000000e+01 4.654141067940786343e+03 1.053273900029601646e+04 1.055500000000000000e+03 0.000000000000000000e+00 6.545667384680609935e+00 9.199999999999999845e-02
9.222727000000000000e+06 1.000000000000000000e+00 6.500000000000000000e+01 4.648068067940786023e+03 1.054799700029601445e+04 1.032560000000000400e+03 0.000000000000000000e+00 4.046247027075788871e+00 4.169999999999999818e-01
9.222727000000000000e+06 1.000000000000000000e+00 6.500000000000000000e+01 4.648068067940786023e+03 1.054799700029601445e+04 1.032560000000000400e+03 0.000000000000000000e+00 4.046247027075788871e+00 7.316980000000000040e+00
9.223181000000000000e+06 1.000000000000000000e+00 6.600000000000000000e+01 4.697109767940785787e+03 1.053872010029601552e+04 1.050420000000000982e+03 0.000000000000000000e+00 9.949603973732330076e+00 1.260999999999999943e+01
2.030518000000000000e+06 0.000000000000000000e+00 6.500000000000000000e+01 4.652705167940785941e+03 1.049578257029601446e+04 1.873299999999999272e+02 0.000000000000000000e+00 2.953573276074373588e+00 2.400000000000000050e-02
2.030518000000000000e+06 0.000000000000000000e+00 6.500000000000000000e+01 4.652198867940785931e+03 1.049738785029601422e+04 1.896800000000002910e+02 0.000000000000000000e+00 1.312881675655872327e+00 9.199999999999999845e-02
2.030518000000000000e+06 0.000000000000000000e+00 6.500000000000000000e+01 4.652783367940785865e+03 1.049740621029601607e+04 1.891900000000005093e+02 0.000000000000000000e+00 1.478624837989219065e+00 6.099999999999999867e-02
2.030519000000000000e+06 0.000000000000000000e+00 6.500000000000000000e+01 4.653972267940785969e+03 1.049968821029601531e+04 1.853800000000001091e+02 0.000000000000000000e+00 1.513139164352297783e+00 2.400000000000000050e-02
2.030520000000000000e+06 1.000000000000000000e+00 6.600000000000000000e+01 4.665672167940785585e+03 1.050135905129601451e+04 1.807500000000000000e+02 0.000000000000000000e+00 3.262320406348089730e+00 4.169999999999999818e-01
2.030525000000000000e+06 0.000000000000000000e+00 6.500000000000000000e+01 4.659470667940786370e+03 1.050196991929601427e+04 1.619499999999998181e+02 0.000000000000000000e+00 1.759391264315166792e+00 9.199999999999999845e-02
2.030529000000000000e+06 1.000000000000000000e+00 6.500000000000000000e+01 4.655570567940785622e+03 1.051822090029601532e+04 1.588399999999992360e+02 0.000000000000000000e+00 4.848671392216603593e+00 9.199999999999999845e-02
2.030530000000000000e+06 1.000000000000000000e+00 6.500000000000000000e+01 4.649621067940785906e+03 1.052031910029601568e+04 1.538500000000003638e+02 0.000000000000000000e+00 5.074893299244077838e+00 4.169999999999999818e-01
2.030527000000000000e+06 1.000000000000000000e+00 6.600000000000000000e+01 4.661788767940785874e+03 1.051768510029601566e+04 1.584600000000000364e+02 0.000000000000000000e+00 4.272947596256393865e+00 1.078999999999999915e+01
2.030527000000000000e+06 1.000000000000000000e+00 6.600000000000000000e+01 4.661788767940785874e+03 1.051768510029601566e+04 1.584600000000000364e+02 0.000000000000000000e+00 4.272947596256393865e+00 3.766849999999999810e+00
2.030527000000000000e+06 1.000000000000000000e+00 6.600000000000000000e+01 4.661788767940785874e+03 1.051768510029601566e+04 1.584600000000000364e+02 0.000000000000000000e+00 4.272947596256393865e+00 5.649100000000000232e-01
2.032234000000000000e+06 1.000000000000000000e+00 6.500000000000000000e+01 4.657873667940785708e+03 1.050350113029601562e+04 5.102999999999974534e+01 0.000000000000000000e+00 7.790181242460930910e+00 9.199999999999999845e-02
2.032235000000000000e+06 1.000000000000000000e+00 6.600000000000000000e+01 4.679967417940785708e+03 1.048311530029601636e+04 5.521000000000003638e+01 0.000000000000000000e+00 6.155154830002626198e+00 6.099999999999999867e-02
2.032231000000000000e+06 1.000000000000000000e+00 6.500000000000000000e+01 4.672337011940786397e+03 1.048196300029601480e+04 4.769000000000050932e+01 0.000000000000000000e+00 1.321771546201962133e+00 9.199999999999999845e-02
2.032225000000000000e+06 1.000000000000000000e+00 6.600000000000000000e+01 4.663014867940785734e+03 1.046220720029601580e+04 5.898999999999978172e+01 0.000000000000000000e+00 1.319972336079922481e+00 2.400000000000000050e-02
2.032225000000000000e+06 1.000000000000000000e+00 6.600000000000000000e+01 4.662613777940786349e+03 1.046038010029601537e+04 6.030999999999949068e+01 0.000000000000000000e+00 2.860330188225764125e+00 1.112819999999999965e+01
8.062010000000000000e+06 1.000000000000000000e+00 6.500000000000000000e+01 3.246670767940785481e+03 1.238553760029601654e+04 6.831100000000005821e+02 1.000000000000000000e+00 8.052208754072448516e-01 2.180000000000000000e+02
2.031435000000000000e+06 0.000000000000000000e+00 6.600000000000000000e+01 4.675595677940786118e+03 1.049938814029601417e+04 1.895100000000002183e+02 1.000000000000000000e+00 1.644651656626108460e+00 2.180000000000000000e+02
2.031434000000000000e+06 1.000000000000000000e+00 6.600000000000000000e+01 4.668561997940785659e+03 1.050111090339601651e+04 1.967299999999995634e+02 1.000000000000000000e+00 6.218060772236702061e-01 2.180000000000000000e+02
8.062246000000000000e+06 0.000000000000000000e+00 6.500000000000000000e+01 3.186560767940785809e+03 1.237400760029601588e+04 7.193499999999994543e+02 1.000000000000000000e+00 2.340852365734405804e+00 2.180000000000000000e+02
8.062010000000000000e+06 0.000000000000000000e+00 6.600000000000000000e+01 3.249310767940785809e+03 1.237612760029601486e+04 6.756399999999994179e+02 1.000000000000000000e+00 1.921333263675694347e+00 2.180000000000000000e+02
