6.489224000000000000e+06 1.000000000000000000e+00 6.500000000000000000e+01 5.932387505057926319e+03 4.699644912734086574e+03 8.153000000000001819e+02 0.000000000000000000e+00 5.410468057056486479e+00 1.078999999999999915e+01
1.610537600000000000e+07 1.000000000000000000e+00 6.500000000000000000e+01 5.931420984057926034e+03 4.705718332734086289e+03 1.822740000000000691e+03 0.000000000000000000e+00 3.414303411318187820e+00 1.605000000000000071e+01
1.610537500000000000e+07 1.000000000000000000e+00 6.500000000000000000e+01 5.931070015057925957e+03 4.705794112734086411e+03 1.832409999999999854e+03 0.000000000000000000e+00 8.500973576857033365e+00 1.078999999999999915e+01
7.267423900000000000e+07 0.000000000000000000e+00 6.600000000000000000e+01 5.913250905057926502e+03 4.954053912734086225e+03 8.486835999999999331e+03 0.000000000000000000e+00 1.828086575635989419e+00 1.339000000000000057e+01
8.964546600000000000e+07 1.000000000000000000e+00 6.500000000000000000e+01 5.816771505057926333e+03 4.972448912734086662e+03 1.042821999999999935e+04 0.000000000000000000e+00 5.400724018261191972e+00 1.605000000000000071e+01
8.964401700000000000e+07 1.000000000000000000e+00 6.600000000000000000e+01 5.849470705057926352e+03 5.002953912734086771e+03 1.048310000000000036e+04 0.000000000000000000e+00 6.247832253649310275e+00 1.339000000000000057e+01
8.964401900000000000e+07 1.000000000000000000e+00 6.500000000000000000e+01 5.858011505057926115e+03 5.013847912734087004e+03 1.049720000000000073e+04 0.000000000000000000e+00 9.515288093336435438e+00 1.339000000000000057e+01
8.964509400000000000e+07 1.000000000000000000e+00 6.600000000000000000e+01 5.897492005057926690e+03 5.057917912734086713e+03 1.047870000000000073e+04 0.000000000000000000e+00 4.123136804794012455e+00 1.339000000000000057e+01
8.964509400000000000e+07 1.000000000000000000e+00 6.600000000000000000e+01 5.897675905057926684e+03 5.057949912734086865e+03 1.047857999999999993e+04 0.000000000000000000e+00 3.944940366638411522e+00 1.078999999999999915e+01
8.964509300000000000e+07 1.000000000000000000e+00 6.600000000000000000e+01 5.904836605057926135e+03 5.060698912734086662e+03 1.047397000000000116e+04 0.000000000000000000e+00 6.762105429026690651e+00 1.339000000000000057e+01
8.964679500000000000e+07 1.000000000000000000e+00 6.500000000000000000e+01 5.963739705057926585e+03 5.081359912734086720e+03 1.046902000000000044e+04 0.000000000000000000e+00 1.546785628609501639e+00 1.339000000000000057e+01
8.964679500000000000e+07 1.000000000000000000e+00 6.500000000000000000e+01 5.965007105057926310e+03 5.081399912734086683e+03 1.047085000000000036e+04 0.000000000000000000e+00 7.182478266105506437e-01 1.078999999999999915e+01
8.964679400000000000e+07 1.000000000000000000e+00 6.500000000000000000e+01 5.966982705057926069e+03 5.081177912734086931e+03 1.047428000000000065e+04 0.000000000000000000e+00 1.101741311425682879e+00 1.078999999999999915e+01
8.964679300000000000e+07 1.000000000000000000e+00 6.500000000000000000e+01 5.968789405057926160e+03 5.082473912734086298e+03 1.048086000000000058e+04 0.000000000000000000e+00 3.193423332744964149e+00 1.078999999999999915e+01
8.964599100000000000e+07 1.000000000000000000e+00 6.500000000000000000e+01 5.969599505057926763e+03 5.084383912734086152e+03 1.048386999999999898e+04 0.000000000000000000e+00 1.392349458508608029e+00 1.339000000000000057e+01
8.964599000000000000e+07 1.000000000000000000e+00 6.500000000000000000e+01 5.970927205057926585e+03 5.086350912734086705e+03 1.048604999999999927e+04 0.000000000000000000e+00 6.809826395160273327e-01 1.078999999999999915e+01
8.964599000000000000e+07 1.000000000000000000e+00 6.500000000000000000e+01 5.971608205057926170e+03 5.086996912734086436e+03 1.048712000000000080e+04 0.000000000000000000e+00 9.035305731717603317e-01 2.400000000000000050e-02
8.964598900000000000e+07 1.000000000000000000e+00 6.500000000000000000e+01 5.974125105057926703e+03 5.087746912734086436e+03 1.048806999999999971e+04 0.000000000000000000e+00 1.598186778968641031e+00 2.400000000000000050e-02
8.964599000000000000e+07 1.000000000000000000e+00 6.500000000000000000e+01 5.974864305057926686e+03 5.083026912734086181e+03 1.049303000000000065e+04 0.000000000000000000e+00 3.623622527623915790e+00 9.199999999999999845e-02
8.964591300000000000e+07 1.000000000000000000e+00 6.500000000000000000e+01 5.966348805057926256e+03 5.093093912734086189e+03 1.048247000000000116e+04 0.000000000000000000e+00 3.771550990470629472e+00 9.199999999999999845e-02
8.964599200000000000e+07 0.000000000000000000e+00 6.500000000000000000e+01 5.964428705057925981e+03 5.089537912734086603e+03 1.048567000000000007e+04 0.000000000000000000e+00 1.105760866118175922e+00 1.078999999999999915e+01
8.964599400000000000e+07 1.000000000000000000e+00 6.600000000000000000e+01 5.968601605057926463e+03 5.083999912734086138e+03 1.050072000000000116e+04 0.000000000000000000e+00 6.795616215570910335e+00 2.400000000000000050e-02
8.964599400000000000e+07 1.000000000000000000e+00 6.600000000000000000e+01 5.969404205057926447e+03 5.084374912734086138e+03 1.050118000000000029e+04 0.000000000000000000e+00 7.481126857557842236e+00 6.099999999999999867e-02
8.964598900000000000e+07 1.000000000000000000e+00 6.500000000000000000e+01 5.971692505057926610e+03 5.085069912734086756e+03 1.050063999999999942e+04 0.000000000000000000e+00 6.416322441808546273e+00 9.199999999999999845e-02
8.964598900000000000e+07 1.000000000000000000e+00 6.500000000000000000e+01 5.972722605057926557e+03 5.083445912734086960e+03 1.050353000000000065e+04 0.000000000000000000e+00 9.542517748859351556e+00 9.199999999999999845e-02
8.964598900000000000e+07 1.000000000000000000e+00 6.500000000000000000e+01 5.974787205057926258e+03 5.084722912734086094e+03 1.050261000000000058e+04 0.000000000000000000e+00 8.430832587315796545e+00 4.169999999999999818e-01
8.964598900000000000e+07 1.000000000000000000e+00 6.500000000000000000e+01 5.974787205057926258e+03 5.084722912734086094e+03 1.050261000000000058e+04 0.000000000000000000e+00 8.430832587315796545e+00 7.234409999999999563e+00
8.964599200000000000e+07 0.000000000000000000e+00 6.500000000000000000e+01 5.964428705057925981e+03 5.089537912734086603e+03 1.048567000000000007e+04 0.000000000000000000e+00 1.105760866118175922e+00 7.917359999999999953e-01
8.964599000000000000e+07 1.000000000000000000e+00 6.500000000000000000e+01 5.970927205057926585e+03 5.086350912734086705e+03 1.048604999999999927e+04 0.000000000000000000e+00 6.809826395160273327e-01 4.384459999999999802e+00
8.964599100000000000e+07 1.000000000000000000e+00 6.500000000000000000e+01 5.969599505057926763e+03 5.084383912734086152e+03 1.048386999999999898e+04 0.000000000000000000e+00 1.392349458508608029e+00 3.452820000000000000e+00
8.964590900000000000e+07 1.000000000000000000e+00 6.600000000000000000e+01 5.965750505057926603e+03 5.081654912734086793e+03 1.047936000000000058e+04 0.000000000000000000e+00 1.961362639658185136e+00 1.078999999999999915e+01
8.964679600000000000e+07 1.000000000000000000e+00 6.600000000000000000e+01 5.977741005057926486e+03 5.092074912734086865e+03 1.047206999999999971e+04 0.000000000000000000e+00 5.052694154417752159e+00 6.099999999999999867e-02
8.964598700000000000e+07 1.000000000000000000e+00 6.600000000000000000e+01 5.985043505057926268e+03 5.093068912734086553e+03 1.047234000000000015e+04 0.000000000000000000e+00 6.279662123147327080e+00 6.099999999999999867e-02
8.964679100000000000e+07 1.000000000000000000e+00 6.500000000000000000e+01 5.994251105057925997e+03 5.073276912734086181e+03 1.047029999999999927e+04 0.000000000000000000e+00 8.966483922285473085e+00 9.199999999999999845e-02
8.964598100000000000e+07 1.000000000000000000e+00 6.500000000000000000e+01 6.010785705057925952e+03 5.079698912734086662e+03 1.048581000000000131e+04 0.000000000000000000e+00 9.254652084189705974e+00 9.199999999999999845e-02
8.964688600000000000e+07 1.000000000000000000e+00 6.600000000000000000e+01 6.021903005057926748e+03 5.080361912734086218e+03 1.048472999999999956e+04 0.000000000000000000e+00 9.002942351981150892e+00 6.099999999999999867e-02
8.964689000000000000e+07 1.000000000000000000e+00 6.500000000000000000e+01 6.019026105057926543e+03 5.085202912734086567e+03 1.048361000000000058e+04 0.000000000000000000e+00 6.462570397177815451e+00 1.000000000000000021e-02
8.964590900000000000e+07 1.000000000000000000e+00 6.600000000000000000e+01 5.965750505057926603e+03 5.081654912734086793e+03 1.047936000000000058e+04 0.000000000000000000e+00 1.961362639658185136e+00 5.922500000000000320e+00
8.964679500000000000e+07 1.000000000000000000e+00 6.500000000000000000e+01 5.969962805057926744e+03 5.078798912734087025e+03 1.046556999999999971e+04 0.000000000000000000e+00 1.096028067641384274e+00 6.099999999999999867e-02
8.964505300000000000e+07 1.000000000000000000e+00 6.600000000000000000e+01 5.970418005057926166e+03 5.098037912734086603e+03 1.044814999999999964e+04 0.000000000000000000e+00 9.979096789097664510e-01 9.199999999999999845e-02
8.964786100000000000e+07 1.000000000000000000e+00 6.500000000000000000e+01 5.959582405057926735e+03 5.099549912734086320e+03 1.044729999999999927e+04 0.000000000000000000e+00 1.272354950700413712e+00 1.000000000000000021e-02
8.964672400000000000e+07 1.000000000000000000e+00 6.500000000000000000e+01 5.963329405057926124e+03 5.092947912734086458e+03 1.044393000000000029e+04 0.000000000000000000e+00 2.773165827192135335e+00 1.000000000000000021e-02
8.964505800000000000e+07 1.000000000000000000e+00 6.500000000000000000e+01 5.970910605057926659e+03 5.083567912734086349e+03 1.044328000000000065e+04 0.000000000000000000e+00 3.155924755194610132e+00 1.124000000000000021e+01
8.964505800000000000e+07 1.000000000000000000e+00 6.500000000000000000e+01 5.970910605057926659e+03 5.083567912734086349e+03 1.044328000000000065e+04 0.000000000000000000e+00 3.155924755194610132e+00 3.533409999999999940e+00
8.964679500000000000e+07 1.000000000000000000e+00 6.500000000000000000e+01 5.965966205057926345e+03 5.081635912734086560e+03 1.047182999999999993e+04 0.000000000000000000e+00 1.739757128860975888e+00 9.199999999999999845e-02
8.964679500000000000e+07 1.000000000000000000e+00 6.500000000000000000e+01 5.967313005057926603e+03 5.082306912734086836e+03 1.047087000000000080e+04 0.000000000000000000e+00 2.190519449106210104e+00 6.099999999999999867e-02
8.964679500000000000e+07 1.000000000000000000e+00 6.500000000000000000e+01 5.965032105057925946e+03 5.082052912734086931e+03 1.047056000000000131e+04 0.000000000000000000e+00 9.079105815247101585e-01 2.400000000000000050e-02
8.964683100000000000e+07 1.000000000000000000e+00 6.500000000000000000e+01 5.958605705057926571e+03 5.088785912734086196e+03 1.046677999999999884e+04 0.000000000000000000e+00 4.277046863754699224e+00 1.000000000000000021e-02
8.964683100000000000e+07 1.000000000000000000e+00 6.500000000000000000e+01 5.959161105057926761e+03 5.089245912734086232e+03 1.046694000000000051e+04 0.000000000000000000e+00 4.040121865543644830e+00 2.400000000000000050e-02
8.964697900000000000e+07 1.000000000000000000e+00 6.600000000000000000e+01 5.964619705057926694e+03 5.092859912734086720e+03 1.046963999999999942e+04 0.000000000000000000e+00 2.780628597735085528e+00 9.199999999999999845e-02
8.964697900000000000e+07 1.000000000000000000e+00 6.600000000000000000e+01 5.965292705057926469e+03 5.092099912734086502e+03 1.046980999999999949e+04 0.000000000000000000e+00 3.337396867425375557e+00 1.078999999999999915e+01
8.964697900000000000e+07 1.000000000000000000e+00 6.600000000000000000e+01 5.965292705057926469e+03 5.092099912734086502e+03 1.046980999999999949e+04 0.000000000000000000e+00 3.337396867425375557e+00 4.103790000000000049e+00
8.964697900000000000e+07 1.000000000000000000e+00 6.600000000000000000e+01 5.965292705057926469e+03 5.092099912734086502e+03 1.046980999999999949e+04 0.000000000000000000e+00 3.337396867425375557e+00 3.807590000000000141e-01
8.964679500000000000e+07 1.000000000000000000e+00 6.500000000000000000e+01 5.963739705057926585e+03 5.081359912734086720e+03 1.046902000000000044e+04 0.000000000000000000e+00 1.546785628609501639e+00 6.482479999999999798e+00
8.964683100000000000e+07 1.000000000000000000e+00 6.500000000000000000e+01 5.956544505057926472e+03 5.091133912734086152e+03 1.047303000000000065e+04 0.000000000000000000e+00 1.492904772128622826e+00 2.400000000000000050e-02
8.964608600000000000e+07 1.000000000000000000e+00 6.500000000000000000e+01 5.956252405057925898e+03 5.097928912734086225e+03 1.046722000000000116e+04 0.000000000000000000e+00 3.829698454893249782e+00 9.199999999999999845e-02
8.964608600000000000e+07 1.000000000000000000e+00 6.500000000000000000e+01 5.953694405057925906e+03 5.096527912734086385e+03 1.046573999999999978e+04 0.000000000000000000e+00 3.130053754651834108e+00 1.000000000000000000e+01
8.964608600000000000e+07 1.000000000000000000e+00 6.500000000000000000e+01 5.953694405057925906e+03 5.096527912734086385e+03 1.046573999999999978e+04 0.000000000000000000e+00 3.130053754651834108e+00 2.140849999999999920e+00
8.964675000000000000e+07 1.000000000000000000e+00 6.600000000000000000e+01 5.911656905057926451e+03 5.059584912734086174e+03 1.046223999999999978e+04 0.000000000000000000e+00 6.566391372745870925e+00 6.099999999999999867e-02
8.964509400000000000e+07 1.000000000000000000e+00 6.600000000000000000e+01 5.908730205057926469e+03 5.048669912734086211e+03 1.047697999999999956e+04 0.000000000000000000e+00 4.988415697005312843e+00 8.349999999999999645e-01
8.964509400000000000e+07 1.000000000000000000e+00 6.600000000000000000e+01 5.908730205057926469e+03 5.048669912734086211e+03 1.047697999999999956e+04 0.000000000000000000e+00 4.988415697005312843e+00 6.575859999999999594e+00
8.964509200000000000e+07 1.000000000000000000e+00 6.600000000000000000e+01 5.902609805057926678e+03 5.059389912734086465e+03 1.046815999999999985e+04 0.000000000000000000e+00 6.792452005623451861e+00 4.169999999999999818e-01
8.964509200000000000e+07 1.000000000000000000e+00 6.600000000000000000e+01 5.901160805057926154e+03 5.058442912734086349e+03 1.046857999999999993e+04 0.000000000000000000e+00 6.110850454107582763e+00 2.039999999999999869e-01
8.964509300000000000e+07 0.000000000000000000e+00 6.600000000000000000e+01 5.894106305057925965e+03 5.054205912734086269e+03 1.047397999999999956e+04 0.000000000000000000e+00 4.330988152541770830e+00 9.199999999999999845e-02
8.964509200000000000e+07 1.000000000000000000e+00 6.600000000000000000e+01 5.893413605057926361e+03 5.056891912734086873e+03 1.047142000000000007e+04 0.000000000000000000e+00 5.749172800374097392e+00 2.039999999999999869e-01
8.964509600000000000e+07 1.000000000000000000e+00 6.500000000000000000e+01 5.894222705057926760e+03 5.061717912734086894e+03 1.046851000000000022e+04 0.000000000000000000e+00 8.197270480192090147e+00 9.199999999999999845e-02
8.964509300000000000e+07 1.000000000000000000e+00 6.600000000000000000e+01 5.898337605057926339e+03 5.060864912734086829e+03 1.047107999999999993e+04 0.000000000000000000e+00 6.285325830037598038e+00 6.099999999999999867e-02
8.964509300000000000e+07 1.000000000000000000e+00 6.600000000000000000e+01 5.900191405057926204e+03 5.062814912734086647e+03 1.047034000000000015e+04 0.000000000000000000e+00 8.415935986296560145e+00 6.099999999999999867e-02
8.964674900000000000e+07 1.000000000000000000e+00 6.600000000000000000e+01 5.909565005057926101e+03 5.065185912734086742e+03 1.046377999999999884e+04 0.000000000000000000e+00 5.404296791398898847e+00 4.169999999999999818e-01
8.964674900000000000e+07 1.000000000000000000e+00 6.600000000000000000e+01 5.909565005057926101e+03 5.065185912734086742e+03 1.046377999999999884e+04 0.000000000000000000e+00 5.404296791398898847e+00 7.022380000000000067e+00
8.964509400000000000e+07 1.000000000000000000e+00 6.600000000000000000e+01 5.898083605057926434e+03 5.057484912734086720e+03 1.047821999999999935e+04 0.000000000000000000e+00 3.340916225807993190e+00 4.169999999999999818e-01
8.964501100000000000e+07 1.000000000000000000e+00 6.600000000000000000e+01 5.918362105057925874e+03 5.055266912734086873e+03 1.047947999999999956e+04 0.000000000000000000e+00 7.568416025321954343e+00 6.099999999999999867e-02
8.964516100000000000e+07 1.000000000000000000e+00 6.500000000000000000e+01 5.926183045057926392e+03 5.056086912734086582e+03 1.047382999999999993e+04 0.000000000000000000e+00 9.688732548911284326e+00 9.199999999999999845e-02
8.964588900000000000e+07 0.000000000000000000e+00 6.500000000000000000e+01 5.939267545057926327e+03 5.020922912734086822e+03 1.047829000000000087e+04 0.000000000000000000e+00 9.551980532332761120e-01 2.400000000000000050e-02
8.964588700000000000e+07 1.000000000000000000e+00 6.600000000000000000e+01 5.942421505057925970e+03 5.011230912734086814e+03 1.046822999999999956e+04 0.000000000000000000e+00 2.113007996385824150e+00 8.220000000000000639e+00
8.964588700000000000e+07 1.000000000000000000e+00 6.600000000000000000e+01 5.942421505057925970e+03 5.011230912734086814e+03 1.046822999999999956e+04 0.000000000000000000e+00 2.113007996385824150e+00 2.223259999999999792e+00
8.964509300000000000e+07 1.000000000000000000e+00 6.600000000000000000e+01 5.897449505057926217e+03 5.057179912734086429e+03 1.047545999999999913e+04 0.000000000000000000e+00 3.364680074779258234e+00 9.199999999999999845e-02
8.964509600000000000e+07 1.000000000000000000e+00 6.500000000000000000e+01 5.895342105057926346e+03 5.058467912734086894e+03 1.047469000000000051e+04 0.000000000000000000e+00 3.977027286497012870e+00 6.099999999999999867e-02
8.964509200000000000e+07 1.000000000000000000e+00 6.600000000000000000e+01 5.896223705057926054e+03 5.055535912734086196e+03 1.047047999999999956e+04 0.000000000000000000e+00 3.796717961854449541e+00 6.099999999999999867e-02
8.964675100000000000e+07 1.000000000000000000e+00 6.500000000000000000e+01 5.890528305057926445e+03 5.060907912734086494e+03 1.045665999999999985e+04 0.000000000000000000e+00 7.181666870923208990e+00 4.169999999999999818e-01
8.964645800000000000e+07 1.000000000000000000e+00 6.600000000000000000e+01 5.893808505057926595e+03 5.055657912734086494e+03 1.044322000000000116e+04 0.000000000000000000e+00 4.075377033120120451e+00 9.199999999999999845e-02
8.964645900000000000e+07 1.000000000000000000e+00 6.600000000000000000e+01 5.892953405057925920e+03 5.054827912734086567e+03 1.044207999999999993e+04 0.000000000000000000e+00 2.909591697317660319e+00 9.199999999999999845e-02
8.964646100000000000e+07 0.000000000000000000e+00 6.500000000000000000e+01 5.883166805057926467e+03 5.052240912734086123e+03 1.044028000000000065e+04 0.000000000000000000e+00 7.713312895749284692e-01 2.400000000000000050e-02
8.964646000000000000e+07 1.000000000000000000e+00 6.600000000000000000e+01 5.893743805057926693e+03 5.052134912734086356e+03 1.043686999999999898e+04 0.000000000000000000e+00 3.227569081465090139e+00 9.199999999999999845e-02
8.964674900000000000e+07 1.000000000000000000e+00 6.500000000000000000e+01 5.905877105057926201e+03 5.058924912734086320e+03 1.044153000000000065e+04 0.000000000000000000e+00 2.379049001728239077e+00 2.400000000000000050e-02
8.964674700000000000e+07 0.000000000000000000e+00 6.600000000000000000e+01 5.903607805057926271e+03 5.066273912734086480e+03 1.044854000000000087e+04 0.000000000000000000e+00 4.225508725630374940e+00 9.199999999999999845e-02
8.964645800000000000e+07 1.000000000000000000e+00 6.600000000000000000e+01 5.898283905057925949e+03 5.064997912734086640e+03 1.044329000000000087e+04 0.000000000000000000e+00 5.866574089930852942e+00 9.199999999999999845e-02
8.964645500000000000e+07 1.000000000000000000e+00 6.500000000000000000e+01 5.896490005057926282e+03 5.068422912734086822e+03 1.043184000000000015e+04 0.000000000000000000e+00 6.161978880247943602e-01 9.199999999999999845e-02
8.964654100000000000e+07 1.000000000000000000e+00 6.600000000000000000e+01 5.899433105057926696e+03 5.072659912734086902e+03 1.042457999999999993e+04 0.000000000000000000e+00 4.456402709483567648e+00 2.400000000000000050e-02
8.964520200000000000e+07 1.000000000000000000e+00 6.500000000000000000e+01 5.900412505057925955e+03 5.070279912734086793e+03 1.042027000000000044e+04 0.000000000000000000e+00 3.648055132015292745e+00 4.169999999999999818e-01
8.964520100000000000e+07 1.000000000000000000e+00 6.500000000000000000e+01 5.899573305057926518e+03 5.067616912734086327e+03 1.041827000000000044e+04 0.000000000000000000e+00 1.325520589673791827e+00 8.349999999999999645e-01
8.964520200000000000e+07 1.000000000000000000e+00 6.500000000000000000e+01 5.896058505057926595e+03 5.069551912734086727e+03 1.041953000000000065e+04 0.000000000000000000e+00 1.580025482552043226e+00 2.400000000000000050e-02
8.964520200000000000e+07 1.000000000000000000e+00 6.500000000000000000e+01 5.893887505057926319e+03 5.069312912734086240e+03 1.042014999999999964e+04 0.000000000000000000e+00 1.072265358625377196e+00 9.199999999999999845e-02
8.964653600000000000e+07 1.000000000000000000e+00 6.500000000000000000e+01 5.907886805057926722e+03 5.058478912734086407e+03 1.042294000000000051e+04 0.000000000000000000e+00 2.872518491300297239e+00 2.400000000000000050e-02
8.964519500000000000e+07 1.000000000000000000e+00 6.600000000000000000e+01 5.910685805057926700e+03 5.052590912734086487e+03 1.042211000000000058e+04 0.000000000000000000e+00 1.719344933869808134e+00 9.199999999999999845e-02
8.964519600000000000e+07 1.000000000000000000e+00 6.600000000000000000e+01 5.912587305057926642e+03 5.054570912734086960e+03 1.042527000000000044e+04 0.000000000000000000e+00 2.366582868365525449e+00 2.400000000000000050e-02
8.964674800000000000e+07 1.000000000000000000e+00 6.500000000000000000e+01 5.917005005057926610e+03 5.055764912734086465e+03 1.043664999999999964e+04 0.000000000000000000e+00 1.913519572821624548e+00 2.039999999999999869e-01
8.964674800000000000e+07 1.000000000000000000e+00 6.500000000000000000e+01 5.916975605057926259e+03 5.054077912734086567e+03 1.043529000000000087e+04 0.000000000000000000e+00 2.135834369365008811e+00 6.099999999999999867e-02
8.964675200000000000e+07 1.000000000000000000e+00 6.600000000000000000e+01 5.921476905057926160e+03 5.050840912734086487e+03 1.044977999999999884e+04 0.000000000000000000e+00 6.218045958562770537e+00 9.199999999999999845e-02
8.964676000000000000e+07 1.000000000000000000e+00 6.600000000000000000e+01 5.919196505057926515e+03 5.044345912734086596e+03 1.045647000000000116e+04 0.000000000000000000e+00 3.697907546529091594e+00 9.199999999999999845e-02
8.964508100000000000e+07 1.000000000000000000e+00 6.600000000000000000e+01 5.926910505057926457e+03 5.042733912734086516e+03 1.044827000000000044e+04 0.000000000000000000e+00 1.241033977374294439e+00 6.099999999999999867e-02
8.964507600000000000e+07 1.000000000000000000e+00 6.500000000000000000e+01 5.936172945057925972e+03 5.046174912734086320e+03 1.043727999999999884e+04 0.000000000000000000e+00 2.578621622684317938e+00 9.199999999999999845e-02
8.964500700000000000e+07 1.000000000000000000e+00 6.500000000000000000e+01 5.932345470157926684e+03 5.050308912734086334e+03 1.043537999999999920e+04 0.000000000000000000e+00 5.333071398998085577e+00 6.099999999999999867e-02
8.964515400000000000e+07 1.000000000000000000e+00 6.600000000000000000e+01 5.935936435057926246e+03 5.056519912734086574e+03 1.043045000000000073e+04 0.000000000000000000e+00 4.249674000646250782e+00 2.400000000000000050e-02
8.964506500000000000e+07 1.000000000000000000e+00 6.500000000000000000e+01 5.961193605057926106e+03 5.065838912734086080e+03 1.042120000000000073e+04 0.000000000000000000e+00 4.033545912995061045e+00 2.400000000000000050e-02
8.964507000000000000e+07 1.000000000000000000e+00 6.600000000000000000e+01 5.963149405057926742e+03 5.050910912734086196e+03 1.041905999999999949e+04 0.000000000000000000e+00 5.843347756838618068e+00 9.199999999999999845e-02
8.964514900000000000e+07 1.000000000000000000e+00 6.500000000000000000e+01 5.949343105057926550e+03 5.065520912734086778e+03 1.042784000000000015e+04 0.000000000000000000e+00 3.708242231604214734e+00 2.400000000000000050e-02
8.964514900000000000e+07 1.000000000000000000e+00 6.500000000000000000e+01 5.949343105057926550e+03 5.065520912734086778e+03 1.042784000000000015e+04 0.000000000000000000e+00 3.708242231604214734e+00 7.378980000000000317e+00
8.964664600000000000e+07 1.000000000000000000e+00 6.500000000000000000e+01 5.866282005057926654e+03 5.052231912734087018e+03 1.051195000000000073e+04 0.000000000000000000e+00 4.969290028837536788e+00 1.078999999999999915e+01
8.964664600000000000e+07 1.000000000000000000e+00 6.500000000000000000e+01 5.865946905057926415e+03 5.052211912734086582e+03 1.051204999999999927e+04 0.000000000000000000e+00 4.710679427379199424e+00 9.199999999999999845e-02
8.964664600000000000e+07 1.000000000000000000e+00 6.500000000000000000e+01 5.865934005057926697e+03 5.052210912734086378e+03 1.051204999999999927e+04 0.000000000000000000e+00 4.699116857620428078e+00 9.199999999999999845e-02
8.964664800000000000e+07 0.000000000000000000e+00 6.500000000000000000e+01 5.860490705057925879e+03 5.039013912734086261e+03 1.051604000000000087e+04 0.000000000000000000e+00 4.438821448201138331e+00 9.199999999999999845e-02
8.964664800000000000e+07 0.000000000000000000e+00 6.500000000000000000e+01 5.861960305057926234e+03 5.039945912734086960e+03 1.051770999999999913e+04 0.000000000000000000e+00 6.039438560957840707e+00 9.199999999999999845e-02
8.964664700000000000e+07 1.000000000000000000e+00 6.500000000000000000e+01 5.868050005057926683e+03 5.041844912734086392e+03 1.051995999999999913e+04 0.000000000000000000e+00 7.615963758673853334e+00 9.199999999999999845e-02
8.964664700000000000e+07 1.000000000000000000e+00 6.500000000000000000e+01 5.868075305057926016e+03 5.041926912734086727e+03 1.051996999999999935e+04 0.000000000000000000e+00 7.610562126922829407e+00 2.400000000000000050e-02
8.964502200000000000e+07 1.000000000000000000e+00 6.500000000000000000e+01 5.891785105057926557e+03 5.078946912734086254e+03 1.051089999999999964e+04 0.000000000000000000e+00 7.747742222813543300e+00 2.400000000000000050e-02
8.964502600000000000e+07 1.000000000000000000e+00 6.600000000000000000e+01 5.909413905057926058e+03 5.090085912734086378e+03 1.051875000000000000e+04 0.000000000000000000e+00 9.185379585036729466e+00 4.169999999999999818e-01
8.964502600000000000e+07 1.000000000000000000e+00 6.600000000000000000e+01 5.909413905057926058e+03 5.090085912734086378e+03 1.051875000000000000e+04 0.000000000000000000e+00 9.185379585036729466e+00 6.984630000000000116e+00
8.964664600000000000e+07 1.000000000000000000e+00 6.500000000000000000e+01 5.866282005057926654e+03 5.052231912734087018e+03 1.051195000000000073e+04 0.000000000000000000e+00 4.969290028837536788e+00 1.735209999999999919e+00
8.964401600000000000e+07 1.000000000000000000e+00 6.600000000000000000e+01 5.858039905057926262e+03 5.003907912734086494e+03 1.049555999999999949e+04 0.000000000000000000e+00 5.253558209732411832e+00 6.099999999999999867e-02
8.964402000000000000e+07 1.000000000000000000e+00 6.500000000000000000e+01 5.868500105057926703e+03 5.015548912734087025e+03 1.049082999999999993e+04 0.000000000000000000e+00 2.338031205077867547e+00 6.099999999999999867e-02
8.964402500000000000e+07 0.000000000000000000e+00 6.500000000000000000e+01 5.876446005057926413e+03 5.018541912734086509e+03 1.047327000000000044e+04 0.000000000000000000e+00 1.463530756638007135e+00 1.078999999999999915e+01
8.964402500000000000e+07 0.000000000000000000e+00 6.500000000000000000e+01 5.876446005057926413e+03 5.018541912734086509e+03 1.047327000000000044e+04 0.000000000000000000e+00 1.463530756638007135e+00 5.356860000000000177e+00
8.964402500000000000e+07 0.000000000000000000e+00 6.500000000000000000e+01 5.876446005057926413e+03 5.018541912734086509e+03 1.047327000000000044e+04 0.000000000000000000e+00 1.463530756638007135e+00 4.827210000000000001e+00
8.964401900000000000e+07 1.000000000000000000e+00 6.600000000000000000e+01 5.858805605057926186e+03 5.007344912734086392e+03 1.047801000000000022e+04 0.000000000000000000e+00 3.223176090110976499e+00 9.199999999999999845e-02
8.964402000000000000e+07 1.000000000000000000e+00 6.600000000000000000e+01 5.868623105057926296e+03 5.006251912734086545e+03 1.047129000000000087e+04 0.000000000000000000e+00 5.769749653271396994e+00 9.199999999999999845e-02
8.964402000000000000e+07 1.000000000000000000e+00 6.600000000000000000e+01 5.871275905057926138e+03 5.005277912734086385e+03 1.047352999999999884e+04 0.000000000000000000e+00 3.674230451640120521e+00 8.349999999999999645e-01
8.964402000000000000e+07 1.000000000000000000e+00 6.600000000000000000e+01 5.871275905057926138e+03 5.005277912734086385e+03 1.047352999999999884e+04 0.000000000000000000e+00 3.674230451640120521e+00 7.284200000000000230e+00
8.964546600000000000e+07 1.000000000000000000e+00 6.500000000000000000e+01 5.816771505057926333e+03 4.972448912734086662e+03 1.042821999999999935e+04 0.000000000000000000e+00 5.400724018261191972e+00 6.320059999999999789e+00
8.964546800000000000e+07 1.000000000000000000e+00 6.500000000000000000e+01 5.797812505057926501e+03 4.958942912734086349e+03 1.042017000000000007e+04 0.000000000000000000e+00 9.747554853433516797e+00 9.199999999999999845e-02
8.964546800000000000e+07 1.000000000000000000e+00 6.500000000000000000e+01 5.801783505057926050e+03 4.960717912734086894e+03 1.042013999999999942e+04 0.000000000000000000e+00 5.940580510081650445e+00 2.400000000000000050e-02
8.964546700000000000e+07 1.000000000000000000e+00 6.500000000000000000e+01 5.809224505057926763e+03 4.970729912734086611e+03 1.042305999999999949e+04 0.000000000000000000e+00 5.023449987298190145e+00 1.078999999999999915e+01
8.964546700000000000e+07 1.000000000000000000e+00 6.500000000000000000e+01 5.809224505057926763e+03 4.970729912734086611e+03 1.042305999999999949e+04 0.000000000000000000e+00 5.023449987298190145e+00 4.901889999999999858e+00
8.964546700000000000e+07 1.000000000000000000e+00 6.500000000000000000e+01 5.809224505057926763e+03 4.970729912734086611e+03 1.042305999999999949e+04 0.000000000000000000e+00 5.023449987298190145e+00 2.286319999999999908e+00
8.964418400000000000e+07 1.000000000000000000e+00 6.500000000000000000e+01 5.855535405057926255e+03 4.915115912734086123e+03 1.042928000000000065e+04 0.000000000000000000e+00 7.729364430730337965e+00 8.349999999999999645e-01
8.964444000000000000e+07 1.000000000000000000e+00 6.500000000000000000e+01 5.860246205057926090e+03 4.884929912734086429e+03 1.044623999999999978e+04 0.000000000000000000e+00 7.244724477209155467e+00 9.199999999999999845e-02
8.964435900000000000e+07 0.000000000000000000e+00 6.600000000000000000e+01 5.871494305057925885e+03 4.870750912734086342e+03 1.043322999999999956e+04 0.000000000000000000e+00 1.301353417490690667e+00 2.400000000000000050e-02
8.964436100000000000e+07 1.000000000000000000e+00 6.500000000000000000e+01 5.870190705057926607e+03 4.874473912734086298e+03 1.042397999999999956e+04 0.000000000000000000e+00 1.314958822920733184e+00 4.169999999999999818e-01
8.964443400000000000e+07 1.000000000000000000e+00 6.600000000000000000e+01 5.861297105057926274e+03 4.881300912734086523e+03 1.041990999999999985e+04 0.000000000000000000e+00 6.020597584018420712e+00 4.169999999999999818e-01
8.964428400000000000e+07 0.000000000000000000e+00 6.500000000000000000e+01 5.869192505057926610e+03 4.890645912734086778e+03 1.040921999999999935e+04 0.000000000000000000e+00 1.164116144874745240e+00 2.400000000000000050e-02
8.964428500000000000e+07 0.000000000000000000e+00 6.500000000000000000e+01 5.864020005057926028e+03 4.892854912734086611e+03 1.040693000000000029e+04 0.000000000000000000e+00 4.523884454614489847e+00 9.199999999999999845e-02
8.964428600000000000e+07 1.000000000000000000e+00 6.500000000000000000e+01 5.854526705057925938e+03 4.888785912734086196e+03 1.041019000000000051e+04 0.000000000000000000e+00 6.056835000121155055e+00 6.099999999999999867e-02
8.964429000000000000e+07 1.000000000000000000e+00 6.600000000000000000e+01 5.843536205057926054e+03 4.884388912734086261e+03 1.041556999999999971e+04 0.000000000000000000e+00 9.836201792579050363e+00 9.199999999999999845e-02
8.964547900000000000e+07 1.000000000000000000e+00 6.500000000000000000e+01 5.826644505057925926e+03 4.935773912734086480e+03 1.039618000000000029e+04 0.000000000000000000e+00 6.523419473380744016e+00 4.169999999999999818e-01
8.964547700000000000e+07 1.000000000000000000e+00 6.600000000000000000e+01 5.828273505057926741e+03 4.936319912734086756e+03 1.039369000000000051e+04 0.000000000000000000e+00 5.118747034389649286e+00 2.400000000000000050e-02
8.964547900000000000e+07 1.000000000000000000e+00 6.500000000000000000e+01 5.820324505057926217e+03 4.938278912734086589e+03 1.039501000000000022e+04 0.000000000000000000e+00 3.828297205191131702e+00 2.039999999999999869e-01
8.964547900000000000e+07 1.000000000000000000e+00 6.500000000000000000e+01 5.814906505057926552e+03 4.932722912734087004e+03 1.039353000000000065e+04 0.000000000000000000e+00 1.268128836308756169e+00 6.099999999999999867e-02
8.964547800000000000e+07 1.000000000000000000e+00 6.500000000000000000e+01 5.807615505057926384e+03 4.930546912734086618e+03 1.038810000000000036e+04 0.000000000000000000e+00 6.141766106684443116e+00 6.099999999999999867e-02
8.964547700000000000e+07 1.000000000000000000e+00 6.500000000000000000e+01 5.811952505057925919e+03 4.938074912734086865e+03 1.039423999999999978e+04 0.000000000000000000e+00 2.728197567277677482e+00 4.169999999999999818e-01
8.964547700000000000e+07 1.000000000000000000e+00 6.500000000000000000e+01 5.811952505057925919e+03 4.938074912734086865e+03 1.039423999999999978e+04 0.000000000000000000e+00 2.728197567277677482e+00 7.157519999999999882e+00
8.964419500000000000e+07 1.000000000000000000e+00 6.500000000000000000e+01 5.831238505057925977e+03 4.933612912734086422e+03 1.040860000000000036e+04 0.000000000000000000e+00 8.024785604820694473e+00 8.349999999999999645e-01
8.964420000000000000e+07 1.000000000000000000e+00 6.600000000000000000e+01 5.842762805057926016e+03 4.944212912734086785e+03 1.039887999999999920e+04 0.000000000000000000e+00 3.632539561243429471e+00 1.339000000000000057e+01
8.964419900000000000e+07 0.000000000000000000e+00 6.600000000000000000e+01 5.843494505057926290e+03 4.944663912734086807e+03 1.039838999999999942e+04 0.000000000000000000e+00 3.498861357236779046e+00 6.099999999999999867e-02
8.964420100000000000e+07 1.000000000000000000e+00 6.600000000000000000e+01 5.840164305057925958e+03 4.947094912734086392e+03 1.039225000000000000e+04 0.000000000000000000e+00 2.077492780444401443e+00 2.400000000000000050e-02
8.964420000000000000e+07 1.000000000000000000e+00 6.600000000000000000e+01 5.840126305057926402e+03 4.949224912734086502e+03 1.039315999999999985e+04 0.000000000000000000e+00 2.055207095702231701e+00 4.169999999999999818e-01
8.964419800000000000e+07 1.000000000000000000e+00 6.600000000000000000e+01 5.839634905057926517e+03 4.957988912734086625e+03 1.040013000000000102e+04 0.000000000000000000e+00 5.169848163904633864e+00 6.099999999999999867e-02
8.964419800000000000e+07 1.000000000000000000e+00 6.600000000000000000e+01 5.839253105057926405e+03 4.959568912734086553e+03 1.040015999999999985e+04 0.000000000000000000e+00 6.117199877012236442e+00 9.199999999999999845e-02
8.964547000000000000e+07 1.000000000000000000e+00 6.600000000000000000e+01 5.827039505057926362e+03 4.962026912734086181e+03 1.040194000000000051e+04 0.000000000000000000e+00 1.658122396285591327e+00 9.199999999999999845e-02
8.964547100000000000e+07 1.000000000000000000e+00 6.600000000000000000e+01 5.821919505057926472e+03 4.960724912734086502e+03 1.039388999999999942e+04 0.000000000000000000e+00 5.945005233476131856e+00 9.199999999999999845e-02
8.964547100000000000e+07 1.000000000000000000e+00 6.600000000000000000e+01 5.821919505057926472e+03 4.960724912734086502e+03 1.039388999999999942e+04 0.000000000000000000e+00 5.945005233476131856e+00 7.367110000000000269e+00
8.964420000000000000e+07 1.000000000000000000e+00 6.600000000000000000e+01 5.842762805057926016e+03 4.944212912734086785e+03 1.039887999999999920e+04 0.000000000000000000e+00 3.632539561243429471e+00 6.410420000000000007e-01
7.267513100000000000e+07 1.000000000000000000e+00 6.600000000000000000e+01 5.930703975057926073e+03 4.977335912734086378e+03 8.488421000000000276e+03 0.000000000000000000e+00 3.017201252573547876e+00 1.339000000000000057e+01
7.267513100000000000e+07 1.000000000000000000e+00 6.600000000000000000e+01 5.935246885057926193e+03 4.981880912734086451e+03 8.487905000000000655e+03 0.000000000000000000e+00 3.218300751201204513e+00 1.339000000000000057e+01
7.267513300000000000e+07 1.000000000000000000e+00 6.500000000000000000e+01 5.936913205057926461e+03 4.983967912734086894e+03 8.487649999999999636e+03 0.000000000000000000e+00 3.422736083605102841e+00 1.078999999999999915e+01
7.267513400000000000e+07 1.000000000000000000e+00 6.500000000000000000e+01 5.941088405057926138e+03 4.989603912734086407e+03 8.487227000000000771e+03 0.000000000000000000e+00 4.583565855489294960e-01 1.339000000000000057e+01
7.267605300000000000e+07 1.000000000000000000e+00 6.600000000000000000e+01 5.970370105057926594e+03 5.056396912734086982e+03 8.478128000000000611e+03 0.000000000000000000e+00 3.572297773184626823e+00 1.078999999999999915e+01
7.267605300000000000e+07 1.000000000000000000e+00 6.600000000000000000e+01 5.972909905057926153e+03 5.060505912734086451e+03 8.476817999999999302e+03 0.000000000000000000e+00 6.917473313375960053e+00 1.078999999999999915e+01
7.267711200000000000e+07 1.000000000000000000e+00 6.500000000000000000e+01 5.976750105057926703e+03 5.069831912734086472e+03 8.475759000000000015e+03 0.000000000000000000e+00 7.450538304916728194e+00 1.078999999999999915e+01
7.267711200000000000e+07 1.000000000000000000e+00 6.500000000000000000e+01 5.981623305057926700e+03 5.079828912734086771e+03 8.470222999999999956e+03 0.000000000000000000e+00 4.715031876840831693e+00 1.078999999999999915e+01
7.267711600000000000e+07 1.000000000000000000e+00 6.600000000000000000e+01 5.981401405057926240e+03 5.089247912734086640e+03 8.462486999999999171e+03 0.000000000000000000e+00 2.008885388786533888e+00 2.039999999999999869e-01
7.267711600000000000e+07 1.000000000000000000e+00 6.600000000000000000e+01 5.980921805057926576e+03 5.086896912734086982e+03 8.460853999999999360e+03 0.000000000000000000e+00 1.166251135049367171e+00 1.078999999999999915e+01
7.267711600000000000e+07 1.000000000000000000e+00 6.600000000000000000e+01 5.983505705057926207e+03 5.087921912734086618e+03 8.457933999999999287e+03 0.000000000000000000e+00 1.953411225676399354e+00 1.078999999999999915e+01
7.267818700000000000e+07 1.000000000000000000e+00 6.600000000000000000e+01 5.979499705057925894e+03 5.094656912734086291e+03 8.451638000000000829e+03 0.000000000000000000e+00 4.100560557377751714e+00 1.078999999999999915e+01
7.267818700000000000e+07 1.000000000000000000e+00 6.600000000000000000e+01 5.979499705057925894e+03 5.094656912734086291e+03 8.451638000000000829e+03 0.000000000000000000e+00 4.100560557377751714e+00 2.963480000000000114e+00
7.267818700000000000e+07 1.000000000000000000e+00 6.600000000000000000e+01 5.979499705057925894e+03 5.094656912734086291e+03 8.451638000000000829e+03 0.000000000000000000e+00 4.100560557377751714e+00 2.359719999999999873e-01
7.267630700000000000e+07 1.000000000000000000e+00 6.600000000000000000e+01 5.987233105057925968e+03 5.086183912734086334e+03 8.473093000000000757e+03 0.000000000000000000e+00 1.472355094531408337e+00 9.199999999999999845e-02
7.267630600000000000e+07 0.000000000000000000e+00 6.600000000000000000e+01 5.984087705057926541e+03 5.091909912734086902e+03 8.479603999999999360e+03 0.000000000000000000e+00 5.306458777037559305e-01 4.169999999999999818e-01
7.267630700000000000e+07 0.000000000000000000e+00 6.600000000000000000e+01 5.978515705057926425e+03 5.093887912734086967e+03 8.479037000000000262e+03 0.000000000000000000e+00 1.496699279650224756e+00 2.400000000000000050e-02
7.267630700000000000e+07 0.000000000000000000e+00 6.600000000000000000e+01 5.978777205057926039e+03 5.094039912734087011e+03 8.480119000000000597e+03 0.000000000000000000e+00 1.156399282326275424e+00 2.400000000000000050e-02
7.267630800000000000e+07 0.000000000000000000e+00 6.500000000000000000e+01 5.977698505057926013e+03 5.092296912734086618e+03 8.483587999999999738e+03 0.000000000000000000e+00 1.164161990274662939e+00 1.000000000000000021e-02
7.267630800000000000e+07 1.000000000000000000e+00 6.500000000000000000e+01 5.973970905057926757e+03 5.094753912734086953e+03 8.502209999999999127e+03 0.000000000000000000e+00 8.480550570333209137e+00 9.199999999999999845e-02
7.267630800000000000e+07 1.000000000000000000e+00 6.500000000000000000e+01 5.973970905057926757e+03 5.094753912734086953e+03 8.502209999999999127e+03 0.000000000000000000e+00 8.480550570333209137e+00 7.397949999999999804e+00
7.267818900000000000e+07 1.000000000000000000e+00 6.600000000000000000e+01 5.985922105057926274e+03 5.100536912734086400e+03 8.463540999999999258e+03 0.000000000000000000e+00 9.535845047759426762e+00 2.039999999999999869e-01
7.267713400000000000e+07 1.000000000000000000e+00 6.500000000000000000e+01 5.985071005057926413e+03 5.102533912734086698e+03 8.465323000000000320e+03 0.000000000000000000e+00 9.511512275645777947e+00 4.169999999999999818e-01
7.267722500000000000e+07 1.000000000000000000e+00 6.600000000000000000e+01 5.985652205057926039e+03 5.109960912734086378e+03 8.471709000000000742e+03 0.000000000000000000e+00 4.914082564624629335e+00 9.199999999999999845e-02
7.267713900000000000e+07 1.000000000000000000e+00 6.600000000000000000e+01 5.984221705057926556e+03 5.112900912734086887e+03 8.470493000000000393e+03 0.000000000000000000e+00 3.479333783993229456e+00 2.400000000000000050e-02
7.267722500000000000e+07 1.000000000000000000e+00 6.600000000000000000e+01 5.983652605057925939e+03 5.111998912734086844e+03 8.470604999999999563e+03 0.000000000000000000e+00 3.075771527345498413e+00 9.199999999999999845e-02
7.267722500000000000e+07 1.000000000000000000e+00 6.600000000000000000e+01 5.979572205057926112e+03 5.113224912734086502e+03 8.473022999999999229e+03 0.000000000000000000e+00 1.150262495451527478e+00 2.039999999999999869e-01
7.267713900000000000e+07 1.000000000000000000e+00 6.600000000000000000e+01 5.979376805057926504e+03 5.114670912734086414e+03 8.471690000000000509e+03 0.000000000000000000e+00 1.054279589200260547e+00 9.199999999999999845e-02
7.267722400000000000e+07 1.000000000000000000e+00 6.600000000000000000e+01 5.984404005057926042e+03 5.109664912734087011e+03 8.476560999999999694e+03 0.000000000000000000e+00 2.944356592065955347e+00 4.169999999999999818e-01
7.267721800000000000e+07 1.000000000000000000e+00 6.600000000000000000e+01 6.003354905057925862e+03 5.124302912734086931e+03 8.474157999999999447e+03 0.000000000000000000e+00 3.735835812607770645e+00 6.099999999999999867e-02
7.267721800000000000e+07 1.000000000000000000e+00 6.600000000000000000e+01 6.003833905057926131e+03 5.124122912734086640e+03 8.474916999999999462e+03 0.000000000000000000e+00 3.400344906032582770e+00 9.199999999999999845e-02
7.267819900000000000e+07 1.000000000000000000e+00 6.600000000000000000e+01 6.002107105057926674e+03 5.130937912734086240e+03 8.474166999999999462e+03 0.000000000000000000e+00 6.894044646625652639e+00 9.199999999999999845e-02
7.267819400000000000e+07 1.000000000000000000e+00 6.500000000000000000e+01 5.990284505057926253e+03 5.123318912734086553e+03 8.463030999999999040e+03 0.000000000000000000e+00 1.599259529785696410e+00 9.199999999999999845e-02
7.267713600000000000e+07 1.000000000000000000e+00 6.600000000000000000e+01 5.988964905057926444e+03 5.122007912734086858e+03 8.455478999999999360e+03 0.000000000000000000e+00 5.115872144865252213e-01 4.169999999999999818e-01
7.267713600000000000e+07 1.000000000000000000e+00 6.600000000000000000e+01 5.991504105057926608e+03 5.121674912734086320e+03 8.455100000000000364e+03 0.000000000000000000e+00 2.098386428496740397e+00 2.400000000000000050e-02
7.267819600000000000e+07 0.000000000000000000e+00 6.500000000000000000e+01 5.997295205057926069e+03 5.125060912734086742e+03 8.462521000000000640e+03 0.000000000000000000e+00 3.656112290914021123e+00 9.199999999999999845e-02
7.267819400000000000e+07 1.000000000000000000e+00 6.500000000000000000e+01 5.989929405057926488e+03 5.122109912734086720e+03 8.462552999999999884e+03 0.000000000000000000e+00 1.740259276788232112e+00 2.400000000000000050e-02
7.267819400000000000e+07 1.000000000000000000e+00 6.500000000000000000e+01 5.986621805057926395e+03 5.122472912734087004e+03 8.464623999999999796e+03 0.000000000000000000e+00 1.252622878576466148e+00 9.199999999999999845e-02
7.267819400000000000e+07 1.000000000000000000e+00 6.500000000000000000e+01 5.990566505057926406e+03 5.123300912734086523e+03 8.463867000000000189e+03 0.000000000000000000e+00 1.112753988018433615e+00 2.039999999999999869e-01
7.267819400000000000e+07 1.000000000000000000e+00 6.500000000000000000e+01 5.999278105057926041e+03 5.122100912734086705e+03 8.465076999999999316e+03 0.000000000000000000e+00 6.476590745086137524e+00 2.400000000000000050e-02
7.267819400000000000e+07 1.000000000000000000e+00 6.500000000000000000e+01 5.999142805057926125e+03 5.123457912734086676e+03 8.466961999999999534e+03 0.000000000000000000e+00 6.954961607440445448e+00 6.099999999999999867e-02
7.267714100000000000e+07 1.000000000000000000e+00 6.500000000000000000e+01 5.998631205057926309e+03 5.124646912734086982e+03 8.469022999999999229e+03 0.000000000000000000e+00 7.033969727247905368e+00 2.400000000000000050e-02
7.267714100000000000e+07 1.000000000000000000e+00 6.500000000000000000e+01 5.997253905057926204e+03 5.128203912734086771e+03 8.474465000000000146e+03 0.000000000000000000e+00 3.469659544042344113e+00 9.199999999999999845e-02
7.267820000000000000e+07 1.000000000000000000e+00 6.600000000000000000e+01 6.002229705057926367e+03 5.136239912734086829e+03 8.467745999999999185e+03 0.000000000000000000e+00 2.047002210190496996e+00 9.199999999999999845e-02
7.267820000000000000e+07 1.000000000000000000e+00 6.600000000000000000e+01 6.002229705057926367e+03 5.136239912734086829e+03 8.467745999999999185e+03 0.000000000000000000e+00 2.047002210190496996e+00 7.374439999999999884e+00
7.267630300000000000e+07 1.000000000000000000e+00 6.500000000000000000e+01 5.989808905057926495e+03 5.098643912734086371e+03 8.478263999999999214e+03 0.000000000000000000e+00 2.076265234571005536e+00 2.039999999999999869e-01
7.267630400000000000e+07 0.000000000000000000e+00 6.600000000000000000e+01 5.989657405057926553e+03 5.091569912734086756e+03 8.485485000000000582e+03 0.000000000000000000e+00 8.382993695510200238e-01 9.199999999999999845e-02
7.267630500000000000e+07 1.000000000000000000e+00 6.600000000000000000e+01 5.992845905057926757e+03 5.084122912734086640e+03 8.485665000000000873e+03 0.000000000000000000e+00 2.439712490081197949e+00 9.199999999999999845e-02
7.267629900000000000e+07 1.000000000000000000e+00 6.500000000000000000e+01 5.999148705057926236e+03 5.089766912734086873e+03 8.490259000000000015e+03 0.000000000000000000e+00 3.640551770278044330e+00 2.039999999999999869e-01
7.267629900000000000e+07 1.000000000000000000e+00 6.500000000000000000e+01 6.002596505057926151e+03 5.091718912734086189e+03 8.492288000000000466e+03 0.000000000000000000e+00 8.350566108860923986e-01 1.078999999999999915e+01
7.267629900000000000e+07 1.000000000000000000e+00 6.500000000000000000e+01 6.002596505057926151e+03 5.091718912734086189e+03 8.492288000000000466e+03 0.000000000000000000e+00 8.350566108860923986e-01 2.287599999999999856e+00
7.267629900000000000e+07 1.000000000000000000e+00 6.500000000000000000e+01 6.002596505057926151e+03 5.091718912734086189e+03 8.492288000000000466e+03 0.000000000000000000e+00 8.350566108860923986e-01 1.554950000000000054e+00
7.267711200000000000e+07 1.000000000000000000e+00 6.500000000000000000e+01 5.976547805057925871e+03 5.070236912734086218e+03 8.477860000000000582e+03 0.000000000000000000e+00 9.013941263782204061e+00 9.199999999999999845e-02
7.267631000000000000e+07 1.000000000000000000e+00 6.500000000000000000e+01 5.974545305057926271e+03 5.073424912734086320e+03 8.484504000000000815e+03 0.000000000000000000e+00 8.959400771292902022e+00 6.099999999999999867e-02
7.267631000000000000e+07 1.000000000000000000e+00 6.500000000000000000e+01 5.975707405057926735e+03 5.080402912734086385e+03 8.487096999999999753e+03 0.000000000000000000e+00 4.141021000090072235e+00 9.199999999999999845e-02
7.267631000000000000e+07 1.000000000000000000e+00 6.500000000000000000e+01 5.976242505057925882e+03 5.080891912734086873e+03 8.487009000000000015e+03 0.000000000000000000e+00 4.394752469686538987e+00 4.169999999999999818e-01
7.267631000000000000e+07 1.000000000000000000e+00 6.500000000000000000e+01 5.976635605057926114e+03 5.081249912734086138e+03 8.486942999999999302e+03 0.000000000000000000e+00 4.432809365850037153e+00 4.169999999999999818e-01
7.267630900000000000e+07 1.000000000000000000e+00 6.500000000000000000e+01 5.978552805057925980e+03 5.082998912734086844e+03 8.486625000000000000e+03 0.000000000000000000e+00 3.297201597082604518e+00 6.099999999999999867e-02
7.267630900000000000e+07 1.000000000000000000e+00 6.500000000000000000e+01 5.978852405057926262e+03 5.083272912734086276e+03 8.486576000000000931e+03 0.000000000000000000e+00 3.213534904244866652e+00 8.220000000000000639e+00
7.267630900000000000e+07 1.000000000000000000e+00 6.500000000000000000e+01 5.978852405057926262e+03 5.083272912734086276e+03 8.486576000000000931e+03 0.000000000000000000e+00 3.213534904244866652e+00 5.457539999999999836e+00
7.267520100000000000e+07 1.000000000000000000e+00 6.500000000000000000e+01 6.002178105057926587e+03 5.039471912734086800e+03 8.499704999999999927e+03 0.000000000000000000e+00 9.978394590776852979e+00 2.039999999999999869e-01
7.267520000000000000e+07 1.000000000000000000e+00 6.500000000000000000e+01 6.004302305057925878e+03 5.032393912734086371e+03 8.498195999999999913e+03 0.000000000000000000e+00 6.873901302392854795e+00 2.400000000000000050e-02
7.267612700000000000e+07 1.000000000000000000e+00 6.600000000000000000e+01 5.973440605057926405e+03 5.050464912734086283e+03 8.479190000000000509e+03 0.000000000000000000e+00 5.789525275273560645e+00 1.078999999999999915e+01
7.267612700000000000e+07 1.000000000000000000e+00 6.600000000000000000e+01 5.973440605057926405e+03 5.050464912734086283e+03 8.479190000000000509e+03 0.000000000000000000e+00 5.789525275273560645e+00 2.281400000000000095e+00
7.267612700000000000e+07 1.000000000000000000e+00 6.600000000000000000e+01 5.973440605057926405e+03 5.050464912734086283e+03 8.479190000000000509e+03 0.000000000000000000e+00 5.789525275273560645e+00 4.999680000000000235e-01
7.267513300000000000e+07 1.000000000000000000e+00 6.500000000000000000e+01 5.946050405057926582e+03 4.988053912734086225e+03 8.482658999999999651e+03 0.000000000000000000e+00 1.591934242011873168e+00 2.039999999999999869e-01
7.267602000000000000e+07 1.000000000000000000e+00 6.500000000000000000e+01 5.961127205057926403e+03 4.984851912734086909e+03 8.474048000000000684e+03 0.000000000000000000e+00 6.650156475208953921e+00 9.199999999999999845e-02
7.267602000000000000e+07 1.000000000000000000e+00 6.500000000000000000e+01 5.960672005057926071e+03 4.995906912734086291e+03 8.469386000000000422e+03 0.000000000000000000e+00 2.987692898215551729e+00 2.400000000000000050e-02
7.267521500000000000e+07 1.000000000000000000e+00 6.600000000000000000e+01 5.965979105057926063e+03 5.001273912734086480e+03 8.471469999999999345e+03 0.000000000000000000e+00 5.766912311757881326e+00 9.199999999999999845e-02
7.267521600000000000e+07 1.000000000000000000e+00 6.600000000000000000e+01 5.962780805057926045e+03 5.003858912734086516e+03 8.473155999999999040e+03 0.000000000000000000e+00 3.121627424444025856e+00 9.199999999999999845e-02
7.267521500000000000e+07 1.000000000000000000e+00 6.600000000000000000e+01 5.967561605057926499e+03 5.005842912734086894e+03 8.472244000000000597e+03 0.000000000000000000e+00 1.851860359878024553e+00 9.199999999999999845e-02
7.267521400000000000e+07 1.000000000000000000e+00 6.600000000000000000e+01 5.968683705057926090e+03 5.003734912734086720e+03 8.479783999999999651e+03 0.000000000000000000e+00 1.575907811112799095e+00 1.124000000000000021e+01
7.267521400000000000e+07 1.000000000000000000e+00 6.600000000000000000e+01 5.968683705057926090e+03 5.003734912734086720e+03 8.479783999999999651e+03 0.000000000000000000e+00 1.575907811112799095e+00 5.293230000000000324e+00
7.267513300000000000e+07 1.000000000000000000e+00 6.500000000000000000e+01 5.936913205057926461e+03 4.983967912734086894e+03 8.487649999999999636e+03 0.000000000000000000e+00 3.422736083605102841e+00 1.151350000000000096e+00
7.267513100000000000e+07 1.000000000000000000e+00 6.600000000000000000e+01 5.935246885057926193e+03 4.981880912734086451e+03 8.487905000000000655e+03 0.000000000000000000e+00 3.218300751201204513e+00 3.459779999999999855e+00
7.267504600000000000e+07 1.000000000000000000e+00 6.600000000000000000e+01 5.917142405057926226e+03 4.971239912734086829e+03 8.501969999999999345e+03 0.000000000000000000e+00 9.546388310713970426e+00 9.199999999999999845e-02
7.267424300000000000e+07 1.000000000000000000e+00 6.600000000000000000e+01 5.915828305057926627e+03 4.971337912734086785e+03 8.502690000000000509e+03 0.000000000000000000e+00 9.909715566073630910e+00 1.000000000000000000e+01
7.267424300000000000e+07 1.000000000000000000e+00 6.600000000000000000e+01 5.915828305057926627e+03 4.971337912734086785e+03 8.502690000000000509e+03 0.000000000000000000e+00 9.909715566073630910e+00 1.097089999999999899e+00
4.043128600000000000e+07 1.000000000000000000e+00 6.500000000000000000e+01 5.875689505057925999e+03 4.767766212734086366e+03 4.801909999999999854e+03 0.000000000000000000e+00 9.106928117161039893e+00 9.199999999999999845e-02
4.042975600000000000e+07 1.000000000000000000e+00 6.500000000000000000e+01 5.871242305057926387e+03 4.782408612734087001e+03 4.814880000000000109e+03 0.000000000000000000e+00 4.853990142423601384e+00 2.400000000000000050e-02
4.042976000000000000e+07 1.000000000000000000e+00 6.600000000000000000e+01 5.864456505057926734e+03 4.788062912734086240e+03 4.819559999999999491e+03 0.000000000000000000e+00 8.420903289995113283e+00 2.400000000000000050e-02
4.042975600000000000e+07 0.000000000000000000e+00 6.500000000000000000e+01 5.888990205057926687e+03 4.781837812734086583e+03 4.808569999999999709e+03 0.000000000000000000e+00 2.899397604985503030e+00 4.169999999999999818e-01
4.042975500000000000e+07 0.000000000000000000e+00 6.600000000000000000e+01 5.890292805057926671e+03 4.783552612734086324e+03 4.809300000000000182e+03 0.000000000000000000e+00 2.589940730743661934e+00 9.199999999999999845e-02
4.042975600000000000e+07 0.000000000000000000e+00 6.500000000000000000e+01 5.888219505057926654e+03 4.782452412734086465e+03 4.808590000000000146e+03 0.000000000000000000e+00 2.233136547156348684e+00 2.400000000000000050e-02
1.610537500000000000e+07 1.000000000000000000e+00 6.500000000000000000e+01 5.931070015057925957e+03 4.705794112734086411e+03 1.832409999999999854e+03 0.000000000000000000e+00 8.500973576857033365e+00 6.405750000000000277e+00
1.610537600000000000e+07 1.000000000000000000e+00 6.500000000000000000e+01 5.932994586057926426e+03 4.703563322734086796e+03 1.820220000000000255e+03 0.000000000000000000e+00 6.421174661324637878e-01 1.124000000000000021e+01
1.610537600000000000e+07 1.000000000000000000e+00 6.500000000000000000e+01 5.932135189057926254e+03 4.703388342734087018e+03 1.820019999999999527e+03 0.000000000000000000e+00 1.172183258988405807e+00 9.199999999999999845e-02
1.610537600000000000e+07 1.000000000000000000e+00 6.500000000000000000e+01 5.923764965057926020e+03 4.707388542734086514e+03 1.821460000000000036e+03 0.000000000000000000e+00 7.825026283773776292e+00 1.078999999999999915e+01
1.610538000000000000e+07 1.000000000000000000e+00 6.600000000000000000e+01 5.924944075057926057e+03 4.710195912734086960e+03 1.826390000000000327e+03 0.000000000000000000e+00 8.190882662889093169e+00 6.099999999999999867e-02
1.610537500000000000e+07 1.000000000000000000e+00 6.500000000000000000e+01 5.926846335057925899e+03 4.704889392734086869e+03 1.831050000000000182e+03 0.000000000000000000e+00 9.468761842075320345e+00 9.199999999999999845e-02
1.610537500000000000e+07 1.000000000000000000e+00 6.500000000000000000e+01 5.926399305057926540e+03 4.697127892734086345e+03 1.825509999999999309e+03 0.000000000000000000e+00 9.317013691184213187e+00 2.400000000000000050e-02
1.610537500000000000e+07 1.000000000000000000e+00 6.500000000000000000e+01 5.926166685057926770e+03 4.696462132734086481e+03 1.824689999999999600e+03 0.000000000000000000e+00 9.899200859325427260e+00 9.199999999999999845e-02
1.610545800000000000e+07 1.000000000000000000e+00 6.600000000000000000e+01 5.920446605057926718e+03 4.695872492734086336e+03 1.822530000000000655e+03 0.000000000000000000e+00 8.446678958509499680e+00 4.169999999999999818e-01
1.610545800000000000e+07 1.000000000000000000e+00 6.600000000000000000e+01 5.918806805057925885e+03 4.695725422734086351e+03 1.822730000000000473e+03 0.000000000000000000e+00 9.284156752876707941e+00 2.400000000000000050e-02
1.610545700000000000e+07 1.000000000000000000e+00 6.500000000000000000e+01 5.924587905057926037e+03 4.690652732734086385e+03 1.794289999999999964e+03 0.000000000000000000e+00 5.657784676291286452e+00 9.199999999999999845e-02
1.610545800000000000e+07 1.000000000000000000e+00 6.500000000000000000e+01 5.926478905057926568e+03 4.691580292734086470e+03 1.790899999999999636e+03 0.000000000000000000e+00 9.052157185015451191e+00 1.078999999999999915e+01
1.610545800000000000e+07 1.000000000000000000e+00 6.500000000000000000e+01 5.926478905057926568e+03 4.691580292734086470e+03 1.790899999999999636e+03 0.000000000000000000e+00 9.052157185015451191e+00 5.692099999999999937e+00
1.610545800000000000e+07 1.000000000000000000e+00 6.500000000000000000e+01 5.926478905057926568e+03 4.691580292734086470e+03 1.790899999999999636e+03 0.000000000000000000e+00 9.052157185015451191e+00 2.729769999999999808e+00
1.610537600000000000e+07 1.000000000000000000e+00 6.500000000000000000e+01 5.923764965057926020e+03 4.707388542734086514e+03 1.821460000000000036e+03 0.000000000000000000e+00 7.825026283773776292e+00 4.538079999999999892e+00
6.489223000000000000e+06 1.000000000000000000e+00 6.500000000000000000e+01 5.930518815057926076e+03 4.700971522734086648e+03 8.286999999999998181e+02 0.000000000000000000e+00 6.805201460802268620e+00 6.099999999999999867e-02
6.489223000000000000e+06 1.000000000000000000e+00 6.500000000000000000e+01 5.930202465057926020e+03 4.701196102734086708e+03 8.309699999999993452e+02 0.000000000000000000e+00 8.870754291213897247e+00 6.099999999999999867e-02
6.491940000000000000e+06 1.000000000000000000e+00 6.500000000000000000e+01 5.904735405057926073e+03 4.731174512734086420e+03 8.220199999999995271e+02 0.000000000000000000e+00 9.426278997254428305e+00 9.199999999999999845e-02
6.491940000000000000e+06 1.000000000000000000e+00 6.500000000000000000e+01 5.901679105057925881e+03 4.728781912734086291e+03 8.182700000000004366e+02 0.000000000000000000e+00 8.781193508393052127e+00 1.000000000000000021e-02
7.828006800000000000e+07 0.000000000000000000e+00 6.600000000000000000e+01 5.478787505057925955e+03 4.730038512734086908e+03 9.080000000000000000e+03 1.000000000000000000e+00 2.089537281554889159e+00 6.000000000000000000e+01
6.489306000000000000e+06 0.000000000000000000e+00 6.600000000000000000e+01 5.923038655057926007e+03 4.698449742734086612e+03 8.076700000000000728e+02 1.000000000000000000e+00 1.465712897567166717e+00 6.000000000000000000e+01
