3.414065500000000000e+07 1.000000000000000000e+00 6.500000000000000000e+01 4.691156284634775147e+03 9.425999999999930878e+01 4.177350476979379891e+03 0.000000000000000000e+00 9.161888012640787338e+00 1.078999999999999915e+01
3.414151900000000000e+07 1.000000000000000000e+00 6.600000000000000000e+01 4.707770784634774827e+03 1.760100000000002183e+02 4.131078476979379957e+03 0.000000000000000000e+00 5.952269403930330327e+00 9.199999999999999845e-02
3.414151500000000000e+07 1.000000000000000000e+00 6.500000000000000000e+01 4.693577324634775323e+03 1.683300000000008367e+02 4.132811776979379829e+03 0.000000000000000000e+00 8.852989837481953117e+00 6.099999999999999867e-02
3.414151100000000000e+07 1.000000000000000000e+00 6.600000000000000000e+01 4.689098284634775155e+03 1.642700000000004366e+02 4.130837376979379769e+03 0.000000000000000000e+00 8.983308766078589969e+00 6.099999999999999867e-02
3.414151400000000000e+07 1.000000000000000000e+00 6.500000000000000000e+01 4.688281064634775248e+03 1.750999999999994543e+02 4.130122676979380230e+03 0.000000000000000000e+00 9.978724794394180364e+00 9.199999999999999845e-02
3.414151300000000000e+07 1.000000000000000000e+00 6.500000000000000000e+01 4.688141844634775225e+03 1.763499999999994543e+02 4.128763276979379953e+03 0.000000000000000000e+00 8.840823122144264801e+00 6.099999999999999867e-02
3.414053400000000000e+07 1.000000000000000000e+00 6.500000000000000000e+01 4.680421684634775374e+03 1.731700000000000728e+02 4.145402676979379976e+03 0.000000000000000000e+00 9.294967913223215916e+00 2.400000000000000050e-02
3.414152000000000000e+07 1.000000000000000000e+00 6.600000000000000000e+01 4.708730784634774864e+03 1.684799999999995634e+02 4.128549476979379506e+03 0.000000000000000000e+00 4.310228834385272378e+00 9.199999999999999845e-02
3.413976300000000000e+07 1.000000000000000000e+00 6.500000000000000000e+01 4.703718284634775046e+03 9.204000000000087311e+01 4.154684476979379724e+03 1.000000000000000000e+00 7.696589095821921855e-01 1.110000000000000000e+02
3.414065400000000000e+07 0.000000000000000000e+00 6.600000000000000000e+01 4.691102927234775052e+03 1.217199999999993452e+02 4.179343716979379678e+03 1.000000000000000000e+00 2.293476083989049119e+00 1.110000000000000000e+02
3.413976400000000000e+07 0.000000000000000000e+00 6.500000000000000000e+01 4.704098884634775459e+03 8.948000000000047294e+01 4.151536776979380193e+03 1.000000000000000000e+00 1.514311441177744744e+00 1.110000000000000000e+02
3.414073100000000000e+07 1.000000000000000000e+00 6.500000000000000000e+01 4.707112184634775076e+03 1.118999999999996362e+02 4.163491076979379613e+03 1.000000000000000000e+00 4.532391128006083014e-01 1.110000000000000000e+02
