1.687932300000000000e+07 1.000000000000000000e+00 6.600000000000000000e+01 3.056205117558396523e+03 6.282100000000000364e+02 1.861670191143575721e+03 0.000000000000000000e+00 6.145760526093690501e+00 3.229999999999999716e+01
1.025632100000000000e+07 1.000000000000000000e+00 6.500000000000000000e+01 1.241464117558396538e+03 5.381639999999999418e+03 1.149685191143576048e+03 0.000000000000000000e+00 5.056049241120763149e+00 1.339000000000000057e+01
6.798181000000000000e+06 1.000000000000000000e+00 6.600000000000000000e+01 7.960541175583966833e+02 6.238180000000000291e+03 8.967971911435752190e+02 0.000000000000000000e+00 5.512640786461582287e+00 9.199999999999999845e-02
6.799103000000000000e+06 1.000000000000000000e+00 6.600000000000000000e+01 8.332741175583969380e+02 6.239739999999999782e+03 8.857471911435759466e+02 0.000000000000000000e+00 8.730096629671447062e+00 4.169999999999999818e-01
6.799093000000000000e+06 1.000000000000000000e+00 6.600000000000000000e+01 8.029741175583967561e+02 6.214639999999999418e+03 9.076371911435753645e+02 0.000000000000000000e+00 6.988644253848100618e+00 4.169999999999999818e-01
6.798094000000000000e+06 1.000000000000000000e+00 6.600000000000000000e+01 7.927641175583967197e+02 6.212109999999999673e+03 8.928171911435756556e+02 0.000000000000000000e+00 1.663771388376428462e+00 9.199999999999999845e-02
6.798094000000000000e+06 1.000000000000000000e+00 6.600000000000000000e+01 7.935641175583959921e+02 6.211569999999999709e+03 8.933671911435758375e+02 0.000000000000000000e+00 1.759406355461462512e+00 4.169999999999999818e-01
6.799086000000000000e+06 0.000000000000000000e+00 6.600000000000000000e+01 7.923741175583963923e+02 6.206449999999999818e+03 8.929371911435755464e+02 0.000000000000000000e+00 2.616416636060312939e+00 9.199999999999999845e-02
6.799094000000000000e+06 1.000000000000000000e+00 6.600000000000000000e+01 8.054441175583970107e+02 6.218819999999999709e+03 8.941071911435756192e+02 0.000000000000000000e+00 1.026781442606075512e+00 2.400000000000000050e-02
6.799092000000000000e+06 1.000000000000000000e+00 6.600000000000000000e+01 8.072941175583964650e+02 6.204829999999999927e+03 9.014871911435757283e+02 0.000000000000000000e+00 1.276505441214777825e+00 6.099999999999999867e-02
6.799093000000000000e+06 1.000000000000000000e+00 6.600000000000000000e+01 7.994741175583958466e+02 6.216389999999999418e+03 9.074171911435760194e+02 0.000000000000000000e+00 8.705050918570698570e+00 7.624150000000000205e+00
1.025624200000000000e+07 1.000000000000000000e+00 6.500000000000000000e+01 1.238254117558396501e+03 5.381610000000000582e+03 1.153274191143575990e+03 0.000000000000000000e+00 3.840434009579645203e+00 5.000000000000000000e-01
1.025632100000000000e+07 1.000000000000000000e+00 6.500000000000000000e+01 1.241654117558396138e+03 5.379059999999999491e+03 1.147263191143575568e+03 0.000000000000000000e+00 1.687549081166925369e+00 9.199999999999999845e-02
1.025632200000000000e+07 1.000000000000000000e+00 6.500000000000000000e+01 1.234934117558396792e+03 5.372260000000000218e+03 1.149105191143576121e+03 0.000000000000000000e+00 1.778654582825517805e+00 9.199999999999999845e-02
1.025632300000000000e+07 1.000000000000000000e+00 6.500000000000000000e+01 1.228284117558397156e+03 5.374889999999999418e+03 1.151855191143576121e+03 0.000000000000000000e+00 5.734148362534837062e+00 9.199999999999999845e-02
1.025624100000000000e+07 1.000000000000000000e+00 6.500000000000000000e+01 1.223394117558396829e+03 5.379670000000000073e+03 1.153631191143575961e+03 0.000000000000000000e+00 9.678941064732338617e+00 4.169999999999999818e-01
1.025624100000000000e+07 1.000000000000000000e+00 6.500000000000000000e+01 1.223394117558396829e+03 5.379670000000000073e+03 1.153631191143575961e+03 0.000000000000000000e+00 9.678941064732338617e+00 7.397960000000000313e+00
1.687932300000000000e+07 1.000000000000000000e+00 6.600000000000000000e+01 3.055999117558396392e+03 6.264400000000005093e+02 1.860046191143575925e+03 0.000000000000000000e+00 4.743320437805228273e+00 1.078999999999999915e+01
1.687932300000000000e+07 1.000000000000000000e+00 6.600000000000000000e+01 3.052695117558396305e+03 6.234499999999998181e+02 1.859507191143576165e+03 0.000000000000000000e+00 4.023702063651861671e+00 2.400000000000000050e-02
1.687839700000000000e+07 1.000000000000000000e+00 6.600000000000000000e+01 3.062668117558396261e+03 6.443199999999997090e+02 1.826585191143575685e+03 0.000000000000000000e+00 6.068762756836195926e+00 1.000000000000000000e+01
1.687839700000000000e+07 1.000000000000000000e+00 6.600000000000000000e+01 3.062668117558396261e+03 6.443199999999997090e+02 1.826585191143575685e+03 0.000000000000000000e+00 6.068762756836195926e+00 2.270220000000000127e+00
1.687932300000000000e+07 1.000000000000000000e+00 6.600000000000000000e+01 3.055999117558396392e+03 6.264400000000005093e+02 1.860046191143575925e+03 0.000000000000000000e+00 4.743320437805228273e+00 7.428719999999999768e-01
3.625882500000000000e+07 0.000000000000000000e+00 6.600000000000000000e+01 1.647594117558396647e+03 1.315075000000000000e+04 4.079247191143575947e+03 1.000000000000000000e+00 1.420245946088649180e+00 1.160000000000000000e+02
2.952547600000000000e+07 1.000000000000000000e+00 6.500000000000000000e+01 2.045844117558396647e+03 6.095260000000000218e+03 3.437237191143575728e+03 1.000000000000000000e+00 5.574444458923779600e-01 1.160000000000000000e+02
2.253204800000000000e+07 0.000000000000000000e+00 6.500000000000000000e+01 3.103332617558396123e+03 1.813030000000000655e+03 2.417652191143575692e+03 1.000000000000000000e+00 9.086225940192084183e-01 1.160000000000000000e+02
3.625900600000000000e+07 0.000000000000000000e+00 6.600000000000000000e+01 1.630134117558396611e+03 1.310210000000000036e+04 4.153837191143576092e+03 1.000000000000000000e+00 1.275767444103963921e+00 1.160000000000000000e+02
