1.208224300000000000e+07 1.000000000000000000e+00 6.600000000000000000e+01 8.772419302235439318e+03 2.916811839361502280e+03 1.471900000000000546e+03 0.000000000000000000e+00 1.500747566377053976e+00 1.078999999999999915e+01
2.186095800000000000e+07 1.000000000000000000e+00 6.600000000000000000e+01 8.770797052235438969e+03 2.917486810361502648e+03 2.544889999999999418e+03 0.000000000000000000e+00 1.615975065424898993e+00 1.078999999999999915e+01
1.123640260000000000e+08 1.000000000000000000e+00 6.500000000000000000e+01 8.702366702235438424e+03 2.919310039361502277e+03 1.318445999999999913e+04 0.000000000000000000e+00 9.214829346260035692e+00 1.605000000000000071e+01
1.123648870000000000e+08 1.000000000000000000e+00 6.500000000000000000e+01 8.697373702235439850e+03 2.902064339361501879e+03 1.319268999999999869e+04 0.000000000000000000e+00 4.440936750184908632e+00 6.099999999999999867e-02
1.123648860000000000e+08 1.000000000000000000e+00 6.500000000000000000e+01 8.698136102235439466e+03 2.899797339361502054e+03 1.318531000000000131e+04 0.000000000000000000e+00 1.707104360285712996e+00 6.099999999999999867e-02
1.123648840000000000e+08 1.000000000000000000e+00 6.600000000000000000e+01 8.699414302235440118e+03 2.896655139361502734e+03 1.318026000000000022e+04 0.000000000000000000e+00 3.850026733867961681e+00 9.199999999999999845e-02
1.123648060000000000e+08 1.000000000000000000e+00 6.600000000000000000e+01 8.686108402235438916e+03 2.901277739361502427e+03 1.317415999999999985e+04 0.000000000000000000e+00 3.494767982220977398e+00 2.400000000000000050e-02
1.123648070000000000e+08 1.000000000000000000e+00 6.600000000000000000e+01 8.677804702235440345e+03 2.902262939361502504e+03 1.317770999999999913e+04 0.000000000000000000e+00 2.510541302514763373e+00 2.400000000000000050e-02
1.123648070000000000e+08 1.000000000000000000e+00 6.600000000000000000e+01 8.676839602235439088e+03 2.902214639361502122e+03 1.318129000000000087e+04 0.000000000000000000e+00 3.072137899650904558e+00 9.199999999999999845e-02
1.123648070000000000e+08 1.000000000000000000e+00 6.600000000000000000e+01 8.679315402235439251e+03 2.902041139361502246e+03 1.317797000000000116e+04 0.000000000000000000e+00 1.824885742368230757e+00 9.199999999999999845e-02
1.123639630000000000e+08 1.000000000000000000e+00 6.500000000000000000e+01 8.672450002235440479e+03 2.897687339361502382e+03 1.316804000000000087e+04 0.000000000000000000e+00 5.948622165409568341e-01 4.169999999999999818e-01
1.123648050000000000e+08 1.000000000000000000e+00 6.600000000000000000e+01 8.675502002235440159e+03 2.909083599361501911e+03 1.316692000000000007e+04 0.000000000000000000e+00 3.284027920666056755e+00 2.039999999999999869e-01
1.123648050000000000e+08 1.000000000000000000e+00 6.600000000000000000e+01 8.675955702235438366e+03 2.909377809361501932e+03 1.316526000000000022e+04 0.000000000000000000e+00 2.735547235780906750e+00 9.199999999999999845e-02
1.123648170000000000e+08 1.000000000000000000e+00 6.500000000000000000e+01 8.664833302235438168e+03 2.932707039361502211e+03 1.319679999999999927e+04 0.000000000000000000e+00 8.844165053512886843e+00 9.199999999999999845e-02
1.123648160000000000e+08 1.000000000000000000e+00 6.500000000000000000e+01 8.665865302235439231e+03 2.929200539361502706e+03 1.319456999999999971e+04 0.000000000000000000e+00 7.696684715301539192e+00 9.199999999999999845e-02
1.123648160000000000e+08 1.000000000000000000e+00 6.500000000000000000e+01 8.665865302235439231e+03 2.929200539361502706e+03 1.319456999999999971e+04 0.000000000000000000e+00 7.696684715301539192e+00 7.357630000000000337e+00
2.186095600000000000e+07 0.000000000000000000e+00 6.500000000000000000e+01 8.772640275235440640e+03 2.918254269361502338e+03 2.538549999999999272e+03 0.000000000000000000e+00 3.691944325065446453e+00 2.400000000000000050e-02
2.186003100000000000e+07 1.000000000000000000e+00 6.600000000000000000e+01 8.768758782235439867e+03 2.887826839361502607e+03 2.537150000000000546e+03 0.000000000000000000e+00 9.762737532913532412e-01 6.099999999999999867e-02
2.186002900000000000e+07 1.000000000000000000e+00 6.600000000000000000e+01 8.760267102235438870e+03 2.884984839361502054e+03 2.531859999999999673e+03 0.000000000000000000e+00 3.670993679989171810e-01 9.199999999999999845e-02
2.186002800000000000e+07 1.000000000000000000e+00 6.600000000000000000e+01 8.750143702235440287e+03 2.882188139361502181e+03 2.523750000000000000e+03 0.000000000000000000e+00 7.086604620039175018e+00 6.099999999999999867e-02
2.186003400000000000e+07 1.000000000000000000e+00 6.600000000000000000e+01 8.759278202235440403e+03 2.898456439361501907e+03 2.543119999999999891e+03 0.000000000000000000e+00 5.288074653333356245e+00 1.339000000000000057e+01
2.186003400000000000e+07 1.000000000000000000e+00 6.600000000000000000e+01 8.759278202235440403e+03 2.898456439361501907e+03 2.543119999999999891e+03 0.000000000000000000e+00 5.288074653333356245e+00 6.129279999999999617e+00
2.186003400000000000e+07 1.000000000000000000e+00 6.600000000000000000e+01 8.759278202235440403e+03 2.898456439361501907e+03 2.543119999999999891e+03 0.000000000000000000e+00 5.288074653333356245e+00 3.059619999999999784e+00
1.208224300000000000e+07 0.000000000000000000e+00 6.600000000000000000e+01 8.772533813235439084e+03 2.917682613361502263e+03 1.468129999999999200e+03 0.000000000000000000e+00 1.079211043470989839e+00 9.199999999999999845e-02
1.208232400000000000e+07 1.000000000000000000e+00 6.500000000000000000e+01 8.772780470235440589e+03 2.918220739361502638e+03 1.465859999999999673e+03 0.000000000000000000e+00 1.303184008917745773e+00 6.099999999999999867e-02
1.208224100000000000e+07 0.000000000000000000e+00 6.500000000000000000e+01 8.765863592235440592e+03 2.914895699361502011e+03 1.467719999999999345e+03 0.000000000000000000e+00 7.308317927218607180e-01 6.099999999999999867e-02
1.208224000000000000e+07 0.000000000000000000e+00 6.500000000000000000e+01 8.763698292235440022e+03 2.915109369361502104e+03 1.469490000000000691e+03 0.000000000000000000e+00 1.408322310288104617e+00 2.400000000000000050e-02
1.208224100000000000e+07 0.000000000000000000e+00 6.600000000000000000e+01 8.766498142235439445e+03 2.921315619361502286e+03 1.469250000000000000e+03 0.000000000000000000e+00 1.513233161219322165e+00 1.078999999999999915e+01
1.208232000000000000e+07 1.000000000000000000e+00 6.600000000000000000e+01 8.771769008235438378e+03 2.935868439361502169e+03 1.454820000000000618e+03 0.000000000000000000e+00 9.090781408718438428e+00 9.199999999999999845e-02
1.208206600000000000e+07 1.000000000000000000e+00 6.600000000000000000e+01 8.752783402235440008e+03 2.937918239361501946e+03 1.472920000000000073e+03 0.000000000000000000e+00 8.044477572977323021e+00 6.099999999999999867e-02
1.208206600000000000e+07 1.000000000000000000e+00 6.600000000000000000e+01 8.750205702235438366e+03 2.938352339361502345e+03 1.474030000000000655e+03 0.000000000000000000e+00 5.866283672921949410e+00 9.199999999999999845e-02
1.208206700000000000e+07 1.000000000000000000e+00 6.600000000000000000e+01 8.747796202235440433e+03 2.939046839361501952e+03 1.475470000000000255e+03 0.000000000000000000e+00 4.319025093577410601e+00 9.199999999999999845e-02
1.208206700000000000e+07 1.000000000000000000e+00 6.600000000000000000e+01 8.746652402235438785e+03 2.938967839361502229e+03 1.476039999999999054e+03 0.000000000000000000e+00 3.051955266060728533e+00 9.199999999999999845e-02
1.208206900000000000e+07 0.000000000000000000e+00 6.600000000000000000e+01 8.744079502235439577e+03 2.935073239361502601e+03 1.486340000000000146e+03 0.000000000000000000e+00 3.483144023638867992e+00 2.400000000000000050e-02
1.208221700000000000e+07 1.000000000000000000e+00 6.500000000000000000e+01 8.740449902235439367e+03 2.929736139361501955e+03 1.497819999999999709e+03 0.000000000000000000e+00 1.728716691602875333e+00 1.124000000000000021e+01
1.208221700000000000e+07 1.000000000000000000e+00 6.500000000000000000e+01 8.740449902235439367e+03 2.929736139361501955e+03 1.497819999999999709e+03 0.000000000000000000e+00 1.728716691602875333e+00 2.442279999999999784e+00
1.208224100000000000e+07 0.000000000000000000e+00 6.600000000000000000e+01 8.766498142235439445e+03 2.921315619361502286e+03 1.469250000000000000e+03 0.000000000000000000e+00 1.513233161219322165e+00 2.601529999999999898e+00
5.733386100000000000e+07 0.000000000000000000e+00 6.600000000000000000e+01 8.776111462235439831e+03 2.918818019361502593e+03 6.776291000000000167e+03 1.000000000000000000e+00 1.642799918722578134e+00 1.100000000000000000e+01
1.208224100000000000e+07 0.000000000000000000e+00 6.600000000000000000e+01 8.767453762235440081e+03 2.920365059361502063e+03 1.470159999999999854e+03 1.000000000000000000e+00 1.276404402897298063e+00 1.100000000000000000e+01
1.208232700000000000e+07 0.000000000000000000e+00 6.500000000000000000e+01 8.779096312235440564e+03 2.907686849361502027e+03 1.479969999999999345e+03 1.000000000000000000e+00 2.499747117988889489e+00 1.100000000000000000e+01
