1.266862430000000000e+08 1.000000000000000000e+00 6.500000000000000000e+01 1.461729999999999563e+03 1.016810615451589001e+04 1.476342428017179736e+04 0.000000000000000000e+00 3.932059742811966796e+00 1.339000000000000057e+01
1.266862400000000000e+08 1.000000000000000000e+00 6.500000000000000000e+01 1.473500000000000000e+03 1.018791015451589010e+04 1.477142078017179665e+04 0.000000000000000000e+00 5.104711626382361978e+00 1.605000000000000071e+01
1.266779360000000000e+08 1.000000000000000000e+00 6.500000000000000000e+01 1.776199999999999818e+03 1.059534415451588939e+04 1.493292828017179636e+04 0.000000000000000000e+00 9.568826706172048446e+00 1.605000000000000071e+01
1.220896140000000000e+08 0.000000000000000000e+00 6.600000000000000000e+01 3.097880000000000109e+03 1.188441515451588930e+04 1.442767228017179696e+04 0.000000000000000000e+00 9.407722913443526958e-01 1.078999999999999915e+01
1.164309400000000000e+08 1.000000000000000000e+00 6.600000000000000000e+01 3.094729999999999563e+03 1.295400515451588944e+04 1.376636528017179808e+04 0.000000000000000000e+00 5.578913303994046835e+00 1.339000000000000057e+01
1.164322750000000000e+08 1.000000000000000000e+00 6.500000000000000000e+01 3.067189999999999600e+03 1.297864515451589068e+04 1.375584428017179744e+04 0.000000000000000000e+00 1.756935310310043574e+00 1.605000000000000071e+01
1.164308260000000000e+08 1.000000000000000000e+00 6.600000000000000000e+01 3.056739999999999782e+03 1.298976515451588966e+04 1.375388328017179811e+04 0.000000000000000000e+00 7.481279487706725462e+00 1.339000000000000057e+01
1.164308160000000000e+08 1.000000000000000000e+00 6.600000000000000000e+01 3.024800000000000182e+03 1.301916515451588930e+04 1.374730428017179656e+04 0.000000000000000000e+00 5.687197284874218717e+00 3.229999999999999716e+01
1.163756060000000000e+08 1.000000000000000000e+00 6.600000000000000000e+01 2.759590000000000146e+03 1.321727515451588988e+04 1.376699228017179848e+04 0.000000000000000000e+00 3.794178751307008657e+00 1.078999999999999915e+01
1.163756100000000000e+08 1.000000000000000000e+00 6.500000000000000000e+01 2.752739999999999782e+03 1.321830515451589054e+04 1.376918228017179717e+04 0.000000000000000000e+00 3.706629863432929106e+00 1.078999999999999915e+01
1.163756150000000000e+08 1.000000000000000000e+00 6.600000000000000000e+01 2.738949999999999818e+03 1.322066515451589112e+04 1.377396528017179662e+04 0.000000000000000000e+00 1.558276545668890067e+00 1.605000000000000071e+01
1.163756160000000000e+08 1.000000000000000000e+00 6.600000000000000000e+01 2.736359999999999673e+03 1.322151515451588966e+04 1.377499128017179828e+04 0.000000000000000000e+00 1.409339033662762919e+00 1.078999999999999915e+01
1.163749840000000000e+08 1.000000000000000000e+00 6.600000000000000000e+01 2.708529999999999745e+03 1.322407515451589097e+04 1.377179328017179796e+04 0.000000000000000000e+00 3.885293443149444137e+00 1.605000000000000071e+01
1.163749840000000000e+08 1.000000000000000000e+00 6.600000000000000000e+01 2.705840000000000146e+03 1.322138515451589046e+04 1.377281428017179860e+04 0.000000000000000000e+00 2.667022023170367628e+00 1.078999999999999915e+01
1.163749840000000000e+08 1.000000000000000000e+00 6.600000000000000000e+01 2.705800000000000182e+03 1.322135515451588981e+04 1.377281428017179860e+04 0.000000000000000000e+00 2.621576853941248508e+00 2.400000000000000050e-02
1.163749840000000000e+08 0.000000000000000000e+00 6.600000000000000000e+01 2.698680000000000291e+03 1.321515515451588908e+04 1.377284028017179662e+04 0.000000000000000000e+00 3.983834406850465637e+00 8.220000000000000639e+00
1.163749860000000000e+08 1.000000000000000000e+00 6.500000000000000000e+01 2.694769999999999527e+03 1.321210515451588981e+04 1.376707728017179761e+04 0.000000000000000000e+00 4.559872133464480726e+00 1.339000000000000057e+01
1.163753170000000000e+08 1.000000000000000000e+00 6.600000000000000000e+01 2.684130000000000109e+03 1.321181515451588893e+04 1.376223128017179624e+04 0.000000000000000000e+00 1.711534031034403158e+00 2.400000000000000050e-02
1.163751700000000000e+08 1.000000000000000000e+00 6.600000000000000000e+01 2.681350000000000364e+03 1.321131515451588893e+04 1.376270228017179761e+04 0.000000000000000000e+00 1.585603519844082765e+00 9.199999999999999845e-02
1.163765880000000000e+08 1.000000000000000000e+00 6.600000000000000000e+01 2.686940000000000509e+03 1.321217515451588952e+04 1.376708228017179863e+04 0.000000000000000000e+00 2.082849445920343268e+00 6.099999999999999867e-02
1.163749850000000000e+08 1.000000000000000000e+00 6.500000000000000000e+01 2.695039999999999964e+03 1.320358515451588937e+04 1.378099128017179828e+04 0.000000000000000000e+00 3.689740831442882119e+00 1.078999999999999915e+01
1.163751690000000000e+08 1.000000000000000000e+00 6.500000000000000000e+01 2.690280000000000655e+03 1.319817515451588952e+04 1.377731528017179699e+04 0.000000000000000000e+00 5.521802332829115478e+00 6.099999999999999867e-02
1.163751290000000000e+08 1.000000000000000000e+00 6.600000000000000000e+01 2.709460000000000036e+03 1.318106515451588893e+04 1.377319428017179780e+04 0.000000000000000000e+00 9.572906485356186934e+00 9.199999999999999845e-02
1.163767310000000000e+08 1.000000000000000000e+00 6.600000000000000000e+01 2.714750000000000000e+03 1.318121515451589039e+04 1.378816928017179816e+04 0.000000000000000000e+00 2.174875473228120359e+00 9.199999999999999845e-02
1.163767310000000000e+08 1.000000000000000000e+00 6.600000000000000000e+01 2.716149999999999636e+03 1.318246515451589039e+04 1.378729028017179735e+04 0.000000000000000000e+00 2.798754575795678323e-01 9.199999999999999845e-02
1.163767320000000000e+08 1.000000000000000000e+00 6.600000000000000000e+01 2.716510000000000218e+03 1.319044515451588995e+04 1.378576428017179751e+04 0.000000000000000000e+00 8.193083663156929930e+00 9.199999999999999845e-02
1.163750590000000000e+08 1.000000000000000000e+00 6.600000000000000000e+01 2.718449999999999818e+03 1.320654515451589032e+04 1.379612928017179729e+04 0.000000000000000000e+00 5.813910822420561786e+00 4.169999999999999818e-01
1.163749520000000000e+08 1.000000000000000000e+00 6.600000000000000000e+01 2.720829999999999927e+03 1.320761515451589003e+04 1.381231528017179699e+04 0.000000000000000000e+00 6.429025495010530555e+00 6.099999999999999867e-02
1.163748040000000000e+08 1.000000000000000000e+00 6.500000000000000000e+01 2.718529999999999745e+03 1.321050515451588944e+04 1.381024828017179789e+04 0.000000000000000000e+00 8.172078746395738946e+00 9.199999999999999845e-02
1.163749710000000000e+08 1.000000000000000000e+00 6.600000000000000000e+01 2.705479999999999563e+03 1.323123515451589083e+04 1.381537128017179748e+04 0.000000000000000000e+00 1.153971857096186993e+00 9.199999999999999845e-02
1.163751430000000000e+08 1.000000000000000000e+00 6.500000000000000000e+01 2.704859999999999673e+03 1.322869515451588995e+04 1.380982428017179700e+04 0.000000000000000000e+00 3.424036771066660378e+00 2.039999999999999869e-01
1.163739240000000000e+08 1.000000000000000000e+00 6.600000000000000000e+01 2.697579999999999927e+03 1.323314515451589068e+04 1.381155028017179757e+04 0.000000000000000000e+00 2.054407442278512796e+00 9.199999999999999845e-02
1.163739240000000000e+08 1.000000000000000000e+00 6.600000000000000000e+01 2.696409999999999854e+03 1.323523515451589083e+04 1.381071628017179683e+04 0.000000000000000000e+00 2.000223843339493435e+00 9.199999999999999845e-02
1.163739240000000000e+08 1.000000000000000000e+00 6.600000000000000000e+01 2.697659999999999854e+03 1.324010515451588981e+04 1.381065928017179795e+04 0.000000000000000000e+00 1.491751683920287119e+00 4.169999999999999818e-01
1.163739240000000000e+08 1.000000000000000000e+00 6.600000000000000000e+01 2.697340000000000146e+03 1.324119515451588995e+04 1.381045728017179863e+04 0.000000000000000000e+00 1.057289715126956686e+00 8.349999999999999645e-01
1.163739240000000000e+08 1.000000000000000000e+00 6.600000000000000000e+01 2.695800000000000182e+03 1.323990515451588908e+04 1.381009828017179825e+04 0.000000000000000000e+00 1.275882568016184271e+00 2.400000000000000050e-02
1.163749710000000000e+08 0.000000000000000000e+00 6.600000000000000000e+01 2.706460000000000036e+03 1.323068515451588974e+04 1.381108928017179642e+04 0.000000000000000000e+00 1.819929874499981004e+00 9.199999999999999845e-02
1.163749730000000000e+08 0.000000000000000000e+00 6.600000000000000000e+01 2.707110000000000582e+03 1.323135515451588981e+04 1.380369728017179659e+04 0.000000000000000000e+00 5.785147175757116011e-01 6.099999999999999867e-02
1.163739290000000000e+08 0.000000000000000000e+00 6.600000000000000000e+01 2.723689999999999600e+03 1.323329515451589032e+04 1.379958928017179642e+04 0.000000000000000000e+00 2.513530666427891358e+00 4.169999999999999818e-01
1.163739300000000000e+08 1.000000000000000000e+00 6.600000000000000000e+01 2.728180000000000291e+03 1.323586515451589003e+04 1.380227028017179691e+04 0.000000000000000000e+00 1.166940118093988898e+00 2.039999999999999869e-01
1.163739300000000000e+08 1.000000000000000000e+00 6.600000000000000000e+01 2.728350000000000364e+03 1.323596515451589039e+04 1.380237428017179627e+04 0.000000000000000000e+00 1.170370034701588846e+00 2.400000000000000050e-02
1.163739300000000000e+08 0.000000000000000000e+00 6.600000000000000000e+01 2.727920000000000073e+03 1.323888515451589046e+04 1.379913428017179831e+04 0.000000000000000000e+00 1.491121631367926081e+00 9.199999999999999845e-02
1.163739300000000000e+08 0.000000000000000000e+00 6.600000000000000000e+01 2.727920000000000073e+03 1.323888515451589046e+04 1.379913428017179831e+04 0.000000000000000000e+00 1.491121631367926081e+00 7.370409999999999684e+00
1.163749850000000000e+08 1.000000000000000000e+00 6.500000000000000000e+01 2.695039999999999964e+03 1.320358515451588937e+04 1.378099128017179828e+04 0.000000000000000000e+00 3.689740831442882119e+00 6.454880000000000173e+00
1.163749860000000000e+08 1.000000000000000000e+00 6.500000000000000000e+01 2.695250000000000000e+03 1.320994515451588995e+04 1.376981028017179779e+04 0.000000000000000000e+00 1.166781035131984279e+00 9.199999999999999845e-02
1.163749820000000000e+08 1.000000000000000000e+00 6.600000000000000000e+01 2.693220000000000255e+03 1.321163515451589046e+04 1.378348128017179624e+04 0.000000000000000000e+00 5.039130924617206908e+00 2.400000000000000050e-02
1.163751690000000000e+08 1.000000000000000000e+00 6.500000000000000000e+01 2.688890000000000327e+03 1.320471515451589039e+04 1.378414828017179752e+04 0.000000000000000000e+00 8.481467269445273516e+00 8.349999999999999645e-01
1.163751690000000000e+08 1.000000000000000000e+00 6.500000000000000000e+01 2.687779999999999745e+03 1.320090515451588908e+04 1.378373228017179645e+04 0.000000000000000000e+00 7.081581568951044403e+00 9.199999999999999845e-02
1.163764320000000000e+08 1.000000000000000000e+00 6.500000000000000000e+01 2.673680000000000291e+03 1.317764515451589068e+04 1.376841328017179694e+04 0.000000000000000000e+00 3.945748849266857983e-01 2.400000000000000050e-02
1.163765150000000000e+08 0.000000000000000000e+00 6.600000000000000000e+01 2.673380000000000109e+03 1.317936515451589003e+04 1.376484428017179744e+04 0.000000000000000000e+00 1.714440802476076886e+00 2.400000000000000050e-02
1.163765150000000000e+08 1.000000000000000000e+00 6.600000000000000000e+01 2.669060000000000400e+03 1.318422515451588879e+04 1.376363128017179770e+04 0.000000000000000000e+00 1.850625293832144136e+00 9.199999999999999845e-02
1.163765150000000000e+08 1.000000000000000000e+00 6.600000000000000000e+01 2.670070000000000618e+03 1.318595515451589017e+04 1.376139828017179752e+04 0.000000000000000000e+00 1.463074503215176403e+00 8.349999999999999645e-01
1.163765960000000000e+08 1.000000000000000000e+00 6.500000000000000000e+01 2.667840000000000146e+03 1.317533515451588937e+04 1.375893928017179860e+04 0.000000000000000000e+00 1.313350561665535876e+00 4.169999999999999818e-01
1.163765960000000000e+08 1.000000000000000000e+00 6.500000000000000000e+01 2.667840000000000146e+03 1.317533515451588937e+04 1.375893928017179860e+04 0.000000000000000000e+00 1.313350561665535876e+00 7.244239999999999569e+00
1.163749840000000000e+08 1.000000000000000000e+00 6.600000000000000000e+01 2.705840000000000146e+03 1.322138515451589046e+04 1.377281428017179860e+04 0.000000000000000000e+00 2.667022023170367628e+00 1.187110000000000110e+00
1.163756080000000000e+08 1.000000000000000000e+00 6.500000000000000000e+01 2.754189999999999600e+03 1.321521515451589039e+04 1.378182128017179639e+04 0.000000000000000000e+00 4.476927877158998648e+00 6.099999999999999867e-02
1.163755990000000000e+08 1.000000000000000000e+00 6.500000000000000000e+01 2.767560000000000400e+03 1.322456515451589075e+04 1.377126228017179710e+04 0.000000000000000000e+00 5.924681725125796383e+00 4.169999999999999818e-01
1.163739270000000000e+08 1.000000000000000000e+00 6.500000000000000000e+01 2.709890000000000327e+03 1.323126515451588966e+04 1.380542328017179716e+04 0.000000000000000000e+00 6.929106352571103855e-01 6.099999999999999867e-02
1.163739260000000000e+08 1.000000000000000000e+00 6.500000000000000000e+01 2.709599999999999454e+03 1.322895515451589017e+04 1.381101028017179851e+04 0.000000000000000000e+00 1.944276348279425193e+00 6.099999999999999867e-02
1.163739260000000000e+08 1.000000000000000000e+00 6.500000000000000000e+01 2.716220000000000255e+03 1.322857515451589097e+04 1.380826028017179851e+04 0.000000000000000000e+00 1.223002243929740107e+00 2.400000000000000050e-02
1.163739250000000000e+08 1.000000000000000000e+00 6.600000000000000000e+01 2.701659999999999854e+03 1.324219515451588995e+04 1.380589428017179671e+04 0.000000000000000000e+00 2.805448608308957148e+00 1.078999999999999915e+01
1.163739250000000000e+08 1.000000000000000000e+00 6.600000000000000000e+01 2.701659999999999854e+03 1.324219515451588995e+04 1.380589428017179671e+04 0.000000000000000000e+00 2.805448608308957148e+00 2.887500000000000067e-01
1.163739250000000000e+08 1.000000000000000000e+00 6.600000000000000000e+01 2.701659999999999854e+03 1.324219515451588995e+04 1.380589428017179671e+04 0.000000000000000000e+00 2.805448608308957148e+00 5.537170000000000113e-03
1.163756150000000000e+08 0.000000000000000000e+00 6.600000000000000000e+01 2.737189999999999600e+03 1.321930515451589054e+04 1.377405328017179636e+04 0.000000000000000000e+00 1.960237390698882809e+00 9.199999999999999845e-02
1.163750500000000000e+08 1.000000000000000000e+00 6.500000000000000000e+01 2.732800000000000182e+03 1.320962515451589024e+04 1.376276728017179630e+04 0.000000000000000000e+00 7.318004830734643917e+00 6.099999999999999867e-02
1.163756170000000000e+08 1.000000000000000000e+00 6.600000000000000000e+01 2.731320000000000618e+03 1.321306515451589075e+04 1.376223928017179787e+04 0.000000000000000000e+00 8.410593509163135195e+00 9.199999999999999845e-02
1.163756120000000000e+08 1.000000000000000000e+00 6.500000000000000000e+01 2.742079999999999927e+03 1.321452515451588988e+04 1.376524728017179768e+04 0.000000000000000000e+00 4.132758093855293247e+00 2.400000000000000050e-02
1.163756840000000000e+08 1.000000000000000000e+00 6.600000000000000000e+01 2.748449999999999818e+03 1.322024515451588923e+04 1.376038328017179811e+04 0.000000000000000000e+00 4.288171204153001348e+00 1.078999999999999915e+01
1.163756840000000000e+08 1.000000000000000000e+00 6.600000000000000000e+01 2.748449999999999818e+03 1.322024515451588923e+04 1.376038328017179811e+04 0.000000000000000000e+00 4.288171204153001348e+00 4.552330000000000432e+00
1.163756840000000000e+08 1.000000000000000000e+00 6.600000000000000000e+01 2.748449999999999818e+03 1.322024515451588923e+04 1.376038328017179811e+04 0.000000000000000000e+00 4.288171204153001348e+00 4.408339999999999925e+00
1.163756100000000000e+08 1.000000000000000000e+00 6.500000000000000000e+01 2.752739999999999782e+03 1.321830515451589054e+04 1.376918228017179717e+04 0.000000000000000000e+00 3.706629863432929106e+00 3.851970000000000116e+00
1.163756060000000000e+08 1.000000000000000000e+00 6.600000000000000000e+01 2.760130000000000109e+03 1.321712515451589024e+04 1.376718528017179779e+04 0.000000000000000000e+00 3.351134522579083175e+00 1.000000000000000021e-02
1.163756020000000000e+08 0.000000000000000000e+00 6.500000000000000000e+01 2.771329999999999927e+03 1.321368515451588974e+04 1.376988428017179831e+04 0.000000000000000000e+00 2.632967223201655660e+00 9.199999999999999845e-02
1.163756010000000000e+08 0.000000000000000000e+00 6.500000000000000000e+01 2.777229999999999563e+03 1.321231515451588893e+04 1.376854328017179796e+04 0.000000000000000000e+00 1.160806776891552206e+00 2.400000000000000050e-02
1.163756000000000000e+08 0.000000000000000000e+00 6.500000000000000000e+01 2.778520000000000437e+03 1.321255515451589054e+04 1.376790928017179795e+04 0.000000000000000000e+00 1.381303600766147888e+00 1.124000000000000021e+01
1.163756000000000000e+08 0.000000000000000000e+00 6.500000000000000000e+01 2.779500000000000000e+03 1.321274515451588923e+04 1.376742728017179616e+04 0.000000000000000000e+00 1.056592326803797999e+00 2.039999999999999869e-01
1.163756000000000000e+08 0.000000000000000000e+00 6.500000000000000000e+01 2.780369999999999891e+03 1.321361515451589003e+04 1.376783728017179783e+04 0.000000000000000000e+00 9.704606862637257247e-01 9.199999999999999845e-02
1.163756000000000000e+08 0.000000000000000000e+00 6.500000000000000000e+01 2.779070000000000618e+03 1.321336515451589003e+04 1.377058528017179742e+04 0.000000000000000000e+00 1.373957345980977296e+00 9.199999999999999845e-02
1.163756000000000000e+08 0.000000000000000000e+00 6.600000000000000000e+01 2.778640000000000327e+03 1.321126515451588966e+04 1.377231628017179719e+04 0.000000000000000000e+00 9.381232660929250677e-01 1.078999999999999915e+01
1.163756000000000000e+08 0.000000000000000000e+00 6.500000000000000000e+01 2.776000000000000000e+03 1.321741515451588930e+04 1.376820028017179720e+04 0.000000000000000000e+00 2.265401658389931239e+00 9.199999999999999845e-02
1.163756030000000000e+08 0.000000000000000000e+00 6.500000000000000000e+01 2.772560000000000400e+03 1.320909515451588959e+04 1.376569328017179760e+04 0.000000000000000000e+00 1.784217273315112262e+00 1.078999999999999915e+01
1.163756030000000000e+08 0.000000000000000000e+00 6.500000000000000000e+01 2.772560000000000400e+03 1.320909515451588959e+04 1.376569328017179760e+04 0.000000000000000000e+00 1.784217273315112262e+00 1.588910000000000045e+00
1.163756030000000000e+08 0.000000000000000000e+00 6.500000000000000000e+01 2.772560000000000400e+03 1.320909515451588959e+04 1.376569328017179760e+04 0.000000000000000000e+00 1.784217273315112262e+00 4.515730000000000022e-01
1.163756000000000000e+08 0.000000000000000000e+00 6.600000000000000000e+01 2.778640000000000327e+03 1.321126515451588966e+04 1.377231628017179719e+04 0.000000000000000000e+00 9.381232660929250677e-01 2.150939999999999852e+00
1.164334440000000000e+08 1.000000000000000000e+00 6.600000000000000000e+01 2.965899999999999636e+03 1.311350515451588944e+04 1.374554728017179696e+04 0.000000000000000000e+00 9.635832943118652238e+00 2.039999999999999869e-01
1.164334480000000000e+08 1.000000000000000000e+00 6.500000000000000000e+01 2.961409999999999854e+03 1.312267515451588952e+04 1.374320428017179802e+04 0.000000000000000000e+00 7.557100878169455527e+00 2.400000000000000050e-02
1.164334490000000000e+08 1.000000000000000000e+00 6.500000000000000000e+01 2.952659999999999854e+03 1.312732515451589097e+04 1.373582128017179639e+04 0.000000000000000000e+00 9.894636184514276067e+00 4.169999999999999818e-01
1.164323820000000000e+08 1.000000000000000000e+00 6.600000000000000000e+01 2.957650000000000546e+03 1.311003515451589010e+04 1.375432028017179618e+04 0.000000000000000000e+00 9.783126353089759419e+00 9.199999999999999845e-02
1.164323820000000000e+08 1.000000000000000000e+00 6.600000000000000000e+01 2.955310000000000400e+03 1.310812515451589024e+04 1.375141928017179816e+04 0.000000000000000000e+00 9.502281233106320002e+00 2.400000000000000050e-02
1.164323780000000000e+08 1.000000000000000000e+00 6.500000000000000000e+01 2.953809999999999491e+03 1.310213515451589046e+04 1.376304828017179716e+04 0.000000000000000000e+00 7.834903295225380759e+00 6.099999999999999867e-02
1.164323810000000000e+08 0.000000000000000000e+00 6.500000000000000000e+01 2.969130000000000109e+03 1.309673515451589083e+04 1.376904028017179735e+04 0.000000000000000000e+00 1.601143125173130288e+00 2.400000000000000050e-02
1.164323810000000000e+08 0.000000000000000000e+00 6.500000000000000000e+01 2.967889999999999418e+03 1.309574515451588923e+04 1.376765028017179793e+04 0.000000000000000000e+00 1.038359517811370702e+00 6.099999999999999867e-02
1.164323780000000000e+08 0.000000000000000000e+00 6.500000000000000000e+01 2.958460000000000036e+03 1.309115515451588908e+04 1.376222228017179805e+04 0.000000000000000000e+00 2.768109907355951638e+00 9.199999999999999845e-02
1.164323780000000000e+08 0.000000000000000000e+00 6.500000000000000000e+01 2.956590000000000146e+03 1.308785515451588981e+04 1.376077128017179712e+04 0.000000000000000000e+00 1.173013453063446843e+00 2.400000000000000050e-02
1.164323780000000000e+08 1.000000000000000000e+00 6.500000000000000000e+01 2.955789999999999964e+03 1.309587515451589024e+04 1.376040528017179713e+04 0.000000000000000000e+00 3.062124543265471122e+00 2.400000000000000050e-02
1.164323780000000000e+08 1.000000000000000000e+00 6.500000000000000000e+01 2.955760000000000218e+03 1.309948515451589083e+04 1.376152028017179691e+04 0.000000000000000000e+00 5.591442935978963469e+00 9.199999999999999845e-02
1.164323780000000000e+08 1.000000000000000000e+00 6.500000000000000000e+01 2.951609999999999673e+03 1.310321515451589039e+04 1.376213228017179790e+04 0.000000000000000000e+00 8.739217203224132646e+00 9.199999999999999845e-02
1.164334500000000000e+08 1.000000000000000000e+00 6.500000000000000000e+01 2.952130000000000109e+03 1.312180515451589054e+04 1.375582528017179720e+04 0.000000000000000000e+00 9.350494231668733391e+00 9.199999999999999845e-02
1.164334500000000000e+08 1.000000000000000000e+00 6.500000000000000000e+01 2.954019999999999527e+03 1.312733515451588937e+04 1.375266628017179755e+04 0.000000000000000000e+00 3.135933130156796977e+00 9.199999999999999845e-02
1.164334510000000000e+08 1.000000000000000000e+00 6.500000000000000000e+01 2.950930000000000291e+03 1.312759515451588959e+04 1.376086328017179767e+04 0.000000000000000000e+00 8.514553524742403567e+00 6.099999999999999867e-02
1.164308190000000000e+08 1.000000000000000000e+00 6.500000000000000000e+01 3.024420000000000073e+03 1.301716515451588930e+04 1.374751628017179792e+04 0.000000000000000000e+00 7.169304107728885711e+00 1.605000000000000071e+01
1.164308190000000000e+08 1.000000000000000000e+00 6.500000000000000000e+01 3.024420000000000073e+03 1.301716515451588930e+04 1.374751628017179792e+04 0.000000000000000000e+00 7.169304107728885711e+00 6.967640000000000278e+00
1.164308260000000000e+08 1.000000000000000000e+00 6.600000000000000000e+01 3.056739999999999782e+03 1.298976515451588966e+04 1.375388328017179811e+04 0.000000000000000000e+00 7.481279487706725462e+00 6.633000000000000007e+00
1.164322740000000000e+08 0.000000000000000000e+00 6.500000000000000000e+01 3.071579999999999927e+03 1.297692515451588952e+04 1.374971028017179742e+04 0.000000000000000000e+00 7.037497889464392475e-01 1.078999999999999915e+01
1.164322720000000000e+08 1.000000000000000000e+00 6.500000000000000000e+01 3.076380000000000109e+03 1.297504515451589032e+04 1.374770528017179822e+04 0.000000000000000000e+00 2.468329672870993807e+00 6.099999999999999867e-02
1.164322720000000000e+08 1.000000000000000000e+00 6.500000000000000000e+01 3.077329999999999927e+03 1.297467515451588952e+04 1.374730828017179738e+04 0.000000000000000000e+00 1.779494752959349002e+00 9.199999999999999845e-02
1.164322710000000000e+08 0.000000000000000000e+00 6.500000000000000000e+01 3.073670000000000073e+03 1.296716515451589112e+04 1.374533428017179722e+04 0.000000000000000000e+00 1.828974993063664289e+00 2.400000000000000050e-02
1.164322710000000000e+08 0.000000000000000000e+00 6.500000000000000000e+01 3.075949999999999818e+03 1.296972515451588879e+04 1.374600928017179831e+04 0.000000000000000000e+00 1.488862816773177666e+00 6.099999999999999867e-02
1.164322710000000000e+08 1.000000000000000000e+00 6.500000000000000000e+01 3.080020000000000437e+03 1.297482515451589097e+04 1.374769728017179659e+04 0.000000000000000000e+00 2.150648547346400985e+00 9.199999999999999845e-02
1.164322720000000000e+08 1.000000000000000000e+00 6.500000000000000000e+01 3.077810000000000400e+03 1.297845515451589017e+04 1.374950528017179749e+04 0.000000000000000000e+00 2.565803774976062712e+00 1.078999999999999915e+01
1.164322780000000000e+08 1.000000000000000000e+00 6.600000000000000000e+01 3.074949999999999818e+03 1.298347515451589061e+04 1.375086628017179828e+04 0.000000000000000000e+00 5.412900874248755656e+00 9.199999999999999845e-02
1.164322730000000000e+08 1.000000000000000000e+00 6.500000000000000000e+01 3.076420000000000073e+03 1.298728515451589010e+04 1.374189228017179630e+04 0.000000000000000000e+00 7.999056920799994863e+00 2.400000000000000050e-02
1.164322730000000000e+08 1.000000000000000000e+00 6.500000000000000000e+01 3.073899999999999636e+03 1.298664515451589068e+04 1.373795828017179701e+04 0.000000000000000000e+00 8.653888273496576744e+00 9.199999999999999845e-02
1.164322730000000000e+08 1.000000000000000000e+00 6.500000000000000000e+01 3.074130000000000109e+03 1.298604515451589032e+04 1.373702428017179773e+04 0.000000000000000000e+00 9.307727664159871850e+00 2.400000000000000050e-02
1.164321950000000000e+08 1.000000000000000000e+00 6.600000000000000000e+01 3.065260000000000218e+03 1.299487515451589024e+04 1.374081528017179699e+04 0.000000000000000000e+00 2.283313522540049156e+00 2.400000000000000050e-02
1.164321940000000000e+08 1.000000000000000000e+00 6.600000000000000000e+01 3.055710000000000036e+03 1.298559515451588959e+04 1.374009128017179683e+04 0.000000000000000000e+00 5.956933274867656003e+00 9.199999999999999845e-02
1.164321930000000000e+08 1.000000000000000000e+00 6.600000000000000000e+01 3.054239999999999782e+03 1.298699515451588923e+04 1.373824028017179808e+04 0.000000000000000000e+00 4.676005130677017618e+00 5.000000000000000000e-01
1.164322790000000000e+08 1.000000000000000000e+00 6.600000000000000000e+01 3.065949999999999818e+03 1.299384515451588959e+04 1.375459328017179723e+04 0.000000000000000000e+00 5.742851417051284990e+00 9.199999999999999845e-02
1.164322790000000000e+08 1.000000000000000000e+00 6.600000000000000000e+01 3.064809999999999491e+03 1.299280515451589054e+04 1.375296128017179763e+04 0.000000000000000000e+00 7.170233700831303736e+00 9.199999999999999845e-02
1.164321980000000000e+08 1.000000000000000000e+00 6.500000000000000000e+01 3.065159999999999854e+03 1.299909515451588959e+04 1.375178228017179754e+04 0.000000000000000000e+00 2.786172125043338443e+00 9.199999999999999845e-02
1.164321980000000000e+08 1.000000000000000000e+00 6.500000000000000000e+01 3.065350000000000364e+03 1.299667515451588952e+04 1.375338128017179770e+04 0.000000000000000000e+00 3.790306747859623293e+00 9.199999999999999845e-02
1.164321980000000000e+08 1.000000000000000000e+00 6.500000000000000000e+01 3.068609999999999673e+03 1.299562515451589024e+04 1.375026028017179851e+04 0.000000000000000000e+00 7.137392235762963999e+00 4.600000000000000200e-01
1.164321980000000000e+08 1.000000000000000000e+00 6.500000000000000000e+01 3.067140000000000327e+03 1.299886515451589003e+04 1.375125928017179831e+04 0.000000000000000000e+00 3.944524175785361297e+00 6.099999999999999867e-02
1.164321990000000000e+08 0.000000000000000000e+00 6.500000000000000000e+01 3.060949999999999818e+03 1.300883515451588937e+04 1.375510928017179685e+04 0.000000000000000000e+00 2.949307126422521463e+00 2.039999999999999869e-01
1.164322020000000000e+08 1.000000000000000000e+00 6.600000000000000000e+01 3.064010000000000218e+03 1.301558515451588937e+04 1.376352428017179773e+04 0.000000000000000000e+00 1.251169148666856579e+00 9.199999999999999845e-02
1.164322020000000000e+08 1.000000000000000000e+00 6.600000000000000000e+01 3.064010000000000218e+03 1.301558515451588937e+04 1.376352428017179773e+04 0.000000000000000000e+00 1.251169148666856579e+00 7.331730000000000302e+00
1.164322720000000000e+08 1.000000000000000000e+00 6.500000000000000000e+01 3.077810000000000400e+03 1.297845515451589017e+04 1.374950528017179749e+04 0.000000000000000000e+00 2.565803774976062712e+00 4.141960000000000086e-01
1.164322740000000000e+08 0.000000000000000000e+00 6.500000000000000000e+01 3.071579999999999927e+03 1.297692515451588952e+04 1.374971028017179742e+04 0.000000000000000000e+00 7.037497889464392475e-01 4.929269999999999818e+00
1.164309430000000000e+08 1.000000000000000000e+00 6.600000000000000000e+01 3.098279999999999745e+03 1.297143515451588974e+04 1.375898028017179786e+04 0.000000000000000000e+00 3.326756949652469153e+00 9.199999999999999845e-02
1.164309430000000000e+08 1.000000000000000000e+00 6.600000000000000000e+01 3.101729999999999563e+03 1.296951515451588966e+04 1.375680228017179616e+04 0.000000000000000000e+00 6.967557135231245979e+00 6.099999999999999867e-02
1.164309460000000000e+08 1.000000000000000000e+00 6.500000000000000000e+01 3.102689999999999600e+03 1.296914515451589068e+04 1.375624428017179707e+04 0.000000000000000000e+00 8.009209729534022770e+00 6.099999999999999867e-02
1.164309410000000000e+08 1.000000000000000000e+00 6.600000000000000000e+01 3.099349999999999454e+03 1.296363515451589046e+04 1.375322028017179764e+04 0.000000000000000000e+00 9.856929732065637495e+00 2.400000000000000050e-02
1.164309600000000000e+08 0.000000000000000000e+00 6.600000000000000000e+01 3.123460000000000036e+03 1.299565515451588908e+04 1.373665028017179793e+04 0.000000000000000000e+00 1.515873967014364387e+00 4.169999999999999818e-01
1.164309570000000000e+08 0.000000000000000000e+00 6.500000000000000000e+01 3.124810000000000400e+03 1.299006515451589075e+04 1.374323128017179624e+04 0.000000000000000000e+00 2.748415174830845409e+00 4.169999999999999818e-01
1.164309570000000000e+08 0.000000000000000000e+00 6.600000000000000000e+01 3.123309999999999491e+03 1.299497515451589061e+04 1.374567428017179736e+04 0.000000000000000000e+00 2.059120597048240131e-01 6.099999999999999867e-02
1.164309550000000000e+08 0.000000000000000000e+00 6.600000000000000000e+01 3.115529999999999745e+03 1.299354515451589032e+04 1.374876128017179690e+04 0.000000000000000000e+00 1.604356999113043747e+00 6.099999999999999867e-02
1.164309540000000000e+08 1.000000000000000000e+00 6.600000000000000000e+01 3.108710000000000036e+03 1.299239515451589068e+04 1.375074428017179707e+04 0.000000000000000000e+00 4.724743676142484361e-01 9.199999999999999845e-02
1.164309540000000000e+08 1.000000000000000000e+00 6.600000000000000000e+01 3.105469999999999345e+03 1.299546515451589039e+04 1.374973428017179685e+04 0.000000000000000000e+00 1.952639321904328318e+00 9.199999999999999845e-02
1.164309540000000000e+08 1.000000000000000000e+00 6.600000000000000000e+01 3.105670000000000073e+03 1.299546515451589039e+04 1.374974128017179828e+04 0.000000000000000000e+00 1.876476123974510246e+00 9.199999999999999845e-02
1.164309540000000000e+08 1.000000000000000000e+00 6.600000000000000000e+01 3.108739999999999782e+03 1.299503515451589010e+04 1.375012428017179627e+04 0.000000000000000000e+00 9.774765732934853624e-01 5.000000000000000000e-01
1.164309550000000000e+08 1.000000000000000000e+00 6.600000000000000000e+01 3.107949999999999818e+03 1.300024515451588923e+04 1.375212228017179768e+04 0.000000000000000000e+00 3.343183101297256599e+00 9.199999999999999845e-02
1.164308710000000000e+08 1.000000000000000000e+00 6.600000000000000000e+01 3.097470000000000255e+03 1.300065515451588908e+04 1.375390928017179613e+04 0.000000000000000000e+00 2.193561385740746772e+00 6.099999999999999867e-02
1.164308730000000000e+08 0.000000000000000000e+00 6.500000000000000000e+01 3.096989999999999782e+03 1.301351515451588966e+04 1.375062028017179728e+04 0.000000000000000000e+00 1.212018154650446489e+00 6.099999999999999867e-02
1.164308790000000000e+08 1.000000000000000000e+00 6.600000000000000000e+01 3.107689999999999600e+03 1.301265515451588908e+04 1.372977128017179712e+04 0.000000000000000000e+00 5.241667406797660078e+00 9.199999999999999845e-02
1.164308790000000000e+08 1.000000000000000000e+00 6.600000000000000000e+01 3.107689999999999600e+03 1.301265515451588908e+04 1.372977128017179712e+04 0.000000000000000000e+00 5.241667406797660078e+00 7.319370000000000154e+00
1.220896140000000000e+08 1.000000000000000000e+00 6.600000000000000000e+01 3.098810000000000400e+03 1.188352515451588988e+04 1.442810128017179704e+04 0.000000000000000000e+00 1.781011458761419197e+00 9.199999999999999845e-02
1.220896140000000000e+08 1.000000000000000000e+00 6.600000000000000000e+01 3.100670000000000073e+03 1.188309515451588959e+04 1.442832228017179659e+04 0.000000000000000000e+00 2.584248550064475403e+00 9.199999999999999845e-02
1.220897000000000000e+08 1.000000000000000000e+00 6.600000000000000000e+01 3.115100000000000364e+03 1.188255515451589054e+04 1.442573128017179624e+04 0.000000000000000000e+00 9.313963634209615705e+00 9.199999999999999845e-02
1.220909650000000000e+08 1.000000000000000000e+00 6.500000000000000000e+01 3.124670000000000073e+03 1.188429515451589032e+04 1.443319228017179739e+04 0.000000000000000000e+00 5.620951408344201816e+00 2.400000000000000050e-02
1.220909640000000000e+08 1.000000000000000000e+00 6.500000000000000000e+01 3.126770000000000437e+03 1.187889515451589068e+04 1.443722328017179825e+04 0.000000000000000000e+00 2.161242023508446852e+00 6.099999999999999867e-02
1.220909640000000000e+08 1.000000000000000000e+00 6.500000000000000000e+01 3.122119999999999891e+03 1.187754515451589032e+04 1.443489128017179610e+04 0.000000000000000000e+00 2.186703050605988352e+00 1.078999999999999915e+01
1.220909640000000000e+08 1.000000000000000000e+00 6.500000000000000000e+01 3.122119999999999891e+03 1.187754515451589032e+04 1.443489128017179610e+04 0.000000000000000000e+00 2.186703050605988352e+00 4.685120000000000395e+00
1.220909640000000000e+08 1.000000000000000000e+00 6.500000000000000000e+01 3.122119999999999891e+03 1.187754515451589032e+04 1.443489128017179610e+04 0.000000000000000000e+00 2.186703050605988352e+00 3.095399999999999888e-02
1.266779370000000000e+08 1.000000000000000000e+00 6.500000000000000000e+01 1.770849999999999454e+03 1.059157215451589036e+04 1.493447828017179745e+04 0.000000000000000000e+00 9.803479789508237729e+00 6.099999999999999867e-02
1.266779360000000000e+08 1.000000000000000000e+00 6.500000000000000000e+01 1.769890000000000327e+03 1.059330315451589013e+04 1.493458628017179763e+04 0.000000000000000000e+00 9.500128264849223569e+00 2.400000000000000050e-02
1.266778570000000000e+08 1.000000000000000000e+00 6.500000000000000000e+01 1.730640000000000327e+03 1.059970415451588997e+04 1.492450328017179709e+04 0.000000000000000000e+00 5.175444257129065306e+00 4.169999999999999818e-01
1.266862400000000000e+08 1.000000000000000000e+00 6.500000000000000000e+01 1.473590000000000146e+03 1.018580415451589033e+04 1.477423558017179676e+04 0.000000000000000000e+00 4.731566728129942945e+00 2.400000000000000050e-02
1.266862400000000000e+08 1.000000000000000000e+00 6.500000000000000000e+01 1.473500000000000000e+03 1.018791015451589010e+04 1.477142078017179665e+04 0.000000000000000000e+00 5.104711626382361978e+00 6.899009999999999643e+00
1.266863350000000000e+08 1.000000000000000000e+00 6.500000000000000000e+01 1.458329999999999927e+03 1.014119015451589075e+04 1.478378148017179774e+04 0.000000000000000000e+00 9.602323074273119374e+00 2.400000000000000050e-02
1.266863300000000000e+08 1.000000000000000000e+00 6.600000000000000000e+01 1.465010000000000218e+03 1.015228615451589030e+04 1.478120988017179843e+04 0.000000000000000000e+00 8.864198137958977597e+00 4.169999999999999818e-01
1.266863310000000000e+08 0.000000000000000000e+00 6.600000000000000000e+01 1.459059999999999491e+03 1.016057015451588995e+04 1.479565798017179623e+04 0.000000000000000000e+00 3.065749506145009740e+00 2.039999999999999869e-01
1.266863330000000000e+08 1.000000000000000000e+00 6.500000000000000000e+01 1.468380000000000109e+03 1.014123215451589022e+04 1.479131058017179748e+04 0.000000000000000000e+00 9.765288743505907476e+00 1.078999999999999915e+01
1.266863330000000000e+08 1.000000000000000000e+00 6.500000000000000000e+01 1.468380000000000109e+03 1.014123215451589022e+04 1.479131058017179748e+04 0.000000000000000000e+00 9.765288743505907476e+00 3.218729999999999869e+00
1.266863330000000000e+08 1.000000000000000000e+00 6.500000000000000000e+01 1.468380000000000109e+03 1.014123215451589022e+04 1.479131058017179748e+04 0.000000000000000000e+00 9.765288743505907476e+00 1.504269999999999996e+00
1.266862490000000000e+08 1.000000000000000000e+00 6.600000000000000000e+01 1.453750000000000000e+03 1.016147515451589061e+04 1.475634058017179632e+04 0.000000000000000000e+00 9.235285667014499822e+00 1.078999999999999915e+01
1.266862530000000000e+08 1.000000000000000000e+00 6.500000000000000000e+01 1.450690000000000509e+03 1.015514215451589007e+04 1.476168008017179818e+04 0.000000000000000000e+00 8.687210911845040684e+00 6.099999999999999867e-02
1.266862490000000000e+08 1.000000000000000000e+00 6.600000000000000000e+01 1.453750000000000000e+03 1.016147515451589061e+04 1.475634058017179632e+04 0.000000000000000000e+00 9.235285667014499822e+00 5.343709999999999738e+00
1.266862660000000000e+08 1.000000000000000000e+00 6.500000000000000000e+01 1.432920000000000073e+03 1.012351315451589107e+04 1.475527698017179864e+04 0.000000000000000000e+00 6.681695459507667856e+00 6.099999999999999867e-02
1.266862650000000000e+08 1.000000000000000000e+00 6.500000000000000000e+01 1.433769999999999527e+03 1.012439215451589007e+04 1.475711978017179717e+04 0.000000000000000000e+00 5.252194004836293395e+00 1.124000000000000021e+01
1.266862650000000000e+08 1.000000000000000000e+00 6.500000000000000000e+01 1.434780000000000655e+03 1.012543815451589035e+04 1.475931318017179728e+04 0.000000000000000000e+00 3.488659927439934805e+00 1.078999999999999915e+01
1.266862650000000000e+08 1.000000000000000000e+00 6.500000000000000000e+01 1.435689999999999600e+03 1.012634715451589000e+04 1.476134138017179794e+04 0.000000000000000000e+00 3.207517851562582401e+00 1.124000000000000021e+01
1.266862650000000000e+08 1.000000000000000000e+00 6.500000000000000000e+01 1.435689999999999600e+03 1.012634715451589000e+04 1.476134138017179794e+04 0.000000000000000000e+00 3.207517851562582401e+00 1.073069999999999968e+00
1.266862650000000000e+08 1.000000000000000000e+00 6.500000000000000000e+01 1.433359999999999673e+03 1.013085715451589022e+04 1.475655618017179768e+04 0.000000000000000000e+00 5.282265183161701572e+00 9.199999999999999845e-02
1.266862660000000000e+08 1.000000000000000000e+00 6.500000000000000000e+01 1.432279999999999745e+03 1.012631315451589035e+04 1.475380558017179646e+04 0.000000000000000000e+00 7.311008741140885725e+00 9.199999999999999845e-02
1.266862660000000000e+08 1.000000000000000000e+00 6.500000000000000000e+01 1.431979999999999563e+03 1.012624415451589084e+04 1.475430968017179839e+04 0.000000000000000000e+00 6.750637994222115523e+00 6.099999999999999867e-02
1.266862660000000000e+08 1.000000000000000000e+00 6.500000000000000000e+01 1.423590000000000146e+03 1.012428815451588889e+04 1.475625898017179861e+04 0.000000000000000000e+00 4.364420439262235440e+00 6.099999999999999867e-02
1.266862670000000000e+08 1.000000000000000000e+00 6.500000000000000000e+01 1.424199999999999818e+03 1.012078215451588949e+04 1.475798798017179797e+04 0.000000000000000000e+00 4.644414600566380891e+00 2.400000000000000050e-02
1.266862660000000000e+08 1.000000000000000000e+00 6.500000000000000000e+01 1.425109999999999673e+03 1.012075915451589026e+04 1.476536488017179727e+04 0.000000000000000000e+00 2.708050821486270188e+00 9.199999999999999845e-02
1.266862670000000000e+08 1.000000000000000000e+00 6.500000000000000000e+01 1.425560000000000400e+03 1.012031615451589096e+04 1.476688098017179800e+04 0.000000000000000000e+00 2.679752127018454111e+00 9.199999999999999845e-02
1.266862660000000000e+08 1.000000000000000000e+00 6.500000000000000000e+01 1.423630000000000109e+03 1.012704415451589011e+04 1.476304348017179655e+04 0.000000000000000000e+00 3.822542046748529376e+00 9.199999999999999845e-02
1.266862660000000000e+08 1.000000000000000000e+00 6.500000000000000000e+01 1.425920000000000073e+03 1.012377915451589070e+04 1.476192878017179828e+04 0.000000000000000000e+00 8.544185773911353587e-01 2.400000000000000050e-02
1.266862660000000000e+08 1.000000000000000000e+00 6.500000000000000000e+01 1.426240000000000691e+03 1.012277315451588947e+04 1.476187748017179729e+04 0.000000000000000000e+00 5.036698833713543211e-01 4.169999999999999818e-01
1.266862660000000000e+08 1.000000000000000000e+00 6.500000000000000000e+01 1.425619999999999891e+03 1.012088415451589026e+04 1.476097898017179614e+04 0.000000000000000000e+00 1.838145878776721975e+00 6.099999999999999867e-02
1.266862650000000000e+08 1.000000000000000000e+00 6.600000000000000000e+01 1.418019999999999527e+03 1.011661815451589064e+04 1.477462858017179678e+04 0.000000000000000000e+00 9.050958877513906486e+00 9.199999999999999845e-02
1.266862650000000000e+08 1.000000000000000000e+00 6.600000000000000000e+01 1.420019999999999527e+03 1.011584515451588959e+04 1.477579158017179725e+04 0.000000000000000000e+00 7.183232489658449182e+00 4.169999999999999818e-01
1.266880730000000000e+08 1.000000000000000000e+00 6.600000000000000000e+01 1.286740000000000691e+03 9.954571154515890157e+03 1.469848420017179706e+04 0.000000000000000000e+00 8.141403093593535090e+00 9.199999999999999845e-02
1.266880710000000000e+08 1.000000000000000000e+00 6.600000000000000000e+01 1.271819999999999709e+03 9.939849154515890405e+03 1.470064418917179864e+04 0.000000000000000000e+00 7.370849783147824574e+00 9.199999999999999845e-02
1.266893410000000000e+08 1.000000000000000000e+00 6.500000000000000000e+01 1.272280000000000655e+03 9.919516154515889866e+03 1.470090055717179712e+04 0.000000000000000000e+00 7.472035692828367992e+00 9.199999999999999845e-02
1.266893420000000000e+08 1.000000000000000000e+00 6.500000000000000000e+01 1.273710000000000036e+03 9.913829154515889968e+03 1.470554091017179780e+04 0.000000000000000000e+00 3.397882211361065163e+00 9.199999999999999845e-02
1.266893420000000000e+08 1.000000000000000000e+00 6.500000000000000000e+01 1.278119999999999891e+03 9.912489154515889823e+03 1.470714211017179696e+04 0.000000000000000000e+00 2.767695850242586353e+00 9.199999999999999845e-02
1.266893420000000000e+08 1.000000000000000000e+00 6.500000000000000000e+01 1.281020000000000437e+03 9.911711154515889575e+03 1.471079068017179816e+04 0.000000000000000000e+00 4.538367049574719481e+00 9.199999999999999845e-02
1.266893360000000000e+08 1.000000000000000000e+00 6.500000000000000000e+01 1.293810000000000400e+03 9.905564154515890550e+03 1.470620700017179843e+04 0.000000000000000000e+00 2.057747901647953626e+00 2.039999999999999869e-01
1.266894200000000000e+08 1.000000000000000000e+00 6.500000000000000000e+01 1.302900000000000546e+03 9.910143154515890274e+03 1.471289308017179792e+04 0.000000000000000000e+00 4.133895868759180914e+00 9.199999999999999845e-02
1.266894190000000000e+08 1.000000000000000000e+00 6.500000000000000000e+01 1.309409999999999854e+03 9.904021154515889066e+03 1.471652538017179722e+04 0.000000000000000000e+00 4.564273712267230110e+00 9.199999999999999845e-02
1.266880730000000000e+08 1.000000000000000000e+00 6.600000000000000000e+01 1.284759999999999309e+03 9.950852154515891016e+03 1.470659403017179648e+04 0.000000000000000000e+00 4.865896972665290754e+00 4.169999999999999818e-01
1.266880730000000000e+08 1.000000000000000000e+00 6.600000000000000000e+01 1.289369999999999891e+03 9.953430154515888717e+03 1.470226574017179701e+04 0.000000000000000000e+00 5.412500846930252685e+00 9.199999999999999845e-02
1.266880730000000000e+08 1.000000000000000000e+00 6.600000000000000000e+01 1.291309999999999491e+03 9.952248154515889837e+03 1.470589660017179631e+04 0.000000000000000000e+00 4.418127828273026303e+00 2.400000000000000050e-02
1.266880730000000000e+08 1.000000000000000000e+00 6.600000000000000000e+01 1.290769999999999527e+03 9.951909154515889895e+03 1.470452903017179779e+04 0.000000000000000000e+00 4.254798583739936468e+00 2.400000000000000050e-02
1.266880730000000000e+08 1.000000000000000000e+00 6.600000000000000000e+01 1.289820000000000618e+03 9.951272154515889270e+03 1.470380110017179686e+04 0.000000000000000000e+00 3.444000112281282444e+00 2.400000000000000050e-02
1.175387630000000000e+08 1.000000000000000000e+00 6.500000000000000000e+01 3.149130000000000109e+03 8.217725154515890608e+03 1.382206828017179760e+04 1.000000000000000000e+00 8.435216959035107820e-01 2.450000000000000000e+02
1.175378650000000000e+08 1.000000000000000000e+00 6.600000000000000000e+01 3.129320000000000618e+03 8.276675154515889517e+03 1.385254128017179755e+04 1.000000000000000000e+00 5.819161993989424575e-01 2.450000000000000000e+02
