1.011018670000000000e+08 1.000000000000000000e+00 6.500000000000000000e+01 1.046278388104783699e+04 4.986473534620332430e+03 1.178139999999999964e+04 0.000000000000000000e+00 5.654234143593348527e+00 1.339000000000000057e+01
1.124159320000000000e+08 1.000000000000000000e+00 6.500000000000000000e+01 1.032864588104783616e+04 4.952767534620332299e+03 1.314861999999999898e+04 0.000000000000000000e+00 8.815210868559999469e+00 1.339000000000000057e+01
1.124143850000000000e+08 1.000000000000000000e+00 6.500000000000000000e+01 1.033863888104783837e+04 4.958703534620331993e+03 1.314759000000000015e+04 0.000000000000000000e+00 9.786750839259081403e+00 9.199999999999999845e-02
1.124159280000000000e+08 1.000000000000000000e+00 6.600000000000000000e+01 1.033164688104783636e+04 4.944854534620331833e+03 1.313365000000000146e+04 0.000000000000000000e+00 7.290044624420693786e+00 2.400000000000000050e-02
1.124158420000000000e+08 1.000000000000000000e+00 6.500000000000000000e+01 1.030890288104783758e+04 4.933811534620332168e+03 1.311349000000000160e+04 0.000000000000000000e+00 6.802582212199232536e+00 4.169999999999999818e-01
1.124158470000000000e+08 0.000000000000000000e+00 6.600000000000000000e+01 1.029879088104783659e+04 4.930333534620332102e+03 1.310282999999999993e+04 0.000000000000000000e+00 1.540512533173417076e+00 6.099999999999999867e-02
1.124158470000000000e+08 1.000000000000000000e+00 6.600000000000000000e+01 1.029703088104783819e+04 4.924254534620332379e+03 1.310229999999999927e+04 0.000000000000000000e+00 2.164738939072789581e+00 9.199999999999999845e-02
1.124158460000000000e+08 1.000000000000000000e+00 6.600000000000000000e+01 1.029676088104783776e+04 4.915888534620332393e+03 1.310711000000000058e+04 0.000000000000000000e+00 5.785032785197751437e+00 9.199999999999999845e-02
1.124158450000000000e+08 1.000000000000000000e+00 6.600000000000000000e+01 1.030195188104783665e+04 4.917481534620332241e+03 1.311060000000000036e+04 0.000000000000000000e+00 5.540428664609909681e+00 2.400000000000000050e-02
1.124158450000000000e+08 1.000000000000000000e+00 6.600000000000000000e+01 1.030393388104783662e+04 4.917407534620332626e+03 1.310990000000000146e+04 0.000000000000000000e+00 4.882695232907322769e+00 6.099999999999999867e-02
1.124158450000000000e+08 1.000000000000000000e+00 6.600000000000000000e+01 1.030462488104783733e+04 4.917175534620331746e+03 1.310593000000000029e+04 0.000000000000000000e+00 1.452956905356635797e+00 9.199999999999999845e-02
1.124158450000000000e+08 0.000000000000000000e+00 6.600000000000000000e+01 1.030766188104783760e+04 4.923716534620331913e+03 1.310101000000000022e+04 0.000000000000000000e+00 1.781778212710541487e+00 9.199999999999999845e-02
1.124158450000000000e+08 1.000000000000000000e+00 6.500000000000000000e+01 1.031676788104783736e+04 4.925761534620331986e+03 1.309754999999999927e+04 0.000000000000000000e+00 4.054991300014442857e+00 9.199999999999999845e-02
1.124158400000000000e+08 1.000000000000000000e+00 6.600000000000000000e+01 1.032160988104783610e+04 4.929850534620331928e+03 1.309931999999999971e+04 0.000000000000000000e+00 3.302181876332571875e+00 8.349999999999999645e-01
1.124158400000000000e+08 1.000000000000000000e+00 6.600000000000000000e+01 1.032160988104783610e+04 4.929850534620331928e+03 1.309931999999999971e+04 0.000000000000000000e+00 3.302181876332571875e+00 6.775699999999999612e+00
1.124159300000000000e+08 1.000000000000000000e+00 6.600000000000000000e+01 1.031899388104783793e+04 4.946758534620332284e+03 1.315336000000000058e+04 0.000000000000000000e+00 9.292227984947096786e+00 9.199999999999999845e-02
1.124159250000000000e+08 1.000000000000000000e+00 6.500000000000000000e+01 1.031820188104783665e+04 4.931474534620331724e+03 1.314501000000000022e+04 0.000000000000000000e+00 7.447868398272683876e+00 9.199999999999999845e-02
1.124159250000000000e+08 1.000000000000000000e+00 6.500000000000000000e+01 1.031839888104783677e+04 4.931145534620332000e+03 1.314513000000000102e+04 0.000000000000000000e+00 7.299471298022957022e+00 4.169999999999999818e-01
1.124159250000000000e+08 1.000000000000000000e+00 6.500000000000000000e+01 1.031839888104783677e+04 4.931145534620332000e+03 1.314513000000000102e+04 0.000000000000000000e+00 7.299471298022957022e+00 7.365280000000000271e+00
1.011017870000000000e+08 1.000000000000000000e+00 6.600000000000000000e+01 1.047873988104783712e+04 4.979593534620332321e+03 1.177878000000000065e+04 0.000000000000000000e+00 8.445418596361305319e+00 9.199999999999999845e-02
