2.608504900000000000e+07 0.000000000000000000e+00 6.600000000000000000e+01 1.156430000000000291e+03 9.591901905698105111e+03 3.164279262366552757e+03 0.000000000000000000e+00 2.626143771879610456e-01 1.078999999999999915e+01
2.624664400000000000e+07 1.000000000000000000e+00 6.500000000000000000e+01 4.914739999999999782e+03 9.599670405698105242e+03 3.145383662366552926e+03 0.000000000000000000e+00 7.783582508239633491e+00 1.605000000000000071e+01
2.624733500000000000e+07 1.000000000000000000e+00 6.500000000000000000e+01 4.938369999999999891e+03 9.625815305698106386e+03 3.073709162366552846e+03 0.000000000000000000e+00 2.744915186678784647e+00 1.339000000000000057e+01
2.624733500000000000e+07 1.000000000000000000e+00 6.500000000000000000e+01 4.939610000000000582e+03 9.626534505698105932e+03 3.072664462366552470e+03 0.000000000000000000e+00 1.714578671142723554e+00 1.605000000000000071e+01
2.624733500000000000e+07 1.000000000000000000e+00 6.500000000000000000e+01 4.942869999999999891e+03 9.628333005698104898e+03 3.070011062366552324e+03 0.000000000000000000e+00 2.024293639314671989e+00 1.078999999999999915e+01
2.470907000000000000e+07 1.000000000000000000e+00 6.500000000000000000e+01 5.081579999999999927e+03 9.705919905698105140e+03 2.908315262366552815e+03 0.000000000000000000e+00 5.473946463060834766e+00 2.400000000000000050e-02
2.470906600000000000e+07 1.000000000000000000e+00 6.600000000000000000e+01 5.091550000000000182e+03 9.706688905698105373e+03 2.905655262366552961e+03 0.000000000000000000e+00 7.620591477232300903e+00 1.078999999999999915e+01
2.470906600000000000e+07 1.000000000000000000e+00 6.600000000000000000e+01 5.091550000000000182e+03 9.706688905698105373e+03 2.905655262366552961e+03 0.000000000000000000e+00 7.620591477232300903e+00 6.721000000000000085e+00
2.470906600000000000e+07 1.000000000000000000e+00 6.600000000000000000e+01 5.091550000000000182e+03 9.706688905698105373e+03 2.905655262366552961e+03 0.000000000000000000e+00 7.620591477232300903e+00 2.678300000000000125e+00
2.624718500000000000e+07 1.000000000000000000e+00 6.600000000000000000e+01 4.991360000000000582e+03 9.658059405698106275e+03 3.026138262366553136e+03 0.000000000000000000e+00 9.316253159261302486e+00 9.199999999999999845e-02
2.624718500000000000e+07 1.000000000000000000e+00 6.600000000000000000e+01 4.992619999999999891e+03 9.659990405698104951e+03 3.027241262366552291e+03 0.000000000000000000e+00 7.742700595668535968e+00 4.169999999999999818e-01
2.624718900000000000e+07 1.000000000000000000e+00 6.500000000000000000e+01 4.991880000000000109e+03 9.657259305698105891e+03 3.033078262366552735e+03 0.000000000000000000e+00 6.670670899861685044e+00 9.199999999999999845e-02
2.624580700000000000e+07 1.000000000000000000e+00 6.500000000000000000e+01 4.978970000000000255e+03 9.648509305698105891e+03 3.052268262366552335e+03 0.000000000000000000e+00 8.441762659102709065e+00 9.199999999999999845e-02
2.624580700000000000e+07 1.000000000000000000e+00 6.500000000000000000e+01 4.978970000000000255e+03 9.648509305698105891e+03 3.052268262366552335e+03 0.000000000000000000e+00 8.441762659102709065e+00 7.385600000000000165e+00
2.624572300000000000e+07 1.000000000000000000e+00 6.600000000000000000e+01 4.953750000000000000e+03 9.650702405698106304e+03 3.068282262366552459e+03 0.000000000000000000e+00 9.618047260895535189e+00 9.199999999999999845e-02
2.624572300000000000e+07 1.000000000000000000e+00 6.600000000000000000e+01 4.953449999999999818e+03 9.650980705698104430e+03 3.069556962366552398e+03 0.000000000000000000e+00 8.383162282913822594e+00 6.099999999999999867e-02
2.624581000000000000e+07 1.000000000000000000e+00 6.600000000000000000e+01 4.968050000000000182e+03 9.658891705698104488e+03 3.062109262366552684e+03 0.000000000000000000e+00 5.611457683657836704e+00 4.169999999999999818e-01
2.624581200000000000e+07 1.000000000000000000e+00 6.600000000000000000e+01 4.978280000000000655e+03 9.659190805698104668e+03 3.052223262366553172e+03 0.000000000000000000e+00 7.943551126106330962e+00 9.199999999999999845e-02
2.624581200000000000e+07 1.000000000000000000e+00 6.600000000000000000e+01 4.978750000000000000e+03 9.658708705698105405e+03 3.052806262366552801e+03 0.000000000000000000e+00 7.506638242805973249e+00 9.199999999999999845e-02
2.624733500000000000e+07 1.000000000000000000e+00 6.500000000000000000e+01 4.947229999999999563e+03 9.624762205698105390e+03 3.072149762366552750e+03 0.000000000000000000e+00 5.459554405231250129e+00 1.078999999999999915e+01
2.624733600000000000e+07 1.000000000000000000e+00 6.500000000000000000e+01 4.946489999999999782e+03 9.626446605698105486e+03 3.074974062366552971e+03 0.000000000000000000e+00 5.329058054824495017e+00 1.078999999999999915e+01
2.624733600000000000e+07 1.000000000000000000e+00 6.500000000000000000e+01 4.946850000000000364e+03 9.626642405698104994e+03 3.075462862366553054e+03 0.000000000000000000e+00 5.611739783045571528e+00 1.339000000000000057e+01
2.624733600000000000e+07 1.000000000000000000e+00 6.500000000000000000e+01 4.947069999999999709e+03 9.626787405698105431e+03 3.075576262366552328e+03 0.000000000000000000e+00 5.825058546469255027e+00 4.169999999999999818e-01
2.624733200000000000e+07 1.000000000000000000e+00 6.600000000000000000e+01 4.955050000000000182e+03 9.617328005698105699e+03 3.077609762366552786e+03 0.000000000000000000e+00 8.739271795416961197e+00 9.199999999999999845e-02
2.624733100000000000e+07 1.000000000000000000e+00 6.600000000000000000e+01 4.952250000000000000e+03 9.609298505698105146e+03 3.073167362366552879e+03 0.000000000000000000e+00 1.786113669316289787e+00 2.400000000000000050e-02
2.624733400000000000e+07 1.000000000000000000e+00 6.600000000000000000e+01 4.930399999999999636e+03 9.605725005698104724e+03 3.070302562366552593e+03 0.000000000000000000e+00 3.300388758961229740e+00 1.078999999999999915e+01
2.624733400000000000e+07 1.000000000000000000e+00 6.600000000000000000e+01 4.930399999999999636e+03 9.605725005698104724e+03 3.070302562366552593e+03 0.000000000000000000e+00 3.300388758961229740e+00 6.434099999999999930e+00
2.624733400000000000e+07 1.000000000000000000e+00 6.600000000000000000e+01 4.930399999999999636e+03 9.605725005698104724e+03 3.070302562366552593e+03 0.000000000000000000e+00 3.300388758961229740e+00 5.323019999999999641e+00
2.624733500000000000e+07 1.000000000000000000e+00 6.500000000000000000e+01 4.948079999999999927e+03 9.623797005698104840e+03 3.073713262366552954e+03 0.000000000000000000e+00 5.599709739194314473e+00 2.400000000000000050e-02
2.624733500000000000e+07 1.000000000000000000e+00 6.500000000000000000e+01 4.949229999999999563e+03 9.626878405698105780e+03 3.069921562366553189e+03 0.000000000000000000e+00 8.129903430780833773e+00 4.169999999999999818e-01
2.624733400000000000e+07 1.000000000000000000e+00 6.500000000000000000e+01 4.946190000000000509e+03 9.621094005698105320e+03 3.063523262366552444e+03 0.000000000000000000e+00 6.466605087662230744e+00 6.099999999999999867e-02
2.624733000000000000e+07 0.000000000000000000e+00 6.500000000000000000e+01 4.937979999999999563e+03 9.607116605698105559e+03 3.061120262366553106e+03 0.000000000000000000e+00 1.759259281753360993e+00 9.199999999999999845e-02
2.624733000000000000e+07 0.000000000000000000e+00 6.500000000000000000e+01 4.936329999999999927e+03 9.605541205698104022e+03 3.060257262366552823e+03 0.000000000000000000e+00 8.992423159071379901e-01 9.199999999999999845e-02
2.624733000000000000e+07 0.000000000000000000e+00 6.500000000000000000e+01 4.935789999999999964e+03 9.605378105698106083e+03 3.060016262366552837e+03 0.000000000000000000e+00 8.759193760375232340e-01 2.400000000000000050e-02
2.624733000000000000e+07 1.000000000000000000e+00 6.500000000000000000e+01 4.933700000000000728e+03 9.604471905698104820e+03 3.055110262366552888e+03 0.000000000000000000e+00 4.237668311905192553e+00 2.400000000000000050e-02
2.624733000000000000e+07 1.000000000000000000e+00 6.500000000000000000e+01 4.933700000000000728e+03 9.604471905698104820e+03 3.055110262366552888e+03 0.000000000000000000e+00 4.237668311905192553e+00 7.377889999999999837e+00
2.624733600000000000e+07 1.000000000000000000e+00 6.500000000000000000e+01 4.946039999999999964e+03 9.629168105698105137e+03 3.074553562366552796e+03 0.000000000000000000e+00 5.649585446402888955e+00 6.099999999999999867e-02
2.624743100000000000e+07 1.000000000000000000e+00 6.500000000000000000e+01 4.919020000000000437e+03 9.619847505698104214e+03 3.088363462366552994e+03 0.000000000000000000e+00 9.052623349990533086e+00 6.099999999999999867e-02
2.624734300000000000e+07 1.000000000000000000e+00 6.600000000000000000e+01 4.920049999999999272e+03 9.618204705698106409e+03 3.084148062366552949e+03 0.000000000000000000e+00 8.976836158494833739e+00 6.099999999999999867e-02
2.624734300000000000e+07 1.000000000000000000e+00 6.600000000000000000e+01 4.920260000000000218e+03 9.617297905698105751e+03 3.081841862366552959e+03 0.000000000000000000e+00 8.483516689609874817e+00 9.199999999999999845e-02
2.624734300000000000e+07 1.000000000000000000e+00 6.600000000000000000e+01 4.921020000000000437e+03 9.619631105698104875e+03 3.079369662366552802e+03 0.000000000000000000e+00 5.458624717577974295e+00 6.099999999999999867e-02
2.624743100000000000e+07 1.000000000000000000e+00 6.500000000000000000e+01 4.920000000000000000e+03 9.629469705698105827e+03 3.089314462366553016e+03 0.000000000000000000e+00 7.026077817144077642e+00 9.199999999999999845e-02
2.624734100000000000e+07 1.000000000000000000e+00 6.600000000000000000e+01 4.934090000000000146e+03 9.633355805698105542e+03 3.078644762366552641e+03 0.000000000000000000e+00 2.449936647789550559e+00 4.169999999999999818e-01
2.624572100000000000e+07 1.000000000000000000e+00 6.600000000000000000e+01 4.945030000000000655e+03 9.633971505698104011e+03 3.082581862366552741e+03 0.000000000000000000e+00 6.924358113394091241e+00 6.099999999999999867e-02
2.624733500000000000e+07 1.000000000000000000e+00 6.500000000000000000e+01 4.947529999999999745e+03 9.634113005698105553e+03 3.073250162366553013e+03 0.000000000000000000e+00 8.898117708890465494e+00 8.349999999999999645e-01
2.624733500000000000e+07 1.000000000000000000e+00 6.500000000000000000e+01 4.947229999999999563e+03 9.624762205698105390e+03 3.072149762366552750e+03 0.000000000000000000e+00 5.459554405231250129e+00 3.215009999999999923e+00
2.624733500000000000e+07 1.000000000000000000e+00 6.500000000000000000e+01 4.939610000000000582e+03 9.626534505698105932e+03 3.072664462366552470e+03 0.000000000000000000e+00 1.714578671142723554e+00 2.229629999999999779e+00
2.624733500000000000e+07 1.000000000000000000e+00 6.500000000000000000e+01 4.938369999999999891e+03 9.625815305698106386e+03 3.073709162366552846e+03 0.000000000000000000e+00 2.744915186678784647e+00 5.781489999999999796e+00
2.624664300000000000e+07 1.000000000000000000e+00 6.500000000000000000e+01 4.919550000000000182e+03 9.596087145698103996e+03 3.156628872366552969e+03 0.000000000000000000e+00 9.459731872720901436e+00 1.078999999999999915e+01
2.624664000000000000e+07 0.000000000000000000e+00 6.500000000000000000e+01 4.921430000000000291e+03 9.575807205698105463e+03 3.151824862366553134e+03 0.000000000000000000e+00 2.496043172225426598e+00 6.099999999999999867e-02
2.624664000000000000e+07 0.000000000000000000e+00 6.500000000000000000e+01 4.921010000000000218e+03 9.575282205698105827e+03 3.151799062366552789e+03 0.000000000000000000e+00 3.014400941561749203e+00 2.039999999999999869e-01
2.624664000000000000e+07 0.000000000000000000e+00 6.600000000000000000e+01 4.911600000000000364e+03 9.579101105698104220e+03 3.149682862366552399e+03 0.000000000000000000e+00 4.665637146399429724e+00 9.199999999999999845e-02
2.624664300000000000e+07 1.000000000000000000e+00 6.500000000000000000e+01 4.919639999999999418e+03 9.598094235698104967e+03 3.154234462366553089e+03 0.000000000000000000e+00 9.117326296782977124e+00 2.400000000000000050e-02
2.624664900000000000e+07 1.000000000000000000e+00 6.600000000000000000e+01 4.937149999999999636e+03 9.601340755698103749e+03 3.146021262366552946e+03 0.000000000000000000e+00 4.837819242304063572e+00 9.199999999999999845e-02
2.624664900000000000e+07 1.000000000000000000e+00 6.600000000000000000e+01 4.937369999999999891e+03 9.602064605698105879e+03 3.146307662366552904e+03 0.000000000000000000e+00 5.587718496974589222e+00 2.400000000000000050e-02
2.624663400000000000e+07 1.000000000000000000e+00 6.500000000000000000e+01 4.908750000000000000e+03 9.591776590698103973e+03 3.167240362366553200e+03 0.000000000000000000e+00 9.191746706681204415e+00 6.099999999999999867e-02
2.624663400000000000e+07 1.000000000000000000e+00 6.500000000000000000e+01 4.909889999999999418e+03 9.589229065698105842e+03 3.169582242366553146e+03 0.000000000000000000e+00 6.359968561826944367e+00 9.199999999999999845e-02
2.624663400000000000e+07 1.000000000000000000e+00 6.500000000000000000e+01 4.904890000000000327e+03 9.584491405698105154e+03 3.173295622366552379e+03 0.000000000000000000e+00 7.651281407911892707e+00 6.099999999999999867e-02
2.624664300000000000e+07 1.000000000000000000e+00 6.500000000000000000e+01 4.919550000000000182e+03 9.596087145698103996e+03 3.156628872366552969e+03 0.000000000000000000e+00 9.459731872720901436e+00 4.397170000000000023e+00
2.608504900000000000e+07 0.000000000000000000e+00 6.600000000000000000e+01 1.156430000000000291e+03 9.591901905698105111e+03 3.164279262366552757e+03 0.000000000000000000e+00 2.626143771879610456e-01 8.780339999999999812e-01
3.007670500000000000e+07 0.000000000000000000e+00 6.600000000000000000e+01 1.033251000000000022e+04 9.562517005698104185e+03 3.340976262366552874e+03 1.000000000000000000e+00 7.619973356570386436e-01 1.100000000000000000e+01
