6.541450800000000000e+07 0.000000000000000000e+00 6.500000000000000000e+01 4.828282294027473654e+03 1.380553198169336065e+04 7.815494999999999891e+03 0.000000000000000000e+00 1.855511662931037309e+00 1.339000000000000057e+01
7.034446100000000000e+07 1.000000000000000000e+00 6.500000000000000000e+01 4.840211294027473741e+03 1.380871098169335892e+04 8.084140999999999622e+03 0.000000000000000000e+00 6.127252650937402123e+00 1.078999999999999915e+01
7.672770500000000000e+07 0.000000000000000000e+00 6.500000000000000000e+01 4.862628294027473203e+03 1.382014798169336063e+04 9.149110000000000582e+03 0.000000000000000000e+00 2.084089854427190414e+00 1.078999999999999915e+01
1.107000000000000000e+08 1.000000000000000000e+00 6.600000000000000000e+01 5.063111294027473377e+03 1.373302698169336145e+04 1.307306999999999971e+04 0.000000000000000000e+00 7.425139797400714059e+00 1.605000000000000071e+01
1.163577790000000000e+08 1.000000000000000000e+00 6.500000000000000000e+01 5.165012294027473217e+03 1.372765598169336045e+04 1.377736000000000058e+04 0.000000000000000000e+00 8.049475974004810297e+00 6.099999999999999867e-02
1.163577790000000000e+08 1.000000000000000000e+00 6.500000000000000000e+01 5.165086294027473741e+03 1.372800298169336020e+04 1.377735000000000036e+04 0.000000000000000000e+00 7.730651555162496358e+00 2.039999999999999869e-01
1.163577800000000000e+08 1.000000000000000000e+00 6.500000000000000000e+01 5.176182294027473290e+03 1.373500798169336122e+04 1.377328000000000065e+04 0.000000000000000000e+00 3.139303603413723387e+00 6.099999999999999867e-02
1.163577850000000000e+08 1.000000000000000000e+00 6.600000000000000000e+01 5.195211294027473741e+03 1.372417098169335986e+04 1.376852000000000044e+04 0.000000000000000000e+00 8.933899052733261570e+00 9.199999999999999845e-02
1.163577860000000000e+08 1.000000000000000000e+00 6.600000000000000000e+01 5.195260294027473719e+03 1.372338598169336001e+04 1.376534000000000015e+04 0.000000000000000000e+00 9.809356228601778582e+00 9.199999999999999845e-02
1.107005590000000000e+08 1.000000000000000000e+00 6.500000000000000000e+01 5.045922294027473981e+03 1.374194798169335991e+04 1.307981000000000131e+04 0.000000000000000000e+00 4.930606148742763928e+00 1.078999999999999915e+01
1.107005590000000000e+08 1.000000000000000000e+00 6.500000000000000000e+01 5.045330294027473428e+03 1.374229198169336087e+04 1.308037999999999920e+04 0.000000000000000000e+00 4.220184198647680240e+00 2.039999999999999869e-01
1.107005610000000000e+08 0.000000000000000000e+00 6.600000000000000000e+01 5.043390294027473828e+03 1.374056998169335930e+04 1.308686000000000058e+04 0.000000000000000000e+00 4.968441189380101264e+00 9.199999999999999845e-02
1.107005610000000000e+08 0.000000000000000000e+00 6.600000000000000000e+01 5.041698294027473821e+03 1.373907198169335970e+04 1.309006000000000131e+04 0.000000000000000000e+00 2.311183135735682015e+00 1.078999999999999915e+01
1.107005610000000000e+08 0.000000000000000000e+00 6.600000000000000000e+01 5.041698294027473821e+03 1.373907198169335970e+04 1.309006000000000131e+04 0.000000000000000000e+00 2.311183135735682015e+00 7.357389999999999652e+00
1.107005610000000000e+08 0.000000000000000000e+00 6.600000000000000000e+01 5.041698294027473821e+03 1.373907198169335970e+04 1.309006000000000131e+04 0.000000000000000000e+00 2.311183135735682015e+00 1.289530000000000065e+00
1.107005590000000000e+08 1.000000000000000000e+00 6.500000000000000000e+01 5.045922294027473981e+03 1.374194798169335991e+04 1.307981000000000131e+04 0.000000000000000000e+00 4.930606148742763928e+00 4.973679999999999879e+00
7.672847300000000000e+07 1.000000000000000000e+00 6.500000000000000000e+01 4.852420294027473574e+03 1.382776098169336001e+04 9.153280000000000655e+03 0.000000000000000000e+00 1.119940027263277793e+00 1.078999999999999915e+01
7.672789200000000000e+07 1.000000000000000000e+00 6.500000000000000000e+01 4.858292294027473872e+03 1.383814798169336063e+04 9.138860000000000582e+03 0.000000000000000000e+00 3.281464962310595368e+00 1.078999999999999915e+01
7.672789200000000000e+07 1.000000000000000000e+00 6.500000000000000000e+01 4.864908294027473858e+03 1.383908298169336013e+04 9.133399999999999636e+03 0.000000000000000000e+00 9.085413850618186515e+00 1.376999999999999957e+01
7.672789200000000000e+07 1.000000000000000000e+00 6.500000000000000000e+01 4.862221294027473959e+03 1.383309798169336136e+04 9.134760000000000218e+03 0.000000000000000000e+00 9.956812615682336443e+00 4.169999999999999818e-01
7.672770800000000000e+07 1.000000000000000000e+00 6.600000000000000000e+01 4.852927294027473181e+03 1.382251198169336021e+04 9.135959999999999127e+03 0.000000000000000000e+00 6.449483208102352982e+00 9.199999999999999845e-02
7.672756000000000000e+07 1.000000000000000000e+00 6.500000000000000000e+01 4.856465294027473647e+03 1.383353098169336045e+04 9.142809999999999491e+03 0.000000000000000000e+00 2.327718377445747944e+00 6.099999999999999867e-02
7.672862100000000000e+07 1.000000000000000000e+00 6.500000000000000000e+01 4.855565294027473101e+03 1.381840798169335903e+04 9.136619999999998981e+03 0.000000000000000000e+00 4.027337471087320431e+00 4.169999999999999818e-01
7.672861900000000000e+07 1.000000000000000000e+00 6.600000000000000000e+01 4.853170294027473574e+03 1.381496698169336014e+04 9.132780000000000655e+03 0.000000000000000000e+00 4.595925950047732300e+00 4.169999999999999818e-01
7.672861900000000000e+07 1.000000000000000000e+00 6.600000000000000000e+01 4.853170294027473574e+03 1.381496698169336014e+04 9.132780000000000655e+03 0.000000000000000000e+00 4.595925950047732300e+00 7.333309999999999995e+00
7.672847300000000000e+07 1.000000000000000000e+00 6.500000000000000000e+01 4.852420294027473574e+03 1.382776098169336001e+04 9.153280000000000655e+03 0.000000000000000000e+00 1.119940027263277793e+00 2.080239999999999867e+00
7.034446200000000000e+07 1.000000000000000000e+00 6.500000000000000000e+01 4.833389294027473625e+03 1.380779998169336068e+04 8.085359000000000378e+03 0.000000000000000000e+00 6.544108581107838774e+00 1.339000000000000057e+01
7.034446800000000000e+07 1.000000000000000000e+00 6.600000000000000000e+01 4.816510294027473719e+03 1.379744498169335930e+04 8.078162000000000262e+03 0.000000000000000000e+00 9.679815417543036205e+00 9.199999999999999845e-02
7.034286800000000000e+07 1.000000000000000000e+00 6.600000000000000000e+01 4.797021294027473232e+03 1.380890898169335924e+04 8.084854000000000269e+03 0.000000000000000000e+00 4.275254288831258798e+00 6.099999999999999867e-02
7.034286800000000000e+07 1.000000000000000000e+00 6.600000000000000000e+01 4.796132294027473108e+03 1.380451398169336062e+04 8.085730999999999767e+03 0.000000000000000000e+00 2.495007175386747544e+00 9.199999999999999845e-02
7.034286700000000000e+07 1.000000000000000000e+00 6.600000000000000000e+01 4.801614294027473079e+03 1.379810398169335895e+04 8.086979999999999563e+03 0.000000000000000000e+00 1.063669216161020836e+00 9.199999999999999845e-02
7.034286700000000000e+07 1.000000000000000000e+00 6.600000000000000000e+01 4.805464294027473443e+03 1.379265598169336045e+04 8.082989999999999782e+03 0.000000000000000000e+00 7.049682636977410155e+00 9.199999999999999845e-02
7.034446200000000000e+07 1.000000000000000000e+00 6.500000000000000000e+01 4.833389294027473625e+03 1.380779998169336068e+04 8.085359000000000378e+03 0.000000000000000000e+00 6.544108581107838774e+00 1.986289999999999889e+00
6.541450900000000000e+07 1.000000000000000000e+00 6.500000000000000000e+01 4.819384294027473516e+03 1.379591198169335985e+04 7.820275999999999840e+03 0.000000000000000000e+00 8.779362415420246535e+00 1.078999999999999915e+01
6.541539000000000000e+07 1.000000000000000000e+00 6.500000000000000000e+01 4.825707294027473836e+03 1.376145498169336133e+04 7.854529999999999745e+03 0.000000000000000000e+00 9.447819459784666307e+00 1.605000000000000071e+01
6.541539000000000000e+07 1.000000000000000000e+00 6.500000000000000000e+01 4.828611294027473377e+03 1.375906998169335930e+04 7.857912000000000262e+03 0.000000000000000000e+00 8.312222421166906017e+00 1.078999999999999915e+01
6.541539000000000000e+07 1.000000000000000000e+00 6.500000000000000000e+01 4.828740294027473283e+03 1.375899998169335959e+04 7.858105999999999767e+03 0.000000000000000000e+00 8.293250617276974879e+00 6.099999999999999867e-02
6.541539100000000000e+07 1.000000000000000000e+00 6.500000000000000000e+01 4.829666294027473668e+03 1.375849798169335918e+04 7.859497999999999593e+03 0.000000000000000000e+00 7.316822902769064996e+00 9.199999999999999845e-02
6.541539100000000000e+07 1.000000000000000000e+00 6.500000000000000000e+01 4.833791294027473668e+03 1.375626098169336001e+04 7.865698999999999614e+03 0.000000000000000000e+00 7.625085482867563158e+00 1.339000000000000057e+01
6.541539800000000000e+07 1.000000000000000000e+00 6.500000000000000000e+01 4.843332294027473836e+03 1.376296898169336055e+04 7.840534999999999854e+03 0.000000000000000000e+00 8.773981993882566499e+00 9.199999999999999845e-02
6.541540000000000000e+07 1.000000000000000000e+00 6.500000000000000000e+01 4.850561294027473195e+03 1.375360998169336017e+04 7.837136999999999716e+03 0.000000000000000000e+00 3.521486769248689086e+00 2.400000000000000050e-02
6.541540000000000000e+07 1.000000000000000000e+00 6.500000000000000000e+01 4.849180294027473792e+03 1.375708898169335953e+04 7.835078999999999724e+03 0.000000000000000000e+00 5.447639505740651700e+00 6.099999999999999867e-02
6.541539900000000000e+07 1.000000000000000000e+00 6.500000000000000000e+01 4.844455294027473428e+03 1.375420198169336072e+04 7.841041000000000167e+03 0.000000000000000000e+00 7.701741151023624887e+00 2.400000000000000050e-02
6.541539600000000000e+07 1.000000000000000000e+00 6.600000000000000000e+01 4.843770294027473938e+03 1.375077898169336004e+04 7.855265000000000327e+03 0.000000000000000000e+00 4.905087461105233970e+00 4.169999999999999818e-01
6.541539200000000000e+07 1.000000000000000000e+00 6.500000000000000000e+01 4.839889294027473625e+03 1.375934098169335994e+04 7.873914999999999964e+03 0.000000000000000000e+00 8.302276806568244183e+00 2.400000000000000050e-02
6.541539000000000000e+07 1.000000000000000000e+00 6.500000000000000000e+01 4.825707294027473836e+03 1.376145498169336133e+04 7.854529999999999745e+03 0.000000000000000000e+00 9.447819459784666307e+00 5.403649999999999842e+00
6.541539500000000000e+07 1.000000000000000000e+00 6.600000000000000000e+01 4.830939294027473807e+03 1.375806198169336130e+04 7.852931999999999789e+03 0.000000000000000000e+00 9.031219696456165735e+00 9.199999999999999845e-02
6.541539700000000000e+07 1.000000000000000000e+00 6.500000000000000000e+01 4.848956294027473632e+03 1.376995098169336052e+04 7.851715000000000146e+03 0.000000000000000000e+00 3.069286693588154424e+00 2.400000000000000050e-02
6.541449700000000000e+07 0.000000000000000000e+00 6.600000000000000000e+01 4.849539294027473261e+03 1.377692298169336027e+04 7.824192000000000007e+03 0.000000000000000000e+00 1.464000929174072096e+00 2.039999999999999869e-01
6.541449800000000000e+07 1.000000000000000000e+00 6.600000000000000000e+01 4.849105294027473974e+03 1.377728998169336046e+04 7.816587000000000444e+03 0.000000000000000000e+00 1.936336449191842002e+00 2.400000000000000050e-02
6.541449700000000000e+07 1.000000000000000000e+00 6.600000000000000000e+01 4.851909294027473152e+03 1.377450298169336020e+04 7.821199999999999818e+03 0.000000000000000000e+00 2.353454025197594390e+00 9.199999999999999845e-02
6.541449800000000000e+07 1.000000000000000000e+00 6.600000000000000000e+01 4.853580294027473428e+03 1.377610198169336036e+04 7.821766999999999825e+03 0.000000000000000000e+00 3.742687300739623524e+00 1.339000000000000057e+01
6.541449800000000000e+07 1.000000000000000000e+00 6.600000000000000000e+01 4.853580294027473428e+03 1.377610198169336036e+04 7.821766999999999825e+03 0.000000000000000000e+00 3.742687300739623524e+00 3.339179999999999815e+00
6.541449800000000000e+07 1.000000000000000000e+00 6.600000000000000000e+01 4.853580294027473428e+03 1.377610198169336036e+04 7.821766999999999825e+03 0.000000000000000000e+00 3.742687300739623524e+00 1.461249999999999938e+00
6.541450900000000000e+07 1.000000000000000000e+00 6.500000000000000000e+01 4.819384294027473516e+03 1.379591198169335985e+04 7.820275999999999840e+03 0.000000000000000000e+00 8.779362415420246535e+00 6.709769999999999790e+00
7.034264900000000000e+07 1.000000000000000000e+00 6.600000000000000000e+01 4.705806894027473390e+03 1.383733598169335892e+04 8.214237999999999374e+03 1.000000000000000000e+00 5.820710817973665518e-01 1.730000000000000000e+02
1.219705090000000000e+08 1.000000000000000000e+00 6.600000000000000000e+01 4.098768294027473530e+03 1.365724598169336059e+04 1.446738000000000102e+04 1.000000000000000000e+00 7.141380310414586763e-01 1.730000000000000000e+02
7.034356100000000000e+07 1.000000000000000000e+00 6.500000000000000000e+01 4.724592294027473145e+03 1.383555398169335967e+04 8.191452999999999520e+03 1.000000000000000000e+00 6.511099681127594518e-01 1.730000000000000000e+02
7.034365500000000000e+07 0.000000000000000000e+00 6.500000000000000000e+01 4.730820294027473210e+03 1.383908798169335932e+04 8.230032999999999447e+03 1.000000000000000000e+00 2.633413664363661866e+00 1.730000000000000000e+02
