4.345358900000000000e+07 0.000000000000000000e+00 6.600000000000000000e+01 1.114534810085961726e+04 1.007328666145760508e+04 5.065079999999999927e+03 0.000000000000000000e+00 2.699284086556503315e+00 1.339000000000000057e+01
4.345358500000000000e+07 0.000000000000000000e+00 6.500000000000000000e+01 1.114230010085961658e+04 1.008017966145760511e+04 5.079159999999999854e+03 0.000000000000000000e+00 3.273594594033771621e+00 1.339000000000000057e+01
4.345358200000000000e+07 1.000000000000000000e+00 6.600000000000000000e+01 1.114147410085961747e+04 1.008656066145760451e+04 5.090680000000000291e+03 0.000000000000000000e+00 4.779719911007999755e+00 1.605000000000000071e+01
4.345244500000000000e+07 1.000000000000000000e+00 6.500000000000000000e+01 1.111803610085961554e+04 1.008902966145760365e+04 5.084170000000000073e+03 0.000000000000000000e+00 6.391455689624402359e-01 2.400000000000000050e-02
4.345244200000000000e+07 0.000000000000000000e+00 6.600000000000000000e+01 1.111267810085961537e+04 1.007990866145760447e+04 5.088850000000000364e+03 0.000000000000000000e+00 1.183706556958955547e+00 2.400000000000000050e-02
4.345244400000000000e+07 0.000000000000000000e+00 6.600000000000000000e+01 1.110324510085961629e+04 1.008256866145760432e+04 5.081579999999999927e+03 0.000000000000000000e+00 5.717375723535782051e+00 2.400000000000000050e-02
4.345340400000000000e+07 1.000000000000000000e+00 6.500000000000000000e+01 1.110058510085961643e+04 1.008333766145760455e+04 5.091550000000000182e+03 0.000000000000000000e+00 2.325981362402566255e+00 1.078999999999999915e+01
4.345340400000000000e+07 1.000000000000000000e+00 6.500000000000000000e+01 1.110058510085961643e+04 1.008333766145760455e+04 5.091550000000000182e+03 0.000000000000000000e+00 2.325981362402566255e+00 6.721000000000000085e+00
4.345340400000000000e+07 1.000000000000000000e+00 6.500000000000000000e+01 1.110058510085961643e+04 1.008333766145760455e+04 5.091550000000000182e+03 0.000000000000000000e+00 2.325981362402566255e+00 2.678300000000000125e+00
4.345358300000000000e+07 1.000000000000000000e+00 6.600000000000000000e+01 1.113448410085961586e+04 1.008717966145760511e+04 5.083059999999999491e+03 0.000000000000000000e+00 2.548265490437183534e+00 9.199999999999999845e-02
4.345358300000000000e+07 1.000000000000000000e+00 6.600000000000000000e+01 1.113345910085961623e+04 1.008653666145760508e+04 5.083000000000000000e+03 0.000000000000000000e+00 2.705680988782883212e+00 1.078999999999999915e+01
4.345358300000000000e+07 1.000000000000000000e+00 6.600000000000000000e+01 1.113345910085961623e+04 1.008653666145760508e+04 5.083000000000000000e+03 0.000000000000000000e+00 2.705680988782883212e+00 4.835379999999999789e+00
4.345358300000000000e+07 1.000000000000000000e+00 6.600000000000000000e+01 1.113345910085961623e+04 1.008653666145760508e+04 5.083000000000000000e+03 0.000000000000000000e+00 2.705680988782883212e+00 7.870770000000000266e-01
4.345358200000000000e+07 1.000000000000000000e+00 6.600000000000000000e+01 1.114089510085961592e+04 1.008647566145760356e+04 5.089819999999999709e+03 0.000000000000000000e+00 4.130079706790501071e+00 1.078999999999999915e+01
4.345358200000000000e+07 1.000000000000000000e+00 6.600000000000000000e+01 1.113837110085961649e+04 1.008670566145760313e+04 5.085059999999999491e+03 0.000000000000000000e+00 4.023394216180212979e+00 1.339000000000000057e+01
4.345358200000000000e+07 1.000000000000000000e+00 6.600000000000000000e+01 1.113837110085961649e+04 1.008670566145760313e+04 5.085059999999999491e+03 0.000000000000000000e+00 4.023394216180212979e+00 6.036319999999999908e+00
4.345358200000000000e+07 1.000000000000000000e+00 6.600000000000000000e+01 1.113837110085961649e+04 1.008670566145760313e+04 5.085059999999999491e+03 0.000000000000000000e+00 4.023394216180212979e+00 3.091790000000000038e+00
4.345358200000000000e+07 1.000000000000000000e+00 6.600000000000000000e+01 1.114089510085961592e+04 1.008647566145760356e+04 5.089819999999999709e+03 0.000000000000000000e+00 4.130079706790501071e+00 9.460650000000000448e-01
4.345358400000000000e+07 0.000000000000000000e+00 6.600000000000000000e+01 1.113672710085961626e+04 1.008075966145760322e+04 5.075170000000000073e+03 0.000000000000000000e+00 1.446263284643880098e+00 2.400000000000000050e-02
4.345358400000000000e+07 1.000000000000000000e+00 6.600000000000000000e+01 1.114020310085961682e+04 1.008502666145760304e+04 5.078710000000000036e+03 0.000000000000000000e+00 3.155070745818363775e+00 6.099999999999999867e-02
4.345245500000000000e+07 1.000000000000000000e+00 6.500000000000000000e+01 1.114270610085961744e+04 1.009508766145760455e+04 5.078930000000000291e+03 0.000000000000000000e+00 9.509826981370581578e+00 9.199999999999999845e-02
4.345245900000000000e+07 1.000000000000000000e+00 6.600000000000000000e+01 1.114630310085961537e+04 1.010855066145760429e+04 5.071229999999999563e+03 0.000000000000000000e+00 1.389336467120124485e+00 9.199999999999999845e-02
4.345245900000000000e+07 1.000000000000000000e+00 6.600000000000000000e+01 1.114817510085961658e+04 1.011142266145760368e+04 5.069280000000000655e+03 0.000000000000000000e+00 1.548514510591593840e+00 2.400000000000000050e-02
4.345245900000000000e+07 1.000000000000000000e+00 6.600000000000000000e+01 1.115250510085961650e+04 1.010901566145760444e+04 5.068649999999999636e+03 0.000000000000000000e+00 4.092067800922155385e+00 1.078999999999999915e+01
4.345246200000000000e+07 1.000000000000000000e+00 6.500000000000000000e+01 1.115839410085961572e+04 1.011037666145760522e+04 5.066510000000000218e+03 0.000000000000000000e+00 6.477535753839655186e+00 8.349999999999999645e-01
4.345252200000000000e+07 1.000000000000000000e+00 6.600000000000000000e+01 1.117595810085961602e+04 1.009151366145760403e+04 5.038739999999999782e+03 0.000000000000000000e+00 7.301277738537684137e+00 6.099999999999999867e-02
4.345251800000000000e+07 1.000000000000000000e+00 6.500000000000000000e+01 1.117393210085961618e+04 1.008891166145760508e+04 5.045559999999999491e+03 0.000000000000000000e+00 5.714670244332592297e+00 4.169999999999999818e-01
4.345251800000000000e+07 1.000000000000000000e+00 6.500000000000000000e+01 1.117361610085961729e+04 1.008855566145760531e+04 5.046110000000000582e+03 0.000000000000000000e+00 5.237083587301023080e+00 9.199999999999999845e-02
4.345384000000000000e+07 1.000000000000000000e+00 6.500000000000000000e+01 1.119312110085961649e+04 1.010110666145760479e+04 5.061889999999999418e+03 0.000000000000000000e+00 8.195853689816615884e+00 9.199999999999999845e-02
4.345384000000000000e+07 1.000000000000000000e+00 6.500000000000000000e+01 1.119432610085961642e+04 1.009888866145760403e+04 5.063670000000000073e+03 0.000000000000000000e+00 8.557347249622214491e+00 6.099999999999999867e-02
4.345384000000000000e+07 1.000000000000000000e+00 6.500000000000000000e+01 1.119051810085961552e+04 1.009964766145760404e+04 5.062670000000000073e+03 0.000000000000000000e+00 6.897264377738355101e+00 4.169999999999999818e-01
4.345384100000000000e+07 1.000000000000000000e+00 6.500000000000000000e+01 1.118750410085961630e+04 1.010072866145760418e+04 5.064829999999999927e+03 0.000000000000000000e+00 4.171797063456002874e+00 4.169999999999999818e-01
4.345250700000000000e+07 0.000000000000000000e+00 6.500000000000000000e+01 1.118560310085961646e+04 1.009018466145760431e+04 5.076059999999999491e+03 0.000000000000000000e+00 1.740802733054336082e+00 4.169999999999999818e-01
4.345250700000000000e+07 0.000000000000000000e+00 6.500000000000000000e+01 1.118252210085961633e+04 1.009003466145760467e+04 5.078260000000000218e+03 0.000000000000000000e+00 1.132904367888099451e+00 6.099999999999999867e-02
4.345384300000000000e+07 1.000000000000000000e+00 6.600000000000000000e+01 1.118436310085961668e+04 1.009361366145760439e+04 5.087229999999999563e+03 0.000000000000000000e+00 1.998312688516272972e+00 6.099999999999999867e-02
4.345250600000000000e+07 1.000000000000000000e+00 6.600000000000000000e+01 1.118394610085961540e+04 1.008870266145760434e+04 5.090340000000000146e+03 0.000000000000000000e+00 2.826465829410039987e+00 4.169999999999999818e-01
4.345384600000000000e+07 1.000000000000000000e+00 6.500000000000000000e+01 1.118359510085961665e+04 1.008693666145760471e+04 5.091559999999999491e+03 0.000000000000000000e+00 1.734668183931336483e+00 2.400000000000000050e-02
4.345376700000000000e+07 1.000000000000000000e+00 6.600000000000000000e+01 1.118034610085961685e+04 1.009279666145760348e+04 5.091920000000000073e+03 0.000000000000000000e+00 3.352892922820895016e+00 9.199999999999999845e-02
4.345250100000000000e+07 1.000000000000000000e+00 6.500000000000000000e+01 1.117586410085961688e+04 1.009562966145760402e+04 5.094450000000000728e+03 0.000000000000000000e+00 6.110863522681758475e+00 4.169999999999999818e-01
4.345376200000000000e+07 1.000000000000000000e+00 6.500000000000000000e+01 1.117550210085961589e+04 1.009391366145760549e+04 5.093880000000000109e+03 0.000000000000000000e+00 6.874734925982520117e+00 2.400000000000000050e-02
4.345384600000000000e+07 1.000000000000000000e+00 6.600000000000000000e+01 1.119113310085961712e+04 1.008526966145760525e+04 5.084329999999999927e+03 0.000000000000000000e+00 1.528753655755866081e+00 9.199999999999999845e-02
4.345384600000000000e+07 1.000000000000000000e+00 6.600000000000000000e+01 1.119216910085961717e+04 1.008301366145760403e+04 5.082819999999999709e+03 0.000000000000000000e+00 1.356279236573604052e+00 2.400000000000000050e-02
4.345384500000000000e+07 1.000000000000000000e+00 6.600000000000000000e+01 1.119252910085961594e+04 1.008808366145760374e+04 5.084170000000000073e+03 0.000000000000000000e+00 1.613943639750375691e+00 9.199999999999999845e-02
4.345258900000000000e+07 1.000000000000000000e+00 6.500000000000000000e+01 1.120471310085961522e+04 1.008178066145760386e+04 5.073680000000000291e+03 0.000000000000000000e+00 4.135517480844797866e+00 9.199999999999999845e-02
4.345377200000000000e+07 1.000000000000000000e+00 6.600000000000000000e+01 1.120745710085961582e+04 1.008674266145760339e+04 5.093489999999999782e+03 0.000000000000000000e+00 1.422337429675677667e+00 2.400000000000000050e-02
4.345377200000000000e+07 0.000000000000000000e+00 6.600000000000000000e+01 1.120817910085961557e+04 1.008784466145760416e+04 5.094010000000000218e+03 0.000000000000000000e+00 2.105247897033561966e+00 6.099999999999999867e-02
4.345377400000000000e+07 0.000000000000000000e+00 6.500000000000000000e+01 1.121312110085961649e+04 1.009149466145760380e+04 5.093789999999999964e+03 0.000000000000000000e+00 1.338955465562303049e+00 9.199999999999999845e-02
4.345258200000000000e+07 1.000000000000000000e+00 6.500000000000000000e+01 1.121847210085961706e+04 1.009686266145760419e+04 5.097940000000000509e+03 0.000000000000000000e+00 1.760798567038319051e+00 6.099999999999999867e-02
4.345258200000000000e+07 1.000000000000000000e+00 6.500000000000000000e+01 1.122175710085961691e+04 1.009805366145760490e+04 5.098090000000000146e+03 0.000000000000000000e+00 1.992085096922511900e+00 6.099999999999999867e-02
4.345258200000000000e+07 1.000000000000000000e+00 6.500000000000000000e+01 1.122175710085961691e+04 1.009805366145760490e+04 5.098090000000000146e+03 0.000000000000000000e+00 1.992085096922511900e+00 7.369320000000000093e+00
4.345245900000000000e+07 1.000000000000000000e+00 6.600000000000000000e+01 1.115250510085961650e+04 1.010901566145760444e+04 5.068649999999999636e+03 0.000000000000000000e+00 4.092067800922155385e+00 1.431459999999999955e+00
4.345358900000000000e+07 0.000000000000000000e+00 6.600000000000000000e+01 1.114638010085961650e+04 1.007442166145760348e+04 5.065989999999999782e+03 0.000000000000000000e+00 1.106529558100904698e+00 4.169999999999999818e-01
4.345358900000000000e+07 0.000000000000000000e+00 6.600000000000000000e+01 1.115039010085961490e+04 1.007548466145760540e+04 5.068300000000000182e+03 0.000000000000000000e+00 9.582406844900882570e-01 9.199999999999999845e-02
4.345367100000000000e+07 1.000000000000000000e+00 6.600000000000000000e+01 1.115383710085961502e+04 1.005086006145760439e+04 5.090100000000000364e+03 0.000000000000000000e+00 3.991794180389884428e+00 2.400000000000000050e-02
4.345367100000000000e+07 1.000000000000000000e+00 6.600000000000000000e+01 1.115915510085961614e+04 1.004874376145760471e+04 5.091079999999999927e+03 0.000000000000000000e+00 9.638252656266208973e+00 2.400000000000000050e-02
4.345367100000000000e+07 1.000000000000000000e+00 6.600000000000000000e+01 1.115953410085961514e+04 1.004877976145760476e+04 5.091069999999999709e+03 0.000000000000000000e+00 9.994355734240164324e+00 6.099999999999999867e-02
