1.355040900000000000e+07 1.000000000000000000e+00 6.500000000000000000e+01 1.767829999999999927e+03 1.039730521196956943e+04 1.367196822249195975e+03 0.000000000000000000e+00 3.291298471422078542e+00 1.605000000000000071e+01
1.338879300000000000e+07 1.000000000000000000e+00 6.600000000000000000e+01 5.578139999999999418e+03 1.038513361196956976e+04 1.365511312249195726e+03 0.000000000000000000e+00 5.602065004712635243e+00 1.078999999999999915e+01
1.338878900000000000e+07 1.000000000000000000e+00 6.500000000000000000e+01 5.578279999999999745e+03 1.039001284196956840e+04 1.363917822249195524e+03 0.000000000000000000e+00 6.422068423468370924e+00 1.605000000000000071e+01
1.338767900000000000e+07 1.000000000000000000e+00 6.600000000000000000e+01 5.607220000000000255e+03 1.043881001196957004e+04 1.338497722249196158e+03 0.000000000000000000e+00 8.156378583823951089e+00 1.078999999999999915e+01
1.338767900000000000e+07 1.000000000000000000e+00 6.600000000000000000e+01 5.607590000000000146e+03 1.043832301196956905e+04 1.336327722249196086e+03 0.000000000000000000e+00 6.266644236175523019e+00 6.099999999999999867e-02
1.338767900000000000e+07 1.000000000000000000e+00 6.600000000000000000e+01 5.607899999999999636e+03 1.044007851196956835e+04 1.340078622249196087e+03 0.000000000000000000e+00 9.224071289673135610e+00 6.099999999999999867e-02
1.338759300000000000e+07 1.000000000000000000e+00 6.500000000000000000e+01 5.592260000000000218e+03 1.042600141196956974e+04 1.342816622249196371e+03 0.000000000000000000e+00 9.935166462103747875e+00 4.169999999999999818e-01
1.338767000000000000e+07 1.000000000000000000e+00 6.600000000000000000e+01 5.615840000000000146e+03 1.042677731196957029e+04 1.341017722249195685e+03 0.000000000000000000e+00 8.964825112708380672e+00 2.400000000000000050e-02
1.338767300000000000e+07 1.000000000000000000e+00 6.500000000000000000e+01 5.620600000000000364e+03 1.043255081196956962e+04 1.341601322249195618e+03 0.000000000000000000e+00 7.803326014682186340e+00 9.199999999999999845e-02
1.338879000000000000e+07 1.000000000000000000e+00 6.500000000000000000e+01 5.584439999999999600e+03 1.040070416196957012e+04 1.362573162249195775e+03 0.000000000000000000e+00 5.829106582114212287e+00 6.099999999999999867e-02
1.338879000000000000e+07 1.000000000000000000e+00 6.500000000000000000e+01 5.583789999999999964e+03 1.040363995196956967e+04 1.359873592249196008e+03 0.000000000000000000e+00 8.323361748704952490e+00 9.199999999999999845e-02
1.338879400000000000e+07 1.000000000000000000e+00 6.600000000000000000e+01 5.584729999999999563e+03 1.039210836196956916e+04 1.375855202249195827e+03 0.000000000000000000e+00 3.229556208704381870e+00 9.199999999999999845e-02
1.338871000000000000e+07 1.000000000000000000e+00 6.600000000000000000e+01 5.578109999999999673e+03 1.037536781196956872e+04 1.369038892249195669e+03 0.000000000000000000e+00 5.810512143397534857e+00 1.078999999999999915e+01
1.338871000000000000e+07 1.000000000000000000e+00 6.600000000000000000e+01 5.578109999999999673e+03 1.037536781196956872e+04 1.369038892249195669e+03 0.000000000000000000e+00 5.810512143397534857e+00 6.233109999999999484e-01
1.338871000000000000e+07 1.000000000000000000e+00 6.600000000000000000e+01 5.578109999999999673e+03 1.037536781196956872e+04 1.369038892249195669e+03 0.000000000000000000e+00 5.810512143397534857e+00 2.003239999999999882e-02
1.355040800000000000e+07 1.000000000000000000e+00 6.500000000000000000e+01 1.763510000000000218e+03 1.040303586196956894e+04 1.367416741249196093e+03 0.000000000000000000e+00 4.559271108336596434e+00 9.199999999999999845e-02
1.355040800000000000e+07 1.000000000000000000e+00 6.500000000000000000e+01 1.760590000000000146e+03 1.040468322196956979e+04 1.366123082249196159e+03 0.000000000000000000e+00 6.680397429838552448e+00 6.099999999999999867e-02
1.354920100000000000e+07 1.000000000000000000e+00 6.500000000000000000e+01 1.748479999999999563e+03 1.040187179196957004e+04 1.348578022249195783e+03 0.000000000000000000e+00 8.725415000452610315e+00 6.099999999999999867e-02
1.354920100000000000e+07 1.000000000000000000e+00 6.500000000000000000e+01 1.751769999999999527e+03 1.040168933196957005e+04 1.347314422249195559e+03 0.000000000000000000e+00 6.126223726898556876e+00 1.000000000000000000e+01
1.354920100000000000e+07 1.000000000000000000e+00 6.500000000000000000e+01 1.751769999999999527e+03 1.040168933196957005e+04 1.347314422249195559e+03 0.000000000000000000e+00 6.126223726898556876e+00 9.460640000000000160e-01
1.355166800000000000e+07 0.000000000000000000e+00 6.500000000000000000e+01 1.773430000000000291e+03 1.037585881196957052e+04 1.359559602249196359e+03 1.000000000000000000e+00 2.736862914408024317e+00 2.200000000000000000e+01
