8.705956700000000000e+07 1.000000000000000000e+00 6.500000000000000000e+01 1.548000000000001819e+02 9.006917339921998064e+03 1.002561397653948734e+04 0.000000000000000000e+00 9.999993164097411125e+00 1.605000000000000071e+01
8.705957800000000000e+07 1.000000000000000000e+00 6.500000000000000000e+01 1.612200000000002547e+02 9.001481339921998369e+03 1.005322197653948751e+04 0.000000000000000000e+00 2.653311095709923073e+00 1.078999999999999915e+01
8.705957900000000000e+07 1.000000000000000000e+00 6.500000000000000000e+01 1.621900000000005093e+02 8.999169339921998471e+03 1.006296397653948770e+04 0.000000000000000000e+00 3.301333292490259197e+00 3.229999999999999716e+01
8.705813400000000000e+07 1.000000000000000000e+00 6.600000000000000000e+01 1.574300000000002910e+02 8.996274339921998035e+03 1.011585697653948773e+04 0.000000000000000000e+00 2.355730358038490735e+00 1.078999999999999915e+01
8.705813400000000000e+07 1.000000000000000000e+00 6.600000000000000000e+01 1.574300000000002910e+02 8.996274339921998035e+03 1.011585697653948773e+04 0.000000000000000000e+00 2.355730358038490735e+00 6.087299999999999933e+00
8.705971900000000000e+07 1.000000000000000000e+00 6.500000000000000000e+01 1.651799999999993815e+02 8.996140339921998020e+03 1.006410197653948671e+04 0.000000000000000000e+00 5.181972239196070085e+00 3.229999999999999716e+01
8.705972000000000000e+07 1.000000000000000000e+00 6.500000000000000000e+01 1.761999999999998181e+02 9.005898339921997831e+03 1.005933797653948750e+04 0.000000000000000000e+00 6.803797166069505131e+00 1.078999999999999915e+01
8.705972900000000000e+07 1.000000000000000000e+00 6.500000000000000000e+01 1.867299999999995634e+02 9.020647339921997627e+03 1.006548297653948794e+04 0.000000000000000000e+00 3.353585582071768378e+00 6.099999999999999867e-02
8.705972900000000000e+07 1.000000000000000000e+00 6.500000000000000000e+01 1.892000000000007276e+02 9.019670339921998675e+03 1.006523397653948814e+04 0.000000000000000000e+00 4.312073855122476651e+00 9.199999999999999845e-02
8.705860900000000000e+07 1.000000000000000000e+00 6.500000000000000000e+01 1.934799999999995634e+02 9.019556339921997278e+03 1.006238497653948798e+04 0.000000000000000000e+00 8.316753353654506853e+00 9.199999999999999845e-02
8.705972500000000000e+07 1.000000000000000000e+00 6.600000000000000000e+01 1.711999999999998181e+02 9.011309339921997889e+03 1.005780797653948684e+04 0.000000000000000000e+00 8.494659916575679759e+00 6.099999999999999867e-02
8.705830300000000000e+07 1.000000000000000000e+00 6.500000000000000000e+01 1.818399999999992360e+02 9.011112339921997773e+03 1.005150897653948778e+04 0.000000000000000000e+00 8.754344289558654069e+00 1.078999999999999915e+01
8.705830300000000000e+07 1.000000000000000000e+00 6.500000000000000000e+01 1.818499999999994543e+02 9.011054339921996871e+03 1.005150997653948798e+04 0.000000000000000000e+00 8.801102945783014775e+00 1.078999999999999915e+01
8.705830300000000000e+07 1.000000000000000000e+00 6.500000000000000000e+01 1.818499999999994543e+02 9.011054339921996871e+03 1.005150997653948798e+04 0.000000000000000000e+00 8.801102945783014775e+00 1.293949999999999934e+00
8.705830300000000000e+07 1.000000000000000000e+00 6.500000000000000000e+01 1.818499999999994543e+02 9.011054339921996871e+03 1.005150997653948798e+04 0.000000000000000000e+00 8.801102945783014775e+00 1.056389999999999940e+00
8.705830300000000000e+07 1.000000000000000000e+00 6.500000000000000000e+01 1.818399999999992360e+02 9.011112339921997773e+03 1.005150897653948778e+04 0.000000000000000000e+00 8.754344289558654069e+00 2.041030000000000066e-01
8.705972000000000000e+07 1.000000000000000000e+00 6.500000000000000000e+01 1.746099999999996726e+02 9.004442339921997700e+03 1.005831297653948786e+04 0.000000000000000000e+00 6.438905847906573499e+00 9.199999999999999845e-02
8.705972000000000000e+07 1.000000000000000000e+00 6.500000000000000000e+01 1.739199999999991633e+02 9.004335339921997729e+03 1.006167297653948663e+04 0.000000000000000000e+00 3.231028616440262624e+00 1.078999999999999915e+01
8.705830500000000000e+07 1.000000000000000000e+00 6.500000000000000000e+01 1.933800000000001091e+02 9.023929339921996871e+03 1.005491397653948661e+04 0.000000000000000000e+00 7.738420500841767691e+00 6.099999999999999867e-02
8.705860900000000000e+07 1.000000000000000000e+00 6.500000000000000000e+01 1.916199999999998909e+02 9.028368339921998995e+03 1.005781697653948686e+04 0.000000000000000000e+00 5.507873695228638233e+00 4.169999999999999818e-01
8.705860900000000000e+07 0.000000000000000000e+00 6.500000000000000000e+01 1.974500000000007276e+02 9.032965339921996929e+03 1.006471197653948730e+04 0.000000000000000000e+00 1.151060732131528930e+00 4.169999999999999818e-01
8.705861200000000000e+07 1.000000000000000000e+00 6.600000000000000000e+01 1.913699999999998909e+02 9.051129339921997598e+03 1.006609397653948690e+04 0.000000000000000000e+00 5.538670159680738614e+00 9.199999999999999845e-02
8.705861700000000000e+07 1.000000000000000000e+00 6.500000000000000000e+01 1.911599999999998545e+02 9.057066339921999315e+03 1.005852897653948821e+04 0.000000000000000000e+00 6.687256122273622871e+00 6.099999999999999867e-02
8.705861800000000000e+07 1.000000000000000000e+00 6.500000000000000000e+01 1.827999999999992724e+02 9.060911339921996841e+03 1.006019597653948767e+04 0.000000000000000000e+00 1.790645175594538507e+00 4.169999999999999818e-01
8.705862200000000000e+07 0.000000000000000000e+00 6.600000000000000000e+01 1.690100000000002183e+02 9.068234339921997162e+03 1.006448497653948652e+04 0.000000000000000000e+00 6.389335253598935616e+00 9.199999999999999845e-02
8.705862300000000000e+07 1.000000000000000000e+00 6.600000000000000000e+01 1.715299999999997453e+02 9.074304339921996871e+03 1.005909397653948690e+04 0.000000000000000000e+00 6.203562680074893088e+00 9.199999999999999845e-02
8.705862300000000000e+07 1.000000000000000000e+00 6.600000000000000000e+01 1.783200000000006185e+02 9.075575339921997511e+03 1.005504797653948663e+04 0.000000000000000000e+00 7.938739688683480900e+00 9.199999999999999845e-02
8.705862300000000000e+07 1.000000000000000000e+00 6.600000000000000000e+01 1.803999999999996362e+02 9.072863339921997976e+03 1.005862997653948696e+04 0.000000000000000000e+00 4.510873045945340110e+00 2.400000000000000050e-02
8.705862300000000000e+07 1.000000000000000000e+00 6.600000000000000000e+01 1.790700000000006185e+02 9.075888339921997613e+03 1.005377297653948699e+04 0.000000000000000000e+00 9.292588318663197455e+00 2.039999999999999869e-01
8.705702800000000000e+07 1.000000000000000000e+00 6.600000000000000000e+01 2.017100000000000364e+02 9.057158339921998049e+03 1.007944097653948666e+04 0.000000000000000000e+00 8.859143072063018209e+00 4.169999999999999818e-01
8.705702800000000000e+07 1.000000000000000000e+00 6.600000000000000000e+01 2.017100000000000364e+02 9.057158339921998049e+03 1.007944097653948666e+04 0.000000000000000000e+00 8.859143072063018209e+00 7.165930000000000355e+00
8.705972000000000000e+07 1.000000000000000000e+00 6.500000000000000000e+01 1.739199999999991633e+02 9.004335339921997729e+03 1.006167297653948663e+04 0.000000000000000000e+00 3.231028616440262624e+00 1.831599999999999895e+00
8.705957800000000000e+07 1.000000000000000000e+00 6.500000000000000000e+01 1.632699999999995271e+02 9.001782339921997846e+03 1.005215897653948741e+04 0.000000000000000000e+00 4.778081192352013673e+00 9.199999999999999845e-02
8.705957700000000000e+07 1.000000000000000000e+00 6.500000000000000000e+01 1.672200000000002547e+02 9.002026339921998442e+03 1.004863397653948778e+04 0.000000000000000000e+00 9.589196015502484016e+00 2.400000000000000050e-02
8.705829000000000000e+07 1.000000000000000000e+00 6.500000000000000000e+01 1.666700000000000728e+02 9.000036339921996841e+03 1.002034797653948772e+04 0.000000000000000000e+00 6.777866823686057529e+00 1.078999999999999915e+01
