2.501738700000000000e+07 1.000000000000000000e+00 6.600000000000000000e+01 3.515055493808148640e+03 1.137866784203143652e+04 2.680640000000000327e+03 0.000000000000000000e+00 8.464905196957213107e+00 1.078999999999999915e+01
2.590638500000000000e+07 1.000000000000000000e+00 6.500000000000000000e+01 3.452458493808148887e+03 1.137140914203143620e+04 3.029069999999999709e+03 0.000000000000000000e+00 4.316821020542040976e+00 1.339000000000000057e+01
4.767021800000000000e+07 1.000000000000000000e+00 6.600000000000000000e+01 3.048554493808149346e+03 1.139116044203143611e+04 5.422829999999999927e+03 0.000000000000000000e+00 1.812737822719586500e+00 3.229999999999999716e+01
6.546517100000000000e+07 0.000000000000000000e+00 6.500000000000000000e+01 2.703739493808148836e+03 1.175406654203143626e+04 7.684810999999999694e+03 0.000000000000000000e+00 1.256484235727080234e+00 9.199999999999999845e-02
3.724640000000000000e+07 1.000000000000000000e+00 6.500000000000000000e+01 3.228386493808148771e+03 1.133923740203143643e+04 4.562960000000000036e+03 0.000000000000000000e+00 3.287033662078351792e+00 4.169999999999999818e-01
3.724640400000000000e+07 1.000000000000000000e+00 6.600000000000000000e+01 3.228376493808148552e+03 1.133560484203143642e+04 4.560250000000000000e+03 0.000000000000000000e+00 4.262048709953352166e+00 9.199999999999999845e-02
3.724640000000000000e+07 1.000000000000000000e+00 6.500000000000000000e+01 3.227491493808149244e+03 1.134335135203143727e+04 4.561699999999999818e+03 0.000000000000000000e+00 4.485818057613052190e+00 2.400000000000000050e-02
3.724632100000000000e+07 1.000000000000000000e+00 6.600000000000000000e+01 3.222105493808148822e+03 1.133375024203143766e+04 4.561239999999999782e+03 0.000000000000000000e+00 3.234344266326248274e+00 9.199999999999999845e-02
3.724632200000000000e+07 1.000000000000000000e+00 6.500000000000000000e+01 3.220028493808148596e+03 1.134224779203143771e+04 4.577229999999999563e+03 0.000000000000000000e+00 7.770161129948322198e+00 2.400000000000000050e-02
3.724632200000000000e+07 1.000000000000000000e+00 6.500000000000000000e+01 3.220369493808148945e+03 1.134189142203143638e+04 4.576500000000000000e+03 0.000000000000000000e+00 7.238915154145518116e+00 9.199999999999999845e-02
3.724640000000000000e+07 1.000000000000000000e+00 6.500000000000000000e+01 3.237148493808148487e+03 1.133955439203143760e+04 4.563809999999999491e+03 0.000000000000000000e+00 3.566012706860948622e+00 9.199999999999999845e-02
3.724640100000000000e+07 1.000000000000000000e+00 6.500000000000000000e+01 3.238041493808148516e+03 1.133993668203143534e+04 4.564720000000000255e+03 0.000000000000000000e+00 2.995933308738599532e+00 9.199999999999999845e-02
3.724640100000000000e+07 1.000000000000000000e+00 6.500000000000000000e+01 3.238269493808148582e+03 1.134394775203143581e+04 4.569309999999999491e+03 0.000000000000000000e+00 2.089844461989013524e+00 9.199999999999999845e-02
3.724631900000000000e+07 1.000000000000000000e+00 6.600000000000000000e+01 3.220550493808148531e+03 1.134354110203143682e+04 4.576909999999999854e+03 0.000000000000000000e+00 8.017550512350309688e+00 6.099999999999999867e-02
3.724632300000000000e+07 1.000000000000000000e+00 6.500000000000000000e+01 3.220792493808148720e+03 1.133079054203143642e+04 4.575850000000000364e+03 0.000000000000000000e+00 5.616665527096821320e-01 9.199999999999999845e-02
3.724632600000000000e+07 1.000000000000000000e+00 6.600000000000000000e+01 3.203091493808148698e+03 1.132594204203143636e+04 4.579690000000000509e+03 0.000000000000000000e+00 5.791524758394966277e+00 9.199999999999999845e-02
3.724632600000000000e+07 1.000000000000000000e+00 6.600000000000000000e+01 3.202954493808148982e+03 1.132858144203143638e+04 4.581369999999999891e+03 0.000000000000000000e+00 8.804670410595070607e+00 2.039999999999999869e-01
3.724632900000000000e+07 0.000000000000000000e+00 6.500000000000000000e+01 3.204004493808149164e+03 1.131013234203143656e+04 4.560579999999999927e+03 0.000000000000000000e+00 2.748064504563191068e+00 6.099999999999999867e-02
3.724733000000000000e+07 1.000000000000000000e+00 6.600000000000000000e+01 3.213191493808149062e+03 1.127068584203143655e+04 4.571750000000000000e+03 0.000000000000000000e+00 6.791363895726727051e+00 2.400000000000000050e-02
3.724733000000000000e+07 1.000000000000000000e+00 6.600000000000000000e+01 3.212055493808148640e+03 1.126928474203143560e+04 4.572470000000000255e+03 0.000000000000000000e+00 8.731511645848701875e+00 1.109190000000000076e+01
3.724667600000000000e+07 1.000000000000000000e+00 6.600000000000000000e+01 3.258119493808148945e+03 1.133442374203143663e+04 4.397869999999999891e+03 0.000000000000000000e+00 4.154001705806601663e+00 9.199999999999999845e-02
3.724667600000000000e+07 1.000000000000000000e+00 6.600000000000000000e+01 3.255677493808148938e+03 1.133508844203143599e+04 4.395170000000000073e+03 0.000000000000000000e+00 6.476533527166278503e+00 6.099999999999999867e-02
3.724667600000000000e+07 1.000000000000000000e+00 6.600000000000000000e+01 3.254461493808148589e+03 1.133421824203143660e+04 4.394110000000000582e+03 0.000000000000000000e+00 7.057136529470295017e+00 1.078999999999999915e+01
3.724667600000000000e+07 1.000000000000000000e+00 6.600000000000000000e+01 3.254785493808149113e+03 1.133362734203143555e+04 4.395710000000000036e+03 0.000000000000000000e+00 5.775892010806998655e+00 9.199999999999999845e-02
3.724667900000000000e+07 1.000000000000000000e+00 6.500000000000000000e+01 3.271092493808148902e+03 1.134094817203143612e+04 4.390659999999999854e+03 0.000000000000000000e+00 3.204822963847994810e+00 2.400000000000000050e-02
3.724667900000000000e+07 1.000000000000000000e+00 6.500000000000000000e+01 3.270936493808148953e+03 1.134024522203143715e+04 4.391190000000000509e+03 0.000000000000000000e+00 2.614770423271912225e+00 9.199999999999999845e-02
3.724668200000000000e+07 0.000000000000000000e+00 6.600000000000000000e+01 3.277021493808148989e+03 1.133246094203143730e+04 4.385380000000000109e+03 0.000000000000000000e+00 2.954176143808675548e+00 9.199999999999999845e-02
3.724668200000000000e+07 1.000000000000000000e+00 6.600000000000000000e+01 3.282017493808149084e+03 1.133305064203143775e+04 4.386190000000000509e+03 0.000000000000000000e+00 1.748748452901830452e+00 1.078999999999999915e+01
3.724668200000000000e+07 1.000000000000000000e+00 6.600000000000000000e+01 3.282017493808149084e+03 1.133305064203143775e+04 4.386190000000000509e+03 0.000000000000000000e+00 1.748748452901830452e+00 3.260200000000000209e+00
3.724668200000000000e+07 1.000000000000000000e+00 6.600000000000000000e+01 3.282017493808149084e+03 1.133305064203143775e+04 4.386190000000000509e+03 0.000000000000000000e+00 1.748748452901830452e+00 1.624829999999999997e+00
3.724667900000000000e+07 1.000000000000000000e+00 6.500000000000000000e+01 3.265535493808149113e+03 1.133327054203143780e+04 4.393780000000000655e+03 0.000000000000000000e+00 3.838601474097760757e+00 1.078999999999999915e+01
3.724667900000000000e+07 1.000000000000000000e+00 6.500000000000000000e+01 3.265535493808149113e+03 1.133327054203143780e+04 4.393780000000000655e+03 0.000000000000000000e+00 3.838601474097760757e+00 3.454740000000000144e+00
3.724667900000000000e+07 1.000000000000000000e+00 6.500000000000000000e+01 3.265535493808149113e+03 1.133327054203143780e+04 4.393780000000000655e+03 0.000000000000000000e+00 3.838601474097760757e+00 1.586039999999999894e+00
2.590638500000000000e+07 1.000000000000000000e+00 6.500000000000000000e+01 3.453391493808148880e+03 1.137192994203143644e+04 3.024619999999999891e+03 0.000000000000000000e+00 5.311658275041136079e+00 9.199999999999999845e-02
2.590638400000000000e+07 1.000000000000000000e+00 6.500000000000000000e+01 3.464406493808149207e+03 1.137215214203143660e+04 3.024000000000000000e+03 0.000000000000000000e+00 4.302788863779307249e+00 6.099999999999999867e-02
2.590757100000000000e+07 1.000000000000000000e+00 6.500000000000000000e+01 3.467486493808149135e+03 1.137114284203143689e+04 3.026510000000000218e+03 0.000000000000000000e+00 4.733474131399225016e+00 2.400000000000000050e-02
2.590638800000000000e+07 1.000000000000000000e+00 6.600000000000000000e+01 3.467691493808149062e+03 1.134927003203143613e+04 3.037679999999999382e+03 0.000000000000000000e+00 2.370234078790482979e+00 9.199999999999999845e-02
2.590638600000000000e+07 1.000000000000000000e+00 6.500000000000000000e+01 3.448985493808148931e+03 1.135120855203143583e+04 3.026329999999999927e+03 0.000000000000000000e+00 5.830733263704738434e+00 1.124000000000000021e+01
2.590638600000000000e+07 1.000000000000000000e+00 6.500000000000000000e+01 3.448985493808148931e+03 1.135120855203143583e+04 3.026329999999999927e+03 0.000000000000000000e+00 5.830733263704738434e+00 1.237170000000000103e+00
2.501738700000000000e+07 1.000000000000000000e+00 6.600000000000000000e+01 3.515055493808148640e+03 1.137866784203143652e+04 2.680640000000000327e+03 0.000000000000000000e+00 8.464905196957213107e+00 8.176860000000000239e-01
4.198351600000000000e+07 0.000000000000000000e+00 6.500000000000000000e+01 3.272373493808148851e+03 1.129439924203143710e+04 4.885590000000000146e+03 1.000000000000000000e+00 2.254593398111076841e+00 3.200000000000000000e+01
8.270643300000000000e+07 1.000000000000000000e+00 6.600000000000000000e+01 2.813169493808149127e+03 1.104409754203143711e+04 9.782680000000000291e+03 1.000000000000000000e+00 5.607278460209856874e-01 3.200000000000000000e+01
5.895237200000000000e+07 0.000000000000000000e+00 6.500000000000000000e+01 3.188179493808149346e+03 1.123309254203143792e+04 6.699088999999999942e+03 1.000000000000000000e+00 1.847973015997922852e+00 3.200000000000000000e+01
8.270651700000000000e+07 0.000000000000000000e+00 6.500000000000000000e+01 2.822476493808148916e+03 1.105960254203143631e+04 9.789290000000000873e+03 1.000000000000000000e+00 2.235840897405912742e+00 3.200000000000000000e+01
