5.241499500000000000e+07 1.000000000000000000e+00 6.600000000000000000e+01 9.397711762899542009e+03 6.008309999999999491e+03 6.095966105141967091e+03 0.000000000000000000e+00 1.941026582520456234e+00 1.605000000000000071e+01
4.904799800000000000e+07 1.000000000000000000e+00 6.600000000000000000e+01 9.298819762899542184e+03 8.393281000000000859e+03 5.744985105141967324e+03 0.000000000000000000e+00 7.508014753914598494e+00 2.400000000000000050e-02
4.904799800000000000e+07 1.000000000000000000e+00 6.600000000000000000e+01 9.297305762899541151e+03 8.392369000000000597e+03 5.746007105141967259e+03 0.000000000000000000e+00 6.701116026108580037e+00 4.169999999999999818e-01
4.904799800000000000e+07 1.000000000000000000e+00 6.600000000000000000e+01 9.304358762899541034e+03 8.394871999999999389e+03 5.750386105141967164e+03 0.000000000000000000e+00 7.705009451879194948e+00 4.169999999999999818e-01
4.904799800000000000e+07 1.000000000000000000e+00 6.600000000000000000e+01 9.305505762899541878e+03 8.391073000000000320e+03 5.749244105141967339e+03 0.000000000000000000e+00 4.242738361112083467e+00 9.199999999999999845e-02
4.904799900000000000e+07 1.000000000000000000e+00 6.500000000000000000e+01 9.317497762899542067e+03 8.376626000000000204e+03 5.758296105141967018e+03 0.000000000000000000e+00 7.799586228411238054e+00 4.169999999999999818e-01
4.904799900000000000e+07 1.000000000000000000e+00 6.500000000000000000e+01 9.316237762899541849e+03 8.375418999999999869e+03 5.758168105141966407e+03 0.000000000000000000e+00 7.476656727587040585e+00 9.199999999999999845e-02
4.904799800000000000e+07 0.000000000000000000e+00 6.500000000000000000e+01 9.308655762899543333e+03 8.371361999999999171e+03 5.746975105141967106e+03 0.000000000000000000e+00 8.637503925843469377e-01 6.099999999999999867e-02
4.904799400000000000e+07 1.000000000000000000e+00 6.500000000000000000e+01 9.297467762899541412e+03 8.373297000000000480e+03 5.744344105141966793e+03 0.000000000000000000e+00 2.447100846238320138e+00 4.169999999999999818e-01
4.904799400000000000e+07 1.000000000000000000e+00 6.500000000000000000e+01 9.294185762899542169e+03 8.376109000000000378e+03 5.744032105141966895e+03 0.000000000000000000e+00 2.970653320460576730e+00 9.199999999999999845e-02
4.904799400000000000e+07 1.000000000000000000e+00 6.500000000000000000e+01 9.293464762899540801e+03 8.375359000000000378e+03 5.744224105141966902e+03 0.000000000000000000e+00 3.139463775729935069e+00 9.199999999999999845e-02
4.904799400000000000e+07 1.000000000000000000e+00 6.500000000000000000e+01 9.293425762899541951e+03 8.373927999999999884e+03 5.744342105141967295e+03 0.000000000000000000e+00 2.874210797150162033e+00 9.199999999999999845e-02
4.904799500000000000e+07 1.000000000000000000e+00 6.500000000000000000e+01 9.297467762899541412e+03 8.374108000000000175e+03 5.738653105141966989e+03 0.000000000000000000e+00 5.346301844466770703e+00 9.199999999999999845e-02
4.904799900000000000e+07 1.000000000000000000e+00 6.600000000000000000e+01 9.305475762899543042e+03 8.382467000000000553e+03 5.744399105141967084e+03 0.000000000000000000e+00 9.459272307159375393e-01 2.400000000000000050e-02
4.904799700000000000e+07 1.000000000000000000e+00 6.600000000000000000e+01 9.304847762899542431e+03 8.388978999999999360e+03 5.755170105141966815e+03 0.000000000000000000e+00 3.100801677120727184e+00 4.169999999999999818e-01
4.904799700000000000e+07 1.000000000000000000e+00 6.600000000000000000e+01 9.304847762899542431e+03 8.388978999999999360e+03 5.755170105141966815e+03 0.000000000000000000e+00 3.100801677120727184e+00 7.193410000000000082e+00
4.904673600000000000e+07 1.000000000000000000e+00 6.500000000000000000e+01 9.264158762899542126e+03 8.387743000000000393e+03 5.819830105141966669e+03 0.000000000000000000e+00 9.518940051737077468e+00 9.199999999999999845e-02
4.904673700000000000e+07 1.000000000000000000e+00 6.500000000000000000e+01 9.269695762899542387e+03 8.383441000000000713e+03 5.812724105141966902e+03 0.000000000000000000e+00 5.605862610539390722e+00 2.400000000000000050e-02
4.904673700000000000e+07 1.000000000000000000e+00 6.500000000000000000e+01 9.270261762899543101e+03 8.380676999999999680e+03 5.810133105141966553e+03 0.000000000000000000e+00 2.957010308545826582e+00 2.039999999999999869e-01
5.241499500000000000e+07 1.000000000000000000e+00 6.600000000000000000e+01 9.397711762899542009e+03 6.008309999999999491e+03 6.095966105141967091e+03 0.000000000000000000e+00 1.941026582520456234e+00 4.427859999999999907e+00
5.581959300000000000e+07 1.000000000000000000e+00 6.600000000000000000e+01 9.081744462899541759e+03 4.344399999999999636e+03 6.388929905141966628e+03 1.000000000000000000e+00 3.491619009530123607e-01 8.400000000000000000e+01
5.473169000000000000e+07 1.000000000000000000e+00 6.600000000000000000e+01 9.767557762899541558e+03 1.030161999999999898e+04 6.475155405141967094e+03 1.000000000000000000e+00 7.423445245519606495e-01 8.400000000000000000e+01
