5.219119000000000000e+07 1.000000000000000000e+00 6.500000000000000000e+01 2.971275262622437367e+03 7.611110990834875338e+03 6.125079999999999927e+03 0.000000000000000000e+00 8.691049144992565090e+00 1.339000000000000057e+01
5.219119000000000000e+07 1.000000000000000000e+00 6.500000000000000000e+01 2.972535062622437181e+03 7.610632030834875877e+03 6.125010000000000218e+03 0.000000000000000000e+00 7.770159405136285002e+00 1.339000000000000057e+01
5.219119000000000000e+07 1.000000000000000000e+00 6.500000000000000000e+01 2.975807062622437115e+03 7.610731780834876190e+03 6.124380000000000109e+03 0.000000000000000000e+00 4.683060649061021152e+00 1.078999999999999915e+01
5.219119100000000000e+07 1.000000000000000000e+00 6.500000000000000000e+01 2.983087562622436963e+03 7.611447060834875629e+03 6.124979999999999563e+03 0.000000000000000000e+00 3.578824738945601158e+00 1.078999999999999915e+01
5.219119100000000000e+07 0.000000000000000000e+00 6.500000000000000000e+01 2.989157762622437076e+03 7.612842310834876116e+03 6.125909999999999854e+03 0.000000000000000000e+00 2.699556767657240730e+00 1.078999999999999915e+01
5.219119100000000000e+07 0.000000000000000000e+00 6.500000000000000000e+01 2.989231462622436993e+03 7.612862570834875442e+03 6.125909999999999854e+03 0.000000000000000000e+00 2.743052597560051264e+00 1.339000000000000057e+01
5.219119100000000000e+07 0.000000000000000000e+00 6.500000000000000000e+01 2.989362062622437406e+03 7.612853820834875478e+03 6.125920000000000073e+03 0.000000000000000000e+00 2.839801213615773534e+00 1.078999999999999915e+01
5.219119000000000000e+07 1.000000000000000000e+00 6.600000000000000000e+01 2.994729162622437798e+03 7.611809720834875407e+03 6.128090000000000146e+03 0.000000000000000000e+00 4.385766445018429494e+00 1.078999999999999915e+01
5.219119200000000000e+07 0.000000000000000000e+00 6.500000000000000000e+01 2.989460062622437363e+03 7.613829430834875893e+03 6.124210000000000036e+03 0.000000000000000000e+00 1.868112067903981099e+00 9.199999999999999845e-02
5.219119200000000000e+07 1.000000000000000000e+00 6.500000000000000000e+01 2.989361962622437204e+03 7.620091360834875559e+03 6.128180000000000291e+03 0.000000000000000000e+00 2.462986814554954940e+00 9.199999999999999845e-02
5.219119400000000000e+07 0.000000000000000000e+00 6.500000000000000000e+01 2.992092462622437779e+03 7.621937360834876017e+03 6.128170000000000073e+03 0.000000000000000000e+00 3.494211101171545319e+00 1.078999999999999915e+01
5.219119600000000000e+07 0.000000000000000000e+00 6.600000000000000000e+01 3.001160862622436980e+03 7.627507360834875726e+03 6.128720000000000255e+03 0.000000000000000000e+00 1.468991835234011889e+00 6.099999999999999867e-02
5.219119600000000000e+07 0.000000000000000000e+00 6.600000000000000000e+01 3.001665062622437290e+03 7.627501160834875918e+03 6.129000000000000000e+03 0.000000000000000000e+00 1.668846706940540825e+00 1.078999999999999915e+01
5.219119600000000000e+07 0.000000000000000000e+00 6.600000000000000000e+01 3.001665062622437290e+03 7.627501160834875918e+03 6.129000000000000000e+03 0.000000000000000000e+00 1.668846706940540825e+00 4.206109999999999793e+00
5.219119600000000000e+07 0.000000000000000000e+00 6.600000000000000000e+01 3.001665062622437290e+03 7.627501160834875918e+03 6.129000000000000000e+03 0.000000000000000000e+00 1.668846706940540825e+00 1.899299999999999988e+00
5.219119400000000000e+07 0.000000000000000000e+00 6.500000000000000000e+01 2.992092462622437779e+03 7.621937360834876017e+03 6.128170000000000073e+03 0.000000000000000000e+00 3.494211101171545319e+00 5.731659999999999755e+00
5.219119500000000000e+07 1.000000000000000000e+00 6.500000000000000000e+01 2.998163262622437287e+03 7.613051510834875444e+03 6.119800000000000182e+03 0.000000000000000000e+00 4.517673152699930306e+00 4.169999999999999818e-01
5.219119500000000000e+07 1.000000000000000000e+00 6.500000000000000000e+01 3.001841662622437070e+03 7.616828690834875488e+03 6.124789999999999964e+03 0.000000000000000000e+00 2.127168605409776259e+00 5.000000000000000000e-01
5.219119400000000000e+07 1.000000000000000000e+00 6.500000000000000000e+01 3.001516662622437252e+03 7.615855550834875430e+03 6.125850000000000364e+03 0.000000000000000000e+00 1.600731187773172026e+00 6.099999999999999867e-02
5.219119300000000000e+07 0.000000000000000000e+00 6.500000000000000000e+01 2.995994562622437115e+03 7.616659400834875669e+03 6.127590000000000146e+03 0.000000000000000000e+00 1.220387822904372532e+00 9.199999999999999845e-02
5.219119500000000000e+07 1.000000000000000000e+00 6.500000000000000000e+01 3.000705362622437860e+03 7.615804270834875751e+03 6.123609999999999673e+03 0.000000000000000000e+00 2.224457783227939522e+00 9.199999999999999845e-02
5.219119600000000000e+07 1.000000000000000000e+00 6.500000000000000000e+01 2.999696162622437441e+03 7.618338120834875554e+03 6.118550000000000182e+03 0.000000000000000000e+00 2.166383753781686128e+00 9.199999999999999845e-02
5.219119600000000000e+07 1.000000000000000000e+00 6.500000000000000000e+01 3.000709962622437160e+03 7.618914090834875424e+03 6.109029999999999745e+03 0.000000000000000000e+00 9.054185397550105208e+00 6.099999999999999867e-02
5.219111900000000000e+07 1.000000000000000000e+00 6.600000000000000000e+01 2.999107762622437804e+03 7.634159160834875365e+03 6.103159999999999854e+03 0.000000000000000000e+00 4.182585627535575057e+00 9.199999999999999845e-02
5.219120900000000000e+07 1.000000000000000000e+00 6.600000000000000000e+01 3.003119762622437520e+03 7.644843460834876169e+03 6.101100000000000364e+03 0.000000000000000000e+00 1.262610763365855426e+00 4.169999999999999818e-01
5.219121000000000000e+07 1.000000000000000000e+00 6.600000000000000000e+01 3.006280162622437274e+03 7.644448860834875632e+03 6.108810000000000400e+03 0.000000000000000000e+00 2.042542790978785661e+00 9.199999999999999845e-02
5.219121000000000000e+07 1.000000000000000000e+00 6.600000000000000000e+01 3.006870762622437724e+03 7.644611160834875591e+03 6.108619999999999891e+03 0.000000000000000000e+00 1.833165076409419170e+00 9.199999999999999845e-02
5.219121000000000000e+07 0.000000000000000000e+00 6.600000000000000000e+01 3.009954262622437454e+03 7.645167360834875581e+03 6.107149999999999636e+03 0.000000000000000000e+00 8.522526696982307692e-01 2.400000000000000050e-02
5.219121000000000000e+07 0.000000000000000000e+00 6.600000000000000000e+01 3.009954262622437454e+03 7.645167360834875581e+03 6.107149999999999636e+03 0.000000000000000000e+00 8.522526696982307692e-01 7.398889999999999745e+00
5.219119200000000000e+07 0.000000000000000000e+00 6.500000000000000000e+01 2.988606962622437095e+03 7.619958260834875546e+03 6.126449999999999818e+03 0.000000000000000000e+00 3.126303720733271785e+00 6.099999999999999867e-02
5.219138000000000000e+07 1.000000000000000000e+00 6.600000000000000000e+01 3.004789462622436986e+03 7.637760360834875428e+03 6.126130000000000109e+03 0.000000000000000000e+00 6.687186606125091970e+00 9.199999999999999845e-02
5.219119600000000000e+07 1.000000000000000000e+00 6.500000000000000000e+01 3.006229262622437091e+03 7.624184860834875508e+03 6.112510000000000218e+03 0.000000000000000000e+00 9.003660427545192135e+00 2.400000000000000050e-02
5.219119600000000000e+07 1.000000000000000000e+00 6.500000000000000000e+01 3.008739262622437309e+03 7.620852060834875374e+03 6.114909999999999854e+03 0.000000000000000000e+00 7.932470910560869726e+00 6.099999999999999867e-02
5.219111900000000000e+07 1.000000000000000000e+00 6.600000000000000000e+01 2.996464162622437470e+03 7.621333960834876052e+03 6.106220000000000255e+03 0.000000000000000000e+00 7.751835972039227585e+00 6.099999999999999867e-02
5.219111900000000000e+07 1.000000000000000000e+00 6.600000000000000000e+01 2.996306462622437721e+03 7.621339760834875960e+03 6.106229999999999563e+03 0.000000000000000000e+00 7.710387349670805968e+00 9.199999999999999845e-02
5.219111900000000000e+07 1.000000000000000000e+00 6.600000000000000000e+01 2.992067662622437638e+03 7.621376560834875818e+03 6.103890000000000327e+03 0.000000000000000000e+00 6.252809016069463155e+00 4.169999999999999818e-01
5.219119600000000000e+07 1.000000000000000000e+00 6.500000000000000000e+01 3.001404862622437577e+03 7.625639160834875838e+03 6.119119999999999891e+03 0.000000000000000000e+00 3.972447232014364893e+00 9.199999999999999845e-02
5.219119600000000000e+07 1.000000000000000000e+00 6.500000000000000000e+01 3.006860362622437606e+03 7.620891560834876145e+03 6.119309999999999491e+03 0.000000000000000000e+00 4.015101479447435118e+00 2.400000000000000050e-02
5.219119600000000000e+07 1.000000000000000000e+00 6.500000000000000000e+01 3.009075662622437449e+03 7.622913860834875777e+03 6.119470000000000255e+03 0.000000000000000000e+00 6.780757286466426059e+00 4.169999999999999818e-01
5.219137900000000000e+07 1.000000000000000000e+00 6.600000000000000000e+01 3.016962062622437770e+03 7.627064460834875717e+03 6.119510000000000218e+03 0.000000000000000000e+00 8.020624466460494872e+00 4.169999999999999818e-01
5.219123100000000000e+07 1.000000000000000000e+00 6.500000000000000000e+01 3.019456262622437862e+03 7.626373560834876116e+03 6.126079999999999927e+03 0.000000000000000000e+00 4.834573742078372760e+00 9.199999999999999845e-02
5.219123100000000000e+07 1.000000000000000000e+00 6.500000000000000000e+01 3.018794162622437398e+03 7.618481200834875381e+03 6.129889999999999418e+03 0.000000000000000000e+00 2.868031104724471092e+00 2.400000000000000050e-02
5.219123100000000000e+07 1.000000000000000000e+00 6.500000000000000000e+01 3.021718262622437578e+03 7.616318630834875876e+03 6.126239999999999782e+03 0.000000000000000000e+00 7.090525151506711588e+00 2.400000000000000050e-02
5.219123100000000000e+07 1.000000000000000000e+00 6.500000000000000000e+01 3.020141462622437757e+03 7.617955460834875339e+03 6.128899999999999636e+03 0.000000000000000000e+00 4.022644106534199793e+00 2.400000000000000050e-02
5.219123100000000000e+07 1.000000000000000000e+00 6.500000000000000000e+01 3.017528162622437776e+03 7.617690140834875820e+03 6.127729999999999563e+03 0.000000000000000000e+00 4.022713859123002500e+00 9.199999999999999845e-02
5.219123100000000000e+07 1.000000000000000000e+00 6.500000000000000000e+01 3.017857062622437297e+03 7.620194360834875624e+03 6.125309999999999491e+03 0.000000000000000000e+00 4.479745275665378834e+00 5.000000000000000000e-01
5.219123100000000000e+07 1.000000000000000000e+00 6.500000000000000000e+01 3.019729562622437697e+03 7.622148260834876055e+03 6.123779999999999745e+03 0.000000000000000000e+00 6.252954745270442594e+00 9.199999999999999845e-02
5.219123100000000000e+07 1.000000000000000000e+00 6.500000000000000000e+01 3.022313162622437630e+03 7.622271160834875445e+03 6.123750000000000000e+03 0.000000000000000000e+00 7.478020859309472357e+00 9.199999999999999845e-02
5.219123100000000000e+07 1.000000000000000000e+00 6.500000000000000000e+01 3.024475162622436983e+03 7.623789660834875576e+03 6.122779999999999745e+03 0.000000000000000000e+00 9.443282706062211318e+00 9.199999999999999845e-02
5.219137900000000000e+07 1.000000000000000000e+00 6.600000000000000000e+01 3.011053762622437716e+03 7.628869260834875604e+03 6.125309999999999491e+03 0.000000000000000000e+00 1.026144125968346810e+00 9.199999999999999845e-02
5.219119600000000000e+07 0.000000000000000000e+00 6.500000000000000000e+01 3.000827262622437047e+03 7.624311360834875813e+03 6.120989999999999782e+03 0.000000000000000000e+00 2.915939158577232071e+00 9.199999999999999845e-02
5.219119200000000000e+07 1.000000000000000000e+00 6.500000000000000000e+01 2.984518562622437457e+03 7.622989860834875799e+03 6.135909999999999854e+03 0.000000000000000000e+00 8.831218472409348763e+00 4.169999999999999818e-01
5.219129000000000000e+07 1.000000000000000000e+00 6.500000000000000000e+01 2.964951362622437046e+03 7.643676060834875898e+03 6.134789999999999964e+03 0.000000000000000000e+00 8.264710744420758814e+00 5.000000000000000000e-01
5.219129000000000000e+07 1.000000000000000000e+00 6.500000000000000000e+01 2.964951362622437046e+03 7.643676060834875898e+03 6.134789999999999964e+03 0.000000000000000000e+00 8.264710744420758814e+00 7.174349999999999561e+00
5.219119500000000000e+07 1.000000000000000000e+00 6.600000000000000000e+01 2.985809862622437322e+03 7.630395260834875444e+03 6.116119999999999891e+03 0.000000000000000000e+00 2.263200905335213786e+00 9.199999999999999845e-02
5.219119500000000000e+07 1.000000000000000000e+00 6.600000000000000000e+01 2.989393462622437255e+03 7.626163360834875675e+03 6.117090000000000146e+03 0.000000000000000000e+00 1.373878661209344099e+00 9.199999999999999845e-02
5.219138200000000000e+07 1.000000000000000000e+00 6.500000000000000000e+01 3.020200362622437751e+03 7.638392560834875439e+03 6.119760000000000218e+03 0.000000000000000000e+00 9.964553446584119456e+00 9.199999999999999845e-02
5.219137900000000000e+07 1.000000000000000000e+00 6.600000000000000000e+01 3.020014962622437452e+03 7.636028860834875559e+03 6.122489999999999782e+03 0.000000000000000000e+00 7.540148259310619494e+00 6.099999999999999867e-02
5.219056600000000000e+07 1.000000000000000000e+00 6.500000000000000000e+01 3.026931862622437620e+03 7.639773060834875650e+03 6.083979999999999563e+03 0.000000000000000000e+00 5.209163312647075550e+00 4.169999999999999818e-01
5.219056600000000000e+07 1.000000000000000000e+00 6.500000000000000000e+01 3.026194862622437540e+03 7.641133960834875325e+03 6.086829999999999927e+03 0.000000000000000000e+00 2.892855518558830052e+00 9.199999999999999845e-02
5.219056600000000000e+07 1.000000000000000000e+00 6.500000000000000000e+01 3.028350162622436983e+03 7.642255360834875319e+03 6.092100000000000364e+03 0.000000000000000000e+00 2.285065874020038468e+00 9.199999999999999845e-02
5.219056800000000000e+07 1.000000000000000000e+00 6.500000000000000000e+01 3.034962962622437772e+03 7.645130060834875621e+03 6.099460000000000036e+03 0.000000000000000000e+00 2.741397991909690024e+00 4.169999999999999818e-01
5.219056800000000000e+07 1.000000000000000000e+00 6.500000000000000000e+01 3.035387562622437144e+03 7.644851660834875474e+03 6.099840000000000146e+03 0.000000000000000000e+00 2.762676567417764240e+00 9.199999999999999845e-02
5.219049800000000000e+07 1.000000000000000000e+00 6.500000000000000000e+01 3.043015162622437856e+03 7.635447060834875629e+03 6.098239999999999782e+03 0.000000000000000000e+00 4.017555091190537553e+00 9.199999999999999845e-02
5.219057400000000000e+07 1.000000000000000000e+00 6.600000000000000000e+01 3.050386262622437243e+03 7.641437260834875815e+03 6.111380000000000109e+03 0.000000000000000000e+00 4.344044482615927905e+00 9.199999999999999845e-02
5.219057400000000000e+07 1.000000000000000000e+00 6.600000000000000000e+01 3.052569862622437540e+03 7.646408860834875668e+03 6.111609999999999673e+03 0.000000000000000000e+00 9.383722781763676579e+00 4.169999999999999818e-01
5.219057400000000000e+07 1.000000000000000000e+00 6.600000000000000000e+01 3.052586362622437264e+03 7.646698460834875732e+03 6.110860000000000582e+03 0.000000000000000000e+00 9.480590859070561649e+00 4.169999999999999818e-01
5.219064400000000000e+07 1.000000000000000000e+00 6.600000000000000000e+01 3.055554362622437111e+03 7.657606260834875684e+03 6.087170000000000073e+03 0.000000000000000000e+00 9.058297828642455585e+00 9.199999999999999845e-02
5.219064900000000000e+07 1.000000000000000000e+00 6.500000000000000000e+01 3.053880962622437437e+03 7.652280160834875460e+03 6.090729999999999563e+03 0.000000000000000000e+00 7.854902189254821643e+00 2.400000000000000050e-02
5.219224000000000000e+07 1.000000000000000000e+00 6.600000000000000000e+01 3.043285962622437182e+03 7.696443760834875320e+03 6.120889999999999418e+03 0.000000000000000000e+00 8.078183747904189360e+00 2.400000000000000050e-02
5.219224000000000000e+07 0.000000000000000000e+00 6.600000000000000000e+01 3.032076562622437450e+03 7.704151060834875352e+03 6.110690000000000509e+03 0.000000000000000000e+00 1.547567950153257099e+00 2.400000000000000050e-02
5.219224100000000000e+07 0.000000000000000000e+00 6.600000000000000000e+01 3.033132262622437338e+03 7.701449860834875835e+03 6.111819999999999709e+03 0.000000000000000000e+00 2.266666485415070653e+00 9.199999999999999845e-02
5.219224100000000000e+07 0.000000000000000000e+00 6.600000000000000000e+01 3.033953962622437757e+03 7.700271160834875445e+03 6.110630000000000109e+03 0.000000000000000000e+00 3.957957892358558993e+00 9.199999999999999845e-02
5.219224300000000000e+07 1.000000000000000000e+00 6.500000000000000000e+01 3.039380162622437638e+03 7.693266360834875741e+03 6.113619999999999891e+03 0.000000000000000000e+00 6.041145288668379187e+00 9.199999999999999845e-02
5.219224300000000000e+07 1.000000000000000000e+00 6.500000000000000000e+01 3.038979462622437495e+03 7.693117160834875904e+03 6.113569999999999709e+03 0.000000000000000000e+00 5.693242511087258428e+00 9.199999999999999845e-02
5.219224300000000000e+07 1.000000000000000000e+00 6.500000000000000000e+01 3.038979462622437495e+03 7.693117160834875904e+03 6.113569999999999709e+03 0.000000000000000000e+00 5.693242511087258428e+00 7.350369999999999848e+00
5.219119100000000000e+07 0.000000000000000000e+00 6.500000000000000000e+01 2.989157762622437076e+03 7.612842310834876116e+03 6.125909999999999854e+03 0.000000000000000000e+00 2.699556767657240730e+00 1.180709999999999926e+00
5.219119100000000000e+07 1.000000000000000000e+00 6.500000000000000000e+01 2.983087562622436963e+03 7.611447060834875629e+03 6.124979999999999563e+03 0.000000000000000000e+00 3.578824738945601158e+00 3.852730000000000210e+00
5.219119000000000000e+07 1.000000000000000000e+00 6.500000000000000000e+01 2.975805462622437517e+03 7.608324614834875320e+03 6.123699999999999818e+03 0.000000000000000000e+00 5.768129818339694737e+00 4.169999999999999818e-01
5.219118700000000000e+07 1.000000000000000000e+00 6.600000000000000000e+01 2.981299862622437104e+03 7.603187140834876118e+03 6.135260000000000218e+03 0.000000000000000000e+00 7.617878507707222191e+00 9.199999999999999845e-02
5.219118700000000000e+07 1.000000000000000000e+00 6.600000000000000000e+01 2.982462962622437772e+03 7.602230050834875328e+03 6.138430000000000291e+03 0.000000000000000000e+00 9.585936990889040388e+00 9.199999999999999845e-02
5.219118800000000000e+07 1.000000000000000000e+00 6.600000000000000000e+01 2.989873562622437021e+03 7.599807810834875454e+03 6.138649999999999636e+03 0.000000000000000000e+00 5.762026851555964058e+00 9.199999999999999845e-02
5.219038500000000000e+07 1.000000000000000000e+00 6.600000000000000000e+01 2.994024762622437265e+03 7.606279780834875965e+03 6.142800000000000182e+03 0.000000000000000000e+00 2.329818274961438451e+00 9.199999999999999845e-02
5.219038500000000000e+07 1.000000000000000000e+00 6.600000000000000000e+01 2.995327062622437552e+03 7.607626030834875564e+03 6.142670000000000073e+03 0.000000000000000000e+00 2.399829319169575204e+00 4.169999999999999818e-01
5.219038200000000000e+07 1.000000000000000000e+00 6.500000000000000000e+01 2.992048062622437101e+03 7.614174710834875441e+03 6.137690000000000509e+03 0.000000000000000000e+00 2.138468079439139302e+00 9.199999999999999845e-02
5.219038200000000000e+07 1.000000000000000000e+00 6.500000000000000000e+01 2.991551662622437107e+03 7.614607840834875788e+03 6.137289999999999964e+03 0.000000000000000000e+00 1.991738145425934192e+00 4.169999999999999818e-01
5.219119200000000000e+07 1.000000000000000000e+00 6.500000000000000000e+01 2.988917562622437799e+03 7.618742060834875701e+03 6.132029999999999745e+03 0.000000000000000000e+00 2.181198466635994482e+00 1.124000000000000021e+01
5.219119200000000000e+07 1.000000000000000000e+00 6.500000000000000000e+01 2.988917562622437799e+03 7.618742060834875701e+03 6.132029999999999745e+03 0.000000000000000000e+00 2.181198466635994482e+00 2.928710000000000147e+00
5.219119000000000000e+07 1.000000000000000000e+00 6.500000000000000000e+01 2.972535062622437181e+03 7.610632030834875877e+03 6.125010000000000218e+03 0.000000000000000000e+00 7.770159405136285002e+00 6.207919999999999661e+00
5.219119000000000000e+07 1.000000000000000000e+00 6.500000000000000000e+01 2.971570262622437440e+03 7.611752860834875719e+03 6.126010000000000218e+03 0.000000000000000000e+00 8.881579115066106311e+00 2.400000000000000050e-02
5.219119100000000000e+07 1.000000000000000000e+00 6.500000000000000000e+01 2.975327062622437552e+03 7.619500460834875412e+03 6.127060000000000400e+03 0.000000000000000000e+00 7.397961977405071110e+00 9.199999999999999845e-02
5.219111200000000000e+07 1.000000000000000000e+00 6.500000000000000000e+01 2.965393362622437053e+03 7.633925960834875696e+03 6.098829999999999927e+03 0.000000000000000000e+00 9.769736685038818536e+00 9.199999999999999845e-02
5.219111600000000000e+07 1.000000000000000000e+00 6.600000000000000000e+01 2.966513662622437550e+03 7.639086960834875754e+03 6.096329999999999927e+03 0.000000000000000000e+00 9.344435570255413381e+00 2.400000000000000050e-02
5.219111600000000000e+07 1.000000000000000000e+00 6.600000000000000000e+01 2.968020962622437764e+03 7.635847860834875974e+03 6.091710000000000036e+03 0.000000000000000000e+00 6.031619301867032767e+00 9.199999999999999845e-02
5.219111500000000000e+07 1.000000000000000000e+00 6.600000000000000000e+01 2.968438962622437430e+03 7.634070860834875930e+03 6.089529999999999745e+03 0.000000000000000000e+00 4.792974512857289149e+00 2.400000000000000050e-02
5.219111400000000000e+07 1.000000000000000000e+00 6.600000000000000000e+01 2.959919192622437549e+03 7.630679060834875600e+03 6.083149999999999636e+03 0.000000000000000000e+00 6.169081095667760195e+00 4.169999999999999818e-01
5.219111100000000000e+07 1.000000000000000000e+00 6.500000000000000000e+01 2.953348906622437426e+03 7.629860460834875994e+03 6.088279999999999745e+03 0.000000000000000000e+00 8.078454338030761406e+00 2.400000000000000050e-02
5.219111100000000000e+07 1.000000000000000000e+00 6.500000000000000000e+01 2.953452139622437244e+03 7.629668760834875684e+03 6.088520000000000437e+03 0.000000000000000000e+00 7.939340608700188540e+00 6.099999999999999867e-02
5.219119100000000000e+07 1.000000000000000000e+00 6.500000000000000000e+01 2.974201662622437652e+03 7.616888380834875534e+03 6.126819999999999709e+03 0.000000000000000000e+00 7.991633093168007740e+00 1.124000000000000021e+01
