1.124259770000000000e+08 1.000000000000000000e+00 6.600000000000000000e+01 1.008617645641118361e+04 3.898709059187363891e+03 1.322361000000000058e+04 0.000000000000000000e+00 7.035724292773486432e+00 1.078999999999999915e+01
1.124259780000000000e+08 1.000000000000000000e+00 6.600000000000000000e+01 1.007588645641118455e+04 3.896863059187364343e+03 1.322698999999999978e+04 0.000000000000000000e+00 1.603051093362418467e+00 2.400000000000000050e-02
1.124259780000000000e+08 1.000000000000000000e+00 6.600000000000000000e+01 1.007709645641118368e+04 3.896239059187364546e+03 1.322656999999999971e+04 0.000000000000000000e+00 9.047166723159143498e-01 2.039999999999999869e-01
1.069907900000000000e+07 1.000000000000000000e+00 6.500000000000000000e+01 1.180038305641118495e+04 3.058540259187363517e+03 1.015799999999999272e+03 0.000000000000000000e+00 6.731585560757248565e+00 9.199999999999999845e-02
1.069907900000000000e+07 1.000000000000000000e+00 6.500000000000000000e+01 1.179325745641118374e+04 3.057171959187363427e+03 1.020010000000000218e+03 0.000000000000000000e+00 7.740897395818489457e+00 1.000000000000000021e-02
1.069907800000000000e+07 1.000000000000000000e+00 6.500000000000000000e+01 1.179850645641118535e+04 3.048979559187363520e+03 1.020670000000000073e+03 0.000000000000000000e+00 3.906838512054818136e+00 2.039999999999999869e-01
1.069907800000000000e+07 1.000000000000000000e+00 6.500000000000000000e+01 1.179782345641118445e+04 3.047518859187363887e+03 1.020989999999999782e+03 0.000000000000000000e+00 3.212240174959835493e+00 1.000000000000000000e+01
1.069907600000000000e+07 0.000000000000000000e+00 6.500000000000000000e+01 1.179152945641118276e+04 3.038628159187363963e+03 1.021750000000000000e+03 0.000000000000000000e+00 6.347400138357722765e-01 9.199999999999999845e-02
1.069907600000000000e+07 0.000000000000000000e+00 6.600000000000000000e+01 1.179776545641118355e+04 3.039591459187363398e+03 1.021380000000000109e+03 0.000000000000000000e+00 1.586731405064200739e+00 6.099999999999999867e-02
1.069907600000000000e+07 0.000000000000000000e+00 6.600000000000000000e+01 1.180044555641118495e+04 3.039768559187364190e+03 1.021659999999999854e+03 0.000000000000000000e+00 5.169640856066863854e-01 1.078999999999999915e+01
1.069907600000000000e+07 0.000000000000000000e+00 6.600000000000000000e+01 1.180044555641118495e+04 3.039768559187364190e+03 1.021659999999999854e+03 0.000000000000000000e+00 5.169640856066863854e-01 3.186240000000000183e+00
1.069907600000000000e+07 0.000000000000000000e+00 6.600000000000000000e+01 1.180044555641118495e+04 3.039768559187364190e+03 1.021659999999999854e+03 0.000000000000000000e+00 5.169640856066863854e-01 9.354069999999999885e-01
1.070038500000000000e+07 1.000000000000000000e+00 6.500000000000000000e+01 1.179383545641118326e+04 3.078972359187363509e+03 1.034079999999999927e+03 0.000000000000000000e+00 5.070675755177274979e+00 9.199999999999999845e-02
1.070038400000000000e+07 1.000000000000000000e+00 6.500000000000000000e+01 1.179310545641118370e+04 3.078413159187363817e+03 1.038189999999999600e+03 0.000000000000000000e+00 5.253463734785623451e+00 9.199999999999999845e-02
1.070038400000000000e+07 1.000000000000000000e+00 6.500000000000000000e+01 1.179201045641118435e+04 3.077716159187363701e+03 1.039800000000000182e+03 0.000000000000000000e+00 5.255163286239251441e+00 4.169999999999999818e-01
1.070038400000000000e+07 1.000000000000000000e+00 6.500000000000000000e+01 1.179201045641118435e+04 3.077716159187363701e+03 1.039800000000000182e+03 0.000000000000000000e+00 5.255163286239251441e+00 7.150830000000000020e+00
1.070038000000000000e+07 1.000000000000000000e+00 6.600000000000000000e+01 1.179844145641118303e+04 3.087770159187363788e+03 1.010039999999999964e+03 0.000000000000000000e+00 9.306559222375380358e+00 6.099999999999999867e-02
1.070037500000000000e+07 1.000000000000000000e+00 6.500000000000000000e+01 1.179600945641118415e+04 3.091650029187363543e+03 1.008859999999999673e+03 0.000000000000000000e+00 5.642774167026603394e+00 9.199999999999999845e-02
1.070037700000000000e+07 1.000000000000000000e+00 6.500000000000000000e+01 1.179290445641118276e+04 3.108730759187364129e+03 1.009990000000000691e+03 0.000000000000000000e+00 3.049398844326048241e+00 2.400000000000000050e-02
1.069910700000000000e+07 1.000000000000000000e+00 6.500000000000000000e+01 1.179243845641118423e+04 3.117381359187364069e+03 1.010849999999999454e+03 0.000000000000000000e+00 4.327785276576302742e+00 6.099999999999999867e-02
1.756666600000000000e+07 1.000000000000000000e+00 6.600000000000000000e+01 1.175047145641118368e+04 3.116541459187364126e+03 2.015930000000000291e+03 1.000000000000000000e+00 6.758175873502053621e-01 4.600000000000000000e+01
