1.945925500000000000e+07 1.000000000000000000e+00 6.500000000000000000e+01 5.033613915637954051e+03 1.265314502846444339e+04 2.098899999999999636e+03 0.000000000000000000e+00 6.314973448476394857e+00 1.078999999999999915e+01
2.511444400000000000e+07 1.000000000000000000e+00 6.500000000000000000e+01 5.049117015637953955e+03 1.264012192846444304e+04 2.801920000000000073e+03 0.000000000000000000e+00 2.238995851385892966e+00 1.605000000000000071e+01
6.543366000000000000e+07 1.000000000000000000e+00 6.600000000000000000e+01 5.493932315637954162e+03 1.286415672846444431e+04 7.716541000000000167e+03 0.000000000000000000e+00 7.001413811194550085e+00 1.078999999999999915e+01
2.584326900000000000e+07 1.000000000000000000e+00 6.600000000000000000e+01 5.053437615637953968e+03 1.263982992846444358e+04 3.145829999999999927e+03 0.000000000000000000e+00 9.946784752465129387e+00 1.078999999999999915e+01
2.584326900000000000e+07 1.000000000000000000e+00 6.600000000000000000e+01 5.053437615637953968e+03 1.263982992846444358e+04 3.145829999999999927e+03 0.000000000000000000e+00 9.946784752465129387e+00 3.965149999999999952e+00
2.584326900000000000e+07 1.000000000000000000e+00 6.600000000000000000e+01 5.053437615637953968e+03 1.263982992846444358e+04 3.145829999999999927e+03 0.000000000000000000e+00 9.946784752465129387e+00 2.947270000000000056e+00
2.511444400000000000e+07 1.000000000000000000e+00 6.500000000000000000e+01 5.045648315637954511e+03 1.263971682846444310e+04 2.804920000000000073e+03 0.000000000000000000e+00 3.728639566100206526e+00 2.400000000000000050e-02
2.511436600000000000e+07 1.000000000000000000e+00 6.500000000000000000e+01 5.036938115637954070e+03 1.264931582846444508e+04 2.814730000000000473e+03 0.000000000000000000e+00 1.121671794205360673e+00 1.078999999999999915e+01
2.511599700000000000e+07 1.000000000000000000e+00 6.500000000000000000e+01 5.048209815637954307e+03 1.266995242846444307e+04 2.825579999999999927e+03 0.000000000000000000e+00 8.347847785897112516e+00 6.099999999999999867e-02
2.511599600000000000e+07 1.000000000000000000e+00 6.500000000000000000e+01 5.056328915637954196e+03 1.267213342846444357e+04 2.820970000000000255e+03 0.000000000000000000e+00 6.465183114814180954e+00 1.000000000000000021e-02
2.511599600000000000e+07 1.000000000000000000e+00 6.500000000000000000e+01 5.060026615637953910e+03 1.267525465846444422e+04 2.826600000000000364e+03 0.000000000000000000e+00 9.571173218580277364e+00 9.199999999999999845e-02
2.511436600000000000e+07 1.000000000000000000e+00 6.500000000000000000e+01 5.036938115637954070e+03 1.264931582846444508e+04 2.814730000000000473e+03 0.000000000000000000e+00 1.121671794205360673e+00 5.347749999999999559e+00
1.945925500000000000e+07 1.000000000000000000e+00 6.500000000000000000e+01 5.033698215637954490e+03 1.266009832846444260e+04 2.094909999999999854e+03 0.000000000000000000e+00 8.928718061847777943e-01 9.199999999999999845e-02
1.945925600000000000e+07 1.000000000000000000e+00 6.500000000000000000e+01 5.027515315637953790e+03 1.265722242846444351e+04 2.090640000000000327e+03 0.000000000000000000e+00 3.472678744284649621e+00 9.199999999999999845e-02
1.945869100000000000e+07 1.000000000000000000e+00 6.500000000000000000e+01 4.977337985637954262e+03 1.268511562946444246e+04 2.130819999999999709e+03 0.000000000000000000e+00 2.726447236183472622e+00 2.039999999999999869e-01
1.945869100000000000e+07 1.000000000000000000e+00 6.500000000000000000e+01 4.980884835637953984e+03 1.268571138846444410e+04 2.129680000000000291e+03 0.000000000000000000e+00 4.946119651183283672e+00 9.199999999999999845e-02
1.945869100000000000e+07 1.000000000000000000e+00 6.500000000000000000e+01 4.983272715637954207e+03 1.268754056846444291e+04 2.131389999999999418e+03 0.000000000000000000e+00 6.497728806261227064e+00 9.199999999999999845e-02
1.945869600000000000e+07 1.000000000000000000e+00 6.600000000000000000e+01 4.978235905637954602e+03 1.269031930846444448e+04 2.133919999999999163e+03 0.000000000000000000e+00 4.713964789946048839e+00 6.099999999999999867e-02
1.945783500000000000e+07 1.000000000000000000e+00 6.600000000000000000e+01 4.978826895637954294e+03 1.269513152846444427e+04 2.125160000000000764e+03 0.000000000000000000e+00 4.933247934864294137e+00 2.400000000000000050e-02
1.945783500000000000e+07 1.000000000000000000e+00 6.600000000000000000e+01 4.978426885637954001e+03 1.269860382846444372e+04 2.118239999999999782e+03 0.000000000000000000e+00 1.857139791048403987e+00 9.199999999999999845e-02
1.945783500000000000e+07 1.000000000000000000e+00 6.600000000000000000e+01 4.976104795637954339e+03 1.269525532846444366e+04 2.118590000000000146e+03 0.000000000000000000e+00 3.094302548206349091e+00 9.199999999999999845e-02
1.945869300000000000e+07 1.000000000000000000e+00 6.500000000000000000e+01 4.972527495637954416e+03 1.269121425846444254e+04 2.116909999999999854e+03 0.000000000000000000e+00 6.456425312678588213e+00 4.169999999999999818e-01
1.945869300000000000e+07 1.000000000000000000e+00 6.500000000000000000e+01 4.972527495637954416e+03 1.269121425846444254e+04 2.116909999999999854e+03 0.000000000000000000e+00 6.456425312678588213e+00 7.212360000000000326e+00
4.846840500000000000e+07 0.000000000000000000e+00 6.500000000000000000e+01 5.095032315637954525e+03 1.256392472846444434e+04 5.788550000000000182e+03 1.000000000000000000e+00 1.451927933405976034e+00 1.700000000000000000e+01
1.945796400000000000e+07 0.000000000000000000e+00 6.600000000000000000e+01 5.035748215637953763e+03 1.261514612846444288e+04 2.106510000000000218e+03 1.000000000000000000e+00 2.656085947074365183e+00 1.700000000000000000e+01
