3.899883700000000000e+07 0.000000000000000000e+00 6.600000000000000000e+01 1.310620952963870877e+04 3.124529999999999745e+03 4.490575808039664480e+03 0.000000000000000000e+00 1.785482220117185603e+00 1.078999999999999915e+01
3.456545800000000000e+07 1.000000000000000000e+00 6.600000000000000000e+01 1.293875052963870985e+04 3.941329999999999927e+03 4.232069808039664167e+03 0.000000000000000000e+00 8.071942544587475954e-01 1.078999999999999915e+01
3.456545800000000000e+07 0.000000000000000000e+00 6.600000000000000000e+01 1.293885052963871021e+04 3.944210000000000036e+03 4.231331808039664793e+03 0.000000000000000000e+00 9.337312874339821489e-01 1.339000000000000057e+01
3.456545900000000000e+07 1.000000000000000000e+00 6.600000000000000000e+01 1.293947852963870901e+04 3.956350000000000364e+03 4.228628808039664364e+03 0.000000000000000000e+00 4.255736242449038365e+00 1.339000000000000057e+01
3.797422100000000000e+07 1.000000000000000000e+00 6.500000000000000000e+01 1.282571352963870959e+04 5.892029999999999745e+03 4.385132808039664269e+03 0.000000000000000000e+00 7.225891467947438862e+00 2.400000000000000050e-02
3.456545900000000000e+07 1.000000000000000000e+00 6.600000000000000000e+01 1.294180152963870933e+04 3.959300000000000182e+03 4.232402808039664706e+03 0.000000000000000000e+00 6.622933923128401901e+00 2.400000000000000050e-02
3.456554000000000000e+07 1.000000000000000000e+00 6.500000000000000000e+01 1.294330952963871096e+04 3.968699999999999818e+03 4.230171808039664029e+03 0.000000000000000000e+00 4.362154259656709776e+00 6.099999999999999867e-02
3.456554200000000000e+07 1.000000000000000000e+00 6.500000000000000000e+01 1.294155152963870933e+04 3.979399999999999636e+03 4.240059808039664858e+03 0.000000000000000000e+00 6.382907795593610878e+00 4.169999999999999818e-01
3.456545500000000000e+07 1.000000000000000000e+00 6.500000000000000000e+01 1.294175652963871107e+04 3.952089999999999691e+03 4.216113808039664946e+03 0.000000000000000000e+00 5.413792026665658952e+00 2.400000000000000050e-02
3.456545500000000000e+07 1.000000000000000000e+00 6.500000000000000000e+01 1.293979552963870992e+04 3.947750000000000455e+03 4.219753808039664364e+03 0.000000000000000000e+00 1.632737400832813490e+00 2.039999999999999869e-01
3.456545500000000000e+07 1.000000000000000000e+00 6.500000000000000000e+01 1.294180852963871075e+04 3.947379999999999654e+03 4.220507808039664269e+03 0.000000000000000000e+00 6.351696382375305872e-01 1.078999999999999915e+01
3.456545500000000000e+07 1.000000000000000000e+00 6.500000000000000000e+01 1.294180852963871075e+04 3.947379999999999654e+03 4.220507808039664269e+03 0.000000000000000000e+00 6.351696382375305872e-01 6.916879999999999917e+00
3.456545500000000000e+07 1.000000000000000000e+00 6.500000000000000000e+01 1.294180852963871075e+04 3.947379999999999654e+03 4.220507808039664269e+03 0.000000000000000000e+00 6.351696382375305872e-01 3.849979999999999958e+00
3.456545700000000000e+07 0.000000000000000000e+00 6.600000000000000000e+01 1.293878052963870869e+04 3.940300000000000182e+03 4.228064808039664058e+03 0.000000000000000000e+00 1.190774315854992160e+00 1.078999999999999915e+01
3.456545600000000000e+07 0.000000000000000000e+00 6.500000000000000000e+01 1.293870752963871018e+04 3.942480000000000018e+03 4.222258808039664473e+03 0.000000000000000000e+00 2.465219672779035420e+00 9.199999999999999845e-02
3.456553400000000000e+07 1.000000000000000000e+00 6.600000000000000000e+01 1.294091052963870970e+04 3.950050000000000182e+03 4.212859808039664131e+03 0.000000000000000000e+00 5.862491246926488486e+00 1.078999999999999915e+01
3.456545400000000000e+07 1.000000000000000000e+00 6.500000000000000000e+01 1.294458252963871018e+04 3.943890000000000327e+03 4.224578808039664182e+03 0.000000000000000000e+00 5.171508139711937346e+00 9.199999999999999845e-02
3.456545700000000000e+07 0.000000000000000000e+00 6.600000000000000000e+01 1.294279352963870951e+04 3.944069999999999709e+03 4.224795808039664735e+03 0.000000000000000000e+00 4.738275731451172312e+00 9.199999999999999845e-02
3.456545900000000000e+07 0.000000000000000000e+00 6.600000000000000000e+01 1.293468052963871014e+04 3.942780000000000200e+03 4.229897808039664596e+03 0.000000000000000000e+00 7.619688687809099692e-01 4.169999999999999818e-01
3.456546200000000000e+07 0.000000000000000000e+00 6.500000000000000000e+01 1.292491152963870991e+04 3.937730000000000018e+03 4.237861808039664538e+03 0.000000000000000000e+00 3.102450489048822480e+00 1.339000000000000057e+01
3.456546200000000000e+07 0.000000000000000000e+00 6.500000000000000000e+01 1.292491152963870991e+04 3.937730000000000018e+03 4.237861808039664538e+03 0.000000000000000000e+00 3.102450489048822480e+00 1.837949999999999973e+00
3.456546200000000000e+07 0.000000000000000000e+00 6.500000000000000000e+01 1.292491152963870991e+04 3.937730000000000018e+03 4.237861808039664538e+03 0.000000000000000000e+00 3.102450489048822480e+00 6.447720000000000118e-01
3.456553400000000000e+07 1.000000000000000000e+00 6.600000000000000000e+01 1.294091052963870970e+04 3.950050000000000182e+03 4.212859808039664131e+03 0.000000000000000000e+00 5.862491246926488486e+00 8.337520000000000486e-01
3.456545700000000000e+07 0.000000000000000000e+00 6.600000000000000000e+01 1.294031852963870915e+04 3.940250000000000000e+03 4.229540808039664626e+03 0.000000000000000000e+00 1.080197125991062990e+00 9.199999999999999845e-02
3.456545700000000000e+07 1.000000000000000000e+00 6.600000000000000000e+01 1.294389252963870968e+04 3.936440000000000055e+03 4.230789808039664422e+03 0.000000000000000000e+00 1.254416286426410787e+00 4.169999999999999818e-01
3.456545700000000000e+07 0.000000000000000000e+00 6.600000000000000000e+01 1.294102352963871090e+04 3.940670000000000073e+03 4.227042808039665033e+03 0.000000000000000000e+00 1.395534663661003538e+00 9.199999999999999845e-02
3.456545700000000000e+07 0.000000000000000000e+00 6.600000000000000000e+01 1.293938752963870866e+04 3.942000000000000455e+03 4.225946808039664575e+03 0.000000000000000000e+00 1.030131504071161386e+00 2.400000000000000050e-02
3.456545400000000000e+07 1.000000000000000000e+00 6.500000000000000000e+01 1.295234652963870940e+04 3.953840000000000146e+03 4.225482808039664633e+03 0.000000000000000000e+00 7.286833301821194375e+00 4.169999999999999818e-01
3.899792200000000000e+07 1.000000000000000000e+00 6.500000000000000000e+01 1.311685652963870962e+04 3.127520000000000437e+03 4.497887808039664378e+03 0.000000000000000000e+00 2.710056859531370765e+00 1.078999999999999915e+01
3.899800400000000000e+07 1.000000000000000000e+00 6.600000000000000000e+01 1.312792852963870973e+04 3.129699999999999818e+03 4.497721808039664211e+03 0.000000000000000000e+00 4.531392348893800381e+00 1.078999999999999915e+01
3.899800400000000000e+07 1.000000000000000000e+00 6.600000000000000000e+01 1.312792852963870973e+04 3.129699999999999818e+03 4.497721808039664211e+03 0.000000000000000000e+00 4.531392348893800381e+00 3.518489999999999895e+00
3.899800400000000000e+07 1.000000000000000000e+00 6.600000000000000000e+01 1.312792852963870973e+04 3.129699999999999818e+03 4.497721808039664211e+03 0.000000000000000000e+00 4.531392348893800381e+00 2.490000000000000213e+00
3.899792200000000000e+07 1.000000000000000000e+00 6.500000000000000000e+01 1.311797852963870901e+04 3.125720000000000255e+03 4.497810808039664153e+03 0.000000000000000000e+00 2.080568469044117741e+00 9.199999999999999845e-02
3.899791800000000000e+07 0.000000000000000000e+00 6.500000000000000000e+01 1.310888452963870986e+04 3.127260000000000218e+03 4.509995808039664553e+03 0.000000000000000000e+00 1.727896911009315639e+00 1.000000000000000000e+01
3.899791800000000000e+07 0.000000000000000000e+00 6.500000000000000000e+01 1.310888452963870986e+04 3.127260000000000218e+03 4.509995808039664553e+03 0.000000000000000000e+00 1.727896911009315639e+00 1.338149999999999951e+00
4.906966200000000000e+07 0.000000000000000000e+00 6.600000000000000000e+01 1.014676852963870988e+04 9.908420000000000073e+03 5.819556808039664247e+03 1.000000000000000000e+00 2.085945697833442303e+00 3.690000000000000000e+02
5.464683800000000000e+07 0.000000000000000000e+00 6.500000000000000000e+01 8.272298529638708715e+03 9.928649999999999636e+03 6.399895808039664189e+03 1.000000000000000000e+00 2.704007837029574368e+00 3.690000000000000000e+02
4.906957600000000000e+07 1.000000000000000000e+00 6.600000000000000000e+01 1.017343852963870995e+04 9.908860000000000582e+03 5.820261808039664174e+03 1.000000000000000000e+00 3.407596329943750613e-01 3.690000000000000000e+02
5.464544500000000000e+07 0.000000000000000000e+00 6.500000000000000000e+01 8.255138529638708860e+03 9.964799999999999272e+03 6.416575808039664480e+03 1.000000000000000000e+00 2.191666286843409583e+00 3.690000000000000000e+02
