4.128583300000000000e+07 1.000000000000000000e+00 6.500000000000000000e+01 1.274926829771619668e+04 5.754390000000000327e+03 4.753866253289985252e+03 0.000000000000000000e+00 6.231958273507768986e+00 1.605000000000000071e+01
4.128583300000000000e+07 1.000000000000000000e+00 6.500000000000000000e+01 1.274926829771619668e+04 5.754390000000000327e+03 4.753866253289985252e+03 0.000000000000000000e+00 6.231958273507768986e+00 2.530640000000000001e+00
4.017398200000000000e+07 1.000000000000000000e+00 6.500000000000000000e+01 1.234060929771619703e+04 3.627030000000000200e+03 4.904603253289985332e+03 0.000000000000000000e+00 7.623963720483942552e+00 9.199999999999999845e-02
4.017398200000000000e+07 1.000000000000000000e+00 6.500000000000000000e+01 1.234030429771619674e+04 3.627140000000000327e+03 4.904619253289985863e+03 0.000000000000000000e+00 7.496792841586291445e+00 9.199999999999999845e-02
4.017497900000000000e+07 1.000000000000000000e+00 6.600000000000000000e+01 1.233361429771619623e+04 3.621250000000000000e+03 4.907933253289985259e+03 0.000000000000000000e+00 9.349569726833919958e+00 9.199999999999999845e-02
4.469669600000000000e+07 1.000000000000000000e+00 6.600000000000000000e+01 1.240381729771619575e+04 2.334929999999999382e+03 5.055605033289985840e+03 0.000000000000000000e+00 8.080502134989778540e+00 5.000000000000000000e-01
4.469669700000000000e+07 1.000000000000000000e+00 6.600000000000000000e+01 1.240443329771619574e+04 2.334890000000000327e+03 5.055116263289985909e+03 0.000000000000000000e+00 8.576757645493980675e+00 9.199999999999999845e-02
4.469669600000000000e+07 1.000000000000000000e+00 6.600000000000000000e+01 1.240320329771619618e+04 2.335949999999999818e+03 5.055650533289985106e+03 0.000000000000000000e+00 7.396466442665870389e+00 2.400000000000000050e-02
4.469669600000000000e+07 1.000000000000000000e+00 6.600000000000000000e+01 1.239636129771619562e+04 2.337779999999999745e+03 5.054321653289985079e+03 0.000000000000000000e+00 9.329777992357088934e+00 5.000000000000000000e-01
4.469669100000000000e+07 1.000000000000000000e+00 6.500000000000000000e+01 1.239448829771619603e+04 2.338010000000000218e+03 5.059023473289985304e+03 0.000000000000000000e+00 6.866185721997815072e+00 9.199999999999999845e-02
4.469669100000000000e+07 1.000000000000000000e+00 6.500000000000000000e+01 1.239143429771619594e+04 2.342839999999999236e+03 5.059036583289985174e+03 0.000000000000000000e+00 4.555333258523694084e+00 9.199999999999999845e-02
4.469669200000000000e+07 1.000000000000000000e+00 6.500000000000000000e+01 1.239900229771619706e+04 2.351580000000000837e+03 5.057214343289985663e+03 0.000000000000000000e+00 4.208666041671835778e+00 2.400000000000000050e-02
4.469669400000000000e+07 1.000000000000000000e+00 6.500000000000000000e+01 1.240870129771619577e+04 2.347319999999999709e+03 5.068333743289985250e+03 0.000000000000000000e+00 6.909274074082282446e+00 5.000000000000000000e-01
4.469669400000000000e+07 1.000000000000000000e+00 6.500000000000000000e+01 1.240870129771619577e+04 2.347319999999999709e+03 5.068333743289985250e+03 0.000000000000000000e+00 6.909274074082282446e+00 7.077149999999999608e+00
5.254438600000000000e+07 0.000000000000000000e+00 6.600000000000000000e+01 1.213274929771619645e+04 6.840872999999999593e+03 6.120663253289985732e+03 1.000000000000000000e+00 1.330268187291687942e+00 1.090000000000000000e+02
5.254430400000000000e+07 0.000000000000000000e+00 6.600000000000000000e+01 1.213343429771619594e+04 6.841039999999999964e+03 6.106223253289985223e+03 1.000000000000000000e+00 1.800866244363507729e+00 1.090000000000000000e+02
4.475350300000000000e+07 0.000000000000000000e+00 6.600000000000000000e+01 1.257084359771619711e+04 1.723259999999999309e+03 5.083120953289985664e+03 1.000000000000000000e+00 1.510906286314345204e+00 1.090000000000000000e+02
5.254438300000000000e+07 1.000000000000000000e+00 6.600000000000000000e+01 1.213419329771619596e+04 6.825591000000000349e+03 6.113313253289985369e+03 1.000000000000000000e+00 6.766533519046692424e-01 1.090000000000000000e+02
5.254430300000000000e+07 0.000000000000000000e+00 6.600000000000000000e+01 1.213788929771619587e+04 6.836208999999999833e+03 6.107783253289984714e+03 1.000000000000000000e+00 1.218620132585875870e+00 1.090000000000000000e+02
5.254455800000000000e+07 0.000000000000000000e+00 6.500000000000000000e+01 1.215492829771619654e+04 6.851121000000000095e+03 6.057401253289985107e+03 1.000000000000000000e+00 2.074260237594435452e+00 1.090000000000000000e+02
