3.414201100000000000e+07 1.000000000000000000e+00 6.500000000000000000e+01 4.865424891936928361e+03 6.967999999999938154e+01 4.124722224843251752e+03 0.000000000000000000e+00 5.540488306826698128e+00 1.339000000000000057e+01
3.414354900000000000e+07 1.000000000000000000e+00 6.600000000000000000e+01 4.878149891936928725e+03 6.577999999999974534e+01 4.125898353143251370e+03 0.000000000000000000e+00 5.714964038278692371e+00 1.605000000000000071e+01
3.414354900000000000e+07 1.000000000000000000e+00 6.600000000000000000e+01 4.881733891936928558e+03 6.513000000000010914e+01 4.126374073143251735e+03 0.000000000000000000e+00 6.322263982130486681e+00 1.124000000000000021e+01
3.414201800000000000e+07 1.000000000000000000e+00 6.600000000000000000e+01 4.885982891936928354e+03 6.435999999999967258e+01 4.126938053143251636e+03 0.000000000000000000e+00 7.664225776249587341e+00 1.339000000000000057e+01
3.414203100000000000e+07 1.000000000000000000e+00 6.500000000000000000e+01 4.926614091936928162e+03 5.090999999999985448e+01 4.122761633143251856e+03 0.000000000000000000e+00 4.879914059673954974e+00 1.339000000000000057e+01
3.414203100000000000e+07 1.000000000000000000e+00 6.500000000000000000e+01 4.927483791936928355e+03 5.051999999999952706e+01 4.122692533143251239e+03 0.000000000000000000e+00 5.457432369210508227e+00 1.078999999999999915e+01
3.414203100000000000e+07 1.000000000000000000e+00 6.500000000000000000e+01 4.930220691936928233e+03 4.921999999999934516e+01 4.122609823143251560e+03 0.000000000000000000e+00 7.733461094646192358e+00 1.339000000000000057e+01
3.414455800000000000e+07 1.000000000000000000e+00 6.500000000000000000e+01 4.994185591936928176e+03 1.777999999999974534e+01 4.099833233143251164e+03 0.000000000000000000e+00 5.988447855972133027e+00 9.199999999999999845e-02
3.414455800000000000e+07 1.000000000000000000e+00 6.500000000000000000e+01 4.996121591936928780e+03 2.160999999999967258e+01 4.100058233143251528e+03 0.000000000000000000e+00 5.984743729551192715e+00 1.000000000000000021e-02
3.414463200000000000e+07 1.000000000000000000e+00 6.500000000000000000e+01 5.006263591936928606e+03 4.686000000000058208e+01 4.097909633143251995e+03 0.000000000000000000e+00 5.375170405176151966e+00 4.169999999999999818e-01
3.414463200000000000e+07 1.000000000000000000e+00 6.500000000000000000e+01 5.006074591936928300e+03 4.707999999999992724e+01 4.096661233143251593e+03 0.000000000000000000e+00 5.728059354952158344e+00 9.199999999999999845e-02
3.414462800000000000e+07 1.000000000000000000e+00 6.600000000000000000e+01 5.016001591936928889e+03 6.080000000000018190e+01 4.087955133143251260e+03 0.000000000000000000e+00 3.621079278839661963e+00 9.199999999999999845e-02
3.414445800000000000e+07 1.000000000000000000e+00 6.500000000000000000e+01 5.016298591936928460e+03 6.203999999999996362e+01 4.093763633143251354e+03 0.000000000000000000e+00 4.614781687466638971e+00 6.099999999999999867e-02
3.414445900000000000e+07 1.000000000000000000e+00 6.500000000000000000e+01 5.013217591936928329e+03 7.462999999999919964e+01 4.099301533143251618e+03 0.000000000000000000e+00 1.694688679340418558e+00 9.199999999999999845e-02
3.414445900000000000e+07 0.000000000000000000e+00 6.500000000000000000e+01 5.014673591936928460e+03 7.603999999999996362e+01 4.095897033143251974e+03 0.000000000000000000e+00 3.187482152911659483e+00 9.199999999999999845e-02
3.414445900000000000e+07 1.000000000000000000e+00 6.500000000000000000e+01 5.016154591936928227e+03 7.413999999999941792e+01 4.098990133143251114e+03 0.000000000000000000e+00 1.631179007891352395e+00 9.199999999999999845e-02
3.414445900000000000e+07 1.000000000000000000e+00 6.500000000000000000e+01 5.016212591936928220e+03 6.438000000000010914e+01 4.105162433143251292e+03 0.000000000000000000e+00 6.059705310594999617e+00 9.199999999999999845e-02
3.414445600000000000e+07 1.000000000000000000e+00 6.600000000000000000e+01 5.022267591936928511e+03 7.544999999999981810e+01 4.099254333143251642e+03 0.000000000000000000e+00 2.343396239700750172e+00 2.400000000000000050e-02
3.414445600000000000e+07 1.000000000000000000e+00 6.600000000000000000e+01 5.023250591936928686e+03 7.610000000000036380e+01 4.103047633143251915e+03 0.000000000000000000e+00 5.592325693201302350e+00 2.400000000000000050e-02
3.414445500000000000e+07 1.000000000000000000e+00 6.600000000000000000e+01 5.028924591936928664e+03 7.379000000000087311e+01 4.103253133143251944e+03 0.000000000000000000e+00 4.884004781540138396e+00 9.199999999999999845e-02
3.414445800000000000e+07 1.000000000000000000e+00 6.500000000000000000e+01 5.019001591936928889e+03 7.147999999999956344e+01 4.099658933143251488e+03 0.000000000000000000e+00 1.987299480467607848e+00 9.199999999999999845e-02
3.414445900000000000e+07 1.000000000000000000e+00 6.500000000000000000e+01 5.017412591936928948e+03 7.327999999999974534e+01 4.100364633143251922e+03 0.000000000000000000e+00 3.358511921953184931e+00 9.199999999999999845e-02
3.414475000000000000e+07 1.000000000000000000e+00 6.500000000000000000e+01 5.026263591936928606e+03 7.778000000000065484e+01 4.110935733143251127e+03 0.000000000000000000e+00 3.861787195409576157e+00 4.169999999999999818e-01
3.414312600000000000e+07 1.000000000000000000e+00 6.500000000000000000e+01 5.030934591936928882e+03 8.060999999999967258e+01 4.123984760143251151e+03 0.000000000000000000e+00 3.595874642622468365e+00 9.199999999999999845e-02
3.414312600000000000e+07 1.000000000000000000e+00 6.500000000000000000e+01 5.028954591936928409e+03 8.391999999999916326e+01 4.128805863143251372e+03 0.000000000000000000e+00 9.384167481359272145e+00 2.400000000000000050e-02
3.414313100000000000e+07 1.000000000000000000e+00 6.600000000000000000e+01 5.031659591936928337e+03 9.215999999999985448e+01 4.121241193143251621e+03 0.000000000000000000e+00 9.830398485278696086e+00 9.199999999999999845e-02
3.414305000000000000e+07 1.000000000000000000e+00 6.600000000000000000e+01 5.030124591936928482e+03 1.069600000000000364e+02 4.121139963143251407e+03 0.000000000000000000e+00 7.499123302933537794e+00 2.400000000000000050e-02
3.414305000000000000e+07 1.000000000000000000e+00 6.600000000000000000e+01 5.027597591936928438e+03 1.111999999999998181e+02 4.125427428143251745e+03 0.000000000000000000e+00 9.932506268387124138e+00 9.199999999999999845e-02
3.414305000000000000e+07 1.000000000000000000e+00 6.600000000000000000e+01 5.028545591936928759e+03 1.112400000000006912e+02 4.123821650143251645e+03 0.000000000000000000e+00 8.941766691880365769e+00 9.199999999999999845e-02
3.414305000000000000e+07 1.000000000000000000e+00 6.600000000000000000e+01 5.028930591936928977e+03 1.112500000000009095e+02 4.123169353143251101e+03 0.000000000000000000e+00 8.620312137149033660e+00 6.099999999999999867e-02
3.414304900000000000e+07 1.000000000000000000e+00 6.600000000000000000e+01 5.033287591936928948e+03 1.008900000000003274e+02 4.118905423143251937e+03 0.000000000000000000e+00 8.436476556168789998e+00 6.099999999999999867e-02
3.414313200000000000e+07 1.000000000000000000e+00 6.600000000000000000e+01 5.039892591936928511e+03 9.785999999999967258e+01 4.118432183143251677e+03 0.000000000000000000e+00 6.004265778531912012e+00 9.199999999999999845e-02
3.414313300000000000e+07 1.000000000000000000e+00 6.600000000000000000e+01 5.044701591936928708e+03 9.747999999999956344e+01 4.110922133143251813e+03 0.000000000000000000e+00 2.251356822283523851e+00 2.400000000000000050e-02
3.414474700000000000e+07 1.000000000000000000e+00 6.600000000000000000e+01 5.034669591936928555e+03 9.967000000000007276e+01 4.116136923143251806e+03 0.000000000000000000e+00 8.031508954022593016e+00 6.099999999999999867e-02
3.414474700000000000e+07 1.000000000000000000e+00 6.600000000000000000e+01 5.034669591936928555e+03 9.967000000000007276e+01 4.116136923143251806e+03 0.000000000000000000e+00 8.031508954022593016e+00 7.357649999999999579e+00
3.414203100000000000e+07 1.000000000000000000e+00 6.500000000000000000e+01 4.930220691936928233e+03 4.921999999999934516e+01 4.122609823143251560e+03 0.000000000000000000e+00 7.733461094646192358e+00 6.216230000000000366e+00
3.414203100000000000e+07 1.000000000000000000e+00 6.500000000000000000e+01 4.927483791936928355e+03 5.051999999999952706e+01 4.122692533143251239e+03 0.000000000000000000e+00 5.457432369210508227e+00 1.958040000000000003e+00
3.414354700000000000e+07 1.000000000000000000e+00 6.600000000000000000e+01 4.892638391936928201e+03 6.492999999999938154e+01 4.123441943143251592e+03 0.000000000000000000e+00 9.625742688753986087e+00 4.169999999999999818e-01
3.414354700000000000e+07 1.000000000000000000e+00 6.600000000000000000e+01 4.892638391936928201e+03 6.492999999999938154e+01 4.123441943143251592e+03 0.000000000000000000e+00 9.625742688753986087e+00 7.047679999999999723e+00
3.414355000000000000e+07 1.000000000000000000e+00 6.600000000000000000e+01 4.875878691936928590e+03 6.470999999999912689e+01 4.126637643143251807e+03 0.000000000000000000e+00 5.775269458330522632e+00 1.078999999999999915e+01
3.414355000000000000e+07 1.000000000000000000e+00 6.600000000000000000e+01 4.875878691936928590e+03 6.470999999999912689e+01 4.126637643143251807e+03 0.000000000000000000e+00 5.775269458330522632e+00 1.136889999999999956e+00
3.414355000000000000e+07 1.000000000000000000e+00 6.600000000000000000e+01 4.875878691936928590e+03 6.470999999999912689e+01 4.126637643143251807e+03 0.000000000000000000e+00 5.775269458330522632e+00 5.502239999999999909e-02
3.414200700000000000e+07 0.000000000000000000e+00 6.600000000000000000e+01 4.857457691936928313e+03 8.210000000000036380e+01 4.126505963143251392e+03 0.000000000000000000e+00 8.527519932915605949e-01 2.400000000000000050e-02
3.414200700000000000e+07 0.000000000000000000e+00 6.600000000000000000e+01 4.858525291936928625e+03 8.189000000000032742e+01 4.127224753143251291e+03 0.000000000000000000e+00 6.668530073167874272e-01 4.169999999999999818e-01
3.414200700000000000e+07 0.000000000000000000e+00 6.600000000000000000e+01 4.858525291936928625e+03 8.189000000000032742e+01 4.127224753143251291e+03 0.000000000000000000e+00 6.668530073167874272e-01 7.224109999999999587e+00
3.414355100000000000e+07 1.000000000000000000e+00 6.600000000000000000e+01 4.858607391936928252e+03 5.988000000000010914e+01 4.114318533143251443e+03 0.000000000000000000e+00 7.270669703661391203e+00 2.400000000000000050e-02
3.414200600000000000e+07 1.000000000000000000e+00 6.600000000000000000e+01 4.855068791936928392e+03 7.547999999999956344e+01 4.115583973143251569e+03 0.000000000000000000e+00 4.160231590011659542e+00 6.099999999999999867e-02
3.414094800000000000e+07 1.000000000000000000e+00 6.500000000000000000e+01 4.838114821936928820e+03 7.582999999999992724e+01 4.106392433143251765e+03 0.000000000000000000e+00 4.524968546313886009e+00 4.600000000000000200e-01
3.414208800000000000e+07 1.000000000000000000e+00 6.500000000000000000e+01 4.841375341936928635e+03 8.467000000000007276e+01 4.110216333143251177e+03 0.000000000000000000e+00 4.486590311012302656e+00 6.099999999999999867e-02
3.414209100000000000e+07 0.000000000000000000e+00 6.600000000000000000e+01 4.832827131936928708e+03 9.320000000000072760e+01 4.100686433143251634e+03 0.000000000000000000e+00 1.292715318917784240e+00 9.199999999999999845e-02
3.414095000000000000e+07 0.000000000000000000e+00 6.500000000000000000e+01 4.831261211936928703e+03 8.657999999999992724e+01 4.103296033143251407e+03 0.000000000000000000e+00 3.403317853678892835e+00 2.400000000000000050e-02
3.414094900000000000e+07 1.000000000000000000e+00 6.500000000000000000e+01 4.825155491936928229e+03 7.955000000000018190e+01 4.101477333143251599e+03 0.000000000000000000e+00 2.175449312095252719e+00 9.199999999999999845e-02
3.414209400000000000e+07 1.000000000000000000e+00 6.600000000000000000e+01 4.832248871936928481e+03 8.360999999999967258e+01 4.101927333143251417e+03 0.000000000000000000e+00 3.730395882053127554e+00 9.199999999999999845e-02
3.414209400000000000e+07 1.000000000000000000e+00 6.600000000000000000e+01 4.833761801936928350e+03 8.175000000000000000e+01 4.101670233143251608e+03 0.000000000000000000e+00 4.305018260885153047e+00 4.600000000000000200e-01
3.414094800000000000e+07 1.000000000000000000e+00 6.500000000000000000e+01 4.833463341936928373e+03 8.025000000000000000e+01 4.102560733143251127e+03 0.000000000000000000e+00 5.525071455933270315e+00 9.199999999999999845e-02
3.414094900000000000e+07 1.000000000000000000e+00 6.500000000000000000e+01 4.830899951936929028e+03 7.994999999999981810e+01 4.101729533143251501e+03 0.000000000000000000e+00 3.867499736471423866e+00 4.600000000000000200e-01
3.414209400000000000e+07 1.000000000000000000e+00 6.600000000000000000e+01 4.833203321936928660e+03 8.033999999999923602e+01 4.100417033143251501e+03 0.000000000000000000e+00 4.043847070209614536e+00 2.400000000000000050e-02
3.414208900000000000e+07 1.000000000000000000e+00 6.500000000000000000e+01 4.842893861936928261e+03 8.497999999999956344e+01 4.104094633143251485e+03 0.000000000000000000e+00 5.668717398565260801e+00 2.039999999999999869e-01
3.414200100000000000e+07 1.000000000000000000e+00 6.500000000000000000e+01 4.847930361936928421e+03 8.719000000000050932e+01 4.106226333143251395e+03 0.000000000000000000e+00 4.837792991501991047e+00 9.199999999999999845e-02
3.414200100000000000e+07 1.000000000000000000e+00 6.500000000000000000e+01 4.851669691936928757e+03 9.136999999999989086e+01 4.110744133143251929e+03 0.000000000000000000e+00 7.279746463839142923e-01 2.400000000000000050e-02
3.414200100000000000e+07 1.000000000000000000e+00 6.500000000000000000e+01 4.858931091936928169e+03 9.518000000000029104e+01 4.107601633143252002e+03 0.000000000000000000e+00 5.514831041671691914e+00 8.349999999999999645e-01
3.414200100000000000e+07 1.000000000000000000e+00 6.500000000000000000e+01 4.858931091936928169e+03 9.518000000000029104e+01 4.107601633143252002e+03 0.000000000000000000e+00 5.514831041671691914e+00 6.599269999999999747e+00
3.414093600000000000e+07 1.000000000000000000e+00 6.600000000000000000e+01 4.798882891936928900e+03 6.196000000000003638e+01 4.132134353143251246e+03 1.000000000000000000e+00 5.625706865747607255e-01 1.700000000000000000e+01
3.414208200000000000e+07 1.000000000000000000e+00 6.500000000000000000e+01 4.839153955936928469e+03 1.001099999999996726e+02 4.128138323143251910e+03 1.000000000000000000e+00 5.685702962426776308e-01 1.700000000000000000e+01
3.414190900000000000e+07 1.000000000000000000e+00 6.600000000000000000e+01 4.835741451936928570e+03 1.102199999999993452e+02 4.137806933143251626e+03 1.000000000000000000e+00 6.046873573650395350e-01 1.700000000000000000e+01
3.414085100000000000e+07 0.000000000000000000e+00 6.600000000000000000e+01 4.799831291936928210e+03 7.959999999999945430e+01 4.158733433143251204e+03 1.000000000000000000e+00 1.023523149847745950e+00 1.700000000000000000e+01
3.414201900000000000e+07 0.000000000000000000e+00 6.600000000000000000e+01 4.887409091936928235e+03 6.125000000000000000e+01 4.140165933143252005e+03 1.000000000000000000e+00 7.009252522418993880e-01 1.700000000000000000e+01
