2.723720800000000000e+07 1.000000000000000000e+00 6.500000000000000000e+01 2.444058205405728586e+03 5.503010000000000218e+03 3.099007739278271856e+03 0.000000000000000000e+00 5.507093101263657253e+00 1.078999999999999915e+01
2.388417900000000000e+07 1.000000000000000000e+00 6.500000000000000000e+01 3.227608205405729677e+03 8.309470999999999549e+03 2.730165739278272213e+03 0.000000000000000000e+00 5.835821300263240197e+00 1.339000000000000057e+01
1.935864400000000000e+07 1.000000000000000000e+00 6.600000000000000000e+01 3.352448205405729823e+03 1.128386999999999898e+04 2.005595739278272504e+03 0.000000000000000000e+00 6.845079367100183276e+00 9.199999999999999845e-02
1.935863900000000000e+07 0.000000000000000000e+00 6.500000000000000000e+01 3.368248205405729095e+03 1.127920000000000073e+04 2.015875739278272249e+03 0.000000000000000000e+00 2.553518682002302587e+00 1.078999999999999915e+01
1.935863900000000000e+07 0.000000000000000000e+00 6.500000000000000000e+01 3.368248205405729095e+03 1.127920000000000073e+04 2.015875739278272249e+03 0.000000000000000000e+00 2.553518682002302587e+00 3.089280000000000026e+00
1.935863900000000000e+07 0.000000000000000000e+00 6.500000000000000000e+01 3.368248205405729095e+03 1.127920000000000073e+04 2.015875739278272249e+03 0.000000000000000000e+00 2.553518682002302587e+00 3.496920000000000028e-01
1.911606500000000000e+07 1.000000000000000000e+00 6.600000000000000000e+01 3.343448205405728004e+03 1.098275000000000000e+04 2.066935739278271740e+03 0.000000000000000000e+00 6.478234750660938346e+00 1.078999999999999915e+01
1.911606600000000000e+07 1.000000000000000000e+00 6.600000000000000000e+01 3.345028205405729750e+03 1.098870999999999913e+04 2.076785739278272104e+03 0.000000000000000000e+00 1.699487008000252652e+00 1.000000000000000021e-02
1.911606600000000000e+07 1.000000000000000000e+00 6.600000000000000000e+01 3.341498205405729095e+03 1.098577999999999884e+04 2.073005739278272358e+03 0.000000000000000000e+00 3.647809389213551690e+00 9.199999999999999845e-02
1.911614400000000000e+07 1.000000000000000000e+00 6.600000000000000000e+01 3.354468205405728440e+03 1.098700000000000000e+04 2.063835739278272285e+03 0.000000000000000000e+00 3.095818716102900048e+00 2.400000000000000050e-02
1.911614300000000000e+07 1.000000000000000000e+00 6.600000000000000000e+01 3.354848205405729459e+03 1.098556999999999971e+04 2.065705739278272176e+03 0.000000000000000000e+00 4.204243620502172263e+00 9.199999999999999845e-02
1.911614300000000000e+07 1.000000000000000000e+00 6.600000000000000000e+01 3.356858205405729677e+03 1.098452000000000044e+04 2.068005739278272358e+03 0.000000000000000000e+00 3.651069546259001708e+00 2.400000000000000050e-02
1.911614000000000000e+07 1.000000000000000000e+00 6.600000000000000000e+01 3.366308205405728586e+03 1.098889999999999964e+04 2.082475739278272613e+03 0.000000000000000000e+00 9.227161924869697884e+00 9.199999999999999845e-02
1.911606300000000000e+07 1.000000000000000000e+00 6.500000000000000000e+01 3.360338205405729241e+03 1.098745999999999913e+04 2.088375739278272249e+03 0.000000000000000000e+00 9.436068729163091362e+00 2.039999999999999869e-01
1.911774300000000000e+07 1.000000000000000000e+00 6.500000000000000000e+01 3.355778205405729750e+03 1.102254000000000087e+04 2.092865739278272031e+03 0.000000000000000000e+00 3.492646936269244939e+00 4.169999999999999818e-01
1.911774700000000000e+07 1.000000000000000000e+00 6.600000000000000000e+01 3.350848205405729459e+03 1.102247999999999956e+04 2.093575739278272067e+03 0.000000000000000000e+00 2.348357302053468043e+00 9.199999999999999845e-02
1.911600400000000000e+07 1.000000000000000000e+00 6.500000000000000000e+01 3.343978205405728659e+03 1.102013999999999942e+04 2.094965739278272395e+03 0.000000000000000000e+00 5.982078222279015201e+00 4.169999999999999818e-01
1.911616900000000000e+07 1.000000000000000000e+00 6.500000000000000000e+01 3.323658205405728950e+03 1.104486999999999898e+04 2.105155739278271994e+03 0.000000000000000000e+00 1.286971442484200701e+00 2.039999999999999869e-01
1.911616900000000000e+07 1.000000000000000000e+00 6.500000000000000000e+01 3.322008205405729313e+03 1.104557999999999993e+04 2.103035739278272104e+03 0.000000000000000000e+00 1.644117924993731661e+00 9.199999999999999845e-02
1.911599700000000000e+07 0.000000000000000000e+00 6.500000000000000000e+01 3.319558205405728586e+03 1.102570000000000073e+04 2.102465739278272395e+03 0.000000000000000000e+00 1.057138439031656940e+00 9.199999999999999845e-02
1.911496200000000000e+07 1.000000000000000000e+00 6.600000000000000000e+01 3.298908205405728950e+03 1.098911000000000058e+04 2.080805739278272540e+03 0.000000000000000000e+00 9.605214204276484313e-01 2.400000000000000050e-02
1.911670600000000000e+07 1.000000000000000000e+00 6.500000000000000000e+01 3.296748205405729095e+03 1.098852000000000044e+04 2.069825739278272067e+03 0.000000000000000000e+00 1.223738778675499628e+00 2.039999999999999869e-01
1.911655300000000000e+07 1.000000000000000000e+00 6.600000000000000000e+01 3.293728205405728659e+03 1.100252000000000044e+04 2.061185739278271740e+03 0.000000000000000000e+00 1.042060117093591698e+00 6.099999999999999867e-02
1.911768300000000000e+07 1.000000000000000000e+00 6.500000000000000000e+01 3.296108205405729677e+03 1.098126000000000022e+04 2.051535739278272104e+03 0.000000000000000000e+00 4.714263971804712128e+00 9.199999999999999845e-02
1.911767400000000000e+07 1.000000000000000000e+00 6.500000000000000000e+01 3.302128205405728295e+03 1.100111000000000058e+04 2.045775739278271885e+03 0.000000000000000000e+00 6.129023163641933003e+00 2.400000000000000050e-02
1.911624900000000000e+07 1.000000000000000000e+00 6.500000000000000000e+01 3.291928205405729386e+03 1.100020999999999913e+04 2.035215739278272395e+03 0.000000000000000000e+00 9.279394365499451069e+00 2.400000000000000050e-02
1.911655700000000000e+07 1.000000000000000000e+00 6.600000000000000000e+01 3.287638205405728513e+03 1.100012000000000080e+04 2.035835739278272285e+03 0.000000000000000000e+00 6.533487132925142049e+00 6.099999999999999867e-02
1.911624900000000000e+07 1.000000000000000000e+00 6.500000000000000000e+01 3.297318205405728804e+03 1.099945000000000073e+04 2.035325739278272067e+03 0.000000000000000000e+00 4.907942280069208962e+00 2.400000000000000050e-02
1.911624900000000000e+07 1.000000000000000000e+00 6.500000000000000000e+01 3.299928205405729386e+03 1.099619000000000051e+04 2.036115739278272031e+03 0.000000000000000000e+00 6.305357063803903372e+00 5.000000000000000000e-01
1.911767200000000000e+07 1.000000000000000000e+00 6.500000000000000000e+01 3.316118205405729896e+03 1.100095999999999913e+04 2.062945739278271958e+03 0.000000000000000000e+00 3.524057001250647136e+00 6.099999999999999867e-02
1.911767200000000000e+07 1.000000000000000000e+00 6.500000000000000000e+01 3.317498205405729095e+03 1.099711000000000058e+04 2.053395739278272686e+03 0.000000000000000000e+00 9.472201774289855436e+00 6.099999999999999867e-02
1.911751900000000000e+07 1.000000000000000000e+00 6.600000000000000000e+01 3.320648205405728731e+03 1.101394000000000051e+04 2.038345739278272504e+03 0.000000000000000000e+00 8.752917377437901436e+00 9.199999999999999845e-02
1.911752300000000000e+07 1.000000000000000000e+00 6.500000000000000000e+01 3.331198205405729823e+03 1.101901000000000022e+04 2.043285739278272104e+03 0.000000000000000000e+00 1.894642756363417169e+00 2.400000000000000050e-02
1.911766400000000000e+07 1.000000000000000000e+00 6.500000000000000000e+01 3.335518205405729532e+03 1.101420000000000073e+04 2.052125739278272249e+03 0.000000000000000000e+00 2.771968713847801080e+00 9.199999999999999845e-02
1.911766400000000000e+07 1.000000000000000000e+00 6.500000000000000000e+01 3.335518205405729532e+03 1.101420000000000073e+04 2.052125739278272249e+03 0.000000000000000000e+00 2.771968713847801080e+00 7.381759999999999877e+00
1.911606500000000000e+07 1.000000000000000000e+00 6.600000000000000000e+01 3.343448205405728004e+03 1.098275000000000000e+04 2.066935739278271740e+03 0.000000000000000000e+00 6.478234750660938346e+00 4.633949999999999569e+00
2.477298500000000000e+07 1.000000000000000000e+00 6.600000000000000000e+01 3.239508205405729313e+03 8.483795000000000073e+03 2.690695739278271958e+03 0.000000000000000000e+00 5.313449197073186525e+00 1.000000000000000021e-02
2.477297800000000000e+07 1.000000000000000000e+00 6.500000000000000000e+01 3.239088205405729241e+03 8.473891999999999825e+03 2.681675739278272431e+03 0.000000000000000000e+00 8.142295388275551105e+00 9.199999999999999845e-02
2.477298200000000000e+07 1.000000000000000000e+00 6.600000000000000000e+01 3.229648205405728731e+03 8.465405000000000655e+03 2.694795739278272322e+03 0.000000000000000000e+00 2.183491463683744360e+00 9.199999999999999845e-02
2.477298600000000000e+07 0.000000000000000000e+00 6.500000000000000000e+01 3.229438205405729605e+03 8.477836999999999534e+03 2.700335739278272285e+03 0.000000000000000000e+00 2.006022390923704712e+00 9.199999999999999845e-02
2.477298600000000000e+07 0.000000000000000000e+00 6.600000000000000000e+01 3.228768205405729532e+03 8.478368000000000393e+03 2.700695739278271958e+03 0.000000000000000000e+00 1.964157768021471240e+00 2.039999999999999869e-01
2.477298600000000000e+07 0.000000000000000000e+00 6.600000000000000000e+01 3.228548205405728368e+03 8.481296000000000276e+03 2.701945739278271958e+03 0.000000000000000000e+00 1.659323583524529688e+00 2.400000000000000050e-02
2.477298400000000000e+07 0.000000000000000000e+00 6.600000000000000000e+01 3.230868205405729896e+03 8.478836999999999534e+03 2.692675739278272431e+03 0.000000000000000000e+00 5.129240775676626729e-01 6.099999999999999867e-02
2.477298600000000000e+07 0.000000000000000000e+00 6.600000000000000000e+01 3.231478205405728659e+03 8.479941000000000713e+03 2.698475739278272613e+03 0.000000000000000000e+00 1.635788540035329586e+00 2.400000000000000050e-02
2.477298300000000000e+07 1.000000000000000000e+00 6.500000000000000000e+01 3.217538205405728149e+03 8.483649999999999636e+03 2.692795739278272322e+03 0.000000000000000000e+00 3.033926211460006073e+00 9.199999999999999845e-02
2.477298200000000000e+07 1.000000000000000000e+00 6.500000000000000000e+01 3.218398205405728731e+03 8.483191999999999098e+03 2.686535739278272104e+03 0.000000000000000000e+00 1.835218105750495488e+00 9.199999999999999845e-02
2.477298200000000000e+07 1.000000000000000000e+00 6.500000000000000000e+01 3.217608205405729677e+03 8.481019000000000233e+03 2.687685739278271740e+03 0.000000000000000000e+00 1.878096469920272238e+00 6.099999999999999867e-02
2.388417900000000000e+07 1.000000000000000000e+00 6.500000000000000000e+01 3.227608205405729677e+03 8.309470999999999549e+03 2.730165739278272213e+03 0.000000000000000000e+00 5.835821300263240197e+00 5.904060000000000308e+00
2.723775900000000000e+07 1.000000000000000000e+00 6.600000000000000000e+01 2.496708205405730041e+03 5.557409999999999854e+03 3.051775739278271885e+03 0.000000000000000000e+00 4.302711196574056096e+00 9.199999999999999845e-02
2.723776100000000000e+07 0.000000000000000000e+00 6.600000000000000000e+01 2.488078205405729022e+03 5.549659999999999854e+03 3.055154739278272700e+03 0.000000000000000000e+00 3.444576598511835286e+00 2.400000000000000050e-02
2.723776300000000000e+07 1.000000000000000000e+00 6.500000000000000000e+01 2.487148205405728731e+03 5.552960000000000036e+03 3.057743739278272642e+03 0.000000000000000000e+00 4.502551259371324832e+00 2.400000000000000050e-02
2.723776400000000000e+07 1.000000000000000000e+00 6.500000000000000000e+01 2.479668205405729168e+03 5.561170000000000073e+03 3.060161739278272307e+03 0.000000000000000000e+00 6.084805106358614601e+00 4.169999999999999818e-01
2.702801600000000000e+07 0.000000000000000000e+00 6.500000000000000000e+01 2.483408205405728950e+03 5.606949999999999818e+03 3.036674739278272227e+03 0.000000000000000000e+00 1.308349118000584399e+00 2.400000000000000050e-02
2.702801100000000000e+07 1.000000000000000000e+00 6.500000000000000000e+01 2.496808205405728586e+03 5.603829999999999927e+03 3.032017739278272074e+03 0.000000000000000000e+00 5.837550913297596011e+00 2.400000000000000050e-02
2.702801100000000000e+07 1.000000000000000000e+00 6.500000000000000000e+01 2.502118205405729896e+03 5.601690000000000509e+03 3.035360739278272831e+03 0.000000000000000000e+00 2.830124076556622903e+00 9.199999999999999845e-02
2.702801100000000000e+07 1.000000000000000000e+00 6.500000000000000000e+01 2.502128205405728295e+03 5.601239999999999782e+03 3.039178739278272133e+03 0.000000000000000000e+00 1.608031744863449575e+00 4.169999999999999818e-01
2.702801100000000000e+07 0.000000000000000000e+00 6.500000000000000000e+01 2.498038205405728149e+03 5.601050000000000182e+03 3.045839739278272191e+03 0.000000000000000000e+00 6.812965527852871128e-01 4.169999999999999818e-01
2.702800900000000000e+07 0.000000000000000000e+00 6.500000000000000000e+01 2.501608205405729677e+03 5.602729999999999563e+03 3.048958739278271878e+03 0.000000000000000000e+00 1.372414322116367380e+00 6.099999999999999867e-02
2.702800900000000000e+07 0.000000000000000000e+00 6.500000000000000000e+01 2.502368205405729896e+03 5.602779999999999745e+03 3.049083739278272787e+03 0.000000000000000000e+00 7.096048955766229849e-01 4.169999999999999818e-01
2.702800900000000000e+07 0.000000000000000000e+00 6.500000000000000000e+01 2.505428205405729386e+03 5.601500000000000000e+03 3.048069739278272664e+03 0.000000000000000000e+00 2.948112008733225320e+00 2.400000000000000050e-02
2.702801000000000000e+07 1.000000000000000000e+00 6.500000000000000000e+01 2.506948205405729823e+03 5.601030000000000655e+03 3.042069739278271754e+03 0.000000000000000000e+00 2.939021804442454755e+00 9.199999999999999845e-02
2.702800900000000000e+07 1.000000000000000000e+00 6.500000000000000000e+01 2.511448205405729823e+03 5.607949999999999818e+03 3.040837739278271783e+03 0.000000000000000000e+00 6.046707010796711579e+00 6.099999999999999867e-02
2.702792400000000000e+07 1.000000000000000000e+00 6.500000000000000000e+01 2.518948205405729823e+03 5.608579999999999927e+03 3.039812739278272147e+03 0.000000000000000000e+00 4.220157188124451508e+00 9.199999999999999845e-02
2.702792200000000000e+07 1.000000000000000000e+00 6.500000000000000000e+01 2.537428205405729386e+03 5.609039999999999964e+03 3.042773739278272387e+03 0.000000000000000000e+00 8.305850224340527888e+00 9.199999999999999845e-02
2.702792300000000000e+07 1.000000000000000000e+00 6.500000000000000000e+01 2.535258205405729313e+03 5.607409999999999854e+03 3.039280739278271994e+03 0.000000000000000000e+00 7.861687354034903485e+00 6.099999999999999867e-02
2.723728500000000000e+07 1.000000000000000000e+00 6.500000000000000000e+01 2.433658205405728950e+03 5.502880000000000109e+03 3.108921739278272526e+03 0.000000000000000000e+00 1.048210146004132870e+00 2.400000000000000050e-02
2.723728800000000000e+07 0.000000000000000000e+00 6.600000000000000000e+01 2.429658205405728950e+03 5.500649999999999636e+03 3.116522739278272184e+03 0.000000000000000000e+00 2.455686749839483873e+00 6.099999999999999867e-02
2.723720000000000000e+07 1.000000000000000000e+00 6.500000000000000000e+01 2.425828205405729022e+03 5.521020000000000437e+03 3.113518739278272278e+03 0.000000000000000000e+00 4.260801077274345872e+00 9.199999999999999845e-02
2.723737200000000000e+07 1.000000000000000000e+00 6.600000000000000000e+01 2.424338205405729241e+03 5.521350000000000364e+03 3.113413739278272715e+03 0.000000000000000000e+00 3.830887503676945638e+00 4.169999999999999818e-01
2.723719700000000000e+07 1.000000000000000000e+00 6.600000000000000000e+01 2.422228205405728659e+03 5.527270000000000437e+03 3.116524739278272591e+03 0.000000000000000000e+00 2.323904988253855386e+00 6.099999999999999867e-02
2.723719600000000000e+07 1.000000000000000000e+00 6.600000000000000000e+01 2.422218205405728440e+03 5.527600000000000364e+03 3.118831739278272380e+03 0.000000000000000000e+00 2.680916311763800852e+00 6.099999999999999867e-02
2.723623000000000000e+07 1.000000000000000000e+00 6.500000000000000000e+01 2.409268205405729532e+03 5.517880000000000109e+03 3.117612739278272329e+03 0.000000000000000000e+00 1.782956059795739012e+00 2.400000000000000050e-02
2.723623100000000000e+07 0.000000000000000000e+00 6.500000000000000000e+01 2.404458205405730041e+03 5.518000000000000000e+03 3.111569739278272664e+03 0.000000000000000000e+00 2.228236388244672295e+00 6.099999999999999867e-02
2.723623000000000000e+07 1.000000000000000000e+00 6.500000000000000000e+01 2.406408205405728950e+03 5.515229999999999563e+03 3.115738739278272533e+03 0.000000000000000000e+00 9.553270368737964979e-01 6.099999999999999867e-02
2.723737000000000000e+07 1.000000000000000000e+00 6.600000000000000000e+01 2.414948205405729823e+03 5.510869999999999891e+03 3.127602739278272111e+03 0.000000000000000000e+00 6.594853098940197889e+00 1.124000000000000021e+01
2.723737000000000000e+07 1.000000000000000000e+00 6.600000000000000000e+01 2.414948205405729823e+03 5.510869999999999891e+03 3.127602739278272111e+03 0.000000000000000000e+00 6.594853098940197889e+00 3.321509999999999962e+00
2.933813500000000000e+07 0.000000000000000000e+00 6.600000000000000000e+01 4.953862054057290152e+02 2.881889999999999418e+03 3.560413739278272715e+03 1.000000000000000000e+00 2.884851670544218649e+00 8.600000000000000000e+01
