5.761067300000000000e+07 1.000000000000000000e+00 6.600000000000000000e+01 3.141050392056675264e+03 5.415465575691161575e+03 6.748771999999999935e+03 0.000000000000000000e+00 5.848270117017568381e+00 1.339000000000000057e+01
7.819525700000000000e+07 1.000000000000000000e+00 6.600000000000000000e+01 3.600990392056673954e+03 4.855875575691161430e+03 9.181100000000000364e+03 0.000000000000000000e+00 6.725344336206868334e+00 1.605000000000000071e+01
1.008318260000000000e+08 1.000000000000000000e+00 6.600000000000000000e+01 3.149650392056673809e+03 4.222975575691161794e+03 1.172893000000000029e+04 0.000000000000000000e+00 7.015301012343122533e-01 1.078999999999999915e+01
1.008321190000000000e+08 1.000000000000000000e+00 6.600000000000000000e+01 3.054870392056674973e+03 4.180375575691161430e+03 1.177144000000000051e+04 0.000000000000000000e+00 6.177767168996899372e+00 1.605000000000000071e+01
1.075151920000000000e+08 0.000000000000000000e+00 6.500000000000000000e+01 8.924803920566746456e+02 2.632365575691162121e+03 1.280063000000000102e+04 0.000000000000000000e+00 2.048916538282677280e+00 1.605000000000000071e+01
1.075151920000000000e+08 1.000000000000000000e+00 6.600000000000000000e+01 9.076793920566742599e+02 2.630895575691161866e+03 1.280239999999999964e+04 0.000000000000000000e+00 5.336575985126096100e+00 9.199999999999999845e-02
1.075151920000000000e+08 1.000000000000000000e+00 6.600000000000000000e+01 9.114873920566742527e+02 2.630755575691161539e+03 1.280354999999999927e+04 0.000000000000000000e+00 8.444153880355713682e+00 6.099999999999999867e-02
1.075151920000000000e+08 1.000000000000000000e+00 6.600000000000000000e+01 9.080033920566747838e+02 2.626855575691161903e+03 1.279242000000000007e+04 0.000000000000000000e+00 9.153810297342308999e+00 1.078999999999999915e+01
1.075151920000000000e+08 1.000000000000000000e+00 6.600000000000000000e+01 9.080033920566747838e+02 2.626855575691161903e+03 1.279242000000000007e+04 0.000000000000000000e+00 9.153810297342308999e+00 1.389100000000000001e+00
1.075151920000000000e+08 1.000000000000000000e+00 6.600000000000000000e+01 9.080033920566747838e+02 2.626855575691161903e+03 1.279242000000000007e+04 0.000000000000000000e+00 9.153810297342308999e+00 1.021600000000000064e+00
1.028050270000000000e+08 1.000000000000000000e+00 6.500000000000000000e+01 2.671920392056674245e+03 4.053595575691161685e+03 1.205242000000000007e+04 0.000000000000000000e+00 2.182892383995389096e+00 9.199999999999999845e-02
1.028050290000000000e+08 0.000000000000000000e+00 6.500000000000000000e+01 2.670600392056674536e+03 4.055435575691161830e+03 1.205517000000000007e+04 0.000000000000000000e+00 2.346626798281783000e+00 9.199999999999999845e-02
1.028050300000000000e+08 0.000000000000000000e+00 6.600000000000000000e+01 2.666790392056675046e+03 4.056755575691161539e+03 1.205982999999999993e+04 0.000000000000000000e+00 1.582025334198645661e+00 2.039999999999999869e-01
1.028050320000000000e+08 0.000000000000000000e+00 6.500000000000000000e+01 2.662660392056674027e+03 4.055575575691162157e+03 1.206652999999999884e+04 0.000000000000000000e+00 1.629384754806900037e+00 2.400000000000000050e-02
1.028050320000000000e+08 1.000000000000000000e+00 6.500000000000000000e+01 2.659730392056675555e+03 4.057665575691161393e+03 1.206493000000000029e+04 0.000000000000000000e+00 1.438252169986902862e+00 8.349999999999999645e-01
1.028050320000000000e+08 1.000000000000000000e+00 6.500000000000000000e+01 2.659730392056675555e+03 4.057665575691161393e+03 1.206493000000000029e+04 0.000000000000000000e+00 1.438252169986902862e+00 7.126629999999999576e+00
1.008321190000000000e+08 1.000000000000000000e+00 6.600000000000000000e+01 3.057420392056674245e+03 4.181855575691160993e+03 1.177438000000000102e+04 0.000000000000000000e+00 5.978963441432157744e+00 1.078999999999999915e+01
1.008321190000000000e+08 1.000000000000000000e+00 6.600000000000000000e+01 3.056920392056674245e+03 4.181815575691161939e+03 1.177360000000000036e+04 0.000000000000000000e+00 5.829495151555796006e+00 1.339000000000000057e+01
1.008321150000000000e+08 1.000000000000000000e+00 6.500000000000000000e+01 3.061900392056673809e+03 4.177915575691161393e+03 1.177218999999999869e+04 0.000000000000000000e+00 7.126113385205622208e+00 6.099999999999999867e-02
1.008320370000000000e+08 1.000000000000000000e+00 6.500000000000000000e+01 3.036540392056675046e+03 4.166925575691162521e+03 1.175809999999999854e+04 0.000000000000000000e+00 6.201203713453049993e+00 9.199999999999999845e-02
1.008320360000000000e+08 1.000000000000000000e+00 6.500000000000000000e+01 3.032510392056674391e+03 4.165725575691161794e+03 1.174579999999999927e+04 0.000000000000000000e+00 6.587845601114899807e+00 1.078999999999999915e+01
1.008320360000000000e+08 1.000000000000000000e+00 6.500000000000000000e+01 3.032510392056674391e+03 4.165725575691161794e+03 1.174579999999999927e+04 0.000000000000000000e+00 6.587845601114899807e+00 6.740280000000000271e+00
1.008320360000000000e+08 1.000000000000000000e+00 6.500000000000000000e+01 3.032510392056674391e+03 4.165725575691161794e+03 1.174579999999999927e+04 0.000000000000000000e+00 6.587845601114899807e+00 4.738139999999999574e+00
1.008321190000000000e+08 1.000000000000000000e+00 6.600000000000000000e+01 3.056920392056674245e+03 4.181815575691161939e+03 1.177360000000000036e+04 0.000000000000000000e+00 5.829495151555796006e+00 4.765869999999999607e+00
1.008321190000000000e+08 1.000000000000000000e+00 6.600000000000000000e+01 3.057420392056674245e+03 4.181855575691160993e+03 1.177438000000000102e+04 0.000000000000000000e+00 5.978963441432157744e+00 2.348120000000000207e+00
1.008318260000000000e+08 1.000000000000000000e+00 6.600000000000000000e+01 3.149650392056673809e+03 4.222975575691161794e+03 1.172893000000000029e+04 0.000000000000000000e+00 7.015301012343122533e-01 4.417720000000000091e+00
5.760971500000000000e+07 1.000000000000000000e+00 6.500000000000000000e+01 3.123080392056674100e+03 5.397405575691162085e+03 6.767654000000000451e+03 0.000000000000000000e+00 9.587691215587486937e+00 2.400000000000000050e-02
5.760971500000000000e+07 1.000000000000000000e+00 6.500000000000000000e+01 3.123110392056674755e+03 5.397315575691161939e+03 6.767768000000000029e+03 0.000000000000000000e+00 9.464147438857780870e+00 9.199999999999999845e-02
5.760971500000000000e+07 1.000000000000000000e+00 6.500000000000000000e+01 3.123110392056674755e+03 5.397375575691161430e+03 6.770083999999999833e+03 0.000000000000000000e+00 8.919935640315593162e+00 6.099999999999999867e-02
5.760971500000000000e+07 1.000000000000000000e+00 6.500000000000000000e+01 3.122780392056674827e+03 5.397765575691161757e+03 6.769958999999999833e+03 0.000000000000000000e+00 9.442923070166171939e+00 9.199999999999999845e-02
4.650505000000000000e+07 1.000000000000000000e+00 6.600000000000000000e+01 2.753420392056674245e+03 5.802035575691161284e+03 5.392550000000000182e+03 0.000000000000000000e+00 9.882834626714739557e+00 5.000000000000000000e-01
4.650505000000000000e+07 1.000000000000000000e+00 6.600000000000000000e+01 2.753420392056674245e+03 5.802035575691161284e+03 5.392550000000000182e+03 0.000000000000000000e+00 9.882834626714739557e+00 7.361799999999999677e+00
9.396937900000000000e+07 0.000000000000000000e+00 6.500000000000000000e+01 1.084634392056674187e+03 8.940985575691162012e+03 1.109938000000000102e+04 1.000000000000000000e+00 2.057141419506222313e+00 2.300000000000000000e+02
9.396937600000000000e+07 0.000000000000000000e+00 6.600000000000000000e+01 1.089697392056674289e+03 8.932255575691162448e+03 1.109979999999999927e+04 1.000000000000000000e+00 2.042496530722947679e+00 2.300000000000000000e+02
9.396937500000000000e+07 0.000000000000000000e+00 6.600000000000000000e+01 1.084938392056674274e+03 8.927285575691161284e+03 1.110645999999999913e+04 1.000000000000000000e+00 2.683575768270401785e+00 2.300000000000000000e+02
1.040221610000000000e+08 0.000000000000000000e+00 6.500000000000000000e+01 3.911413920566747038e+02 9.368105575691160993e+03 1.215622000000000116e+04 1.000000000000000000e+00 2.343276441082770667e+00 2.300000000000000000e+02
9.396938100000000000e+07 0.000000000000000000e+00 6.600000000000000000e+01 1.093279392056674624e+03 8.948395575691161866e+03 1.110090999999999985e+04 1.000000000000000000e+00 2.012374221356492132e+00 2.300000000000000000e+02
5.774516200000000000e+07 0.000000000000000000e+00 6.600000000000000000e+01 1.541674392056674151e+03 8.173178575691161313e+03 6.868750000000000000e+03 1.000000000000000000e+00 7.973482354576756359e-01 2.300000000000000000e+02
