9.845971000000000000e+07 0.000000000000000000e+00 6.600000000000000000e+01 4.960399999999999636e+02 1.129388275085691930e+04 1.146611132035503215e+04 0.000000000000000000e+00 1.017438257771879240e+00 1.605000000000000071e+01
9.366146900000000000e+07 1.000000000000000000e+00 6.600000000000000000e+01 4.363450000000000728e+03 1.124684545085691934e+04 1.114455332035503307e+04 0.000000000000000000e+00 5.902221442669278950e+00 1.078999999999999915e+01
9.252093900000000000e+07 1.000000000000000000e+00 6.500000000000000000e+01 7.123268000000000029e+03 1.114031975085691920e+04 1.079957332035503168e+04 0.000000000000000000e+00 4.913059043316526875e+00 1.605000000000000071e+01
9.252398400000000000e+07 1.000000000000000000e+00 6.600000000000000000e+01 7.413520700000000033e+03 1.113037675085691808e+04 1.074432832035503088e+04 0.000000000000000000e+00 3.989687572587224285e+00 1.339000000000000057e+01
8.310715700000000000e+07 1.000000000000000000e+00 6.500000000000000000e+01 1.215268999999999869e+04 1.101088075085691889e+04 9.842671320355031639e+03 0.000000000000000000e+00 1.624299606682735542e+00 1.339000000000000057e+01
8.311396100000000000e+07 1.000000000000000000e+00 6.500000000000000000e+01 1.279606999999999971e+04 1.108941575085691875e+04 9.717461320355032512e+03 0.000000000000000000e+00 4.838156261916392253e+00 1.339000000000000057e+01
8.311644000000000000e+07 1.000000000000000000e+00 6.600000000000000000e+01 1.282759999999999854e+04 1.108377975085692015e+04 9.724901320355031203e+03 0.000000000000000000e+00 8.065040486351948701e+00 4.169999999999999818e-01
8.311644500000000000e+07 1.000000000000000000e+00 6.500000000000000000e+01 1.282380999999999949e+04 1.107710575085691926e+04 9.729771320355032003e+03 0.000000000000000000e+00 4.613963920064259483e+00 1.339000000000000057e+01
8.311644500000000000e+07 1.000000000000000000e+00 6.500000000000000000e+01 1.282380999999999949e+04 1.107710575085691926e+04 9.729771320355032003e+03 0.000000000000000000e+00 4.613963920064259483e+00 4.276519999999999655e+00
8.311644500000000000e+07 1.000000000000000000e+00 6.500000000000000000e+01 1.282380999999999949e+04 1.107710575085691926e+04 9.729771320355032003e+03 0.000000000000000000e+00 4.613963920064259483e+00 1.388319999999999999e+00
8.310715500000000000e+07 1.000000000000000000e+00 6.500000000000000000e+01 1.214973999999999978e+04 1.100543575085691919e+04 9.852971320355032731e+03 0.000000000000000000e+00 3.035483462651059394e+00 9.199999999999999845e-02
8.310807700000000000e+07 1.000000000000000000e+00 6.500000000000000000e+01 1.215154999999999927e+04 1.100788675085692012e+04 9.852221320355030912e+03 0.000000000000000000e+00 2.935015856805441636e+00 2.039999999999999869e-01
8.310715600000000000e+07 1.000000000000000000e+00 6.500000000000000000e+01 1.215279999999999927e+04 1.100910675085691946e+04 9.852001320355031567e+03 0.000000000000000000e+00 3.385524016047723350e+00 9.199999999999999845e-02
8.310715400000000000e+07 1.000000000000000000e+00 6.500000000000000000e+01 1.214292000000000007e+04 1.100842275085692017e+04 9.857701320355032294e+03 0.000000000000000000e+00 1.492345859877026504e+00 9.199999999999999845e-02
8.310807200000000000e+07 0.000000000000000000e+00 6.600000000000000000e+01 1.213652000000000044e+04 1.100322875085691885e+04 9.862281320355032221e+03 0.000000000000000000e+00 6.307998928403886207e-01 4.169999999999999818e-01
8.310807100000000000e+07 1.000000000000000000e+00 6.500000000000000000e+01 1.213400000000000000e+04 1.100914075085691911e+04 9.864331320355031494e+03 0.000000000000000000e+00 3.302565153765357753e+00 9.199999999999999845e-02
8.310807100000000000e+07 1.000000000000000000e+00 6.500000000000000000e+01 1.213540999999999985e+04 1.101154375085691936e+04 9.864571320355033095e+03 0.000000000000000000e+00 3.628312486812246274e+00 6.099999999999999867e-02
8.310807100000000000e+07 1.000000000000000000e+00 6.500000000000000000e+01 1.213673999999999978e+04 1.101266575085691875e+04 9.865011320355031785e+03 0.000000000000000000e+00 4.383214001065461218e+00 9.199999999999999845e-02
8.310807100000000000e+07 1.000000000000000000e+00 6.500000000000000000e+01 1.212917000000000007e+04 1.101428075085692035e+04 9.862501320355031567e+03 0.000000000000000000e+00 5.668759307569612105e+00 2.400000000000000050e-02
8.310807100000000000e+07 1.000000000000000000e+00 6.500000000000000000e+01 1.212588000000000102e+04 1.100907875085691921e+04 9.866151320355031203e+03 0.000000000000000000e+00 4.201818822827594779e+00 2.400000000000000050e-02
8.310807100000000000e+07 1.000000000000000000e+00 6.500000000000000000e+01 1.212597999999999956e+04 1.100520275085691901e+04 9.866751320355031567e+03 0.000000000000000000e+00 3.876301935069391469e+00 6.099999999999999867e-02
8.310706900000000000e+07 0.000000000000000000e+00 6.500000000000000000e+01 1.212886999999999898e+04 1.099264175085691932e+04 9.868581320355031494e+03 0.000000000000000000e+00 1.759805977748277073e+00 8.349999999999999645e-01
8.310706900000000000e+07 0.000000000000000000e+00 6.500000000000000000e+01 1.213431999999999971e+04 1.098882775085691901e+04 9.869351320355031930e+03 0.000000000000000000e+00 3.444646963307672838e+00 2.400000000000000050e-02
8.310707200000000000e+07 1.000000000000000000e+00 6.600000000000000000e+01 1.214354999999999927e+04 1.097814775085691872e+04 9.857391320355032803e+03 0.000000000000000000e+00 9.140238230601417158e+00 2.400000000000000050e-02
8.310707300000000000e+07 1.000000000000000000e+00 6.600000000000000000e+01 1.214342000000000007e+04 1.097965175085691953e+04 9.850591320355031712e+03 0.000000000000000000e+00 9.760073693551420959e+00 2.400000000000000050e-02
8.310707300000000000e+07 1.000000000000000000e+00 6.600000000000000000e+01 1.213468999999999869e+04 1.098625575085691889e+04 9.852591320355031712e+03 0.000000000000000000e+00 1.183885331859698686e+00 9.199999999999999845e-02
8.310707400000000000e+07 0.000000000000000000e+00 6.600000000000000000e+01 1.213147000000000116e+04 1.098521375085691943e+04 9.851141320355032803e+03 0.000000000000000000e+00 1.942752957621116439e+00 2.400000000000000050e-02
8.310707400000000000e+07 0.000000000000000000e+00 6.500000000000000000e+01 1.212961999999999898e+04 1.098083275085692003e+04 9.852141320355032803e+03 0.000000000000000000e+00 2.576069956490094182e+00 9.199999999999999845e-02
8.310707100000000000e+07 1.000000000000000000e+00 6.600000000000000000e+01 1.212736000000000058e+04 1.097595075085691860e+04 9.862041320355032440e+03 0.000000000000000000e+00 3.133574146891998868e+00 6.099999999999999867e-02
8.663292900000000000e+07 1.000000000000000000e+00 6.600000000000000000e+01 1.021415999999999985e+04 1.101588275085691930e+04 1.021449132035503135e+04 0.000000000000000000e+00 8.800740892495618084e+00 1.339000000000000057e+01
8.663292900000000000e+07 1.000000000000000000e+00 6.600000000000000000e+01 1.021675000000000000e+04 1.101774275085691988e+04 1.021537132035503237e+04 0.000000000000000000e+00 8.159693426614820666e+00 1.000000000000000000e+01
8.663292800000000000e+07 1.000000000000000000e+00 6.600000000000000000e+01 1.021988000000000102e+04 1.102137975085691869e+04 1.020682132035503309e+04 0.000000000000000000e+00 3.282112269470445209e+00 2.400000000000000050e-02
8.663292800000000000e+07 1.000000000000000000e+00 6.600000000000000000e+01 1.021239999999999964e+04 1.102393375085691878e+04 1.020309132035503171e+04 0.000000000000000000e+00 9.550091794219516927e+00 9.199999999999999845e-02
8.663208300000000000e+07 1.000000000000000000e+00 6.600000000000000000e+01 1.019392000000000007e+04 1.101801075085691991e+04 1.018874132035503135e+04 0.000000000000000000e+00 2.971113809684305718e+00 4.169999999999999818e-01
8.663208400000000000e+07 0.000000000000000000e+00 6.600000000000000000e+01 1.018332999999999993e+04 1.101547975085691905e+04 1.018829132035503244e+04 0.000000000000000000e+00 1.979646774256258679e+00 4.169999999999999818e-01
8.663292900000000000e+07 1.000000000000000000e+00 6.600000000000000000e+01 1.021415999999999985e+04 1.101588275085691930e+04 1.021449132035503135e+04 0.000000000000000000e+00 8.800740892495618084e+00 3.234220000000000095e+00
9.252398000000000000e+07 1.000000000000000000e+00 6.500000000000000000e+01 7.417727700000000368e+03 1.112502375085691892e+04 1.075380432035503327e+04 0.000000000000000000e+00 8.654139931062211133e+00 2.039999999999999869e-01
9.252398000000000000e+07 1.000000000000000000e+00 6.500000000000000000e+01 7.418191700000000310e+03 1.112701875085691972e+04 1.075198932035503094e+04 0.000000000000000000e+00 7.561027706386739489e+00 2.400000000000000050e-02
9.252397900000000000e+07 1.000000000000000000e+00 6.500000000000000000e+01 7.425927399999999579e+03 1.113664175085691932e+04 1.074890232035503141e+04 0.000000000000000000e+00 6.485061054381523249e+00 2.039999999999999869e-01
9.252398200000000000e+07 1.000000000000000000e+00 6.600000000000000000e+01 7.430472799999999552e+03 1.114766475085691854e+04 1.073834632035503091e+04 0.000000000000000000e+00 6.901610710922956748e+00 9.199999999999999845e-02
9.252398200000000000e+07 1.000000000000000000e+00 6.600000000000000000e+01 7.429470100000000457e+03 1.114969175085692041e+04 1.073797532035503173e+04 0.000000000000000000e+00 5.164690175184513343e+00 6.099999999999999867e-02
9.252398100000000000e+07 1.000000000000000000e+00 6.600000000000000000e+01 7.433562799999999697e+03 1.115885375085691885e+04 1.073784832035503132e+04 0.000000000000000000e+00 8.557548067139002512e+00 9.199999999999999845e-02
9.252398200000000000e+07 1.000000000000000000e+00 6.600000000000000000e+01 7.431924100000000180e+03 1.115332475085691840e+04 1.073139432035503341e+04 0.000000000000000000e+00 9.624397260040298718e+00 8.349999999999999645e-01
9.252093800000000000e+07 1.000000000000000000e+00 6.500000000000000000e+01 7.124203999999999724e+03 1.114372075085691904e+04 1.080358332035503190e+04 0.000000000000000000e+00 1.589551739865190605e+00 1.078999999999999915e+01
9.252093800000000000e+07 1.000000000000000000e+00 6.500000000000000000e+01 7.124211999999999534e+03 1.114395675085691983e+04 1.080377632035503120e+04 0.000000000000000000e+00 1.315807810896255425e+00 1.605000000000000071e+01
9.252093700000000000e+07 1.000000000000000000e+00 6.500000000000000000e+01 7.124563000000000102e+03 1.114818075085691817e+04 1.080688832035503219e+04 0.000000000000000000e+00 1.719182219391764077e+00 1.078999999999999915e+01
9.252097500000000000e+07 1.000000000000000000e+00 6.500000000000000000e+01 7.135286000000000058e+03 1.113990575085692035e+04 1.080435532035503275e+04 0.000000000000000000e+00 4.418531258718805255e+00 1.078999999999999915e+01
9.252097500000000000e+07 1.000000000000000000e+00 6.500000000000000000e+01 7.135442000000000007e+03 1.113971275085691923e+04 1.080434132035503171e+04 0.000000000000000000e+00 4.216451954375268762e+00 1.260999999999999943e+01
9.252097500000000000e+07 1.000000000000000000e+00 6.500000000000000000e+01 7.143590000000000146e+03 1.113521575085691802e+04 1.080736232035503235e+04 0.000000000000000000e+00 1.673574633196308836e+00 3.229999999999999716e+01
9.252097600000000000e+07 1.000000000000000000e+00 6.500000000000000000e+01 7.148301999999999680e+03 1.113204475085691956e+04 1.080943032035503165e+04 0.000000000000000000e+00 4.284569877909066626e+00 1.339000000000000057e+01
9.252112500000000000e+07 1.000000000000000000e+00 6.500000000000000000e+01 7.155780999999999949e+03 1.113128675085691975e+04 1.081136832035503176e+04 0.000000000000000000e+00 1.987560462383510140e+00 1.078999999999999915e+01
9.252112500000000000e+07 1.000000000000000000e+00 6.500000000000000000e+01 7.162001000000000204e+03 1.113210275085692047e+04 1.081232232035503330e+04 0.000000000000000000e+00 5.164879328137368830e+00 1.078999999999999915e+01
9.252112500000000000e+07 1.000000000000000000e+00 6.500000000000000000e+01 7.162001000000000204e+03 1.113210275085692047e+04 1.081232232035503330e+04 0.000000000000000000e+00 5.164879328137368830e+00 2.662150000000000016e+00
9.252112500000000000e+07 1.000000000000000000e+00 6.500000000000000000e+01 7.162001000000000204e+03 1.113210275085692047e+04 1.081232232035503330e+04 0.000000000000000000e+00 5.164879328137368830e+00 1.551369999999999916e+00
9.252097500000000000e+07 1.000000000000000000e+00 6.500000000000000000e+01 7.133335000000000036e+03 1.113289375085691972e+04 1.080647832035503234e+04 0.000000000000000000e+00 2.993464070704805025e+00 2.400000000000000050e-02
9.252093700000000000e+07 1.000000000000000000e+00 6.500000000000000000e+01 7.130623999999999796e+03 1.114390975085691935e+04 1.081626032035503158e+04 0.000000000000000000e+00 5.945529926897694217e+00 6.099999999999999867e-02
9.252011800000000000e+07 0.000000000000000000e+00 6.500000000000000000e+01 7.116395000000000437e+03 1.114144975085691840e+04 1.083760232035503213e+04 0.000000000000000000e+00 2.015993108202190243e+00 6.099999999999999867e-02
9.252011700000000000e+07 0.000000000000000000e+00 6.600000000000000000e+01 7.110418999999999869e+03 1.113717075085691977e+04 1.084505832035503227e+04 0.000000000000000000e+00 6.344643907347411460e-01 4.169999999999999818e-01
9.252011700000000000e+07 0.000000000000000000e+00 6.600000000000000000e+01 7.109240999999999985e+03 1.113810875085691805e+04 1.084542632035503266e+04 0.000000000000000000e+00 1.088234649326343950e+00 9.199999999999999845e-02
9.252011700000000000e+07 0.000000000000000000e+00 6.600000000000000000e+01 7.105966999999999643e+03 1.114195475085691942e+04 1.084380932035503247e+04 0.000000000000000000e+00 3.928407027133443474e+00 9.199999999999999845e-02
9.252011500000000000e+07 0.000000000000000000e+00 6.500000000000000000e+01 7.115171000000000276e+03 1.114813275085691930e+04 1.084874832035503277e+04 0.000000000000000000e+00 3.960538508578865802e+00 6.099999999999999867e-02
9.252019500000000000e+07 1.000000000000000000e+00 6.500000000000000000e+01 7.134664999999999964e+03 1.114485675085691946e+04 1.085285532035503275e+04 0.000000000000000000e+00 4.245973970630865679e+00 6.099999999999999867e-02
9.252019500000000000e+07 1.000000000000000000e+00 6.500000000000000000e+01 7.137770999999999731e+03 1.114931175085691939e+04 1.085094932035503189e+04 0.000000000000000000e+00 6.027094830931832625e+00 9.199999999999999845e-02
9.252019600000000000e+07 1.000000000000000000e+00 6.500000000000000000e+01 7.138811999999999898e+03 1.115066775085691916e+04 1.084547932035503254e+04 0.000000000000000000e+00 7.156036772993446426e+00 2.400000000000000050e-02
9.252011500000000000e+07 1.000000000000000000e+00 6.600000000000000000e+01 7.129862000000000080e+03 1.114137475085691949e+04 1.084980032035503245e+04 0.000000000000000000e+00 4.943595309549804639e+00 4.169999999999999818e-01
9.252011500000000000e+07 1.000000000000000000e+00 6.600000000000000000e+01 7.130671000000000276e+03 1.113850675085691910e+04 1.084979132035503244e+04 0.000000000000000000e+00 5.202138185681512539e+00 4.169999999999999818e-01
9.252019900000000000e+07 1.000000000000000000e+00 6.600000000000000000e+01 7.131182999999999993e+03 1.113668975085692000e+04 1.084978532035503304e+04 0.000000000000000000e+00 5.277186385913503308e+00 9.199999999999999845e-02
9.252019900000000000e+07 1.000000000000000000e+00 6.600000000000000000e+01 7.131182999999999993e+03 1.113668975085692000e+04 1.084978532035503304e+04 0.000000000000000000e+00 5.277186385913503308e+00 7.360409999999999897e+00
9.252097600000000000e+07 1.000000000000000000e+00 6.500000000000000000e+01 7.147574999999999818e+03 1.113083175085691983e+04 1.081261632035503135e+04 0.000000000000000000e+00 1.731523999851525053e+00 9.199999999999999845e-02
9.252097600000000000e+07 1.000000000000000000e+00 6.500000000000000000e+01 7.145331000000000131e+03 1.112927675085691953e+04 1.080933532035503231e+04 0.000000000000000000e+00 2.868907451679531651e+00 2.039999999999999869e-01
9.252097500000000000e+07 1.000000000000000000e+00 6.500000000000000000e+01 7.142192000000000007e+03 1.113460075085692006e+04 1.080582332035503168e+04 0.000000000000000000e+00 1.010493018658160436e+00 9.199999999999999845e-02
9.252097500000000000e+07 1.000000000000000000e+00 6.500000000000000000e+01 7.140712999999999738e+03 1.113397175085691924e+04 1.080744032035503187e+04 0.000000000000000000e+00 1.395524270991068239e+00 9.199999999999999845e-02
9.252112500000000000e+07 1.000000000000000000e+00 6.500000000000000000e+01 7.158645000000000437e+03 1.112968175085691837e+04 1.080889332035503321e+04 0.000000000000000000e+00 5.830908246878135692e+00 6.099999999999999867e-02
9.252112700000000000e+07 1.000000000000000000e+00 6.500000000000000000e+01 7.157537000000000262e+03 1.114085675085691946e+04 1.080474932035503298e+04 0.000000000000000000e+00 1.304323488264768960e+00 9.199999999999999845e-02
9.252112600000000000e+07 1.000000000000000000e+00 6.500000000000000000e+01 7.155548999999999978e+03 1.113320775085692003e+04 1.080465332035503161e+04 0.000000000000000000e+00 5.238618973741841600e+00 9.199999999999999845e-02
9.252112600000000000e+07 1.000000000000000000e+00 6.500000000000000000e+01 7.155548999999999978e+03 1.113320775085692003e+04 1.080465332035503161e+04 0.000000000000000000e+00 5.238618973741841600e+00 7.315579999999999750e+00
9.252112300000000000e+07 0.000000000000000000e+00 6.600000000000000000e+01 7.140956000000000131e+03 1.114082375085691820e+04 1.081146532035503333e+04 0.000000000000000000e+00 3.347759756481117233e+00 9.199999999999999845e-02
9.252097600000000000e+07 1.000000000000000000e+00 6.600000000000000000e+01 7.139559000000000196e+03 1.114173975085691927e+04 1.082012532035503318e+04 0.000000000000000000e+00 4.231560784756946525e+00 1.078999999999999915e+01
9.252020200000000000e+07 1.000000000000000000e+00 6.600000000000000000e+01 7.147333999999999833e+03 1.114351575085691911e+04 1.083129032035503224e+04 0.000000000000000000e+00 4.149894513655579154e+00 6.099999999999999867e-02
9.252020200000000000e+07 1.000000000000000000e+00 6.600000000000000000e+01 7.152402000000000044e+03 1.114337175085691888e+04 1.083286932035503196e+04 0.000000000000000000e+00 7.474070986341145861e+00 9.199999999999999845e-02
9.252020200000000000e+07 1.000000000000000000e+00 6.600000000000000000e+01 7.152349000000000160e+03 1.114287275085691908e+04 1.083286132035503215e+04 0.000000000000000000e+00 7.182300650069207926e+00 2.039999999999999869e-01
9.252019700000000000e+07 1.000000000000000000e+00 6.500000000000000000e+01 7.151168999999999869e+03 1.114712075085692049e+04 1.084205632035503186e+04 0.000000000000000000e+00 4.326523822802903929e+00 2.400000000000000050e-02
9.252111700000000000e+07 1.000000000000000000e+00 6.600000000000000000e+01 7.172016999999999825e+03 1.115821175085691902e+04 1.085373832035503256e+04 0.000000000000000000e+00 8.715903822022420755e+00 6.099999999999999867e-02
9.252111700000000000e+07 1.000000000000000000e+00 6.600000000000000000e+01 7.173942000000000007e+03 1.115842575085691897e+04 1.085441332035503183e+04 0.000000000000000000e+00 8.294853951746350873e+00 9.199999999999999845e-02
9.252097600000000000e+07 1.000000000000000000e+00 6.600000000000000000e+01 7.139559000000000196e+03 1.114173975085691927e+04 1.082012532035503318e+04 0.000000000000000000e+00 4.231560784756946525e+00 5.484379999999999811e+00
9.252112300000000000e+07 1.000000000000000000e+00 6.600000000000000000e+01 7.138381000000000313e+03 1.114187175085691888e+04 1.080380432035503327e+04 0.000000000000000000e+00 3.224625627902500291e+00 9.199999999999999845e-02
9.252112300000000000e+07 0.000000000000000000e+00 6.600000000000000000e+01 7.144556999999999789e+03 1.114082475085691840e+04 1.080600432035503218e+04 0.000000000000000000e+00 1.063014541825342496e+00 2.039999999999999869e-01
9.252086800000000000e+07 1.000000000000000000e+00 6.500000000000000000e+01 7.135220000000000255e+03 1.114204175085691895e+04 1.077919232035503228e+04 0.000000000000000000e+00 4.281696274069879848e+00 4.169999999999999818e-01
9.252030600000000000e+07 1.000000000000000000e+00 6.500000000000000000e+01 7.137600999999999658e+03 1.113911675085691968e+04 1.076912132035503237e+04 0.000000000000000000e+00 1.711950481837134719e+00 4.169999999999999818e-01
9.252087700000000000e+07 1.000000000000000000e+00 6.500000000000000000e+01 7.141014000000000124e+03 1.111663975085691891e+04 1.078793532035503085e+04 0.000000000000000000e+00 4.638832280435719824e+00 9.199999999999999845e-02
9.252097500000000000e+07 1.000000000000000000e+00 6.500000000000000000e+01 7.141317000000000007e+03 1.113105875085691878e+04 1.079674132035503135e+04 0.000000000000000000e+00 9.918807248875088689e+00 2.400000000000000050e-02
9.252097500000000000e+07 1.000000000000000000e+00 6.500000000000000000e+01 7.146332999999999629e+03 1.113046775085691843e+04 1.079866932035503123e+04 0.000000000000000000e+00 9.187654544169868487e+00 9.199999999999999845e-02
9.252112600000000000e+07 1.000000000000000000e+00 6.500000000000000000e+01 7.160911000000000058e+03 1.113465375085691994e+04 1.080971132035503251e+04 0.000000000000000000e+00 3.157787638929610452e+00 4.169999999999999818e-01
9.252105200000000000e+07 1.000000000000000000e+00 6.500000000000000000e+01 7.163766999999999825e+03 1.113903875085691834e+04 1.083515532035503202e+04 0.000000000000000000e+00 3.632883741982540826e+00 1.078999999999999915e+01
9.252105200000000000e+07 1.000000000000000000e+00 6.500000000000000000e+01 7.163766999999999825e+03 1.113903875085691834e+04 1.083515532035503202e+04 0.000000000000000000e+00 3.632883741982540826e+00 5.433120000000000172e-01
9.252105200000000000e+07 1.000000000000000000e+00 6.500000000000000000e+01 7.163766999999999825e+03 1.113903875085691834e+04 1.083515532035503202e+04 0.000000000000000000e+00 3.632883741982540826e+00 2.271240000000000064e-02
9.252093700000000000e+07 1.000000000000000000e+00 6.500000000000000000e+01 7.121662999999999556e+03 1.114374875085691929e+04 1.080631632035503208e+04 0.000000000000000000e+00 2.175429592822158309e+00 9.199999999999999845e-02
9.252093700000000000e+07 1.000000000000000000e+00 6.500000000000000000e+01 7.123570999999999913e+03 1.114793875085691980e+04 1.081780432035503327e+04 0.000000000000000000e+00 6.514427278974865843e+00 4.169999999999999818e-01
9.252093700000000000e+07 1.000000000000000000e+00 6.500000000000000000e+01 7.124311999999999898e+03 1.114949975085691949e+04 1.081631732035503228e+04 0.000000000000000000e+00 5.657309467624715538e+00 2.039999999999999869e-01
9.252093600000000000e+07 1.000000000000000000e+00 6.500000000000000000e+01 7.119895999999999731e+03 1.115643975085692000e+04 1.081110832035503336e+04 0.000000000000000000e+00 4.483217118655132616e+00 2.400000000000000050e-02
9.252093600000000000e+07 1.000000000000000000e+00 6.500000000000000000e+01 7.121792999999999665e+03 1.115810375085691885e+04 1.081753832035503183e+04 0.000000000000000000e+00 9.766912897662445303e+00 9.199999999999999845e-02
9.252104200000000000e+07 1.000000000000000000e+00 6.500000000000000000e+01 7.148762999999999920e+03 1.115957975085691942e+04 1.082204932035503225e+04 0.000000000000000000e+00 9.184953850029328848e+00 9.199999999999999845e-02
9.252104900000000000e+07 1.000000000000000000e+00 6.600000000000000000e+01 7.156971999999999753e+03 1.115846875085691863e+04 1.081272132035503091e+04 0.000000000000000000e+00 2.747118214384535406e+00 9.199999999999999845e-02
9.252104800000000000e+07 1.000000000000000000e+00 6.600000000000000000e+01 7.151109000000000378e+03 1.115872375085691965e+04 1.081183532035503231e+04 0.000000000000000000e+00 6.771062569981867618e+00 9.199999999999999845e-02
9.252112800000000000e+07 1.000000000000000000e+00 6.500000000000000000e+01 7.156668999999999869e+03 1.114898175085691946e+04 1.080895332035503088e+04 0.000000000000000000e+00 2.578664919126794075e+00 2.400000000000000050e-02
9.252112800000000000e+07 1.000000000000000000e+00 6.500000000000000000e+01 7.157663000000000466e+03 1.114760275085692047e+04 1.080634132035503171e+04 0.000000000000000000e+00 8.184154433215301561e-01 8.220000000000000639e+00
9.252112800000000000e+07 1.000000000000000000e+00 6.500000000000000000e+01 7.157663000000000466e+03 1.114760275085692047e+04 1.080634132035503171e+04 0.000000000000000000e+00 8.184154433215301561e-01 1.380079999999999973e+00
9.252093900000000000e+07 0.000000000000000000e+00 6.600000000000000000e+01 7.126643000000000029e+03 1.115434075085691802e+04 1.080059832035503132e+04 0.000000000000000000e+00 1.992366889901025839e+00 9.199999999999999845e-02
9.252093800000000000e+07 1.000000000000000000e+00 6.500000000000000000e+01 7.124140999999999622e+03 1.114287575085691969e+04 1.080329732035503184e+04 0.000000000000000000e+00 2.456630607648323750e+00 2.400000000000000050e-02
9.252093700000000000e+07 1.000000000000000000e+00 6.500000000000000000e+01 7.126661000000000058e+03 1.114922275085691945e+04 1.080883332035503190e+04 0.000000000000000000e+00 2.576995617497285895e+00 1.078999999999999915e+01
9.252093700000000000e+07 1.000000000000000000e+00 6.500000000000000000e+01 7.126661000000000058e+03 1.114922275085691945e+04 1.080883332035503190e+04 0.000000000000000000e+00 2.576995617497285895e+00 4.924619999999999997e+00
9.252093700000000000e+07 1.000000000000000000e+00 6.500000000000000000e+01 7.126661000000000058e+03 1.114922275085691945e+04 1.080883332035503190e+04 0.000000000000000000e+00 2.576995617497285895e+00 4.754400000000000404e+00
9.366147000000000000e+07 1.000000000000000000e+00 6.600000000000000000e+01 4.368539999999999964e+03 1.124999015085692008e+04 1.114676832035503321e+04 0.000000000000000000e+00 9.010757682863401286e+00 2.400000000000000050e-02
9.366146800000000000e+07 1.000000000000000000e+00 6.600000000000000000e+01 4.360289999999999964e+03 1.125912095085691908e+04 1.113711732035503155e+04 0.000000000000000000e+00 6.414332086169592273e+00 6.099999999999999867e-02
9.366146700000000000e+07 1.000000000000000000e+00 6.600000000000000000e+01 4.354989999999999782e+03 1.125628655085691935e+04 1.113202532035503100e+04 0.000000000000000000e+00 4.765168340608735065e+00 9.199999999999999845e-02
9.366146700000000000e+07 1.000000000000000000e+00 6.600000000000000000e+01 4.351649999999999636e+03 1.125425355085691990e+04 1.112684032035503333e+04 0.000000000000000000e+00 6.285178219302899549e+00 2.400000000000000050e-02
9.366172000000000000e+07 1.000000000000000000e+00 6.600000000000000000e+01 4.344250000000000000e+03 1.125059735085691864e+04 1.112016032035503304e+04 0.000000000000000000e+00 9.956134511211622851e+00 6.099999999999999867e-02
9.366172000000000000e+07 1.000000000000000000e+00 6.600000000000000000e+01 4.344190000000000509e+03 1.125063925085691881e+04 1.112011832035503176e+04 0.000000000000000000e+00 9.916226965298221785e+00 4.169999999999999818e-01
9.366171900000000000e+07 1.000000000000000000e+00 6.600000000000000000e+01 4.339899999999999636e+03 1.125188905085692022e+04 1.111110932035503174e+04 0.000000000000000000e+00 4.139415177285412639e+00 6.099999999999999867e-02
9.366172100000000000e+07 1.000000000000000000e+00 6.600000000000000000e+01 4.347989999999999782e+03 1.123959745085691975e+04 1.111278732035503344e+04 0.000000000000000000e+00 6.720444954466977983e+00 9.199999999999999845e-02
9.366172000000000000e+07 1.000000000000000000e+00 6.600000000000000000e+01 4.338560000000000400e+03 1.124343805085691929e+04 1.111438632035503178e+04 0.000000000000000000e+00 4.793123462860090278e+00 9.199999999999999845e-02
9.366172100000000000e+07 1.000000000000000000e+00 6.600000000000000000e+01 4.339149999999999636e+03 1.124131975085691920e+04 1.111606532035503187e+04 0.000000000000000000e+00 6.140761953158307307e+00 6.099999999999999867e-02
9.366172100000000000e+07 1.000000000000000000e+00 6.600000000000000000e+01 4.344569999999999709e+03 1.123632445085691870e+04 1.110875632035503259e+04 0.000000000000000000e+00 4.415998639190646280e+00 2.400000000000000050e-02
9.366172100000000000e+07 1.000000000000000000e+00 6.600000000000000000e+01 4.344639999999999418e+03 1.123700245085691859e+04 1.110888232035503097e+04 0.000000000000000000e+00 4.237462598393276991e+00 9.199999999999999845e-02
9.366172100000000000e+07 1.000000000000000000e+00 6.600000000000000000e+01 4.344639999999999418e+03 1.123700245085691859e+04 1.110888232035503097e+04 0.000000000000000000e+00 4.237462598393276991e+00 7.355599999999999916e+00
9.845979100000000000e+07 1.000000000000000000e+00 6.600000000000000000e+01 4.966800000000002910e+02 1.129231896085691915e+04 1.146778643035503228e+04 0.000000000000000000e+00 1.142982024094097993e+00 1.078999999999999915e+01
9.845971000000000000e+07 0.000000000000000000e+00 6.500000000000000000e+01 4.991399999999994179e+02 1.129010997085691997e+04 1.146350917035503153e+04 0.000000000000000000e+00 6.874186526301256928e-01 1.078999999999999915e+01
9.845971000000000000e+07 0.000000000000000000e+00 6.500000000000000000e+01 4.997400000000006912e+02 1.128950937085691839e+04 1.146325315035503081e+04 0.000000000000000000e+00 4.023053199515627121e-01 2.039999999999999869e-01
9.845971000000000000e+07 0.000000000000000000e+00 6.500000000000000000e+01 4.998200000000006185e+02 1.128942477085692008e+04 1.146321709035503227e+04 0.000000000000000000e+00 4.929037081053108116e-01 1.339000000000000057e+01
9.845971000000000000e+07 1.000000000000000000e+00 6.500000000000000000e+01 5.024900000000006912e+02 1.128231135085691858e+04 1.146144839035503173e+04 0.000000000000000000e+00 1.462547381402499624e+00 2.400000000000000050e-02
9.845971000000000000e+07 1.000000000000000000e+00 6.500000000000000000e+01 5.025099999999993088e+02 1.128119925085692012e+04 1.146032043035503193e+04 0.000000000000000000e+00 2.390786227988664248e+00 1.078999999999999915e+01
9.845963100000000000e+07 1.000000000000000000e+00 6.500000000000000000e+01 5.110499999999992724e+02 1.129530881085691908e+04 1.144430622035503256e+04 0.000000000000000000e+00 3.482643858249699242e+00 4.169999999999999818e-01
9.845970500000000000e+07 1.000000000000000000e+00 6.600000000000000000e+01 5.125799999999999272e+02 1.129900173085691858e+04 1.144522972035503335e+04 0.000000000000000000e+00 4.141236643413183316e+00 2.039999999999999869e-01
9.846138500000000000e+07 1.000000000000000000e+00 6.600000000000000000e+01 5.010900000000001455e+02 1.130122376085691940e+04 1.145017812035503084e+04 0.000000000000000000e+00 1.784231185875295500e+00 2.400000000000000050e-02
9.845962600000000000e+07 1.000000000000000000e+00 6.600000000000000000e+01 5.018200000000006185e+02 1.130449015085692008e+04 1.145379592035503083e+04 0.000000000000000000e+00 6.340024826557674187e-01 6.099999999999999867e-02
9.845970600000000000e+07 0.000000000000000000e+00 6.500000000000000000e+01 5.023500000000003638e+02 1.130395925085691852e+04 1.145517562035503215e+04 0.000000000000000000e+00 7.567679785321320685e-01 1.339000000000000057e+01
9.845970600000000000e+07 0.000000000000000000e+00 6.500000000000000000e+01 5.023500000000003638e+02 1.130395925085691852e+04 1.145517562035503215e+04 0.000000000000000000e+00 7.567679785321320685e-01 1.300589999999999913e+00
9.845970600000000000e+07 0.000000000000000000e+00 6.500000000000000000e+01 5.023500000000003638e+02 1.130395925085691852e+04 1.145517562035503215e+04 0.000000000000000000e+00 7.567679785321320685e-01 1.074799999999999978e+00
9.846137300000000000e+07 1.000000000000000000e+00 6.600000000000000000e+01 5.171300000000001091e+02 1.126486865085691898e+04 1.145987380035503156e+04 0.000000000000000000e+00 1.348597285330121576e+00 1.000000000000000021e-02
9.846137200000000000e+07 1.000000000000000000e+00 6.600000000000000000e+01 5.175399999999999636e+02 1.126121255085691882e+04 1.145921326035503080e+04 0.000000000000000000e+00 1.825132516851831976e+00 9.199999999999999845e-02
9.846137000000000000e+07 0.000000000000000000e+00 6.600000000000000000e+01 5.250699999999997090e+02 1.126305355085691917e+04 1.145668832035503146e+04 0.000000000000000000e+00 2.218141036172922576e+00 2.400000000000000050e-02
9.846137200000000000e+07 1.000000000000000000e+00 6.600000000000000000e+01 5.202199999999993452e+02 1.125990015085691994e+04 1.146371382035503120e+04 0.000000000000000000e+00 1.075621588095560632e+00 4.169999999999999818e-01
9.846137200000000000e+07 1.000000000000000000e+00 6.600000000000000000e+01 5.240900000000001455e+02 1.126378355085691874e+04 1.146233141035503286e+04 0.000000000000000000e+00 4.499521472734763883e+00 9.199999999999999845e-02
9.845973800000000000e+07 1.000000000000000000e+00 6.600000000000000000e+01 5.471800000000002910e+02 1.125027915085691893e+04 1.148571212035503231e+04 0.000000000000000000e+00 6.594609304047343912e+00 2.400000000000000050e-02
9.845973500000000000e+07 0.000000000000000000e+00 6.500000000000000000e+01 5.429999999999990905e+02 1.123387175085691888e+04 1.149020982035503221e+04 0.000000000000000000e+00 9.683675121708817946e-01 4.169999999999999818e-01
9.845973400000000000e+07 0.000000000000000000e+00 6.500000000000000000e+01 5.395100000000002183e+02 1.123369315085691960e+04 1.148951092035503098e+04 0.000000000000000000e+00 8.479489974048818324e-01 6.099999999999999867e-02
9.845973500000000000e+07 0.000000000000000000e+00 6.500000000000000000e+01 5.426099999999996726e+02 1.123256425085691808e+04 1.148997322035503203e+04 0.000000000000000000e+00 1.336075766475827598e+00 9.199999999999999845e-02
9.845973500000000000e+07 1.000000000000000000e+00 6.500000000000000000e+01 5.515300000000006548e+02 1.122863445085692001e+04 1.150143782035503318e+04 0.000000000000000000e+00 9.267838377743169431e+00 2.400000000000000050e-02
9.845965700000000000e+07 1.000000000000000000e+00 6.500000000000000000e+01 5.672700000000004366e+02 1.124638075085691889e+04 1.149917392035503144e+04 0.000000000000000000e+00 3.835503155924361085e+00 6.099999999999999867e-02
9.845965700000000000e+07 1.000000000000000000e+00 6.500000000000000000e+01 5.781100000000005821e+02 1.124405305085691907e+04 1.149895032035503209e+04 0.000000000000000000e+00 9.628203124890001519e+00 9.199999999999999845e-02
9.846091000000000000e+07 1.000000000000000000e+00 6.500000000000000000e+01 5.935799999999999272e+02 1.124106445085692030e+04 1.145048342035503083e+04 0.000000000000000000e+00 7.695939348827351978e+00 4.169999999999999818e-01
9.846091000000000000e+07 1.000000000000000000e+00 6.500000000000000000e+01 5.935100000000002183e+02 1.124352665085691842e+04 1.145186492035503215e+04 0.000000000000000000e+00 9.204504658677546303e+00 1.078999999999999915e+01
9.846091000000000000e+07 1.000000000000000000e+00 6.500000000000000000e+01 5.935100000000002183e+02 1.124352665085691842e+04 1.145186492035503215e+04 0.000000000000000000e+00 9.204504658677546303e+00 1.587480000000000002e+00
9.846091000000000000e+07 1.000000000000000000e+00 6.500000000000000000e+01 5.935100000000002183e+02 1.124352665085691842e+04 1.145186492035503215e+04 0.000000000000000000e+00 9.204504658677546303e+00 3.242320000000000202e-01
9.845970800000000000e+07 0.000000000000000000e+00 6.600000000000000000e+01 5.034200000000000728e+02 1.129797610085691849e+04 1.146019153035503223e+04 0.000000000000000000e+00 8.961039527043143105e-01 9.199999999999999845e-02
9.845970900000000000e+07 1.000000000000000000e+00 6.600000000000000000e+01 5.025500000000001819e+02 1.130136398085692053e+04 1.146381441035503303e+04 0.000000000000000000e+00 1.220673473114971763e+00 2.400000000000000050e-02
9.845857500000000000e+07 0.000000000000000000e+00 6.500000000000000000e+01 5.018000000000001819e+02 1.130119030085692066e+04 1.146931397035503323e+04 0.000000000000000000e+00 1.612575559763059108e+00 9.199999999999999845e-02
9.845857300000000000e+07 1.000000000000000000e+00 6.500000000000000000e+01 5.045299999999997453e+02 1.129947141085692056e+04 1.147524020035503236e+04 0.000000000000000000e+00 1.217229215861664438e+00 9.199999999999999845e-02
9.845857300000000000e+07 1.000000000000000000e+00 6.500000000000000000e+01 5.043199999999997090e+02 1.129884187085691883e+04 1.147590771035503349e+04 0.000000000000000000e+00 1.487127012025837303e+00 4.169999999999999818e-01
9.845978400000000000e+07 1.000000000000000000e+00 6.500000000000000000e+01 5.109600000000000364e+02 1.130364301085691841e+04 1.147816362035503334e+04 0.000000000000000000e+00 4.915074642127163607e+00 2.400000000000000050e-02
9.845978500000000000e+07 1.000000000000000000e+00 6.500000000000000000e+01 5.079300000000002910e+02 1.129476846285691863e+04 1.147907152035503168e+04 0.000000000000000000e+00 2.007250710110992209e+00 9.199999999999999845e-02
9.846137600000000000e+07 1.000000000000000000e+00 6.500000000000000000e+01 5.012699999999995271e+02 1.126482605085691830e+04 1.146459685035503207e+04 0.000000000000000000e+00 1.479111155448110670e+00 9.199999999999999845e-02
9.846137600000000000e+07 1.000000000000000000e+00 6.500000000000000000e+01 5.012699999999995271e+02 1.126193125085692009e+04 1.146501202035503229e+04 0.000000000000000000e+00 1.560270918029851295e+00 9.199999999999999845e-02
9.846125200000000000e+07 1.000000000000000000e+00 6.600000000000000000e+01 5.036400000000003274e+02 1.122996645085691853e+04 1.145546562035503302e+04 0.000000000000000000e+00 2.904627876515595286e+00 9.199999999999999845e-02
9.846125200000000000e+07 1.000000000000000000e+00 6.600000000000000000e+01 5.033499999999994543e+02 1.122859625085691914e+04 1.145463542035503269e+04 0.000000000000000000e+00 3.819954468428222949e+00 6.099999999999999867e-02
9.845971000000000000e+07 0.000000000000000000e+00 6.500000000000000000e+01 4.991399999999994179e+02 1.129010997085691997e+04 1.146350917035503153e+04 0.000000000000000000e+00 6.874186526301256928e-01 4.873370000000000424e+00
9.845971200000000000e+07 1.000000000000000000e+00 6.600000000000000000e+01 4.885300000000006548e+02 1.128716495085691895e+04 1.147202411035503246e+04 0.000000000000000000e+00 1.276141069048437604e+00 9.199999999999999845e-02
9.845979300000000000e+07 1.000000000000000000e+00 6.600000000000000000e+01 4.824600000000000364e+02 1.128622824085691900e+04 1.147223683035503200e+04 0.000000000000000000e+00 2.030523550345262773e+00 4.169999999999999818e-01
9.845979400000000000e+07 1.000000000000000000e+00 6.600000000000000000e+01 4.749400000000005093e+02 1.128898324085692002e+04 1.146903556035503243e+04 0.000000000000000000e+00 4.644483643907266313e+00 8.220000000000000639e+00
9.845979400000000000e+07 1.000000000000000000e+00 6.600000000000000000e+01 4.749400000000005093e+02 1.128898324085692002e+04 1.146903556035503243e+04 0.000000000000000000e+00 4.644483643907266313e+00 7.280140000000000278e+00
9.845856700000000000e+07 0.000000000000000000e+00 6.500000000000000000e+01 4.785699999999997090e+02 1.128190305085691944e+04 1.148950342035503127e+04 1.000000000000000000e+00 2.748821008394030763e+00 2.300000000000000000e+01
9.845865300000000000e+07 0.000000000000000000e+00 6.500000000000000000e+01 4.808199999999997090e+02 1.127220255085692042e+04 1.146983854035503100e+04 1.000000000000000000e+00 1.483199469386620839e+00 2.300000000000000000e+01
9.845857100000000000e+07 0.000000000000000000e+00 6.500000000000000000e+01 4.881399999999994179e+02 1.130026148085691966e+04 1.147819982035503199e+04 1.000000000000000000e+00 2.367097816520809417e+00 2.300000000000000000e+01
9.846052200000000000e+07 1.000000000000000000e+00 6.600000000000000000e+01 5.244000000000005457e+02 1.132122315085692026e+04 1.147541778035503194e+04 1.000000000000000000e+00 6.851100143137659471e-01 2.300000000000000000e+01
