1.447270200000000000e+07 1.000000000000000000e+00 6.500000000000000000e+01 4.636010332249314160e+03 1.150702826964913766e+04 1.797100000000000364e+03 0.000000000000000000e+00 4.178887788737553954e+00 1.078999999999999915e+01
5.895550600000000000e+07 1.000000000000000000e+00 6.600000000000000000e+01 3.415051332249314328e+03 1.137796446964913775e+04 6.775313000000000102e+03 0.000000000000000000e+00 7.479005240580153036e+00 1.078999999999999915e+01
5.984521800000000000e+07 1.000000000000000000e+00 6.500000000000000000e+01 3.421811332249314546e+03 1.134893156964913760e+04 7.141201000000000022e+03 0.000000000000000000e+00 6.782335145510996810e+00 1.339000000000000057e+01
9.402716200000000000e+07 1.000000000000000000e+00 6.600000000000000000e+01 3.486741332249313928e+03 1.087804156964913636e+04 1.116334000000000015e+04 0.000000000000000000e+00 4.898547031708103461e+00 1.078999999999999915e+01
9.402792900000000000e+07 1.000000000000000000e+00 6.600000000000000000e+01 3.490391332249314473e+03 1.087946256964913846e+04 1.115070000000000073e+04 0.000000000000000000e+00 6.527329863541643462e+00 1.078999999999999915e+01
9.402810300000000000e+07 0.000000000000000000e+00 6.600000000000000000e+01 3.506361332249314728e+03 1.087878056964913776e+04 1.114813000000000102e+04 0.000000000000000000e+00 3.618847174443839965e+00 1.339000000000000057e+01
9.402810300000000000e+07 0.000000000000000000e+00 6.600000000000000000e+01 3.506361332249314728e+03 1.087878056964913776e+04 1.114813000000000102e+04 0.000000000000000000e+00 3.618847174443839965e+00 3.190780000000000172e+00
9.402810300000000000e+07 0.000000000000000000e+00 6.600000000000000000e+01 3.506361332249314728e+03 1.087878056964913776e+04 1.114813000000000102e+04 0.000000000000000000e+00 3.618847174443839965e+00 1.324370000000000047e+00
9.402792900000000000e+07 1.000000000000000000e+00 6.600000000000000000e+01 3.490391332249314473e+03 1.087946256964913846e+04 1.115070000000000073e+04 0.000000000000000000e+00 6.527329863541643462e+00 1.825369999999999937e+00
5.984327000000000000e+07 0.000000000000000000e+00 6.500000000000000000e+01 3.413041332249314110e+03 1.133083956964913705e+04 7.130233000000000175e+03 0.000000000000000000e+00 1.453172280417224904e+00 2.039999999999999869e-01
5.984440200000000000e+07 1.000000000000000000e+00 6.600000000000000000e+01 3.420901332249313782e+03 1.133768356964913619e+04 7.113225000000000364e+03 0.000000000000000000e+00 2.151162112935439019e+00 9.199999999999999845e-02
5.984432400000000000e+07 1.000000000000000000e+00 6.600000000000000000e+01 3.415661332249314000e+03 1.133435756964913708e+04 7.110832000000000335e+03 0.000000000000000000e+00 1.580291272345818232e+00 9.199999999999999845e-02
5.984448400000000000e+07 1.000000000000000000e+00 6.600000000000000000e+01 3.409251332249314146e+03 1.134187156964913811e+04 7.131940999999999804e+03 0.000000000000000000e+00 4.267469848434238600e+00 2.400000000000000050e-02
5.984327200000000000e+07 0.000000000000000000e+00 6.600000000000000000e+01 3.406891332249314473e+03 1.134400756964913671e+04 7.128720000000000255e+03 0.000000000000000000e+00 2.901043447084277194e+00 9.199999999999999845e-02
5.984421600000000000e+07 1.000000000000000000e+00 6.600000000000000000e+01 3.385561332249313637e+03 1.136155856964913619e+04 7.138688000000000102e+03 0.000000000000000000e+00 6.016465991118386647e+00 6.099999999999999867e-02
5.984421600000000000e+07 1.000000000000000000e+00 6.600000000000000000e+01 3.377131332249314255e+03 1.136254756964913759e+04 7.139561999999999898e+03 0.000000000000000000e+00 2.131516962544912186e+00 6.099999999999999867e-02
5.984421600000000000e+07 1.000000000000000000e+00 6.600000000000000000e+01 3.378381332249314255e+03 1.135958956964913705e+04 7.139158000000000357e+03 0.000000000000000000e+00 1.300732690230373523e+00 9.199999999999999845e-02
5.984421600000000000e+07 1.000000000000000000e+00 6.600000000000000000e+01 3.379641332249314473e+03 1.135649556964913791e+04 7.136747000000000298e+03 0.000000000000000000e+00 2.827849982450625799e+00 2.400000000000000050e-02
5.984421600000000000e+07 1.000000000000000000e+00 6.600000000000000000e+01 3.379861332249314728e+03 1.135613156964913651e+04 7.135711000000000240e+03 0.000000000000000000e+00 3.770622416575006852e+00 5.000000000000000000e-01
5.984520900000000000e+07 1.000000000000000000e+00 6.600000000000000000e+01 3.387211332249314182e+03 1.136031956964913843e+04 7.133327999999999520e+03 0.000000000000000000e+00 6.623001004262677682e+00 9.199999999999999845e-02
5.984520900000000000e+07 1.000000000000000000e+00 6.600000000000000000e+01 3.389451332249313964e+03 1.135378756964913737e+04 7.136033999999999651e+03 0.000000000000000000e+00 6.072387073592834250e-01 8.349999999999999645e-01
5.984520900000000000e+07 1.000000000000000000e+00 6.600000000000000000e+01 3.388691332249314655e+03 1.135308456964913785e+04 7.136920000000000073e+03 0.000000000000000000e+00 1.017861730329630010e+00 2.400000000000000050e-02
5.984520900000000000e+07 0.000000000000000000e+00 6.500000000000000000e+01 3.391461332249314182e+03 1.134570656964913724e+04 7.140716999999999643e+03 0.000000000000000000e+00 1.408624472115925563e+00 2.400000000000000050e-02
5.984421900000000000e+07 1.000000000000000000e+00 6.600000000000000000e+01 3.394901332249314692e+03 1.135178156964913796e+04 7.158359999999999673e+03 0.000000000000000000e+00 6.524420785180090832e+00 6.099999999999999867e-02
5.984421500000000000e+07 1.000000000000000000e+00 6.500000000000000000e+01 3.392411332249314000e+03 1.135166256964913737e+04 7.158101999999999862e+03 0.000000000000000000e+00 5.156604187069002698e+00 9.199999999999999845e-02
5.984513600000000000e+07 1.000000000000000000e+00 6.500000000000000000e+01 3.402221332249314401e+03 1.134765456964913756e+04 7.164444000000000415e+03 0.000000000000000000e+00 7.517816920976744477e+00 9.199999999999999845e-02
5.984421800000000000e+07 0.000000000000000000e+00 6.600000000000000000e+01 3.385991332249313928e+03 1.134957856964913663e+04 7.155038000000000466e+03 0.000000000000000000e+00 4.022687114129476882e+00 4.169999999999999818e-01
5.984414500000000000e+07 1.000000000000000000e+00 6.500000000000000000e+01 3.401051332249314328e+03 1.133814456964913734e+04 7.151322000000000116e+03 0.000000000000000000e+00 1.135257747718337873e+00 4.169999999999999818e-01
5.984414500000000000e+07 1.000000000000000000e+00 6.500000000000000000e+01 3.401541332249314110e+03 1.133785656964913687e+04 7.150811999999999898e+03 0.000000000000000000e+00 1.516389145364974711e+00 6.099999999999999867e-02
5.984414500000000000e+07 1.000000000000000000e+00 6.500000000000000000e+01 3.401341332249314291e+03 1.133778756964913737e+04 7.150654000000000451e+03 0.000000000000000000e+00 1.706342148829374850e+00 9.199999999999999845e-02
5.984414500000000000e+07 1.000000000000000000e+00 6.500000000000000000e+01 3.401341332249314291e+03 1.133778756964913737e+04 7.150654000000000451e+03 0.000000000000000000e+00 1.706342148829374850e+00 7.387669999999999959e+00
5.895550600000000000e+07 1.000000000000000000e+00 6.600000000000000000e+01 3.412321332249313855e+03 1.138054246964913727e+04 6.775154000000000451e+03 0.000000000000000000e+00 7.942568943252720892e+00 1.078999999999999915e+01
5.895721800000000000e+07 1.000000000000000000e+00 6.500000000000000000e+01 3.407791332249314110e+03 1.138734386964913756e+04 6.775149999999999636e+03 0.000000000000000000e+00 3.733875037069632530e+00 9.199999999999999845e-02
5.895721500000000000e+07 1.000000000000000000e+00 6.600000000000000000e+01 3.401891332249314473e+03 1.138815776964913675e+04 6.772479999999999563e+03 0.000000000000000000e+00 3.947750058011560093e+00 2.400000000000000050e-02
5.895721500000000000e+07 1.000000000000000000e+00 6.600000000000000000e+01 3.397061332249314546e+03 1.138808266964913855e+04 6.774497000000000298e+03 0.000000000000000000e+00 2.430388615192497159e+00 9.199999999999999845e-02
5.895721600000000000e+07 1.000000000000000000e+00 6.600000000000000000e+01 3.387161332249314000e+03 1.138869866964913672e+04 6.774125000000000000e+03 0.000000000000000000e+00 6.326443347962150021e+00 4.169999999999999818e-01
5.895721200000000000e+07 1.000000000000000000e+00 6.500000000000000000e+01 3.387631332249314255e+03 1.138927736964913856e+04 6.778676999999999680e+03 0.000000000000000000e+00 7.220343155606626873e+00 9.199999999999999845e-02
5.895721200000000000e+07 1.000000000000000000e+00 6.500000000000000000e+01 3.387881332249314255e+03 1.138727056964913754e+04 6.778868999999999687e+03 0.000000000000000000e+00 5.347451971320590580e+00 9.199999999999999845e-02
5.895721200000000000e+07 1.000000000000000000e+00 6.500000000000000000e+01 3.387611332249314728e+03 1.138740446964913644e+04 6.779662000000000262e+03 0.000000000000000000e+00 5.536971487463231867e+00 2.400000000000000050e-02
5.895721200000000000e+07 1.000000000000000000e+00 6.500000000000000000e+01 3.380371332249314037e+03 1.138750386964913741e+04 6.782747999999999593e+03 0.000000000000000000e+00 9.103535221504110098e+00 9.199999999999999845e-02
5.895721200000000000e+07 1.000000000000000000e+00 6.500000000000000000e+01 3.380921332249314219e+03 1.138814066964913764e+04 6.783478000000000065e+03 0.000000000000000000e+00 9.528292620850693950e+00 2.400000000000000050e-02
5.895550600000000000e+07 1.000000000000000000e+00 6.600000000000000000e+01 3.412321332249313855e+03 1.138054246964913727e+04 6.775154000000000451e+03 0.000000000000000000e+00 7.942568943252720892e+00 8.364580000000000348e-01
1.447270200000000000e+07 1.000000000000000000e+00 6.500000000000000000e+01 4.636010332249314160e+03 1.150702826964913766e+04 1.797100000000000364e+03 0.000000000000000000e+00 4.178887788737553954e+00 8.474549999999999583e-01
3.074762900000000000e+07 0.000000000000000000e+00 6.500000000000000000e+01 4.739533332249314299e+03 1.129066156964913716e+04 3.475150000000000091e+03 1.000000000000000000e+00 2.018154069640802462e+00 1.200000000000000000e+02
1.144331040000000000e+08 1.000000000000000000e+00 6.600000000000000000e+01 4.684174532249314325e+03 7.967083569649136734e+03 1.349889999999999964e+04 1.000000000000000000e+00 7.509968603332008996e-01 1.200000000000000000e+02
