7.032681700000000000e+07 0.000000000000000000e+00 6.600000000000000000e+01 4.127677942890089980e+03 1.288434999999999854e+04 8.040744870130262825e+03 1.000000000000000000e+00 2.820497283378271991e+00 6.100000000000000000e+01
7.032802400000000000e+07 1.000000000000000000e+00 6.600000000000000000e+01 4.116985942890089973e+03 1.291493999999999869e+04 8.049538270130262390e+03 1.000000000000000000e+00 2.319760275274654060e-01 6.100000000000000000e+01
7.032680600000000000e+07 0.000000000000000000e+00 6.600000000000000000e+01 4.122186942890089995e+03 1.291076000000000022e+04 8.060574870130262752e+03 1.000000000000000000e+00 2.685918765540491915e+00 6.100000000000000000e+01
6.539580200000000000e+07 0.000000000000000000e+00 6.600000000000000000e+01 4.279673042890090073e+03 1.283436000000000058e+04 7.901917570130262902e+03 1.000000000000000000e+00 2.220838334159205285e+00 6.100000000000000000e+01
7.032555300000000000e+07 0.000000000000000000e+00 6.600000000000000000e+01 4.137449942890089915e+03 1.291379000000000087e+04 8.030811270130262528e+03 1.000000000000000000e+00 2.802955989292821748e+00 6.100000000000000000e+01
7.032445400000000000e+07 1.000000000000000000e+00 6.500000000000000000e+01 4.222355942890089864e+03 1.285010000000000036e+04 8.052188070130262531e+03 1.000000000000000000e+00 7.486523452828731662e-01 6.100000000000000000e+01
6.539580800000000000e+07 0.000000000000000000e+00 6.600000000000000000e+01 4.283536942890090359e+03 1.285451000000000022e+04 7.900668570130262196e+03 1.000000000000000000e+00 1.685753948546189873e+00 6.100000000000000000e+01
6.877409200000000000e+07 0.000000000000000000e+00 6.500000000000000000e+01 4.317742842890090287e+03 5.484949999999999818e+03 8.033445070130262138e+03 1.000000000000000000e+00 9.208649015247121206e-01 6.100000000000000000e+01
7.032681200000000000e+07 0.000000000000000000e+00 6.500000000000000000e+01 4.118534942890089951e+03 1.289159000000000015e+04 8.051368970130262824e+03 1.000000000000000000e+00 1.080940748278621077e+00 6.100000000000000000e+01
7.032681500000000000e+07 0.000000000000000000e+00 6.500000000000000000e+01 4.121031942890090249e+03 1.288095999999999913e+04 8.048954870130262861e+03 1.000000000000000000e+00 1.296278198151817884e+00 6.100000000000000000e+01
