7.694245000000000000e+06 1.000000000000000000e+00 6.500000000000000000e+01 4.612817952307178530e+03 9.850766245989741947e+03 7.326700000000000728e+02 0.000000000000000000e+00 7.210453457152919299e+00 1.078999999999999915e+01
7.695282000000000000e+06 1.000000000000000000e+00 6.500000000000000000e+01 4.577101952307178180e+03 9.835161245989742383e+03 7.200799999999999272e+02 0.000000000000000000e+00 1.679314214579043840e+00 1.339000000000000057e+01
7.693889000000000000e+06 1.000000000000000000e+00 6.500000000000000000e+01 4.532051952307178908e+03 9.810485245989741088e+03 7.009600000000009459e+02 0.000000000000000000e+00 8.169919441134767979e+00 1.339000000000000057e+01
7.695151000000000000e+06 1.000000000000000000e+00 6.500000000000000000e+01 4.523443952307178733e+03 9.803727245989743096e+03 6.969400000000005093e+02 0.000000000000000000e+00 3.112604811829740914e+00 1.078999999999999915e+01
7.695151000000000000e+06 1.000000000000000000e+00 6.500000000000000000e+01 4.519212952307178057e+03 9.800480245989743707e+03 6.946800000000002910e+02 0.000000000000000000e+00 3.734583997433107427e+00 1.339000000000000057e+01
7.696348000000000000e+06 1.000000000000000000e+00 6.500000000000000000e+01 4.495493952307178915e+03 9.780165245989741379e+03 6.841400000000003274e+02 0.000000000000000000e+00 6.245756914516827685e+00 1.078999999999999915e+01
7.695151000000000000e+06 1.000000000000000000e+00 6.500000000000000000e+01 4.521116952307178508e+03 9.804774245989741758e+03 6.921499999999996362e+02 0.000000000000000000e+00 4.459731222790994210e+00 2.039999999999999869e-01
7.695105000000000000e+06 1.000000000000000000e+00 6.500000000000000000e+01 4.529802952307178202e+03 9.786643245989742354e+03 6.953699999999998909e+02 0.000000000000000000e+00 8.846031749441516823e+00 9.199999999999999845e-02
7.695102000000000000e+06 1.000000000000000000e+00 6.600000000000000000e+01 4.531946952307178435e+03 9.781156245989743184e+03 6.939600000000000364e+02 0.000000000000000000e+00 7.533501229389495180e+00 1.376999999999999957e+01
7.695105000000000000e+06 1.000000000000000000e+00 6.500000000000000000e+01 4.534487952307178602e+03 9.793516245989743766e+03 7.023800000000001091e+02 0.000000000000000000e+00 5.206603032917882068e+00 6.099999999999999867e-02
7.695147000000000000e+06 1.000000000000000000e+00 6.600000000000000000e+01 4.520684952307178719e+03 9.793666245989741583e+03 7.101599999999998545e+02 0.000000000000000000e+00 1.378448525319439844e+00 9.199999999999999845e-02
7.695147000000000000e+06 1.000000000000000000e+00 6.600000000000000000e+01 4.518168952307178188e+03 9.788913245989742791e+03 7.025100000000002183e+02 0.000000000000000000e+00 6.693097802052060175e+00 2.400000000000000050e-02
7.695147000000000000e+06 1.000000000000000000e+00 6.600000000000000000e+01 4.516243952307178915e+03 9.786121245989743329e+03 7.033400000000001455e+02 0.000000000000000000e+00 7.586283793694226674e+00 4.169999999999999818e-01
7.694960000000000000e+06 1.000000000000000000e+00 6.500000000000000000e+01 4.518289952307178282e+03 9.778398245989741554e+03 7.130399999999999636e+02 0.000000000000000000e+00 9.618391639455060371e+00 2.400000000000000050e-02
7.695107000000000000e+06 1.000000000000000000e+00 6.600000000000000000e+01 4.546538952307178988e+03 9.775999245989742121e+03 7.128000000000001819e+02 0.000000000000000000e+00 2.171625546279608354e+00 9.199999999999999845e-02
7.695107000000000000e+06 1.000000000000000000e+00 6.600000000000000000e+01 4.545840952307178668e+03 9.775301245989743620e+03 7.122200000000002547e+02 0.000000000000000000e+00 1.386184279990470891e+00 9.199999999999999845e-02
7.695105000000000000e+06 0.000000000000000000e+00 6.500000000000000000e+01 4.541630952307178632e+03 9.782028245989742572e+03 7.035999999999994543e+02 0.000000000000000000e+00 2.847817973397521740e+00 9.199999999999999845e-02
7.695105000000000000e+06 1.000000000000000000e+00 6.500000000000000000e+01 4.537958952307179061e+03 9.782643245989742354e+03 7.030299999999997453e+02 0.000000000000000000e+00 7.080409075956423104e-01 9.199999999999999845e-02
7.695106000000000000e+06 1.000000000000000000e+00 6.500000000000000000e+01 4.526985952307178195e+03 9.786544245989742194e+03 7.040399999999999636e+02 0.000000000000000000e+00 4.454533090857702327e+00 9.199999999999999845e-02
7.695107000000000000e+06 1.000000000000000000e+00 6.500000000000000000e+01 4.531360952307178195e+03 9.776124245989742121e+03 7.084099999999998545e+02 0.000000000000000000e+00 2.069425426714261551e+00 9.199999999999999845e-02
7.695107000000000000e+06 1.000000000000000000e+00 6.500000000000000000e+01 4.531435952307178923e+03 9.776123245989743737e+03 7.083999999999996362e+02 0.000000000000000000e+00 2.017248311642179992e+00 4.169999999999999818e-01
7.695107000000000000e+06 1.000000000000000000e+00 6.500000000000000000e+01 4.525171952307178799e+03 9.782012245989742951e+03 7.095099999999993088e+02 0.000000000000000000e+00 2.808398718499542479e+00 9.199999999999999845e-02
7.695105000000000000e+06 0.000000000000000000e+00 6.500000000000000000e+01 4.539559952307178719e+03 9.778128245989741117e+03 7.013700000000008004e+02 0.000000000000000000e+00 4.560819699305800334e-01 9.199999999999999845e-02
7.695143000000000000e+06 1.000000000000000000e+00 6.500000000000000000e+01 4.519583952307179061e+03 9.788020245989742762e+03 7.240999999999994543e+02 0.000000000000000000e+00 2.629726710181103044e+00 4.169999999999999818e-01
7.695144000000000000e+06 0.000000000000000000e+00 6.500000000000000000e+01 4.515775952307178159e+03 9.794760245989742543e+03 7.233000000000001819e+02 0.000000000000000000e+00 5.674126900700501297e-01 2.400000000000000050e-02
7.695144000000000000e+06 1.000000000000000000e+00 6.500000000000000000e+01 4.506415952307178486e+03 9.794546245989742602e+03 7.269299999999993815e+02 0.000000000000000000e+00 3.820252105990475044e+00 9.199999999999999845e-02
7.695291000000000000e+06 1.000000000000000000e+00 6.500000000000000000e+01 4.508259952307178537e+03 9.791899245989741758e+03 7.327099999999991269e+02 0.000000000000000000e+00 5.982958884710102510e+00 2.400000000000000050e-02
7.695295000000000000e+06 1.000000000000000000e+00 6.600000000000000000e+01 4.505185952307178923e+03 9.801294245989742194e+03 7.380700000000006185e+02 0.000000000000000000e+00 7.977215989844719246e+00 9.199999999999999845e-02
7.695227000000000000e+06 1.000000000000000000e+00 6.600000000000000000e+01 4.512271952307178253e+03 9.814118245989742718e+03 7.364600000000000364e+02 0.000000000000000000e+00 4.915809132232253909e+00 2.400000000000000050e-02
7.695225000000000000e+06 0.000000000000000000e+00 6.600000000000000000e+01 4.513996952307178617e+03 9.821720245989741670e+03 7.413000000000001819e+02 0.000000000000000000e+00 3.073260639562620522e+00 2.039999999999999869e-01
7.695218000000000000e+06 1.000000000000000000e+00 6.500000000000000000e+01 4.525904952307178974e+03 9.830744245989742922e+03 7.466100000000005821e+02 0.000000000000000000e+00 3.404842734451182462e+00 6.099999999999999867e-02
7.695218000000000000e+06 1.000000000000000000e+00 6.500000000000000000e+01 4.527091952307178872e+03 9.835253245989741117e+03 7.456500000000005457e+02 0.000000000000000000e+00 6.527507719947021059e+00 1.000000000000000021e-02
7.693877000000000000e+06 1.000000000000000000e+00 6.600000000000000000e+01 4.527301952307178908e+03 9.840088245989742063e+03 7.430100000000002183e+02 0.000000000000000000e+00 5.511607120193434461e+00 6.099999999999999867e-02
7.693877000000000000e+06 1.000000000000000000e+00 6.600000000000000000e+01 4.527325952307178341e+03 9.839944245989743649e+03 7.428000000000001819e+02 0.000000000000000000e+00 5.577597145102310527e+00 6.099999999999999867e-02
7.693877000000000000e+06 1.000000000000000000e+00 6.600000000000000000e+01 4.525639952307178646e+03 9.850087245989743678e+03 7.400500000000001819e+02 0.000000000000000000e+00 4.835839094082385436e+00 6.099999999999999867e-02
7.693954000000000000e+06 1.000000000000000000e+00 6.600000000000000000e+01 4.537322952307178639e+03 9.861355645989742698e+03 7.444399999999995998e+02 0.000000000000000000e+00 4.548074781053703219e+00 2.400000000000000050e-02
7.693959000000000000e+06 1.000000000000000000e+00 6.500000000000000000e+01 4.517959952307178355e+03 9.863979845989742898e+03 7.413999999999996362e+02 0.000000000000000000e+00 1.532734772214305208e+00 9.199999999999999845e-02
7.693959000000000000e+06 1.000000000000000000e+00 6.500000000000000000e+01 4.518156952307178472e+03 9.859278245989742572e+03 7.353599999999996726e+02 0.000000000000000000e+00 4.499327106402668086e+00 9.199999999999999845e-02
7.693959000000000000e+06 1.000000000000000000e+00 6.500000000000000000e+01 4.515739952307178100e+03 9.853239245989741903e+03 7.396400000000003274e+02 0.000000000000000000e+00 8.547776207494584000e+00 9.199999999999999845e-02
7.695218000000000000e+06 1.000000000000000000e+00 6.500000000000000000e+01 4.527827952307178748e+03 9.831885245989742543e+03 7.461599999999998545e+02 0.000000000000000000e+00 4.326981923737029945e+00 6.099999999999999867e-02
7.693879000000000000e+06 1.000000000000000000e+00 6.500000000000000000e+01 4.536746952307178617e+03 9.827808245989741408e+03 7.340199999999995271e+02 0.000000000000000000e+00 1.139725002468046311e+00 4.169999999999999818e-01
7.695219000000000000e+06 1.000000000000000000e+00 6.500000000000000000e+01 4.532615952307178304e+03 9.821027245989742369e+03 7.346900000000005093e+02 0.000000000000000000e+00 5.457129843773580902e+00 2.039999999999999869e-01
7.695219000000000000e+06 1.000000000000000000e+00 6.500000000000000000e+01 4.532613952307178806e+03 9.821055245989742616e+03 7.339600000000000364e+02 0.000000000000000000e+00 6.065365817327821318e+00 9.199999999999999845e-02
7.695215000000000000e+06 1.000000000000000000e+00 6.600000000000000000e+01 4.536623952307178115e+03 9.819044245989742194e+03 7.335900000000001455e+02 0.000000000000000000e+00 5.107743011634165775e+00 9.199999999999999845e-02
7.695215000000000000e+06 1.000000000000000000e+00 6.600000000000000000e+01 4.537091952307178872e+03 9.818668245989741990e+03 7.339899999999997817e+02 0.000000000000000000e+00 4.455169250222579258e+00 8.349999999999999645e-01
7.695215000000000000e+06 1.000000000000000000e+00 6.600000000000000000e+01 4.537091952307178872e+03 9.818668245989741990e+03 7.339899999999997817e+02 0.000000000000000000e+00 4.455169250222579258e+00 6.675670000000000215e+00
7.695151000000000000e+06 1.000000000000000000e+00 6.500000000000000000e+01 4.523433952307178515e+03 9.804608245989742500e+03 6.962600000000002183e+02 0.000000000000000000e+00 3.218173752675001609e+00 9.199999999999999845e-02
7.695160000000000000e+06 0.000000000000000000e+00 6.500000000000000000e+01 4.519768952307178552e+03 9.825726245989742893e+03 6.823400000000001455e+02 0.000000000000000000e+00 1.942308230016647652e+00 2.039999999999999869e-01
7.695162000000000000e+06 0.000000000000000000e+00 6.500000000000000000e+01 4.522914952307178282e+03 9.830042245989741787e+03 6.819899999999997817e+02 0.000000000000000000e+00 1.772732137367758476e+00 9.199999999999999845e-02
7.693888000000000000e+06 1.000000000000000000e+00 6.600000000000000000e+01 4.522334952307178355e+03 9.838220245989741670e+03 7.015600000000004002e+02 0.000000000000000000e+00 6.066947077454505788e+00 9.199999999999999845e-02
7.695160000000000000e+06 1.000000000000000000e+00 6.600000000000000000e+01 4.510452952307178748e+03 9.833184245989741612e+03 6.824399999999995998e+02 0.000000000000000000e+00 3.810364457151528050e+00 6.099999999999999867e-02
7.695160000000000000e+06 1.000000000000000000e+00 6.600000000000000000e+01 4.501585952307178559e+03 9.837171245989742602e+03 6.867799999999997453e+02 0.000000000000000000e+00 7.302278293655574792e+00 8.349999999999999645e-01
7.695150000000000000e+06 1.000000000000000000e+00 6.500000000000000000e+01 4.530011952307178944e+03 9.810484245989742703e+03 7.011999999999998181e+02 0.000000000000000000e+00 8.523367271272039858e+00 2.400000000000000050e-02
7.693888000000000000e+06 1.000000000000000000e+00 6.500000000000000000e+01 4.543972952307178275e+03 9.809699245989742849e+03 6.977700000000004366e+02 0.000000000000000000e+00 4.644040924055452990e+00 9.199999999999999845e-02
7.693888000000000000e+06 1.000000000000000000e+00 6.500000000000000000e+01 4.544429952307178610e+03 9.810537245989742587e+03 7.012300000000004729e+02 0.000000000000000000e+00 4.581918069092662193e+00 9.199999999999999845e-02
7.693888000000000000e+06 1.000000000000000000e+00 6.500000000000000000e+01 4.539803952307178406e+03 9.810323245989742645e+03 7.042699999999995271e+02 0.000000000000000000e+00 6.992607004602438003e+00 6.099999999999999867e-02
7.695150000000000000e+06 1.000000000000000000e+00 6.500000000000000000e+01 4.527731952307178290e+03 9.807487245989741496e+03 6.986899999999995998e+02 0.000000000000000000e+00 6.363687080437873789e+00 2.400000000000000050e-02
7.695152000000000000e+06 1.000000000000000000e+00 6.500000000000000000e+01 4.513349952307178683e+03 9.806502245989742732e+03 6.967100000000000364e+02 0.000000000000000000e+00 2.063115596600092694e+00 6.099999999999999867e-02
7.695153000000000000e+06 0.000000000000000000e+00 6.600000000000000000e+01 4.512189952307178828e+03 9.816870245989743125e+03 7.043200000000006185e+02 0.000000000000000000e+00 1.088222687675043820e+00 9.199999999999999845e-02
7.695292000000000000e+06 1.000000000000000000e+00 6.600000000000000000e+01 4.526528952307178770e+03 9.811934245989741612e+03 7.167899999999999636e+02 0.000000000000000000e+00 7.878127310180111920e+00 4.169999999999999818e-01
7.695291000000000000e+06 1.000000000000000000e+00 6.600000000000000000e+01 4.532562952307178421e+03 9.806693245989743446e+03 7.162799999999997453e+02 0.000000000000000000e+00 6.663281327058487413e+00 9.199999999999999845e-02
7.695291000000000000e+06 1.000000000000000000e+00 6.600000000000000000e+01 4.533078952307178952e+03 9.801662245989742587e+03 7.134100000000007640e+02 0.000000000000000000e+00 4.503960532213176826e+00 4.169999999999999818e-01
7.695145000000000000e+06 1.000000000000000000e+00 6.600000000000000000e+01 4.530765952307178850e+03 9.792500245989742325e+03 7.078199999999997090e+02 0.000000000000000000e+00 4.621844480404446287e+00 8.349999999999999645e-01
7.695107000000000000e+06 1.000000000000000000e+00 6.500000000000000000e+01 4.526870952307178413e+03 9.782336245989743475e+03 7.062799999999997453e+02 0.000000000000000000e+00 2.913319533319169707e+00 4.169999999999999818e-01
7.695107000000000000e+06 1.000000000000000000e+00 6.500000000000000000e+01 4.527191952307178326e+03 9.782442245989743242e+03 7.076499999999996362e+02 0.000000000000000000e+00 1.539721479441392704e+00 9.199999999999999845e-02
7.695107000000000000e+06 1.000000000000000000e+00 6.500000000000000000e+01 4.527890952307178850e+03 9.782674245989743213e+03 7.106300000000001091e+02 0.000000000000000000e+00 1.678529028324817318e+00 9.199999999999999845e-02
7.695107000000000000e+06 1.000000000000000000e+00 6.500000000000000000e+01 4.529020952307178959e+03 9.782768245989742354e+03 7.121700000000000728e+02 0.000000000000000000e+00 3.433772875311616346e+00 8.349999999999999645e-01
7.695106000000000000e+06 1.000000000000000000e+00 6.500000000000000000e+01 4.530964952307178464e+03 9.787232245989742296e+03 7.096199999999998909e+02 0.000000000000000000e+00 3.467561650490796232e+00 6.099999999999999867e-02
7.695146000000000000e+06 1.000000000000000000e+00 6.600000000000000000e+01 4.526029952307178974e+03 9.787731245989742092e+03 7.048299999999999272e+02 0.000000000000000000e+00 4.348013786332890263e+00 1.000000000000000021e-02
7.695147000000000000e+06 1.000000000000000000e+00 6.600000000000000000e+01 4.520315952307179032e+03 9.789583245989742863e+03 7.056300000000001091e+02 0.000000000000000000e+00 3.929760275273499470e+00 9.199999999999999845e-02
7.694960000000000000e+06 1.000000000000000000e+00 6.500000000000000000e+01 4.523290952307178486e+03 9.776292245989741787e+03 7.166199999999998909e+02 0.000000000000000000e+00 5.428790669343013242e+00 6.099999999999999867e-02
7.694959000000000000e+06 1.000000000000000000e+00 6.500000000000000000e+01 4.525368952307178915e+03 9.774325245989741234e+03 7.181000000000003638e+02 0.000000000000000000e+00 3.811801817980129403e+00 5.000000000000000000e-01
7.694959000000000000e+06 1.000000000000000000e+00 6.500000000000000000e+01 4.526166952307178690e+03 9.774310245989741816e+03 7.182799999999997453e+02 0.000000000000000000e+00 3.084701217641970583e+00 9.199999999999999845e-02
7.695143000000000000e+06 1.000000000000000000e+00 6.500000000000000000e+01 4.517597952307178275e+03 9.783455245989742252e+03 7.184400000000005093e+02 0.000000000000000000e+00 3.536664463543238490e+00 9.199999999999999845e-02
7.695144000000000000e+06 1.000000000000000000e+00 6.500000000000000000e+01 4.503926952307177999e+03 9.787674245989743213e+03 7.281099999999996726e+02 0.000000000000000000e+00 9.493479124386583479e+00 2.400000000000000050e-02
7.695282000000000000e+06 1.000000000000000000e+00 6.500000000000000000e+01 4.577101952307178180e+03 9.835161245989742383e+03 7.200799999999999272e+02 0.000000000000000000e+00 1.679314214579043840e+00 3.197280000000000122e+00
7.694245000000000000e+06 1.000000000000000000e+00 6.500000000000000000e+01 4.612817952307178530e+03 9.850766245989741947e+03 7.326700000000000728e+02 0.000000000000000000e+00 7.210453457152919299e+00 2.445669999999999789e+00
3.616708000000000000e+06 1.000000000000000000e+00 6.500000000000000000e+01 5.196763252307178846e+03 1.002271864598974207e+04 3.973500000000003638e+02 1.000000000000000000e+00 8.245646234317519641e-01 1.580000000000000000e+02
1.905267700000000000e+07 0.000000000000000000e+00 6.600000000000000000e+01 5.078122952307178821e+03 9.777308245989741408e+03 2.155520000000000437e+03 1.000000000000000000e+00 1.355718007657804591e+00 1.580000000000000000e+02
1.905250900000000000e+07 0.000000000000000000e+00 6.600000000000000000e+01 5.079963952307178261e+03 9.818938245989742427e+03 2.225060000000000400e+03 1.000000000000000000e+00 7.358867967337664462e-01 1.580000000000000000e+02
1.905250800000000000e+07 0.000000000000000000e+00 6.600000000000000000e+01 5.082550952307178704e+03 9.819823245989742645e+03 2.225439999999999600e+03 1.000000000000000000e+00 1.204354265003170443e+00 1.580000000000000000e+02
1.339065700000000000e+07 0.000000000000000000e+00 6.600000000000000000e+01 5.477258952307178333e+03 1.016210624598974209e+04 1.487220000000000255e+03 1.000000000000000000e+00 1.686543063829675004e+00 1.580000000000000000e+02
1.493083600000000000e+07 0.000000000000000000e+00 6.500000000000000000e+01 5.276305052307178812e+03 9.592432245989741205e+03 1.708210000000000036e+03 1.000000000000000000e+00 1.221695030722870223e+00 1.580000000000000000e+02
1.905350400000000000e+07 1.000000000000000000e+00 6.600000000000000000e+01 5.058698952307178843e+03 9.807420245989742398e+03 2.217140000000000327e+03 1.000000000000000000e+00 7.494244134262996182e-01 1.580000000000000000e+02
1.905430800000000000e+07 1.000000000000000000e+00 6.500000000000000000e+01 5.103348952307178479e+03 9.780365245989742107e+03 2.158480000000000473e+03 1.000000000000000000e+00 7.931629214069164657e-01 1.580000000000000000e+02
1.905250400000000000e+07 1.000000000000000000e+00 6.500000000000000000e+01 5.086836952307178763e+03 9.821751245989742529e+03 2.214689999999999600e+03 1.000000000000000000e+00 8.487223456559495061e-01 1.580000000000000000e+02
1.905250300000000000e+07 0.000000000000000000e+00 6.500000000000000000e+01 5.094076952307178544e+03 9.822249245989742121e+03 2.218289999999999964e+03 1.000000000000000000e+00 2.862468715156355259e+00 1.580000000000000000e+02
1.493083700000000000e+07 0.000000000000000000e+00 6.500000000000000000e+01 5.283959052307178354e+03 9.591825245989741234e+03 1.703869999999999891e+03 1.000000000000000000e+00 2.502595953623036884e+00 1.580000000000000000e+02
1.493084000000000000e+07 0.000000000000000000e+00 6.500000000000000000e+01 5.277950252307178744e+03 9.579853245989743300e+03 1.699109999999999673e+03 1.000000000000000000e+00 1.014661201389379652e+00 1.580000000000000000e+02
1.492943800000000000e+07 0.000000000000000000e+00 6.600000000000000000e+01 5.255942152307178731e+03 9.530717245989742878e+03 1.780279999999999745e+03 1.000000000000000000e+00 1.541520044563489567e+00 1.580000000000000000e+02
1.339256600000000000e+07 1.000000000000000000e+00 6.500000000000000000e+01 5.435806952307178108e+03 1.010734824598974228e+04 1.535230000000000473e+03 1.000000000000000000e+00 8.405459491025208951e-01 1.580000000000000000e+02
1.339167200000000000e+07 1.000000000000000000e+00 6.600000000000000000e+01 5.405904952307178974e+03 1.010160924598974270e+04 1.553179999999999382e+03 1.000000000000000000e+00 3.910176045759967689e-01 1.580000000000000000e+02
