5.443703600000000000e+07 0.000000000000000000e+00 6.500000000000000000e+01 3.731845221875487823e+03 1.051820575309604646e+04 6.361550000000000182e+03 0.000000000000000000e+00 9.124816383018218291e-01 1.339000000000000057e+01
5.443703500000000000e+07 1.000000000000000000e+00 6.500000000000000000e+01 3.730746221875488573e+03 1.052173575309604712e+04 6.364229999999999563e+03 0.000000000000000000e+00 1.472897370350893187e+00 1.078999999999999915e+01
9.362056500000000000e+07 1.000000000000000000e+00 6.500000000000000000e+01 6.983399221875488365e+03 1.380136575309604814e+04 1.111098999999999978e+04 0.000000000000000000e+00 3.143741401722186080e+00 1.605000000000000071e+01
9.361950900000000000e+07 0.000000000000000000e+00 6.500000000000000000e+01 6.991639221875488147e+03 1.380430575309604683e+04 1.111951000000000022e+04 0.000000000000000000e+00 2.648257961846707254e+00 1.078999999999999915e+01
9.362307200000000000e+07 1.000000000000000000e+00 6.600000000000000000e+01 7.336029221875487565e+03 1.376999575309604734e+04 1.120263999999999942e+04 0.000000000000000000e+00 5.271930910591285269e+00 1.339000000000000057e+01
9.362326300000000000e+07 0.000000000000000000e+00 6.600000000000000000e+01 7.402599221875487274e+03 1.373035575309604610e+04 1.115822999999999956e+04 0.000000000000000000e+00 1.445525667203864106e+00 1.605000000000000071e+01
9.362326700000000000e+07 1.000000000000000000e+00 6.600000000000000000e+01 7.414249221875486910e+03 1.372315575309604719e+04 1.114892000000000007e+04 0.000000000000000000e+00 3.730505445324489244e+00 3.229999999999999716e+01
9.362588800000000000e+07 1.000000000000000000e+00 6.500000000000000000e+01 7.431699221875487638e+03 1.370408575309604748e+04 1.115013000000000102e+04 0.000000000000000000e+00 7.217555925051346577e+00 6.099999999999999867e-02
9.362327400000000000e+07 1.000000000000000000e+00 6.600000000000000000e+01 7.429089221875487056e+03 1.370615575309604719e+04 1.114602000000000044e+04 0.000000000000000000e+00 3.329881609193535486e+00 9.199999999999999845e-02
9.362327300000000000e+07 1.000000000000000000e+00 6.600000000000000000e+01 7.425579221875488656e+03 1.370189575309604697e+04 1.115000000000000000e+04 0.000000000000000000e+00 3.037348902119583194e+00 4.169999999999999818e-01
9.362327300000000000e+07 1.000000000000000000e+00 6.600000000000000000e+01 7.425579221875488656e+03 1.370189575309604697e+04 1.115000000000000000e+04 0.000000000000000000e+00 3.037348902119583194e+00 7.065809999999999924e+00
9.362326700000000000e+07 1.000000000000000000e+00 6.600000000000000000e+01 7.414249221875486910e+03 1.372315575309604719e+04 1.114892000000000007e+04 0.000000000000000000e+00 3.730505445324489244e+00 3.823659999999999837e+00
9.362326300000000000e+07 0.000000000000000000e+00 6.600000000000000000e+01 7.402599221875487274e+03 1.373049575309604734e+04 1.115787999999999920e+04 0.000000000000000000e+00 1.374376702885742985e+00 1.339000000000000057e+01
9.362326300000000000e+07 0.000000000000000000e+00 6.500000000000000000e+01 7.402029221875487565e+03 1.373236575309604814e+04 1.115463000000000102e+04 0.000000000000000000e+00 7.480990205921715930e-01 1.605000000000000071e+01
9.362326300000000000e+07 0.000000000000000000e+00 6.500000000000000000e+01 7.401839221875487056e+03 1.373284575309604770e+04 1.115440999999999985e+04 0.000000000000000000e+00 7.952350621874357817e-01 1.078999999999999915e+01
9.362326300000000000e+07 0.000000000000000000e+00 6.500000000000000000e+01 7.401549221875488001e+03 1.373440575309604537e+04 1.115402999999999884e+04 0.000000000000000000e+00 2.054337795011267342e+00 1.078999999999999915e+01
9.362326200000000000e+07 1.000000000000000000e+00 6.500000000000000000e+01 7.395189221875487419e+03 1.373405575309604683e+04 1.114442000000000007e+04 0.000000000000000000e+00 5.654550758332177018e+00 6.099999999999999867e-02
9.362325900000000000e+07 1.000000000000000000e+00 6.600000000000000000e+01 7.388039221875487783e+03 1.373181575309604705e+04 1.114080999999999949e+04 0.000000000000000000e+00 9.457753721702061966e+00 6.099999999999999867e-02
9.362325800000000000e+07 1.000000000000000000e+00 6.600000000000000000e+01 7.384849221875487274e+03 1.373352575309604799e+04 1.114152999999999884e+04 0.000000000000000000e+00 6.796074690443280275e+00 9.199999999999999845e-02
9.362325900000000000e+07 1.000000000000000000e+00 6.600000000000000000e+01 7.378689221875487419e+03 1.372695575309604828e+04 1.114703000000000065e+04 0.000000000000000000e+00 4.717476640613515571e+00 9.199999999999999845e-02
9.362325400000000000e+07 1.000000000000000000e+00 6.500000000000000000e+01 7.372959221875487856e+03 1.372369575309604625e+04 1.114705999999999949e+04 0.000000000000000000e+00 7.266812118097454309e+00 9.199999999999999845e-02
9.362326000000000000e+07 1.000000000000000000e+00 6.600000000000000000e+01 7.382039221875487783e+03 1.372268575309604785e+04 1.115375000000000000e+04 0.000000000000000000e+00 4.895403440508538040e+00 2.400000000000000050e-02
9.362500800000000000e+07 1.000000000000000000e+00 6.500000000000000000e+01 7.370149221875488365e+03 1.370745575309604828e+04 1.121890999999999985e+04 0.000000000000000000e+00 8.488704153417945264e+00 9.199999999999999845e-02
9.362408300000000000e+07 0.000000000000000000e+00 6.600000000000000000e+01 7.372429221875487201e+03 1.369844575309604625e+04 1.121017000000000007e+04 0.000000000000000000e+00 1.886057232186181931e+00 4.169999999999999818e-01
9.362408300000000000e+07 1.000000000000000000e+00 6.600000000000000000e+01 7.370319221875486619e+03 1.370056575309604705e+04 1.120917000000000007e+04 0.000000000000000000e+00 2.034928158455855840e+00 6.099999999999999867e-02
9.362408400000000000e+07 1.000000000000000000e+00 6.600000000000000000e+01 7.376499221875486910e+03 1.370649575309604734e+04 1.121048999999999978e+04 0.000000000000000000e+00 5.568793575444654920e+00 9.199999999999999845e-02
9.362500400000000000e+07 1.000000000000000000e+00 6.600000000000000000e+01 7.380499221875486910e+03 1.370889575309604697e+04 1.120561000000000058e+04 0.000000000000000000e+00 8.460409888292483416e+00 4.169999999999999818e-01
9.362500400000000000e+07 1.000000000000000000e+00 6.600000000000000000e+01 7.380499221875486910e+03 1.370889575309604697e+04 1.120561000000000058e+04 0.000000000000000000e+00 8.460409888292483416e+00 7.351250000000000284e+00
9.362326300000000000e+07 0.000000000000000000e+00 6.500000000000000000e+01 7.401549221875488001e+03 1.373440575309604537e+04 1.115402999999999884e+04 0.000000000000000000e+00 2.054337795011267342e+00 1.100500000000000034e+00
9.362326300000000000e+07 0.000000000000000000e+00 6.500000000000000000e+01 7.401839221875487056e+03 1.373284575309604770e+04 1.115440999999999985e+04 0.000000000000000000e+00 7.952350621874357817e-01 2.299170000000000158e+00
9.362326400000000000e+07 0.000000000000000000e+00 6.500000000000000000e+01 7.399179221875487201e+03 1.372532575309604726e+04 1.115323999999999978e+04 0.000000000000000000e+00 7.819158921728381895e-01 1.339000000000000057e+01
9.362326800000000000e+07 1.000000000000000000e+00 6.600000000000000000e+01 7.396789221875487783e+03 1.372055575309604683e+04 1.114319000000000051e+04 0.000000000000000000e+00 5.387265240201085881e+00 1.078999999999999915e+01
9.362326800000000000e+07 1.000000000000000000e+00 6.600000000000000000e+01 7.396789221875487783e+03 1.372055575309604683e+04 1.114319000000000051e+04 0.000000000000000000e+00 5.387265240201085881e+00 3.114759999999999973e+00
9.362326800000000000e+07 1.000000000000000000e+00 6.600000000000000000e+01 7.396789221875487783e+03 1.372055575309604683e+04 1.114319000000000051e+04 0.000000000000000000e+00 5.387265240201085881e+00 7.395990000000000064e-01
9.362326400000000000e+07 0.000000000000000000e+00 6.500000000000000000e+01 7.399179221875487201e+03 1.372532575309604726e+04 1.115323999999999978e+04 0.000000000000000000e+00 7.819158921728381895e-01 2.930930000000000035e+00
9.362326600000000000e+07 1.000000000000000000e+00 6.500000000000000000e+01 7.406299221875488001e+03 1.372502575309604799e+04 1.116152999999999884e+04 0.000000000000000000e+00 5.103286403461528842e+00 9.199999999999999845e-02
9.362326300000000000e+07 1.000000000000000000e+00 6.600000000000000000e+01 7.401749221875486910e+03 1.373530575309604683e+04 1.116910000000000036e+04 0.000000000000000000e+00 4.463983700837158786e+00 2.400000000000000050e-02
9.362325800000000000e+07 1.000000000000000000e+00 6.500000000000000000e+01 7.390039221875487783e+03 1.373878575309604639e+04 1.116425000000000000e+04 0.000000000000000000e+00 4.935745495322147569e+00 9.199999999999999845e-02
9.362326200000000000e+07 1.000000000000000000e+00 6.600000000000000000e+01 7.396079221875488656e+03 1.373152575309604799e+04 1.116417000000000007e+04 0.000000000000000000e+00 1.001686717625243084e+00 6.099999999999999867e-02
9.362326100000000000e+07 1.000000000000000000e+00 6.600000000000000000e+01 7.390249221875486910e+03 1.372743575309604785e+04 1.115909000000000015e+04 0.000000000000000000e+00 1.134982321070677980e+00 2.400000000000000050e-02
9.362326100000000000e+07 1.000000000000000000e+00 6.600000000000000000e+01 7.390069221875486619e+03 1.372731575309604705e+04 1.116064999999999964e+04 0.000000000000000000e+00 1.332327719624791573e+00 6.099999999999999867e-02
9.362318100000000000e+07 1.000000000000000000e+00 6.500000000000000000e+01 7.392599221875487274e+03 1.371683575309604748e+04 1.116764999999999964e+04 0.000000000000000000e+00 2.742516903724565580e+00 2.400000000000000050e-02
9.362318300000000000e+07 0.000000000000000000e+00 6.600000000000000000e+01 7.395249221875486910e+03 1.371229575309604843e+04 1.116861000000000058e+04 0.000000000000000000e+00 5.041466460246309289e+00 9.199999999999999845e-02
9.362318400000000000e+07 1.000000000000000000e+00 6.600000000000000000e+01 7.396469221875488074e+03 1.371213575309604857e+04 1.116778000000000065e+04 0.000000000000000000e+00 5.085967647095457345e+00 1.078999999999999915e+01
9.362318500000000000e+07 1.000000000000000000e+00 6.600000000000000000e+01 7.399829221875488656e+03 1.371718575309604785e+04 1.116552000000000044e+04 0.000000000000000000e+00 6.650963569524282804e+00 2.400000000000000050e-02
9.362318500000000000e+07 1.000000000000000000e+00 6.600000000000000000e+01 7.400009221875487128e+03 1.371738575309604857e+04 1.116535000000000036e+04 0.000000000000000000e+00 6.833195117713779076e+00 8.349999999999999645e-01
9.362318500000000000e+07 1.000000000000000000e+00 6.600000000000000000e+01 7.400009221875487128e+03 1.371738575309604857e+04 1.116535000000000036e+04 0.000000000000000000e+00 6.833195117713779076e+00 6.753610000000000113e+00
9.362318400000000000e+07 1.000000000000000000e+00 6.600000000000000000e+01 7.396469221875488074e+03 1.371213575309604857e+04 1.116778000000000065e+04 0.000000000000000000e+00 5.085967647095457345e+00 2.194910000000000139e+00
9.362317800000000000e+07 1.000000000000000000e+00 6.500000000000000000e+01 7.381989221875488511e+03 1.372521575309604668e+04 1.118372000000000116e+04 0.000000000000000000e+00 7.492476074433637834e+00 2.400000000000000050e-02
9.362307200000000000e+07 1.000000000000000000e+00 6.600000000000000000e+01 7.335319221875488438e+03 1.376890575309604537e+04 1.120304999999999927e+04 0.000000000000000000e+00 4.031979751122462652e+00 2.400000000000000050e-02
9.362307500000000000e+07 1.000000000000000000e+00 6.600000000000000000e+01 7.341759221875488947e+03 1.375253575309604639e+04 1.120913999999999942e+04 0.000000000000000000e+00 1.752963226934518781e+00 9.199999999999999845e-02
9.362307800000000000e+07 0.000000000000000000e+00 6.600000000000000000e+01 7.335629221875487929e+03 1.375443575309604785e+04 1.122476000000000022e+04 0.000000000000000000e+00 1.673439532114572526e+00 9.199999999999999845e-02
9.362307500000000000e+07 0.000000000000000000e+00 6.500000000000000000e+01 7.327269221875487347e+03 1.375778575309604639e+04 1.121572000000000116e+04 0.000000000000000000e+00 2.767949996898535048e+00 9.199999999999999845e-02
9.362399400000000000e+07 1.000000000000000000e+00 6.500000000000000000e+01 7.324539221875487783e+03 1.375678575309604639e+04 1.122181999999999971e+04 0.000000000000000000e+00 1.058668634610696380e+00 6.099999999999999867e-02
9.362399600000000000e+07 1.000000000000000000e+00 6.500000000000000000e+01 7.331779221875487565e+03 1.376208575309604566e+04 1.123445000000000073e+04 0.000000000000000000e+00 1.527958455807167493e+00 9.199999999999999845e-02
9.362308100000000000e+07 1.000000000000000000e+00 6.600000000000000000e+01 7.339169221875488802e+03 1.376083575309604748e+04 1.123713000000000102e+04 0.000000000000000000e+00 3.240883034695742015e+00 9.199999999999999845e-02
9.362399800000000000e+07 1.000000000000000000e+00 6.500000000000000000e+01 7.341679221875487201e+03 1.375791575309604741e+04 1.124526000000000022e+04 0.000000000000000000e+00 3.435045450196194672e+00 6.099999999999999867e-02
9.362290600000000000e+07 1.000000000000000000e+00 6.500000000000000000e+01 7.256449221875487638e+03 1.381134575309604770e+04 1.124389999999999964e+04 0.000000000000000000e+00 1.112923382057201538e+00 6.099999999999999867e-02
9.362290600000000000e+07 1.000000000000000000e+00 6.500000000000000000e+01 7.257969221875488074e+03 1.380495575309604828e+04 1.123793000000000029e+04 0.000000000000000000e+00 3.182998895646749205e+00 9.199999999999999845e-02
9.362199000000000000e+07 0.000000000000000000e+00 6.600000000000000000e+01 7.268019221875487347e+03 1.381072575309604690e+04 1.123725000000000000e+04 0.000000000000000000e+00 5.925636744092493968e-01 2.400000000000000050e-02
9.362199200000000000e+07 0.000000000000000000e+00 6.500000000000000000e+01 7.264539221875487783e+03 1.379981575309604887e+04 1.123676000000000022e+04 0.000000000000000000e+00 1.659892526506165922e+00 9.199999999999999845e-02
9.362199100000000000e+07 1.000000000000000000e+00 6.500000000000000000e+01 7.254209221875487856e+03 1.378655575309604683e+04 1.123269000000000051e+04 0.000000000000000000e+00 8.375293306978532470e+00 9.199999999999999845e-02
9.362190800000000000e+07 1.000000000000000000e+00 6.500000000000000000e+01 7.243999221875486910e+03 1.379088575309604676e+04 1.123072000000000116e+04 0.000000000000000000e+00 1.895156473547594977e+00 2.400000000000000050e-02
9.362190500000000000e+07 1.000000000000000000e+00 6.600000000000000000e+01 7.224439221875487419e+03 1.378062575309604654e+04 1.122294000000000051e+04 0.000000000000000000e+00 7.609316926245506707e+00 2.400000000000000050e-02
9.362190400000000000e+07 1.000000000000000000e+00 6.600000000000000000e+01 7.225159221875486764e+03 1.378178575309604639e+04 1.121614999999999964e+04 0.000000000000000000e+00 7.774575376666923887e+00 8.349999999999999645e-01
9.362282700000000000e+07 1.000000000000000000e+00 6.500000000000000000e+01 7.221479221875486473e+03 1.379097575309604690e+04 1.121534000000000015e+04 0.000000000000000000e+00 4.339066981622286434e+00 4.169999999999999818e-01
9.362191200000000000e+07 1.000000000000000000e+00 6.500000000000000000e+01 7.225729221875488292e+03 1.378442575309604581e+04 1.124695000000000073e+04 0.000000000000000000e+00 5.125448347939137506e+00 9.199999999999999845e-02
9.362291900000000000e+07 0.000000000000000000e+00 6.500000000000000000e+01 7.231359221875487492e+03 1.377667575309604763e+04 1.123884000000000015e+04 0.000000000000000000e+00 2.902509769153736041e+00 9.199999999999999845e-02
9.362291900000000000e+07 1.000000000000000000e+00 6.500000000000000000e+01 7.234289221875487783e+03 1.377478575309604639e+04 1.123598999999999978e+04 0.000000000000000000e+00 1.130682464613965266e+00 6.099999999999999867e-02
9.362192000000000000e+07 1.000000000000000000e+00 6.500000000000000000e+01 7.238219221875488074e+03 1.375945575309604828e+04 1.123821999999999935e+04 0.000000000000000000e+00 1.061592937880531773e+00 4.169999999999999818e-01
9.362192100000000000e+07 0.000000000000000000e+00 6.600000000000000000e+01 7.248279221875487565e+03 1.376152575309604799e+04 1.125204000000000087e+04 0.000000000000000000e+00 3.222591572231872536e+00 9.199999999999999845e-02
9.362192400000000000e+07 1.000000000000000000e+00 6.500000000000000000e+01 7.246029221875487565e+03 1.374922575309604690e+04 1.125161999999999898e+04 0.000000000000000000e+00 3.167684812983139420e+00 4.169999999999999818e-01
9.362192900000000000e+07 0.000000000000000000e+00 6.500000000000000000e+01 7.242759221875487128e+03 1.373859575309604770e+04 1.122659000000000015e+04 0.000000000000000000e+00 1.328878787647343129e+00 2.400000000000000050e-02
9.362192800000000000e+07 1.000000000000000000e+00 6.600000000000000000e+01 7.234779221875487565e+03 1.373567575309604581e+04 1.123426000000000022e+04 0.000000000000000000e+00 1.834496553590265311e+00 4.169999999999999818e-01
9.362192800000000000e+07 1.000000000000000000e+00 6.600000000000000000e+01 7.234709221875487856e+03 1.373563575309604857e+04 1.123436999999999898e+04 0.000000000000000000e+00 1.883585489136965663e+00 6.099999999999999867e-02
9.362192700000000000e+07 1.000000000000000000e+00 6.600000000000000000e+01 7.231839221875487056e+03 1.373356575309604887e+04 1.123889999999999964e+04 0.000000000000000000e+00 5.095435649104151032e+00 6.099999999999999867e-02
9.362192700000000000e+07 1.000000000000000000e+00 6.600000000000000000e+01 7.231839221875487056e+03 1.373356575309604887e+04 1.123889999999999964e+04 0.000000000000000000e+00 5.095435649104151032e+00 7.397070000000000256e+00
9.362199000000000000e+07 1.000000000000000000e+00 6.600000000000000000e+01 7.273859221875487492e+03 1.382141575309604741e+04 1.124140999999999985e+04 0.000000000000000000e+00 4.246397666582979014e+00 4.169999999999999818e-01
9.362056600000000000e+07 0.000000000000000000e+00 6.500000000000000000e+01 6.986209221875487856e+03 1.380122575309604690e+04 1.112064999999999964e+04 0.000000000000000000e+00 1.701180021092454586e+00 2.400000000000000050e-02
9.362056500000000000e+07 0.000000000000000000e+00 6.500000000000000000e+01 6.986279221875487565e+03 1.380426575309604596e+04 1.112057999999999993e+04 0.000000000000000000e+00 7.466314774706238611e-01 1.339000000000000057e+01
9.361950700000000000e+07 1.000000000000000000e+00 6.600000000000000000e+01 6.985769221875487347e+03 1.381563575309604857e+04 1.112135000000000036e+04 0.000000000000000000e+00 1.706093793264528369e+00 9.199999999999999845e-02
9.361950700000000000e+07 1.000000000000000000e+00 6.600000000000000000e+01 6.985409221875486764e+03 1.381737575309604654e+04 1.112089999999999964e+04 0.000000000000000000e+00 1.538301391590980671e+00 1.078999999999999915e+01
9.361950700000000000e+07 1.000000000000000000e+00 6.600000000000000000e+01 6.985229221875488292e+03 1.381840575309604719e+04 1.112052000000000044e+04 0.000000000000000000e+00 1.592849859230404341e+00 1.078999999999999915e+01
9.362055900000000000e+07 1.000000000000000000e+00 6.600000000000000000e+01 6.985479221875488292e+03 1.382096575309604668e+04 1.112398999999999978e+04 0.000000000000000000e+00 2.539774132643136006e+00 3.229999999999999716e+01
9.362056200000000000e+07 1.000000000000000000e+00 6.500000000000000000e+01 6.986959221875487856e+03 1.382420575309604646e+04 1.112860000000000036e+04 0.000000000000000000e+00 3.063092170787658830e+00 6.099999999999999867e-02
9.362056100000000000e+07 1.000000000000000000e+00 6.500000000000000000e+01 6.985789221875487783e+03 1.382523575309604712e+04 1.113622000000000116e+04 0.000000000000000000e+00 1.509621425453965049e+00 6.099999999999999867e-02
9.361895100000000000e+07 1.000000000000000000e+00 6.600000000000000000e+01 6.986819221875488438e+03 1.384041575309604741e+04 1.114235000000000036e+04 0.000000000000000000e+00 1.648275181051386040e+00 9.199999999999999845e-02
9.361894800000000000e+07 1.000000000000000000e+00 6.500000000000000000e+01 6.994779221875487565e+03 1.384330575309604683e+04 1.114523999999999978e+04 0.000000000000000000e+00 4.714781504739010920e+00 6.099999999999999867e-02
9.361894700000000000e+07 1.000000000000000000e+00 6.500000000000000000e+01 7.002279221875487565e+03 1.383702575309604799e+04 1.114873999999999978e+04 0.000000000000000000e+00 5.086873237392054214e+00 2.039999999999999869e-01
9.361894700000000000e+07 0.000000000000000000e+00 6.500000000000000000e+01 6.997929221875487201e+03 1.384441575309604741e+04 1.115431999999999971e+04 0.000000000000000000e+00 5.725007876894739889e-01 9.199999999999999845e-02
9.361960800000000000e+07 1.000000000000000000e+00 6.500000000000000000e+01 6.991339221875487056e+03 1.384374575309604734e+04 1.116120000000000073e+04 0.000000000000000000e+00 3.584444962890767528e+00 9.199999999999999845e-02
9.361961000000000000e+07 0.000000000000000000e+00 6.500000000000000000e+01 6.994689221875487419e+03 1.385013575309604857e+04 1.117647000000000116e+04 0.000000000000000000e+00 9.331331448478680235e-01 8.349999999999999645e-01
9.361961000000000000e+07 0.000000000000000000e+00 6.500000000000000000e+01 6.997619221875487710e+03 1.385322575309604690e+04 1.117392000000000007e+04 0.000000000000000000e+00 6.974371285409175503e-01 4.169999999999999818e-01
9.361960900000000000e+07 1.000000000000000000e+00 6.500000000000000000e+01 6.998429221875487201e+03 1.385400575309604756e+04 1.117247000000000116e+04 0.000000000000000000e+00 2.045732517313659571e+00 2.039999999999999869e-01
9.361960900000000000e+07 1.000000000000000000e+00 6.500000000000000000e+01 7.001229221875486473e+03 1.385148575309604712e+04 1.116751000000000022e+04 0.000000000000000000e+00 2.426601114947662285e+00 6.099999999999999867e-02
9.361879900000000000e+07 1.000000000000000000e+00 6.500000000000000000e+01 6.996339221875487056e+03 1.384871575309604668e+04 1.116688000000000102e+04 0.000000000000000000e+00 1.259824358779086939e+00 9.199999999999999845e-02
9.361960800000000000e+07 1.000000000000000000e+00 6.500000000000000000e+01 6.995369221875487710e+03 1.384667575309604581e+04 1.116355999999999949e+04 0.000000000000000000e+00 1.254530806866066550e+00 6.099999999999999867e-02
9.361960400000000000e+07 0.000000000000000000e+00 6.600000000000000000e+01 6.998749221875486910e+03 1.383186575309604814e+04 1.115686999999999898e+04 0.000000000000000000e+00 2.501048058718047251e+00 9.199999999999999845e-02
9.361876400000000000e+07 0.000000000000000000e+00 6.500000000000000000e+01 6.999799221875488001e+03 1.382916575309604741e+04 1.115479000000000087e+04 0.000000000000000000e+00 1.514286859344557312e+00 6.099999999999999867e-02
9.361960400000000000e+07 1.000000000000000000e+00 6.600000000000000000e+01 7.001729221875488292e+03 1.382883575309604748e+04 1.115563000000000102e+04 0.000000000000000000e+00 1.387579435851156173e+00 9.199999999999999845e-02
9.361960300000000000e+07 0.000000000000000000e+00 6.600000000000000000e+01 7.003689221875487419e+03 1.382815575309604719e+04 1.115634000000000015e+04 0.000000000000000000e+00 1.218816477978350354e+00 2.039999999999999869e-01
9.361875900000000000e+07 1.000000000000000000e+00 6.600000000000000000e+01 7.002839221875487056e+03 1.381973575309604712e+04 1.116857999999999993e+04 0.000000000000000000e+00 1.416175232510394011e+00 9.199999999999999845e-02
9.361875500000000000e+07 1.000000000000000000e+00 6.500000000000000000e+01 7.004569221875486619e+03 1.380879575309604661e+04 1.116764999999999964e+04 0.000000000000000000e+00 2.378650056481216524e+00 9.199999999999999845e-02
9.361875700000000000e+07 1.000000000000000000e+00 6.500000000000000000e+01 7.002809221875488220e+03 1.379938575309604857e+04 1.115645999999999913e+04 0.000000000000000000e+00 1.670684857111067512e+00 2.039999999999999869e-01
9.361875600000000000e+07 1.000000000000000000e+00 6.500000000000000000e+01 6.998509221875487128e+03 1.380259575309604770e+04 1.116352999999999884e+04 0.000000000000000000e+00 1.749459573253324907e+00 6.099999999999999867e-02
9.361959300000000000e+07 1.000000000000000000e+00 6.500000000000000000e+01 6.993509221875487128e+03 1.380249575309604734e+04 1.116007999999999993e+04 0.000000000000000000e+00 2.972347396702674338e+00 9.199999999999999845e-02
9.361959300000000000e+07 1.000000000000000000e+00 6.500000000000000000e+01 6.993469221875488074e+03 1.380292575309604581e+04 1.115885000000000036e+04 0.000000000000000000e+00 3.467676035278309588e+00 5.000000000000000000e-01
9.361959300000000000e+07 1.000000000000000000e+00 6.500000000000000000e+01 6.993469221875488074e+03 1.380292575309604581e+04 1.115885000000000036e+04 0.000000000000000000e+00 3.467676035278309588e+00 7.024779999999999802e+00
9.362055900000000000e+07 1.000000000000000000e+00 6.600000000000000000e+01 6.985479221875488292e+03 1.382096575309604668e+04 1.112398999999999978e+04 0.000000000000000000e+00 2.539774132643136006e+00 3.712699999999999889e+00
9.361950700000000000e+07 1.000000000000000000e+00 6.600000000000000000e+01 6.985229221875488292e+03 1.381840575309604719e+04 1.112052000000000044e+04 0.000000000000000000e+00 1.592849859230404341e+00 2.254599999999999937e+00
9.361950700000000000e+07 1.000000000000000000e+00 6.600000000000000000e+01 6.985409221875486764e+03 1.381737575309604654e+04 1.112089999999999964e+04 0.000000000000000000e+00 1.538301391590980671e+00 3.168810000000000127e+00
9.362056500000000000e+07 0.000000000000000000e+00 6.500000000000000000e+01 6.986279221875487565e+03 1.380426575309604596e+04 1.112057999999999993e+04 0.000000000000000000e+00 7.466314774706238611e-01 3.672940000000000094e+00
9.361950200000000000e+07 1.000000000000000000e+00 6.600000000000000000e+01 6.980159221875486764e+03 1.379782575309604726e+04 1.109597999999999956e+04 0.000000000000000000e+00 1.833245543984269643e+00 9.199999999999999845e-02
9.361942000000000000e+07 1.000000000000000000e+00 6.600000000000000000e+01 6.977569221875486619e+03 1.380196575309604668e+04 1.109432999999999993e+04 0.000000000000000000e+00 3.782309273235912594e-01 6.099999999999999867e-02
9.361950500000000000e+07 0.000000000000000000e+00 6.600000000000000000e+01 6.983429221875487201e+03 1.380913575309604676e+04 1.111056999999999971e+04 0.000000000000000000e+00 9.649379534248875290e-01 2.400000000000000050e-02
9.361950600000000000e+07 0.000000000000000000e+00 6.500000000000000000e+01 6.985649221875488365e+03 1.380780575309604683e+04 1.111307999999999993e+04 0.000000000000000000e+00 1.734277960636165350e+00 1.078999999999999915e+01
9.361950700000000000e+07 1.000000000000000000e+00 6.500000000000000000e+01 6.991429221875487201e+03 1.379776575309604596e+04 1.111144000000000051e+04 0.000000000000000000e+00 2.707940569573399348e+00 2.400000000000000050e-02
9.362057100000000000e+07 1.000000000000000000e+00 6.600000000000000000e+01 6.995719221875488074e+03 1.378948575309604712e+04 1.111481999999999971e+04 0.000000000000000000e+00 4.370102162742552032e+00 9.199999999999999845e-02
9.362057100000000000e+07 1.000000000000000000e+00 6.600000000000000000e+01 6.997549221875488001e+03 1.379218575309604785e+04 1.110773999999999978e+04 0.000000000000000000e+00 6.476441824162441740e+00 6.099999999999999867e-02
9.361950600000000000e+07 1.000000000000000000e+00 6.500000000000000000e+01 6.990509221875488947e+03 1.379750575309604756e+04 1.110729999999999927e+04 0.000000000000000000e+00 3.737839875299839409e+00 6.099999999999999867e-02
9.362047800000000000e+07 1.000000000000000000e+00 6.600000000000000000e+01 6.982829221875488656e+03 1.379782575309604726e+04 1.108679999999999927e+04 0.000000000000000000e+00 3.942402559427822695e+00 4.169999999999999818e-01
9.362048100000000000e+07 0.000000000000000000e+00 6.500000000000000000e+01 6.977159221875486764e+03 1.379068575309604785e+04 1.108922000000000116e+04 0.000000000000000000e+00 2.146946033589346214e+00 6.099999999999999867e-02
9.362048700000000000e+07 0.000000000000000000e+00 6.600000000000000000e+01 6.988439221875487419e+03 1.377313575309604676e+04 1.109239999999999964e+04 0.000000000000000000e+00 4.077412803125054275e+00 9.199999999999999845e-02
9.362048600000000000e+07 0.000000000000000000e+00 6.500000000000000000e+01 6.986839221875487056e+03 1.377738575309604676e+04 1.108715999999999985e+04 0.000000000000000000e+00 1.731551272347111370e+00 2.400000000000000050e-02
9.362048800000000000e+07 0.000000000000000000e+00 6.600000000000000000e+01 6.992579221875486837e+03 1.377287575309604654e+04 1.108470000000000073e+04 0.000000000000000000e+00 1.887114077115328525e+00 2.400000000000000050e-02
9.362048800000000000e+07 0.000000000000000000e+00 6.500000000000000000e+01 6.992509221875488947e+03 1.377128575309604639e+04 1.108425000000000000e+04 0.000000000000000000e+00 2.047612837762094351e+00 9.199999999999999845e-02
9.362048800000000000e+07 0.000000000000000000e+00 6.500000000000000000e+01 6.992509221875488947e+03 1.377128575309604639e+04 1.108425000000000000e+04 0.000000000000000000e+00 2.047612837762094351e+00 7.365070000000000228e+00
9.361950600000000000e+07 0.000000000000000000e+00 6.500000000000000000e+01 6.985649221875488365e+03 1.380780575309604683e+04 1.111307999999999993e+04 0.000000000000000000e+00 1.734277960636165350e+00 1.289269999999999916e+00
8.795302400000000000e+07 1.000000000000000000e+00 6.600000000000000000e+01 6.132949221875487638e+03 1.365329575309604661e+04 1.043996999999999935e+04 0.000000000000000000e+00 7.682139294079013858e+00 4.169999999999999818e-01
5.443467000000000000e+07 1.000000000000000000e+00 6.500000000000000000e+01 3.698121221875487663e+03 1.065889575309604697e+04 6.459850000000000364e+03 0.000000000000000000e+00 6.826667614073199886e+00 6.099999999999999867e-02
5.443467000000000000e+07 1.000000000000000000e+00 6.500000000000000000e+01 3.702012221875488194e+03 1.065017575309604763e+04 6.463899999999999636e+03 0.000000000000000000e+00 7.933228348679869368e-01 2.400000000000000050e-02
5.443466900000000000e+07 1.000000000000000000e+00 6.500000000000000000e+01 3.705280221875488223e+03 1.065658575309604748e+04 6.466059999999999491e+03 0.000000000000000000e+00 2.477785242650533792e+00 6.099999999999999867e-02
5.443466900000000000e+07 1.000000000000000000e+00 6.500000000000000000e+01 3.706047221875488049e+03 1.065780575309604683e+04 6.465610000000000582e+03 0.000000000000000000e+00 2.869748912370610139e+00 4.169999999999999818e-01
5.443467300000000000e+07 1.000000000000000000e+00 6.600000000000000000e+01 3.709214221875488420e+03 1.064623575309604712e+04 6.454539999999999964e+03 0.000000000000000000e+00 8.372029232869599991e-01 9.199999999999999845e-02
5.443467400000000000e+07 0.000000000000000000e+00 6.500000000000000000e+01 3.705786221875487627e+03 1.063749575309604734e+04 6.454149999999999636e+03 0.000000000000000000e+00 1.257672163198415571e+00 9.199999999999999845e-02
5.443467400000000000e+07 1.000000000000000000e+00 6.500000000000000000e+01 3.705764221875487692e+03 1.063628575309604639e+04 6.456210000000000036e+03 0.000000000000000000e+00 1.197356692183786819e+00 9.199999999999999845e-02
5.443467400000000000e+07 0.000000000000000000e+00 6.500000000000000000e+01 3.704821221875488391e+03 1.063658575309604748e+04 6.457659999999999854e+03 0.000000000000000000e+00 2.001522314146126913e+00 4.169999999999999818e-01
5.443466900000000000e+07 1.000000000000000000e+00 6.600000000000000000e+01 3.708223221875488434e+03 1.064324575309604734e+04 6.467819999999999709e+03 0.000000000000000000e+00 4.343673518008298373e+00 2.400000000000000050e-02
5.443467000000000000e+07 0.000000000000000000e+00 6.600000000000000000e+01 3.708746221875488573e+03 1.064377575309604799e+04 6.467369999999999891e+03 0.000000000000000000e+00 3.639450254330525603e+00 9.199999999999999845e-02
5.443467200000000000e+07 1.000000000000000000e+00 6.600000000000000000e+01 3.716250221875488478e+03 1.064454575309604661e+04 6.456399999999999636e+03 0.000000000000000000e+00 1.201393718930859666e+00 9.199999999999999845e-02
5.443467200000000000e+07 1.000000000000000000e+00 6.600000000000000000e+01 3.714338221875488216e+03 1.064379575309604661e+04 6.456470000000000255e+03 0.000000000000000000e+00 1.195942340680923976e+00 4.169999999999999818e-01
5.443466900000000000e+07 1.000000000000000000e+00 6.600000000000000000e+01 3.719360221875488151e+03 1.064596575309604668e+04 6.471069999999999709e+03 0.000000000000000000e+00 2.076798932539236198e+00 9.199999999999999845e-02
5.443466900000000000e+07 1.000000000000000000e+00 6.600000000000000000e+01 3.719568221875487779e+03 1.064628575309604639e+04 6.471539999999999964e+03 0.000000000000000000e+00 2.081201116631251402e+00 6.099999999999999867e-02
5.443467000000000000e+07 1.000000000000000000e+00 6.600000000000000000e+01 3.724015221875487896e+03 1.064398575309604712e+04 6.470460000000000036e+03 0.000000000000000000e+00 3.284281007640263539e+00 4.169999999999999818e-01
5.443467000000000000e+07 1.000000000000000000e+00 6.600000000000000000e+01 3.724015221875487896e+03 1.064398575309604712e+04 6.470460000000000036e+03 0.000000000000000000e+00 3.284281007640263539e+00 7.038759999999999906e+00
5.443703400000000000e+07 0.000000000000000000e+00 6.600000000000000000e+01 3.740635221875487787e+03 1.051681575309604705e+04 6.367059999999999491e+03 0.000000000000000000e+00 2.012648459818602298e+00 4.169999999999999818e-01
5.443821800000000000e+07 1.000000000000000000e+00 6.500000000000000000e+01 3.748166221875487736e+03 1.051145575309604646e+04 6.372840000000000146e+03 0.000000000000000000e+00 1.866253525003467306e+00 2.039999999999999869e-01
5.443821800000000000e+07 1.000000000000000000e+00 6.500000000000000000e+01 3.751851221875488136e+03 1.051169575309604625e+04 6.373479999999999563e+03 0.000000000000000000e+00 2.611889876098688834e+00 6.099999999999999867e-02
5.443822100000000000e+07 1.000000000000000000e+00 6.600000000000000000e+01 3.758278221875487816e+03 1.051105575309604683e+04 6.370090000000000146e+03 0.000000000000000000e+00 1.947217070568000974e+00 9.199999999999999845e-02
5.443703100000000000e+07 1.000000000000000000e+00 6.500000000000000000e+01 3.755116221875488463e+03 1.051906575309604705e+04 6.376190000000000509e+03 0.000000000000000000e+00 7.387289911915886353e-01 6.099999999999999867e-02
5.443703100000000000e+07 1.000000000000000000e+00 6.500000000000000000e+01 3.755088221875488216e+03 1.051855575309604683e+04 6.376220000000000255e+03 0.000000000000000000e+00 3.408916828425891943e-01 9.199999999999999845e-02
5.443821700000000000e+07 1.000000000000000000e+00 6.500000000000000000e+01 3.753357221875488449e+03 1.050673575309604712e+04 6.374180000000000291e+03 0.000000000000000000e+00 3.550643659497756843e+00 9.199999999999999845e-02
5.443821100000000000e+07 1.000000000000000000e+00 6.600000000000000000e+01 3.751669221875488347e+03 1.049270575309604646e+04 6.392119999999999891e+03 0.000000000000000000e+00 2.390755269159715812e+00 9.199999999999999845e-02
5.443821100000000000e+07 1.000000000000000000e+00 6.600000000000000000e+01 3.751669221875488347e+03 1.049270575309604646e+04 6.392119999999999891e+03 0.000000000000000000e+00 2.390755269159715812e+00 7.386289999999999800e+00
5.443703600000000000e+07 0.000000000000000000e+00 6.500000000000000000e+01 3.731845221875487823e+03 1.051820575309604646e+04 6.361550000000000182e+03 0.000000000000000000e+00 9.124816383018218291e-01 6.356600000000000250e+00
2.467610500000000000e+07 0.000000000000000000e+00 6.600000000000000000e+01 4.040476321875488338e+03 8.893227753096047309e+03 2.822510000000000218e+03 1.000000000000000000e+00 1.515426426902167556e+00 2.070000000000000000e+02
7.792749000000000000e+07 1.000000000000000000e+00 6.500000000000000000e+01 2.078389221875488602e+03 6.232875753096046537e+03 9.159760000000000218e+03 1.000000000000000000e+00 6.505414629131911486e-01 2.070000000000000000e+02
