9.280721800000000000e+07 1.000000000000000000e+00 6.600000000000000000e+01 8.510399999999999636e+02 1.132040033528058666e+04 1.086072534205696502e+04 0.000000000000000000e+00 9.051877915195051472e+00 1.339000000000000057e+01
9.280722100000000000e+07 1.000000000000000000e+00 6.500000000000000000e+01 8.512799999999997453e+02 1.131376503528058674e+04 1.085667634205696413e+04 0.000000000000000000e+00 4.296753507670850958e+00 1.339000000000000057e+01
9.280722100000000000e+07 1.000000000000000000e+00 6.500000000000000000e+01 8.509499999999998181e+02 1.131042103528058578e+04 1.085415834205696410e+04 0.000000000000000000e+00 2.434277172026284575e+00 1.078999999999999915e+01
9.280722200000000000e+07 1.000000000000000000e+00 6.500000000000000000e+01 8.501599999999998545e+02 1.130768003528058762e+04 1.085063234205696426e+04 0.000000000000000000e+00 1.988041729096098997e+00 1.078999999999999915e+01
9.280722200000000000e+07 1.000000000000000000e+00 6.500000000000000000e+01 8.506999999999998181e+02 1.130697303528058546e+04 1.084951934205696307e+04 0.000000000000000000e+00 2.594395640313427176e+00 1.339000000000000057e+01
9.280722600000000000e+07 1.000000000000000000e+00 6.600000000000000000e+01 8.551199999999998909e+02 1.129901103528058593e+04 1.084267934205696474e+04 0.000000000000000000e+00 3.927158548626259904e+00 1.339000000000000057e+01
9.280722600000000000e+07 1.000000000000000000e+00 6.600000000000000000e+01 8.556999999999998181e+02 1.129824703528058672e+04 1.084172534205696502e+04 0.000000000000000000e+00 4.701187564075362424e+00 2.039999999999999869e-01
9.280722600000000000e+07 0.000000000000000000e+00 6.600000000000000000e+01 8.476399999999994179e+02 1.130110103528058607e+04 1.084424134205696464e+04 0.000000000000000000e+00 1.022247940756993767e+00 1.078999999999999915e+01
9.280707800000000000e+07 0.000000000000000000e+00 6.500000000000000000e+01 8.464899999999997817e+02 1.130120603528058564e+04 1.084147134205696420e+04 0.000000000000000000e+00 1.061226623964855786e+00 1.078999999999999915e+01
9.280722300000000000e+07 0.000000000000000000e+00 6.500000000000000000e+01 8.443699999999998909e+02 1.130821203528058686e+04 1.084797534205696502e+04 0.000000000000000000e+00 5.288357814187591988e-01 6.099999999999999867e-02
9.280722500000000000e+07 0.000000000000000000e+00 6.500000000000000000e+01 8.436900000000005093e+02 1.130469503528058704e+04 1.084575234205696324e+04 0.000000000000000000e+00 1.068651120715773173e+00 1.078999999999999915e+01
9.280722500000000000e+07 0.000000000000000000e+00 6.500000000000000000e+01 8.436900000000005093e+02 1.130469503528058704e+04 1.084575234205696324e+04 0.000000000000000000e+00 1.068651120715773173e+00 5.373949999999999783e+00
9.280722500000000000e+07 0.000000000000000000e+00 6.500000000000000000e+01 8.436900000000005093e+02 1.130469503528058704e+04 1.084575234205696324e+04 0.000000000000000000e+00 1.068651120715773173e+00 3.852679999999999882e+00
9.280707800000000000e+07 0.000000000000000000e+00 6.500000000000000000e+01 8.464899999999997817e+02 1.130120603528058564e+04 1.084147134205696420e+04 0.000000000000000000e+00 1.061226623964855786e+00 3.460869999999999891e+00
9.280722600000000000e+07 0.000000000000000000e+00 6.600000000000000000e+01 8.558900000000003274e+02 1.129587803528058612e+04 1.084561934205696525e+04 0.000000000000000000e+00 5.029362168465994820e+00 2.039999999999999869e-01
9.280722600000000000e+07 0.000000000000000000e+00 6.500000000000000000e+01 8.430999999999994543e+02 1.129705203528058701e+04 1.084745534205696458e+04 0.000000000000000000e+00 1.966514212640538606e+00 2.400000000000000050e-02
9.280722600000000000e+07 1.000000000000000000e+00 6.500000000000000000e+01 8.370999999999994543e+02 1.130389203528058715e+04 1.084435234205696543e+04 0.000000000000000000e+00 1.919122980699452974e+00 9.199999999999999845e-02
9.280722600000000000e+07 1.000000000000000000e+00 6.500000000000000000e+01 8.343599999999996726e+02 1.130632303528058765e+04 1.084576034205696487e+04 0.000000000000000000e+00 5.229725782460276307e+00 1.339000000000000057e+01
9.280722600000000000e+07 1.000000000000000000e+00 6.500000000000000000e+01 8.343599999999996726e+02 1.130632303528058765e+04 1.084576034205696487e+04 0.000000000000000000e+00 5.229725782460276307e+00 2.406470000000000109e+00
9.280722600000000000e+07 1.000000000000000000e+00 6.500000000000000000e+01 8.343599999999996726e+02 1.130632303528058765e+04 1.084576034205696487e+04 0.000000000000000000e+00 5.229725782460276307e+00 1.127909999999999968e+00
9.280722300000000000e+07 1.000000000000000000e+00 6.500000000000000000e+01 8.535000000000000000e+02 1.129912503528058733e+04 1.085103534205696451e+04 0.000000000000000000e+00 4.927170339838144564e+00 9.199999999999999845e-02
9.280722300000000000e+07 1.000000000000000000e+00 6.500000000000000000e+01 8.535000000000000000e+02 1.129912503528058733e+04 1.085103534205696451e+04 0.000000000000000000e+00 4.927170339838144564e+00 7.336229999999999585e+00
9.280722300000000000e+07 0.000000000000000000e+00 6.500000000000000000e+01 8.451400000000003274e+02 1.130854903528058639e+04 1.084829634205696493e+04 0.000000000000000000e+00 4.652977913775431795e-01 6.099999999999999867e-02
9.280722300000000000e+07 0.000000000000000000e+00 6.500000000000000000e+01 8.445300000000006548e+02 1.130930303528058721e+04 1.084810234205696543e+04 0.000000000000000000e+00 1.325531258435214133e+00 9.199999999999999845e-02
9.280722200000000000e+07 0.000000000000000000e+00 6.500000000000000000e+01 8.439199999999991633e+02 1.131298503528058609e+04 1.084876734205696448e+04 0.000000000000000000e+00 1.429865878394740220e+00 9.199999999999999845e-02
9.280722200000000000e+07 0.000000000000000000e+00 6.500000000000000000e+01 8.430000000000000000e+02 1.131438403528058552e+04 1.084706634205696537e+04 0.000000000000000000e+00 1.219998412348043626e+00 9.199999999999999845e-02
9.280722300000000000e+07 0.000000000000000000e+00 6.600000000000000000e+01 8.407899999999999636e+02 1.131685303528058648e+04 1.084091934205696452e+04 0.000000000000000000e+00 2.093781825620217418e+00 9.199999999999999845e-02
9.280707800000000000e+07 1.000000000000000000e+00 6.500000000000000000e+01 8.517899999999999636e+02 1.130245803528058605e+04 1.083874434205696525e+04 0.000000000000000000e+00 2.013312299492417079e+00 2.039999999999999869e-01
9.280707800000000000e+07 1.000000000000000000e+00 6.500000000000000000e+01 8.522100000000000364e+02 1.130162903528058632e+04 1.083814834205696388e+04 0.000000000000000000e+00 1.846009025348554378e+00 2.039999999999999869e-01
9.280741100000000000e+07 1.000000000000000000e+00 6.600000000000000000e+01 8.514000000000005457e+02 1.128861003528058609e+04 1.083612734205696324e+04 0.000000000000000000e+00 2.947083612752567028e+00 9.199999999999999845e-02
9.280707800000000000e+07 1.000000000000000000e+00 6.500000000000000000e+01 8.575400000000008731e+02 1.130308203528058584e+04 1.083397934205696401e+04 0.000000000000000000e+00 4.396795968245178265e+00 9.199999999999999845e-02
9.280733400000000000e+07 1.000000000000000000e+00 6.600000000000000000e+01 8.694599999999991269e+02 1.129900003528058733e+04 1.083302434205696409e+04 0.000000000000000000e+00 5.923180245531347587e+00 4.169999999999999818e-01
9.280733400000000000e+07 1.000000000000000000e+00 6.600000000000000000e+01 8.721800000000002910e+02 1.129776503528058674e+04 1.083389134205696428e+04 0.000000000000000000e+00 5.154303658572338520e+00 9.199999999999999845e-02
9.280733400000000000e+07 1.000000000000000000e+00 6.600000000000000000e+01 8.733600000000005821e+02 1.129637203528058672e+04 1.083286434205696423e+04 0.000000000000000000e+00 4.288987634402143811e+00 6.099999999999999867e-02
9.280733000000000000e+07 1.000000000000000000e+00 6.500000000000000000e+01 8.681800000000002910e+02 1.130331903528058683e+04 1.082150634205696406e+04 0.000000000000000000e+00 1.957224142622951968e+00 2.039999999999999869e-01
9.280724900000000000e+07 1.000000000000000000e+00 6.600000000000000000e+01 8.698899999999994179e+02 1.130008603528058666e+04 1.081091934205696452e+04 0.000000000000000000e+00 5.632880682408799800e+00 9.199999999999999845e-02
9.280724700000000000e+07 1.000000000000000000e+00 6.600000000000000000e+01 8.612699999999995271e+02 1.130021703528058606e+04 1.080355134205696413e+04 0.000000000000000000e+00 6.297712296790493269e+00 4.169999999999999818e-01
9.280812400000000000e+07 1.000000000000000000e+00 6.500000000000000000e+01 8.635100000000002183e+02 1.131571103528058666e+04 1.080126634205696428e+04 0.000000000000000000e+00 9.465342634201407535e+00 4.169999999999999818e-01
9.280812500000000000e+07 1.000000000000000000e+00 6.500000000000000000e+01 8.628199999999997090e+02 1.131978953528058628e+04 1.079807634205696377e+04 0.000000000000000000e+00 7.397672852979065183e+00 9.199999999999999845e-02
9.280812800000000000e+07 1.000000000000000000e+00 6.600000000000000000e+01 8.655000000000000000e+02 1.132457313528058694e+04 1.081490234205696470e+04 0.000000000000000000e+00 9.249292130207068752e+00 4.169999999999999818e-01
9.280812800000000000e+07 1.000000000000000000e+00 6.600000000000000000e+01 8.655000000000000000e+02 1.132457313528058694e+04 1.081490234205696470e+04 0.000000000000000000e+00 9.249292130207068752e+00 7.283750000000000391e+00
9.280722200000000000e+07 1.000000000000000000e+00 6.500000000000000000e+01 8.500499999999992724e+02 1.130791803528058517e+04 1.085100134205696486e+04 0.000000000000000000e+00 1.847507008980890930e+00 1.078999999999999915e+01
9.280722200000000000e+07 1.000000000000000000e+00 6.500000000000000000e+01 8.502699999999995271e+02 1.130807303528058765e+04 1.085116034205696451e+04 0.000000000000000000e+00 1.568213907387705053e+00 9.199999999999999845e-02
9.280819400000000000e+07 1.000000000000000000e+00 6.600000000000000000e+01 8.668400000000001455e+02 1.130390903528058698e+04 1.086579034205696371e+04 0.000000000000000000e+00 4.318037806728486139e+00 9.199999999999999845e-02
9.280819400000000000e+07 1.000000000000000000e+00 6.600000000000000000e+01 8.671599999999998545e+02 1.130412403528058712e+04 1.086570834205696519e+04 0.000000000000000000e+00 4.408676941401888705e+00 9.199999999999999845e-02
9.280818900000000000e+07 1.000000000000000000e+00 6.500000000000000000e+01 8.717800000000006548e+02 1.130151403528058654e+04 1.085561934205696525e+04 0.000000000000000000e+00 7.743504099376324668e+00 2.039999999999999869e-01
9.280818900000000000e+07 1.000000000000000000e+00 6.500000000000000000e+01 8.698199999999997090e+02 1.130259803528058546e+04 1.085818134205696333e+04 0.000000000000000000e+00 7.425930280123112404e+00 2.400000000000000050e-02
9.280819400000000000e+07 1.000000000000000000e+00 6.600000000000000000e+01 8.672100000000000364e+02 1.130265203528058555e+04 1.086084934205696482e+04 0.000000000000000000e+00 5.803459674884144270e+00 1.078999999999999915e+01
9.280819400000000000e+07 1.000000000000000000e+00 6.600000000000000000e+01 8.672100000000000364e+02 1.130265203528058555e+04 1.086084934205696482e+04 0.000000000000000000e+00 5.803459674884144270e+00 1.240669999999999940e+00
9.280819400000000000e+07 1.000000000000000000e+00 6.600000000000000000e+01 8.672100000000000364e+02 1.130265203528058555e+04 1.086084934205696482e+04 0.000000000000000000e+00 5.803459674884144270e+00 7.881540000000000212e-01
9.280722200000000000e+07 1.000000000000000000e+00 6.500000000000000000e+01 8.500499999999992724e+02 1.130791803528058517e+04 1.085100134205696486e+04 0.000000000000000000e+00 1.847507008980890930e+00 3.528850000000000042e-01
9.280722100000000000e+07 1.000000000000000000e+00 6.500000000000000000e+01 8.479399999999995998e+02 1.131321903528058647e+04 1.084827234205696368e+04 0.000000000000000000e+00 2.200626281947467788e+00 6.099999999999999867e-02
9.280722100000000000e+07 1.000000000000000000e+00 6.500000000000000000e+01 8.475500000000001819e+02 1.131385403528058669e+04 1.084737634205696486e+04 0.000000000000000000e+00 2.577585040139612538e+00 6.099999999999999867e-02
9.280722500000000000e+07 1.000000000000000000e+00 6.600000000000000000e+01 8.475000000000000000e+02 1.131482303528058765e+04 1.083372734205696543e+04 0.000000000000000000e+00 1.858396392358659055e+00 1.260999999999999943e+01
9.280722500000000000e+07 1.000000000000000000e+00 6.600000000000000000e+01 8.475000000000000000e+02 1.131482303528058765e+04 1.083372734205696543e+04 0.000000000000000000e+00 1.858396392358659055e+00 5.327110000000000234e+00
9.280722100000000000e+07 1.000000000000000000e+00 6.500000000000000000e+01 8.515100000000002183e+02 1.131319903528058603e+04 1.085336334205696403e+04 0.000000000000000000e+00 3.146325793740822885e+00 2.039999999999999869e-01
9.280722400000000000e+07 0.000000000000000000e+00 6.600000000000000000e+01 8.479099999999998545e+02 1.131255503528058762e+04 1.084273734205696383e+04 0.000000000000000000e+00 3.319028046462606962e+00 4.169999999999999818e-01
9.280722400000000000e+07 0.000000000000000000e+00 6.600000000000000000e+01 8.471599999999998545e+02 1.131242003528058558e+04 1.084072134205696420e+04 0.000000000000000000e+00 1.506059850658409305e+00 2.400000000000000050e-02
9.280722400000000000e+07 1.000000000000000000e+00 6.600000000000000000e+01 8.392999999999992724e+02 1.131834773528058577e+04 1.083977434205696409e+04 0.000000000000000000e+00 2.730669083405515174e+00 4.169999999999999818e-01
9.280722300000000000e+07 1.000000000000000000e+00 6.600000000000000000e+01 8.340099999999993088e+02 1.131485103528058607e+04 1.083927434205696409e+04 0.000000000000000000e+00 3.217431230673928777e+00 6.099999999999999867e-02
9.280722300000000000e+07 1.000000000000000000e+00 6.600000000000000000e+01 8.317500000000000000e+02 1.131239503528058776e+04 1.083887434205696445e+04 0.000000000000000000e+00 6.042076341503693548e+00 9.199999999999999845e-02
9.280630100000000000e+07 1.000000000000000000e+00 6.500000000000000000e+01 8.301400000000003274e+02 1.131089503528058776e+04 1.084310634205696442e+04 0.000000000000000000e+00 5.507134131511945085e+00 4.169999999999999818e-01
9.280621800000000000e+07 1.000000000000000000e+00 6.600000000000000000e+01 8.067800000000006548e+02 1.131522203528058526e+04 1.086119234205696557e+04 0.000000000000000000e+00 4.417856198337010376e+00 4.169999999999999818e-01
9.280629700000000000e+07 1.000000000000000000e+00 6.500000000000000000e+01 8.136000000000003638e+02 1.130639803528058656e+04 1.086926934205696489e+04 0.000000000000000000e+00 5.635287494112415807e+00 9.199999999999999845e-02
9.280629600000000000e+07 0.000000000000000000e+00 6.600000000000000000e+01 8.286299999999991996e+02 1.129698003528058689e+04 1.086895034205696356e+04 0.000000000000000000e+00 1.178673646002198039e+00 9.199999999999999845e-02
9.280629600000000000e+07 0.000000000000000000e+00 6.500000000000000000e+01 8.187500000000000000e+02 1.129402903528058596e+04 1.086837834205696345e+04 0.000000000000000000e+00 1.824719611799888730e+00 9.199999999999999845e-02
9.280629500000000000e+07 1.000000000000000000e+00 6.500000000000000000e+01 8.187099999999991269e+02 1.129035503528058689e+04 1.087051334205696548e+04 0.000000000000000000e+00 8.002861633460603974e-01 8.349999999999999645e-01
9.280621400000000000e+07 1.000000000000000000e+00 6.500000000000000000e+01 8.046699999999991633e+02 1.130494703528058744e+04 1.086196634205696319e+04 0.000000000000000000e+00 7.521543216554078981e+00 2.400000000000000050e-02
9.280621900000000000e+07 1.000000000000000000e+00 6.600000000000000000e+01 8.005399999999999636e+02 1.131060903528058770e+04 1.085784934205696482e+04 0.000000000000000000e+00 4.584658614542784782e+00 2.400000000000000050e-02
9.280621500000000000e+07 1.000000000000000000e+00 6.500000000000000000e+01 7.906399999999994179e+02 1.131067403528058639e+04 1.086005634205696333e+04 0.000000000000000000e+00 9.046823221912779545e+00 9.199999999999999845e-02
9.280621500000000000e+07 1.000000000000000000e+00 6.500000000000000000e+01 7.906399999999994179e+02 1.131067403528058639e+04 1.086005634205696333e+04 0.000000000000000000e+00 9.046823221912779545e+00 7.309549999999999770e+00
9.280821100000000000e+07 1.000000000000000000e+00 6.500000000000000000e+01 8.832399999999997817e+02 1.134940873528058728e+04 1.086530734205696353e+04 0.000000000000000000e+00 4.040762675419775185e+00 9.199999999999999845e-02
9.280821100000000000e+07 1.000000000000000000e+00 6.500000000000000000e+01 8.845799999999999272e+02 1.135092053528058750e+04 1.086431234205696455e+04 0.000000000000000000e+00 5.609777287921965616e+00 9.199999999999999845e-02
9.280821100000000000e+07 1.000000000000000000e+00 6.500000000000000000e+01 8.822799999999997453e+02 1.135031863528058602e+04 1.087731534205696516e+04 0.000000000000000000e+00 9.523993093075551641e+00 4.169999999999999818e-01
9.280821200000000000e+07 1.000000000000000000e+00 6.500000000000000000e+01 8.869799999999995634e+02 1.135029263528058618e+04 1.088112734205696324e+04 0.000000000000000000e+00 9.856558961295627697e+00 9.199999999999999845e-02
9.280821200000000000e+07 1.000000000000000000e+00 6.500000000000000000e+01 8.869799999999995634e+02 1.135029263528058618e+04 1.088112734205696324e+04 0.000000000000000000e+00 9.856558961295627697e+00 7.376920000000000144e+00
9.280721100000000000e+07 1.000000000000000000e+00 6.600000000000000000e+01 8.156799999999993815e+02 1.130936203528058650e+04 1.087424334205696505e+04 0.000000000000000000e+00 5.657391695184726288e+00 6.099999999999999867e-02
9.280621400000000000e+07 1.000000000000000000e+00 6.500000000000000000e+01 8.003800000000001091e+02 1.130775903528058552e+04 1.086880934205696394e+04 0.000000000000000000e+00 6.690782927121520451e+00 2.400000000000000050e-02
9.280621400000000000e+07 1.000000000000000000e+00 6.500000000000000000e+01 8.043899999999994179e+02 1.130555803528058641e+04 1.086531434205696496e+04 0.000000000000000000e+00 6.138440704674683168e+00 1.339000000000000057e+01
9.280711600000000000e+07 1.000000000000000000e+00 6.500000000000000000e+01 7.739600000000000364e+02 1.132141033528058688e+04 1.086240434205696511e+04 0.000000000000000000e+00 9.319185699908739906e+00 6.099999999999999867e-02
9.280711600000000000e+07 1.000000000000000000e+00 6.500000000000000000e+01 7.734099999999998545e+02 1.132202913528058707e+04 1.086208634205696399e+04 0.000000000000000000e+00 9.355677385653082823e+00 9.199999999999999845e-02
9.280711700000000000e+07 1.000000000000000000e+00 6.500000000000000000e+01 7.702399999999997817e+02 1.133299963528058652e+04 1.085853034205696531e+04 0.000000000000000000e+00 7.851178820841436590e+00 9.199999999999999845e-02
9.280622300000000000e+07 1.000000000000000000e+00 6.600000000000000000e+01 7.766099999999996726e+02 1.133780903528058661e+04 1.084454034205696371e+04 0.000000000000000000e+00 9.757379109192534372e+00 2.400000000000000050e-02
9.280712900000000000e+07 1.000000000000000000e+00 6.500000000000000000e+01 7.969400000000005093e+02 1.135844023528058642e+04 1.084145434205696438e+04 0.000000000000000000e+00 1.670512859447559117e+00 4.169999999999999818e-01
9.280712900000000000e+07 1.000000000000000000e+00 6.500000000000000000e+01 8.032700000000004366e+02 1.135551613528058624e+04 1.084576534205696407e+04 0.000000000000000000e+00 1.803335607545407893e+00 9.199999999999999845e-02
9.280713000000000000e+07 1.000000000000000000e+00 6.500000000000000000e+01 8.129099999999998545e+02 1.135990543528058697e+04 1.085221534205696480e+04 0.000000000000000000e+00 9.905263834083944730e+00 4.169999999999999818e-01
9.280713000000000000e+07 1.000000000000000000e+00 6.500000000000000000e+01 8.042899999999999636e+02 1.135596253528058514e+04 1.084578534205696451e+04 0.000000000000000000e+00 2.647414706598678613e+00 9.199999999999999845e-02
9.280713100000000000e+07 0.000000000000000000e+00 6.500000000000000000e+01 8.076999999999998181e+02 1.135123413528058518e+04 1.084172534205696502e+04 0.000000000000000000e+00 1.831424652188957669e+00 2.400000000000000050e-02
9.280713000000000000e+07 1.000000000000000000e+00 6.500000000000000000e+01 8.110299999999997453e+02 1.135188803528058634e+04 1.085161734205696484e+04 0.000000000000000000e+00 4.680826718169344147e+00 2.039999999999999869e-01
9.280713100000000000e+07 1.000000000000000000e+00 6.500000000000000000e+01 8.172399999999997817e+02 1.134519223528058683e+04 1.085800034205696466e+04 0.000000000000000000e+00 9.490636859479737453e+00 6.099999999999999867e-02
9.280713200000000000e+07 1.000000000000000000e+00 6.500000000000000000e+01 8.179400000000005093e+02 1.134215233528058525e+04 1.085607834205696417e+04 0.000000000000000000e+00 7.596135426337119689e+00 9.199999999999999845e-02
9.280713100000000000e+07 1.000000000000000000e+00 6.500000000000000000e+01 8.180600000000004002e+02 1.134598843528058569e+04 1.085549834205696425e+04 0.000000000000000000e+00 7.963992536804127553e+00 9.199999999999999845e-02
9.280621400000000000e+07 1.000000000000000000e+00 6.500000000000000000e+01 8.043899999999994179e+02 1.130555803528058641e+04 1.086531434205696496e+04 0.000000000000000000e+00 6.138440704674683168e+00 3.702880000000000060e-01
9.280721600000000000e+07 1.000000000000000000e+00 6.600000000000000000e+01 8.416900000000005093e+02 1.133567883528058519e+04 1.085956234205696455e+04 0.000000000000000000e+00 9.932007450807866178e+00 2.400000000000000050e-02
9.280721600000000000e+07 1.000000000000000000e+00 6.600000000000000000e+01 8.425000000000000000e+02 1.132999833528058662e+04 1.086031434205696496e+04 0.000000000000000000e+00 6.465753198307527150e+00 1.339000000000000057e+01
9.280721600000000000e+07 1.000000000000000000e+00 6.600000000000000000e+01 8.425000000000000000e+02 1.132999833528058662e+04 1.086031434205696496e+04 0.000000000000000000e+00 6.465753198307527150e+00 6.220390000000000086e+00
9.280721600000000000e+07 1.000000000000000000e+00 6.600000000000000000e+01 8.425000000000000000e+02 1.132999833528058662e+04 1.086031434205696496e+04 0.000000000000000000e+00 6.465753198307527150e+00 4.713960000000000150e+00
9.280721200000000000e+07 0.000000000000000000e+00 6.600000000000000000e+01 8.245399999999999636e+02 1.132754133528058628e+04 1.087075134205696486e+04 0.000000000000000000e+00 3.724591735886114030e+00 1.000000000000000000e+01
9.280721200000000000e+07 0.000000000000000000e+00 6.600000000000000000e+01 8.245399999999999636e+02 1.132754133528058628e+04 1.087075134205696486e+04 0.000000000000000000e+00 3.724591735886114030e+00 1.743270000000000097e+00
9.280721300000000000e+07 0.000000000000000000e+00 6.500000000000000000e+01 8.309699999999993452e+02 1.131469003528058602e+04 1.087549334205696505e+04 0.000000000000000000e+00 1.241880799844885086e+00 9.199999999999999845e-02
9.280721500000000000e+07 1.000000000000000000e+00 6.500000000000000000e+01 8.323699999999998909e+02 1.130665003528058514e+04 1.087001134205696508e+04 0.000000000000000000e+00 1.391933536346826150e+00 9.199999999999999845e-02
9.280721300000000000e+07 1.000000000000000000e+00 6.500000000000000000e+01 8.309300000000002910e+02 1.130980703528058621e+04 1.087578134205696551e+04 0.000000000000000000e+00 1.978446499369356681e+00 6.099999999999999867e-02
9.280720900000000000e+07 0.000000000000000000e+00 6.600000000000000000e+01 8.232400000000006912e+02 1.131500103528058753e+04 1.088613434205696467e+04 0.000000000000000000e+00 2.536298875582394974e+00 4.169999999999999818e-01
9.280720900000000000e+07 0.000000000000000000e+00 6.600000000000000000e+01 8.246800000000002910e+02 1.131610403528058669e+04 1.088581634205696537e+04 0.000000000000000000e+00 3.459911135712540275e+00 4.169999999999999818e-01
9.280721100000000000e+07 1.000000000000000000e+00 6.500000000000000000e+01 8.294400000000005093e+02 1.132174843528058773e+04 1.088498934205696423e+04 0.000000000000000000e+00 4.849424542222737777e+00 9.199999999999999845e-02
9.280721100000000000e+07 1.000000000000000000e+00 6.500000000000000000e+01 8.320399999999999636e+02 1.131731603528058622e+04 1.088531334205696476e+04 0.000000000000000000e+00 4.800382285638833402e+00 9.199999999999999845e-02
9.280721100000000000e+07 1.000000000000000000e+00 6.500000000000000000e+01 8.318400000000001455e+02 1.131714003528058674e+04 1.088559434205696380e+04 0.000000000000000000e+00 4.932703285777012780e+00 9.199999999999999845e-02
9.280721100000000000e+07 1.000000000000000000e+00 6.500000000000000000e+01 8.318299999999999272e+02 1.131713603528058593e+04 1.088560234205696543e+04 0.000000000000000000e+00 4.934183386964383189e+00 9.199999999999999845e-02
9.280720800000000000e+07 1.000000000000000000e+00 6.600000000000000000e+01 8.277700000000004366e+02 1.131570303528058685e+04 1.088902834205696490e+04 0.000000000000000000e+00 5.335017028542113238e+00 9.199999999999999845e-02
9.280720900000000000e+07 0.000000000000000000e+00 6.600000000000000000e+01 8.244000000000005457e+02 1.131637303528058692e+04 1.088517034205696473e+04 0.000000000000000000e+00 3.018896041665581453e+00 9.199999999999999845e-02
9.280720800000000000e+07 0.000000000000000000e+00 6.600000000000000000e+01 8.184800000000004729e+02 1.131334603528058688e+04 1.088249734205696404e+04 0.000000000000000000e+00 2.012597390874546033e+00 2.400000000000000050e-02
9.280720900000000000e+07 0.000000000000000000e+00 6.600000000000000000e+01 8.185799999999999272e+02 1.131470703528058584e+04 1.087828334205696410e+04 0.000000000000000000e+00 2.333626553925370217e+00 9.199999999999999845e-02
9.280721000000000000e+07 0.000000000000000000e+00 6.600000000000000000e+01 8.197100000000000364e+02 1.131535803528058750e+04 1.087804434205696452e+04 0.000000000000000000e+00 1.852369545959986930e+00 2.039999999999999869e-01
9.280720500000000000e+07 1.000000000000000000e+00 6.500000000000000000e+01 8.159300000000002910e+02 1.130831103528058520e+04 1.088627434205696409e+04 0.000000000000000000e+00 2.749467401277212009e+00 9.199999999999999845e-02
9.280720600000000000e+07 1.000000000000000000e+00 6.500000000000000000e+01 8.123199999999997090e+02 1.131245203528058664e+04 1.088222834205696563e+04 0.000000000000000000e+00 8.161749668330516849e-01 9.199999999999999845e-02
9.280621100000000000e+07 1.000000000000000000e+00 6.600000000000000000e+01 7.955900000000001455e+02 1.131589903528058676e+04 1.087760134205696522e+04 0.000000000000000000e+00 5.430250673471394007e-01 4.169999999999999818e-01
9.280621000000000000e+07 0.000000000000000000e+00 6.600000000000000000e+01 7.970700000000006185e+02 1.131817703528058701e+04 1.088187634205696486e+04 0.000000000000000000e+00 3.454781849111816960e+00 9.199999999999999845e-02
9.280620700000000000e+07 1.000000000000000000e+00 6.500000000000000000e+01 7.952399999999997817e+02 1.132098203528058730e+04 1.088996234205696419e+04 0.000000000000000000e+00 3.276607867241193350e+00 9.199999999999999845e-02
9.280620700000000000e+07 1.000000000000000000e+00 6.500000000000000000e+01 7.952399999999997817e+02 1.132098203528058730e+04 1.088996234205696419e+04 0.000000000000000000e+00 3.276607867241193350e+00 7.391040000000000276e+00
9.280721100000000000e+07 1.000000000000000000e+00 6.500000000000000000e+01 8.313600000000005821e+02 1.131706703528058642e+04 1.088387134205696566e+04 0.000000000000000000e+00 3.398322648934750667e+00 2.400000000000000050e-02
9.280721100000000000e+07 1.000000000000000000e+00 6.500000000000000000e+01 8.301599999999998545e+02 1.132408833528058676e+04 1.088334734205696441e+04 0.000000000000000000e+00 5.186062290744931857e+00 9.199999999999999845e-02
9.280721000000000000e+07 1.000000000000000000e+00 6.500000000000000000e+01 8.238799999999991996e+02 1.133155683528058580e+04 1.088406134205696435e+04 0.000000000000000000e+00 7.732074770625577465e+00 2.400000000000000050e-02
9.280721000000000000e+07 1.000000000000000000e+00 6.500000000000000000e+01 8.234699999999993452e+02 1.133196133528058635e+04 1.088376034205696487e+04 0.000000000000000000e+00 7.825181111786398525e+00 2.400000000000000050e-02
9.280721500000000000e+07 1.000000000000000000e+00 6.500000000000000000e+01 8.325000000000000000e+02 1.130412603528058753e+04 1.087175234205696324e+04 0.000000000000000000e+00 4.182488316246876892e+00 9.199999999999999845e-02
9.280629600000000000e+07 1.000000000000000000e+00 6.600000000000000000e+01 8.327100000000000364e+02 1.130339003528058674e+04 1.087171234205696419e+04 0.000000000000000000e+00 4.002325777868102286e+00 2.400000000000000050e-02
9.280721300000000000e+07 1.000000000000000000e+00 6.500000000000000000e+01 8.412700000000004366e+02 1.131024103528058549e+04 1.087722834205696563e+04 0.000000000000000000e+00 3.821486547519025834e+00 2.400000000000000050e-02
9.280721300000000000e+07 1.000000000000000000e+00 6.500000000000000000e+01 8.421599999999998545e+02 1.130969303528058663e+04 1.087708734205696419e+04 0.000000000000000000e+00 4.725910590064164474e+00 2.039999999999999869e-01
9.280820100000000000e+07 1.000000000000000000e+00 6.500000000000000000e+01 8.603400000000001455e+02 1.131254103528058658e+04 1.088588434205696467e+04 0.000000000000000000e+00 7.195724669781419003e+00 4.169999999999999818e-01
9.280819700000000000e+07 1.000000000000000000e+00 6.600000000000000000e+01 8.661899999999995998e+02 1.128796603528058768e+04 1.089260134205696522e+04 0.000000000000000000e+00 4.974618866738644840e+00 2.400000000000000050e-02
9.280819300000000000e+07 1.000000000000000000e+00 6.500000000000000000e+01 8.719200000000000728e+02 1.127922003528058667e+04 1.088806434205696496e+04 0.000000000000000000e+00 1.226085397228591223e+00 2.400000000000000050e-02
9.280819600000000000e+07 0.000000000000000000e+00 6.600000000000000000e+01 8.720000000000000000e+02 1.129056303528058561e+04 1.088647234205696441e+04 0.000000000000000000e+00 2.306418751716340143e+00 9.199999999999999845e-02
9.280819900000000000e+07 0.000000000000000000e+00 6.600000000000000000e+01 8.791799999999993815e+02 1.129585803528058750e+04 1.088877334205696388e+04 0.000000000000000000e+00 1.721977485790075590e+00 9.199999999999999845e-02
9.280828600000000000e+07 1.000000000000000000e+00 6.600000000000000000e+01 8.855900000000001455e+02 1.129580303528058721e+04 1.090720334205696417e+04 0.000000000000000000e+00 5.016767705362733309e+00 4.169999999999999818e-01
9.280828600000000000e+07 1.000000000000000000e+00 6.600000000000000000e+01 8.858800000000001091e+02 1.130025303528058612e+04 1.090456734205696557e+04 0.000000000000000000e+00 8.618726546448611359e+00 2.400000000000000050e-02
9.280820400000000000e+07 1.000000000000000000e+00 6.500000000000000000e+01 8.863000000000001819e+02 1.130194603528058724e+04 1.089728134205696551e+04 0.000000000000000000e+00 6.228898587975909784e+00 9.199999999999999845e-02
9.280729800000000000e+07 0.000000000000000000e+00 6.500000000000000000e+01 9.060000000000000000e+02 1.130834003528058747e+04 1.089588234205696426e+04 0.000000000000000000e+00 4.315666944127195315e+00 6.099999999999999867e-02
9.280828900000000000e+07 1.000000000000000000e+00 6.500000000000000000e+01 9.009499999999998181e+02 1.130691903528058538e+04 1.088906834205696396e+04 0.000000000000000000e+00 4.180065638752646251e+00 2.400000000000000050e-02
9.280729900000000000e+07 1.000000000000000000e+00 6.500000000000000000e+01 9.033800000000001091e+02 1.131357603528058644e+04 1.088463834205696548e+04 0.000000000000000000e+00 2.440656418119368620e+00 6.099999999999999867e-02
9.280820700000000000e+07 1.000000000000000000e+00 6.500000000000000000e+01 8.958399999999992360e+02 1.131663903528058654e+04 1.086980434205696474e+04 0.000000000000000000e+00 7.547332953251172150e+00 9.199999999999999845e-02
9.280729700000000000e+07 1.000000000000000000e+00 6.500000000000000000e+01 9.091100000000005821e+02 1.129510903528058770e+04 1.088254334205696432e+04 0.000000000000000000e+00 7.750216471001217577e+00 4.169999999999999818e-01
9.280729700000000000e+07 1.000000000000000000e+00 6.500000000000000000e+01 9.093900000000003274e+02 1.129701203528058613e+04 1.088215934205696431e+04 0.000000000000000000e+00 6.922475361137630401e+00 9.199999999999999845e-02
9.280730100000000000e+07 1.000000000000000000e+00 6.600000000000000000e+01 9.123900000000003274e+02 1.129446803528058626e+04 1.088486734205696484e+04 0.000000000000000000e+00 6.829071847940726414e+00 9.199999999999999845e-02
9.280729700000000000e+07 1.000000000000000000e+00 6.500000000000000000e+01 9.066099999999996726e+02 1.129150503528058653e+04 1.088820034205696356e+04 0.000000000000000000e+00 8.105085493003997499e+00 4.169999999999999818e-01
9.280729600000000000e+07 1.000000000000000000e+00 6.500000000000000000e+01 9.062200000000002547e+02 1.129188903528058654e+04 1.088990334205696490e+04 0.000000000000000000e+00 6.858718385449073196e+00 4.169999999999999818e-01
9.280729700000000000e+07 1.000000000000000000e+00 6.500000000000000000e+01 9.055599999999994907e+02 1.129435103528058607e+04 1.088954534205696473e+04 0.000000000000000000e+00 5.878721612666986118e+00 4.169999999999999818e-01
9.280729700000000000e+07 1.000000000000000000e+00 6.500000000000000000e+01 9.012500000000000000e+02 1.129489003528058674e+04 1.088577634205696449e+04 0.000000000000000000e+00 9.351514050399662992e+00 9.199999999999999845e-02
9.280828300000000000e+07 1.000000000000000000e+00 6.600000000000000000e+01 8.985199999999995271e+02 1.128491303528058779e+04 1.089506434205696496e+04 0.000000000000000000e+00 3.572607717122332271e+00 2.400000000000000050e-02
9.280820400000000000e+07 1.000000000000000000e+00 6.500000000000000000e+01 8.816800000000002910e+02 1.130907303528058765e+04 1.089738334205696447e+04 0.000000000000000000e+00 2.185288224345946606e+00 2.400000000000000050e-02
9.280820400000000000e+07 1.000000000000000000e+00 6.500000000000000000e+01 8.816800000000002910e+02 1.130907303528058765e+04 1.089738334205696447e+04 0.000000000000000000e+00 2.185288224345946606e+00 7.396469999999999878e+00
9.280362000000000000e+07 0.000000000000000000e+00 6.500000000000000000e+01 3.750100000000002183e+02 1.128641903528058538e+04 1.084462734205696324e+04 1.000000000000000000e+00 2.477585488268787550e+00 7.700000000000000000e+01
9.280007300000000000e+07 0.000000000000000000e+00 6.500000000000000000e+01 2.204099999999998545e+02 1.140784087528058626e+04 1.075354834205696534e+04 1.000000000000000000e+00 1.749861745194442930e+00 7.700000000000000000e+01
9.280136600000000000e+07 1.000000000000000000e+00 6.500000000000000000e+01 2.007500000000000000e+02 1.142312867528058632e+04 1.070008634205696399e+04 1.000000000000000000e+00 7.563273533033009199e-01 7.700000000000000000e+01
