2.465964000000000000e+06 1.000000000000000000e+00 6.600000000000000000e+01 4.839965719621840435e+03 1.135762534071606933e+04 1.710500000000001819e+02 0.000000000000000000e+00 4.541896750648365177e+00 1.078999999999999915e+01
2.465965000000000000e+06 1.000000000000000000e+00 6.600000000000000000e+01 4.848149719621840632e+03 1.135466434071606818e+04 1.711199999999998909e+02 0.000000000000000000e+00 2.172431039163253974e+00 4.169999999999999818e-01
2.465965000000000000e+06 1.000000000000000000e+00 6.600000000000000000e+01 4.852556719621840784e+03 1.135563434071606753e+04 1.685200000000004366e+02 0.000000000000000000e+00 3.039937022933676847e+00 2.400000000000000050e-02
2.465968000000000000e+06 1.000000000000000000e+00 6.500000000000000000e+01 4.854405719621840035e+03 1.136156534071606802e+04 1.603900000000003274e+02 0.000000000000000000e+00 4.610754204697933289e+00 1.078999999999999915e+01
2.465968000000000000e+06 1.000000000000000000e+00 6.500000000000000000e+01 4.854405719621840035e+03 1.136156534071606802e+04 1.603900000000003274e+02 0.000000000000000000e+00 4.610754204697933289e+00 4.386050000000000004e+00
2.465968000000000000e+06 1.000000000000000000e+00 6.500000000000000000e+01 4.854405719621840035e+03 1.136156534071606802e+04 1.603900000000003274e+02 0.000000000000000000e+00 4.610754204697933289e+00 1.191929999999999934e+00
3.199403000000000000e+06 1.000000000000000000e+00 6.500000000000000000e+01 5.366433719621840282e+03 1.128157034071606904e+04 3.425900000000001455e+02 1.000000000000000000e+00 5.162910810074704537e-01 7.100000000000000000e+01
3.201565000000000000e+06 1.000000000000000000e+00 6.500000000000000000e+01 5.549182719621840079e+03 1.145323614071606789e+04 3.943200000000006185e+02 1.000000000000000000e+00 8.415717664903198392e-01 7.100000000000000000e+01
3.201706000000000000e+06 0.000000000000000000e+00 6.600000000000000000e+01 5.495909719621840850e+03 1.141614934071606694e+04 4.020799999999999272e+02 1.000000000000000000e+00 1.612015784413864727e+00 7.100000000000000000e+01
3.201574000000000000e+06 0.000000000000000000e+00 6.500000000000000000e+01 5.545005719621840399e+03 1.144109914071606909e+04 3.640100000000002183e+02 1.000000000000000000e+00 2.832190182295393210e+00 7.100000000000000000e+01
3.200473000000000000e+06 0.000000000000000000e+00 6.500000000000000000e+01 5.477872719621840588e+03 1.138128834071606798e+04 3.847899999999999636e+02 1.000000000000000000e+00 2.319207251381428136e+00 7.100000000000000000e+01
3.198220000000000000e+06 1.000000000000000000e+00 6.500000000000000000e+01 5.353927719621840879e+03 1.130196534071606766e+04 3.343199999999997090e+02 1.000000000000000000e+00 6.806542132042849857e-01 7.100000000000000000e+01
3.200305000000000000e+06 0.000000000000000000e+00 6.500000000000000000e+01 5.522600719621840653e+03 1.144587174071606933e+04 3.763699999999998909e+02 1.000000000000000000e+00 1.613763488865190610e+00 7.100000000000000000e+01
3.200309000000000000e+06 0.000000000000000000e+00 6.500000000000000000e+01 5.528960719621840326e+03 1.145489354071606795e+04 3.657899999999999636e+02 1.000000000000000000e+00 2.128301524641285081e+00 7.100000000000000000e+01
