2.208500100000000000e+07 1.000000000000000000e+00 6.500000000000000000e+01 1.177832182701112106e+04 8.888600000000005821e+02 2.554325014459239355e+03 0.000000000000000000e+00 1.837337324949329664e+00 6.099999999999999867e-02
2.208600500000000000e+07 1.000000000000000000e+00 6.500000000000000000e+01 1.178472322701112171e+04 8.892100000000000364e+02 2.556490274459239117e+03 0.000000000000000000e+00 3.888635078240985088e+00 6.099999999999999867e-02
2.208500300000000000e+07 1.000000000000000000e+00 6.500000000000000000e+01 1.177802672701112169e+04 8.858400000000001455e+02 2.565285754459239797e+03 0.000000000000000000e+00 3.285338749625706711e+00 2.400000000000000050e-02
2.208500500000000000e+07 1.000000000000000000e+00 6.500000000000000000e+01 1.176122382701112292e+04 8.668400000000001455e+02 2.565293254459239506e+03 0.000000000000000000e+00 6.913107809094750422e+00 9.199999999999999845e-02
2.208173300000000000e+07 1.000000000000000000e+00 6.600000000000000000e+01 1.195467702701112285e+04 1.040050000000000182e+03 2.561135184459239099e+03 0.000000000000000000e+00 8.958463514356067137e+00 9.199999999999999845e-02
2.208173300000000000e+07 1.000000000000000000e+00 6.600000000000000000e+01 1.194927092701112269e+04 1.043670000000000073e+03 2.559525854459239781e+03 0.000000000000000000e+00 5.758407755944273454e+00 6.099999999999999867e-02
2.208172900000000000e+07 1.000000000000000000e+00 6.500000000000000000e+01 1.194513582701112318e+04 1.054620000000000800e+03 2.571248354459239636e+03 0.000000000000000000e+00 9.402077549452201310e+00 2.400000000000000050e-02
2.208173200000000000e+07 1.000000000000000000e+00 6.600000000000000000e+01 1.196552802701112159e+04 1.050550000000000182e+03 2.562189754459239339e+03 0.000000000000000000e+00 8.251814898270410481e+00 9.199999999999999845e-02
2.208173200000000000e+07 1.000000000000000000e+00 6.600000000000000000e+01 1.196399102701112133e+04 1.048629999999999200e+03 2.559115534459239825e+03 0.000000000000000000e+00 5.091482096616505082e+00 9.199999999999999845e-02
2.208173200000000000e+07 1.000000000000000000e+00 6.600000000000000000e+01 1.195831802701112247e+04 1.050639999999999418e+03 2.562444254459239346e+03 0.000000000000000000e+00 6.211052711472741628e+00 4.169999999999999818e-01
2.208173100000000000e+07 1.000000000000000000e+00 6.600000000000000000e+01 1.196228402701112282e+04 1.051249999999999091e+03 2.556948164459239706e+03 0.000000000000000000e+00 3.250033874797476408e+00 9.199999999999999845e-02
2.208173100000000000e+07 0.000000000000000000e+00 6.600000000000000000e+01 1.195900602701112075e+04 1.052439999999999600e+03 2.555358574459239207e+03 0.000000000000000000e+00 2.489853778275029406e+00 9.199999999999999845e-02
2.208173200000000000e+07 1.000000000000000000e+00 6.600000000000000000e+01 1.196034402701112231e+04 1.050470000000000255e+03 2.555509254459239855e+03 0.000000000000000000e+00 1.701596745446799064e+00 4.169999999999999818e-01
2.208173200000000000e+07 1.000000000000000000e+00 6.600000000000000000e+01 1.196104002701112222e+04 1.050140000000000327e+03 2.555908464459239440e+03 0.000000000000000000e+00 1.736681172536773010e+00 2.039999999999999869e-01
2.208173200000000000e+07 1.000000000000000000e+00 6.600000000000000000e+01 1.195901702701112299e+04 1.047989999999999782e+03 2.558834554459239371e+03 0.000000000000000000e+00 2.724544632266579391e+00 9.199999999999999845e-02
2.208173200000000000e+07 1.000000000000000000e+00 6.600000000000000000e+01 1.195901702701112299e+04 1.047989999999999782e+03 2.558834554459239371e+03 0.000000000000000000e+00 2.724544632266579391e+00 7.352710000000000079e+00
2.209474600000000000e+07 1.000000000000000000e+00 6.600000000000000000e+01 1.189157462701112308e+04 2.745999999999994543e+02 2.544429394459239120e+03 0.000000000000000000e+00 6.046218447118305583e+00 2.400000000000000050e-02
2.209474500000000000e+07 1.000000000000000000e+00 6.600000000000000000e+01 1.188330512701112093e+04 2.798299999999999272e+02 2.550328154459239158e+03 0.000000000000000000e+00 8.116005622804744135e+00 2.400000000000000050e-02
2.209474400000000000e+07 0.000000000000000000e+00 6.600000000000000000e+01 1.188430192701112173e+04 2.689900000000006912e+02 2.545915904459239755e+03 0.000000000000000000e+00 2.998694228729570810e+00 1.078999999999999915e+01
2.209474400000000000e+07 0.000000000000000000e+00 6.600000000000000000e+01 1.188430192701112173e+04 2.689900000000006912e+02 2.545915904459239755e+03 0.000000000000000000e+00 2.998694228729570810e+00 5.497899999999999565e+00
2.209474400000000000e+07 0.000000000000000000e+00 6.600000000000000000e+01 1.188430192701112173e+04 2.689900000000006912e+02 2.545915904459239755e+03 0.000000000000000000e+00 2.998694228729570810e+00 1.831569999999999920e+00
2.209382000000000000e+07 1.000000000000000000e+00 6.600000000000000000e+01 1.187026322701112076e+04 2.095600000000004002e+02 2.543930984459239880e+03 0.000000000000000000e+00 8.025000043578481623e+00 9.199999999999999845e-02
2.209382000000000000e+07 1.000000000000000000e+00 6.600000000000000000e+01 1.186969922701112228e+04 2.091699999999991633e+02 2.544046674459239512e+03 0.000000000000000000e+00 7.985770209639975192e+00 9.199999999999999845e-02
2.209381500000000000e+07 1.000000000000000000e+00 6.500000000000000000e+01 1.186144332701112216e+04 2.024299999999993815e+02 2.549148244459239322e+03 0.000000000000000000e+00 6.517112897956535811e+00 1.078999999999999915e+01
2.209381400000000000e+07 1.000000000000000000e+00 6.500000000000000000e+01 1.185840677701112145e+04 2.023299999999999272e+02 2.557647544459239725e+03 0.000000000000000000e+00 1.484108403792629316e+00 2.400000000000000050e-02
2.209381300000000000e+07 0.000000000000000000e+00 6.500000000000000000e+01 1.185504319701112217e+04 2.047799999999997453e+02 2.561918224459239354e+03 0.000000000000000000e+00 1.451443377332832352e+00 2.400000000000000050e-02
2.209381300000000000e+07 0.000000000000000000e+00 6.500000000000000000e+01 1.185274180701112164e+04 2.027100000000000364e+02 2.565810154459239129e+03 0.000000000000000000e+00 1.567806639934085977e+00 2.400000000000000050e-02
2.209381300000000000e+07 0.000000000000000000e+00 6.600000000000000000e+01 1.185283205701112092e+04 2.049300000000002910e+02 2.567121154459239733e+03 0.000000000000000000e+00 2.808906709510729183e+00 8.349999999999999645e-01
2.209381400000000000e+07 0.000000000000000000e+00 6.600000000000000000e+01 1.185409840701112262e+04 2.056999999999998181e+02 2.567561654459239435e+03 0.000000000000000000e+00 2.044566707287614360e+00 2.400000000000000050e-02
2.209381400000000000e+07 1.000000000000000000e+00 6.600000000000000000e+01 1.185428343701112317e+04 2.121000000000003638e+02 2.573571654459239653e+03 0.000000000000000000e+00 3.903649234772373244e+00 9.199999999999999845e-02
2.209381500000000000e+07 1.000000000000000000e+00 6.600000000000000000e+01 1.185349656701112144e+04 2.073500000000003638e+02 2.579031154459239588e+03 0.000000000000000000e+00 6.613780518853735302e+00 9.199999999999999845e-02
2.209381500000000000e+07 1.000000000000000000e+00 6.500000000000000000e+01 1.186144332701112216e+04 2.024299999999993815e+02 2.549148244459239322e+03 0.000000000000000000e+00 6.517112897956535811e+00 3.746649999999999814e+00
2.209471300000000000e+07 1.000000000000000000e+00 6.500000000000000000e+01 1.184005922701112286e+04 2.037100000000000364e+02 2.534600654459239195e+03 0.000000000000000000e+00 2.599001047581249058e+00 2.400000000000000050e-02
2.209471300000000000e+07 1.000000000000000000e+00 6.500000000000000000e+01 1.183963962701112177e+04 2.058699999999998909e+02 2.535304854459239323e+03 0.000000000000000000e+00 8.713965561011381977e-01 1.078999999999999915e+01
2.209471400000000000e+07 1.000000000000000000e+00 6.500000000000000000e+01 1.184181013701112170e+04 2.102899999999999636e+02 2.535129854459239141e+03 0.000000000000000000e+00 1.425108175875494432e+00 6.099999999999999867e-02
2.209471200000000000e+07 1.000000000000000000e+00 6.500000000000000000e+01 1.184360890701112294e+04 2.047600000000002183e+02 2.528480554459239102e+03 0.000000000000000000e+00 3.719682406842625078e+00 4.169999999999999818e-01
2.209470900000000000e+07 1.000000000000000000e+00 6.600000000000000000e+01 1.184890001701112124e+04 2.049200000000000728e+02 2.520838054459239174e+03 0.000000000000000000e+00 4.347761765785757682e+00 6.099999999999999867e-02
2.209470900000000000e+07 1.000000000000000000e+00 6.600000000000000000e+01 1.184964054701112218e+04 2.052699999999995271e+02 2.521848254459239797e+03 0.000000000000000000e+00 4.683370693942209506e+00 1.339000000000000057e+01
2.209470900000000000e+07 1.000000000000000000e+00 6.600000000000000000e+01 1.184964054701112218e+04 2.052699999999995271e+02 2.521848254459239797e+03 0.000000000000000000e+00 4.683370693942209506e+00 4.973469999999999835e+00
2.209470900000000000e+07 1.000000000000000000e+00 6.600000000000000000e+01 1.184964054701112218e+04 2.052699999999995271e+02 2.521848254459239797e+03 0.000000000000000000e+00 4.683370693942209506e+00 4.623400000000000176e+00
2.209471300000000000e+07 1.000000000000000000e+00 6.500000000000000000e+01 1.183963962701112177e+04 2.058699999999998909e+02 2.535304854459239323e+03 0.000000000000000000e+00 8.713965561011381977e-01 3.047590000000000021e+00
2.209389900000000000e+07 1.000000000000000000e+00 6.500000000000000000e+01 1.187664552701112189e+04 2.034400000000005093e+02 2.497774054459239778e+03 0.000000000000000000e+00 8.163529979775384859e+00 6.099999999999999867e-02
2.209389900000000000e+07 1.000000000000000000e+00 6.500000000000000000e+01 1.187685482701112232e+04 2.019399999999995998e+02 2.497405654459239486e+03 0.000000000000000000e+00 7.479723595292245619e+00 9.199999999999999845e-02
2.209389900000000000e+07 1.000000000000000000e+00 6.500000000000000000e+01 1.187701202701112197e+04 2.036199999999998909e+02 2.494533054459239793e+03 0.000000000000000000e+00 5.207100985678116523e+00 9.199999999999999845e-02
2.209469900000000000e+07 1.000000000000000000e+00 6.600000000000000000e+01 1.187450742701112176e+04 2.145599999999994907e+02 2.496772454459239270e+03 0.000000000000000000e+00 8.986227929302513573e+00 2.400000000000000050e-02
2.209470100000000000e+07 1.000000000000000000e+00 6.600000000000000000e+01 1.186852532701112068e+04 2.398800000000001091e+02 2.490143354459239163e+03 0.000000000000000000e+00 3.035015365728222392e+00 4.169999999999999818e-01
2.209470100000000000e+07 1.000000000000000000e+00 6.600000000000000000e+01 1.186839872701112108e+04 2.407399999999997817e+02 2.490583854459239774e+03 0.000000000000000000e+00 3.724917652725077577e+00 9.199999999999999845e-02
2.209469500000000000e+07 1.000000000000000000e+00 6.500000000000000000e+01 1.187298102701112293e+04 2.400500000000001819e+02 2.491066154459239442e+03 0.000000000000000000e+00 6.586358753672047150e+00 9.199999999999999845e-02
2.209470100000000000e+07 1.000000000000000000e+00 6.600000000000000000e+01 1.186841512701112151e+04 2.343700000000008004e+02 2.488773054459239574e+03 0.000000000000000000e+00 2.043281645582558426e+00 2.400000000000000050e-02
2.209470100000000000e+07 1.000000000000000000e+00 6.600000000000000000e+01 1.186773752701112244e+04 2.353599999999996726e+02 2.490258554459239349e+03 0.000000000000000000e+00 1.679932212655302237e+00 8.349999999999999645e-01
2.209470100000000000e+07 1.000000000000000000e+00 6.600000000000000000e+01 1.186773752701112244e+04 2.353599999999996726e+02 2.490258554459239349e+03 0.000000000000000000e+00 1.679932212655302237e+00 6.860879999999999868e+00
2.209381800000000000e+07 1.000000000000000000e+00 6.600000000000000000e+01 1.186807682701112208e+04 1.880900000000001455e+02 2.564623454459239838e+03 0.000000000000000000e+00 6.659723163055780049e+00 4.169999999999999818e-01
2.209381800000000000e+07 1.000000000000000000e+00 6.600000000000000000e+01 1.186785272701112262e+04 1.876899999999995998e+02 2.564776454459239176e+03 0.000000000000000000e+00 6.953721229434690621e+00 1.000000000000000021e-02
2.209381700000000000e+07 1.000000000000000000e+00 6.600000000000000000e+01 1.186593862701112084e+04 1.843800000000001091e+02 2.570331554459239669e+03 0.000000000000000000e+00 8.729863393819282891e+00 6.099999999999999867e-02
2.209490100000000000e+07 1.000000000000000000e+00 6.500000000000000000e+01 1.191804392701112192e+04 1.570499999999992724e+02 2.574538054459239902e+03 0.000000000000000000e+00 9.925168969774727401e+00 4.169999999999999818e-01
2.209490500000000000e+07 1.000000000000000000e+00 6.600000000000000000e+01 1.192802132701112168e+04 1.688999999999996362e+02 2.561666794459239100e+03 0.000000000000000000e+00 4.905864855696040472e+00 4.169999999999999818e-01
2.209490400000000000e+07 1.000000000000000000e+00 6.600000000000000000e+01 1.192884792701112201e+04 1.669200000000000728e+02 2.552727655459239941e+03 0.000000000000000000e+00 2.865911346257204784e+00 1.000000000000000000e+01
2.209490400000000000e+07 1.000000000000000000e+00 6.600000000000000000e+01 1.192884792701112201e+04 1.669200000000000728e+02 2.552727655459239941e+03 0.000000000000000000e+00 2.865911346257204784e+00 6.948119999999999852e-01
2.209272000000000000e+07 0.000000000000000000e+00 6.600000000000000000e+01 1.178517722701112143e+04 2.823699999999998909e+02 2.561422414459239917e+03 1.000000000000000000e+00 1.685009939570955462e+00 7.700000000000000000e+01
