4.219141000000000000e+06 0.000000000000000000e+00 6.500000000000000000e+01 6.452074211467734131e+03 7.044588493107022259e+03 3.786800000000002910e+02 0.000000000000000000e+00 1.733973198463933496e+00 3.229999999999999716e+01
4.220448000000000000e+06 0.000000000000000000e+00 6.600000000000000000e+01 6.506892211467734342e+03 7.032399693107022358e+03 3.474300000000002910e+02 0.000000000000000000e+00 2.402270679692126265e+00 1.078999999999999915e+01
4.220445000000000000e+06 1.000000000000000000e+00 6.500000000000000000e+01 6.504781211467734465e+03 7.035438393107022421e+03 3.446199999999998909e+02 0.000000000000000000e+00 2.015292130489544142e+00 4.600000000000000200e-01
4.219152000000000000e+06 1.000000000000000000e+00 6.500000000000000000e+01 6.487009211467734531e+03 7.026710293107022153e+03 3.489200000000000728e+02 0.000000000000000000e+00 9.500933599711970601e+00 6.099999999999999867e-02
4.220446000000000000e+06 1.000000000000000000e+00 6.500000000000000000e+01 6.502280211467734262e+03 7.027352093107022483e+03 3.471899999999995998e+02 0.000000000000000000e+00 3.515745224807309999e+00 4.169999999999999818e-01
4.220446000000000000e+06 1.000000000000000000e+00 6.500000000000000000e+01 6.503115211467734298e+03 7.027204393107022042e+03 3.474800000000004729e+02 0.000000000000000000e+00 3.623478641176716142e+00 2.400000000000000050e-02
4.220451000000000000e+06 0.000000000000000000e+00 6.600000000000000000e+01 6.510117211467734705e+03 7.027608193107022089e+03 3.526999999999998181e+02 0.000000000000000000e+00 1.348033281826892082e+00 9.199999999999999845e-02
4.220448000000000000e+06 1.000000000000000000e+00 6.600000000000000000e+01 6.515143211467734545e+03 7.038208393107021948e+03 3.509099999999998545e+02 0.000000000000000000e+00 3.704655951785314816e+00 6.099999999999999867e-02
4.219178000000000000e+06 1.000000000000000000e+00 6.600000000000000000e+01 6.527128211467734218e+03 7.043588693107022664e+03 3.483300000000008367e+02 0.000000000000000000e+00 8.230428474827959917e+00 6.099999999999999867e-02
4.219178000000000000e+06 1.000000000000000000e+00 6.600000000000000000e+01 6.526991211467734502e+03 7.042505893107022530e+03 3.473299999999999272e+02 0.000000000000000000e+00 8.036474787513652629e+00 9.199999999999999845e-02
4.219178000000000000e+06 1.000000000000000000e+00 6.600000000000000000e+01 6.528179211467734604e+03 7.039014393107022443e+03 3.470700000000006185e+02 0.000000000000000000e+00 9.386679548240099535e+00 8.349999999999999645e-01
4.219141000000000000e+06 1.000000000000000000e+00 6.600000000000000000e+01 6.450554211467734604e+03 7.032734893107021890e+03 3.758199999999997090e+02 0.000000000000000000e+00 3.739155314807155239e+00 1.078999999999999915e+01
4.219141000000000000e+06 1.000000000000000000e+00 6.600000000000000000e+01 6.450473211467734473e+03 7.031813293107022218e+03 3.757200000000002547e+02 0.000000000000000000e+00 3.968597262964675743e+00 1.078999999999999915e+01
4.219141000000000000e+06 1.000000000000000000e+00 6.600000000000000000e+01 6.448148211467734654e+03 7.027550393107022501e+03 3.745500000000001819e+02 0.000000000000000000e+00 7.901378633427975196e+00 2.400000000000000050e-02
4.220405000000000000e+06 1.000000000000000000e+00 6.500000000000000000e+01 6.446635211467734734e+03 7.026712793107022662e+03 3.738199999999997090e+02 0.000000000000000000e+00 7.980774813287286662e+00 2.400000000000000050e-02
4.220409000000000000e+06 0.000000000000000000e+00 6.500000000000000000e+01 6.433495211467734407e+03 7.022459993107022456e+03 3.680900000000001455e+02 0.000000000000000000e+00 1.589124193197898105e+00 1.078999999999999915e+01
4.220409000000000000e+06 1.000000000000000000e+00 6.500000000000000000e+01 6.427614211467735004e+03 7.023128693107022627e+03 3.646199999999998909e+02 0.000000000000000000e+00 2.265468117714867446e+00 1.078999999999999915e+01
4.220410000000000000e+06 1.000000000000000000e+00 6.500000000000000000e+01 6.423869211467734203e+03 7.025454293107021840e+03 3.651100000000005821e+02 0.000000000000000000e+00 1.719647632930011216e+00 1.339000000000000057e+01
4.220410000000000000e+06 1.000000000000000000e+00 6.500000000000000000e+01 6.423798211467734291e+03 7.025641493107022143e+03 3.652299999999995634e+02 0.000000000000000000e+00 1.624999006859761730e+00 4.169999999999999818e-01
4.220409000000000000e+06 1.000000000000000000e+00 6.500000000000000000e+01 6.417836211467734756e+03 7.020767593107022549e+03 3.695599999999994907e+02 0.000000000000000000e+00 7.542654125462404657e+00 9.199999999999999845e-02
4.220407000000000000e+06 1.000000000000000000e+00 6.600000000000000000e+01 6.416976211467734174e+03 7.030365593107022505e+03 3.793599999999996726e+02 0.000000000000000000e+00 6.498922643126334719e+00 4.169999999999999818e-01
4.220409000000000000e+06 1.000000000000000000e+00 6.500000000000000000e+01 6.423928211467734400e+03 7.023107193107021885e+03 3.749100000000007640e+02 0.000000000000000000e+00 3.791590579904497549e+00 9.199999999999999845e-02
4.220409000000000000e+06 1.000000000000000000e+00 6.500000000000000000e+01 6.428778211467734764e+03 7.023184693107022213e+03 3.652600000000002183e+02 0.000000000000000000e+00 2.578331653851706484e+00 2.400000000000000050e-02
4.220408000000000000e+06 0.000000000000000000e+00 6.600000000000000000e+01 6.431627211467734924e+03 7.024925193107022096e+03 3.738199999999997090e+02 0.000000000000000000e+00 1.659331806592920566e+00 2.400000000000000050e-02
4.220409000000000000e+06 1.000000000000000000e+00 6.500000000000000000e+01 6.425965211467734662e+03 7.024022493107022456e+03 3.731000000000003638e+02 0.000000000000000000e+00 2.379042748014679631e+00 2.400000000000000050e-02
4.220409000000000000e+06 1.000000000000000000e+00 6.500000000000000000e+01 6.425471211467734975e+03 7.023751693107022220e+03 3.728699999999998909e+02 0.000000000000000000e+00 1.911313705281018738e+00 2.400000000000000050e-02
4.220409000000000000e+06 1.000000000000000000e+00 6.500000000000000000e+01 6.417188211467734618e+03 7.021626293107022320e+03 3.685700000000006185e+02 0.000000000000000000e+00 8.096425046041565210e+00 9.199999999999999845e-02
4.220413000000000000e+06 0.000000000000000000e+00 6.500000000000000000e+01 6.424268211467734545e+03 7.034434593107022010e+03 3.604500000000007276e+02 0.000000000000000000e+00 7.025786463072364540e+00 9.199999999999999845e-02
4.220410000000000000e+06 1.000000000000000000e+00 6.500000000000000000e+01 6.418046211467734793e+03 7.030720893107022675e+03 3.724300000000002910e+02 0.000000000000000000e+00 4.544148718477240223e+00 9.199999999999999845e-02
4.220407000000000000e+06 1.000000000000000000e+00 6.600000000000000000e+01 6.412099211467734676e+03 7.028490493107022303e+03 3.813699999999998909e+02 0.000000000000000000e+00 9.907392117257355579e+00 9.199999999999999845e-02
4.220401000000000000e+06 1.000000000000000000e+00 6.500000000000000000e+01 6.417057211467734305e+03 7.013125593107021814e+03 3.930299999999997453e+02 0.000000000000000000e+00 8.982321015580042811e+00 9.199999999999999845e-02
4.220405000000000000e+06 1.000000000000000000e+00 6.600000000000000000e+01 6.426021211467734247e+03 7.010972293107021869e+03 3.877100000000000364e+02 0.000000000000000000e+00 4.770814982385709335e+00 9.199999999999999845e-02
4.220405000000000000e+06 1.000000000000000000e+00 6.600000000000000000e+01 6.415652211467734560e+03 7.015975493107021975e+03 3.834899999999997817e+02 0.000000000000000000e+00 7.921451680842998222e+00 4.169999999999999818e-01
4.220409000000000000e+06 1.000000000000000000e+00 6.500000000000000000e+01 6.417490211467734298e+03 7.019199393107021933e+03 3.696499999999996362e+02 0.000000000000000000e+00 8.583285157783642205e+00 2.400000000000000050e-02
4.220409000000000000e+06 1.000000000000000000e+00 6.500000000000000000e+01 6.417327211467734742e+03 7.020329193107022547e+03 3.719799999999995634e+02 0.000000000000000000e+00 8.034592785322828945e+00 9.199999999999999845e-02
4.220403000000000000e+06 1.000000000000000000e+00 6.500000000000000000e+01 6.438679211467734604e+03 7.025496693107022111e+03 3.868999999999996362e+02 0.000000000000000000e+00 4.839510061400900121e+00 6.099999999999999867e-02
4.220402000000000000e+06 1.000000000000000000e+00 6.500000000000000000e+01 6.426485211467734189e+03 7.024142193107022649e+03 4.018300000000008367e+02 0.000000000000000000e+00 5.629483365603537237e+00 1.000000000000000021e-02
4.220483000000000000e+06 1.000000000000000000e+00 6.600000000000000000e+01 6.427432211467734305e+03 7.029141193107022445e+03 4.001499999999996362e+02 0.000000000000000000e+00 3.894940877986009298e+00 6.099999999999999867e-02
4.220479000000000000e+06 1.000000000000000000e+00 6.500000000000000000e+01 6.426093211467734363e+03 7.021029793107022670e+03 4.099799999999995634e+02 0.000000000000000000e+00 6.360768083377656978e+00 9.199999999999999845e-02
4.220482000000000000e+06 0.000000000000000000e+00 6.500000000000000000e+01 6.427585211467734553e+03 7.044287193107022176e+03 4.177400000000006912e+02 0.000000000000000000e+00 3.194380951593434936e+00 9.199999999999999845e-02
4.220483000000000000e+06 0.000000000000000000e+00 6.500000000000000000e+01 6.426022211467734451e+03 7.046832893107021846e+03 4.127700000000004366e+02 0.000000000000000000e+00 1.838025054292811156e+00 4.169999999999999818e-01
4.220487000000000000e+06 1.000000000000000000e+00 6.500000000000000000e+01 6.418176211467734902e+03 7.034904593107022265e+03 3.985100000000002183e+02 0.000000000000000000e+00 7.982517363999732218e+00 4.169999999999999818e-01
4.220488000000000000e+06 1.000000000000000000e+00 6.500000000000000000e+01 6.418221211467734975e+03 7.040832293107022451e+03 3.983599999999996726e+02 0.000000000000000000e+00 3.113585705953397564e+00 6.099999999999999867e-02
4.220489000000000000e+06 0.000000000000000000e+00 6.500000000000000000e+01 6.414829211467734240e+03 7.052468493107022368e+03 4.014600000000000364e+02 0.000000000000000000e+00 1.627011312970131129e+00 9.199999999999999845e-02
4.220489000000000000e+06 1.000000000000000000e+00 6.500000000000000000e+01 6.412815211467734116e+03 7.053152493107022565e+03 4.046400000000003274e+02 0.000000000000000000e+00 3.035440292776818261e+00 9.199999999999999845e-02
4.220489000000000000e+06 1.000000000000000000e+00 6.500000000000000000e+01 6.412454211467734240e+03 7.052270493107022048e+03 4.056999999999998181e+02 0.000000000000000000e+00 3.444254846917917057e+00 6.099999999999999867e-02
4.220486000000000000e+06 1.000000000000000000e+00 6.600000000000000000e+01 6.412586211467734756e+03 7.049179993107021801e+03 4.109999999999990905e+02 0.000000000000000000e+00 1.255746976495590417e+00 1.124000000000000021e+01
4.220486000000000000e+06 1.000000000000000000e+00 6.600000000000000000e+01 6.412586211467734756e+03 7.049179993107021801e+03 4.109999999999990905e+02 0.000000000000000000e+00 1.255746976495590417e+00 8.127569999999999517e-01
4.220409000000000000e+06 1.000000000000000000e+00 6.500000000000000000e+01 6.427614211467735004e+03 7.023128693107022627e+03 3.646199999999998909e+02 0.000000000000000000e+00 2.265468117714867446e+00 6.618509999999999671e+00
4.220411000000000000e+06 0.000000000000000000e+00 6.600000000000000000e+01 6.434468211467734363e+03 7.031177693107022606e+03 3.637899999999999636e+02 0.000000000000000000e+00 2.304134768243944809e+00 9.199999999999999845e-02
4.220416000000000000e+06 1.000000000000000000e+00 6.600000000000000000e+01 6.419527211467734560e+03 7.046359593107022192e+03 3.564599999999991269e+02 0.000000000000000000e+00 7.648847847889402196e+00 9.199999999999999845e-02
4.220417000000000000e+06 1.000000000000000000e+00 6.600000000000000000e+01 6.420646211467734247e+03 7.052511493107022034e+03 3.581999999999998181e+02 0.000000000000000000e+00 9.359233704520754316e+00 6.099999999999999867e-02
4.219224000000000000e+06 1.000000000000000000e+00 6.500000000000000000e+01 6.441303211467734400e+03 7.059301493107021997e+03 3.695599999999994907e+02 0.000000000000000000e+00 3.994639886489610880e+00 9.199999999999999845e-02
4.219227000000000000e+06 0.000000000000000000e+00 6.600000000000000000e+01 6.444632211467734123e+03 7.062628493107022223e+03 3.649000000000005457e+02 0.000000000000000000e+00 1.101706575776780994e+00 2.400000000000000050e-02
4.219227000000000000e+06 0.000000000000000000e+00 6.600000000000000000e+01 6.444770211467734953e+03 7.062765493107021939e+03 3.647299999999995634e+02 0.000000000000000000e+00 1.223430037038513385e+00 9.199999999999999845e-02
4.219228000000000000e+06 1.000000000000000000e+00 6.600000000000000000e+01 6.449952211467734742e+03 7.065455493107022448e+03 3.591099999999996726e+02 0.000000000000000000e+00 3.993292345363505635e+00 9.199999999999999845e-02
4.218050000000000000e+06 1.000000000000000000e+00 6.600000000000000000e+01 6.480576211467734538e+03 7.151620493107022412e+03 3.745299999999997453e+02 0.000000000000000000e+00 2.472510502558530554e+00 6.099999999999999867e-02
4.219315000000000000e+06 1.000000000000000000e+00 6.500000000000000000e+01 6.485416211467734684e+03 7.124178493107022405e+03 3.665199999999995271e+02 0.000000000000000000e+00 6.181696031176138639e+00 2.400000000000000050e-02
4.220410000000000000e+06 1.000000000000000000e+00 6.600000000000000000e+01 6.445119211467734203e+03 7.027857293107022087e+03 3.718100000000004002e+02 0.000000000000000000e+00 6.120762475880555442e+00 4.169999999999999818e-01
4.220408000000000000e+06 0.000000000000000000e+00 6.500000000000000000e+01 6.428038211467734072e+03 7.021290093107022585e+03 3.717699999999995271e+02 0.000000000000000000e+00 1.865282299633854501e+00 4.169999999999999818e-01
4.220408000000000000e+06 0.000000000000000000e+00 6.500000000000000000e+01 6.427567211467734523e+03 7.021490393107022101e+03 3.716300000000001091e+02 0.000000000000000000e+00 2.242895241288302088e+00 2.400000000000000050e-02
4.220412000000000000e+06 0.000000000000000000e+00 6.600000000000000000e+01 6.434467211467734160e+03 7.026987993107021794e+03 3.574200000000000728e+02 0.000000000000000000e+00 1.492383501366854492e+00 9.199999999999999845e-02
4.220416000000000000e+06 1.000000000000000000e+00 6.500000000000000000e+01 6.449077211467734742e+03 7.028646593107022454e+03 3.481800000000002910e+02 0.000000000000000000e+00 3.171813814908369444e+00 9.199999999999999845e-02
4.219146000000000000e+06 1.000000000000000000e+00 6.500000000000000000e+01 6.448902211467734560e+03 7.024524793107022560e+03 3.606099999999996726e+02 0.000000000000000000e+00 5.642226569978645578e+00 2.400000000000000050e-02
4.220416000000000000e+06 1.000000000000000000e+00 6.500000000000000000e+01 6.448334211467734349e+03 7.025214293107022058e+03 3.510399999999999636e+02 0.000000000000000000e+00 6.470117393505274705e+00 4.169999999999999818e-01
4.220417000000000000e+06 1.000000000000000000e+00 6.500000000000000000e+01 6.440863211467734800e+03 7.023860793107021891e+03 3.390300000000006548e+02 0.000000000000000000e+00 7.709833041372516682e+00 4.169999999999999818e-01
4.220417000000000000e+06 1.000000000000000000e+00 6.500000000000000000e+01 6.445498211467734109e+03 7.028921493107021888e+03 3.435500000000001819e+02 0.000000000000000000e+00 1.731871774119445373e+00 2.400000000000000050e-02
4.220417000000000000e+06 1.000000000000000000e+00 6.500000000000000000e+01 6.454970211467734771e+03 7.028481293107021884e+03 3.402000000000007276e+02 0.000000000000000000e+00 4.196212946767824192e+00 2.400000000000000050e-02
4.220417000000000000e+06 1.000000000000000000e+00 6.500000000000000000e+01 6.450836211467734756e+03 7.032918893107022086e+03 3.419999999999990905e+02 0.000000000000000000e+00 3.586712526088193798e+00 9.199999999999999845e-02
4.220419000000000000e+06 1.000000000000000000e+00 6.500000000000000000e+01 6.440554211467734604e+03 7.042750493107022521e+03 3.397299999999995634e+02 0.000000000000000000e+00 8.239508477786968710e-01 4.600000000000000200e-01
4.220420000000000000e+06 1.000000000000000000e+00 6.500000000000000000e+01 6.440489211467734094e+03 7.049695893107022130e+03 3.360999999999994543e+02 0.000000000000000000e+00 4.374923055128783211e+00 4.169999999999999818e-01
4.219144000000000000e+06 1.000000000000000000e+00 6.500000000000000000e+01 6.450373211467734109e+03 7.027826293107022138e+03 3.735300000000006548e+02 0.000000000000000000e+00 6.902326128878758738e+00 9.199999999999999845e-02
