1.631408000000000000e+06 1.000000000000000000e+00 6.500000000000000000e+01 1.229670220507145677e+04 6.530472663378283869e+03 6.732999999999992724e+01 0.000000000000000000e+00 5.249099525868919258e+00 1.078999999999999915e+01
1.629962000000000000e+06 1.000000000000000000e+00 6.600000000000000000e+01 1.229939309507145663e+04 6.526883103378283522e+03 1.343800000000001091e+02 0.000000000000000000e+00 3.850242386263581285e+00 1.339000000000000057e+01
1.629961000000000000e+06 1.000000000000000000e+00 6.600000000000000000e+01 1.230032346507145667e+04 6.525307223378284107e+03 1.463600000000005821e+02 0.000000000000000000e+00 9.527919923444271078e+00 3.229999999999999716e+01
1.629704000000000000e+06 1.000000000000000000e+00 6.500000000000000000e+01 1.230083980507145679e+04 6.525205543378283437e+03 1.497500000000000000e+02 0.000000000000000000e+00 8.765311120796692279e+00 1.339000000000000057e+01
1.629709000000000000e+06 1.000000000000000000e+00 6.600000000000000000e+01 1.230003004507145670e+04 6.524387903378284136e+03 1.563699999999998909e+02 0.000000000000000000e+00 7.638794599727152246e+00 1.339000000000000057e+01
1.632433000000000000e+06 1.000000000000000000e+00 6.600000000000000000e+01 1.227420800507145759e+04 6.693640663378283534e+03 7.052999999999974534e+01 0.000000000000000000e+00 9.796667530534772794e-01 1.078999999999999915e+01
1.632426000000000000e+06 1.000000000000000000e+00 6.500000000000000000e+01 1.228548790507145713e+04 6.682042663378283578e+03 5.072000000000025466e+01 0.000000000000000000e+00 9.494106777850031875e+00 1.339000000000000057e+01
1.632415000000000000e+06 1.000000000000000000e+00 6.500000000000000000e+01 1.229690695707145642e+04 6.672747663378283505e+03 3.606999999999970896e+01 0.000000000000000000e+00 9.573170519028973757e+00 1.339000000000000057e+01
1.632409000000000000e+06 1.000000000000000000e+00 6.600000000000000000e+01 1.230241651507145798e+04 6.653555663378283498e+03 2.440000000000054570e+01 0.000000000000000000e+00 8.146229937969314605e+00 1.339000000000000057e+01
1.632488000000000000e+06 1.000000000000000000e+00 6.500000000000000000e+01 1.230462362507145735e+04 6.639833663378283745e+03 2.123000000000047294e+01 0.000000000000000000e+00 9.094784818327827924e-01 1.605000000000000071e+01
1.631224000000000000e+06 1.000000000000000000e+00 6.500000000000000000e+01 1.231108240507145638e+04 6.615475063378284176e+03 2.234000000000014552e+01 0.000000000000000000e+00 3.946506615396144557e+00 3.229999999999999716e+01
1.631225000000000000e+06 1.000000000000000000e+00 6.500000000000000000e+01 1.231711560507145623e+04 6.608148063378283950e+03 2.148999999999978172e+01 0.000000000000000000e+00 4.091626842352709126e+00 1.339000000000000057e+01
1.631225000000000000e+06 1.000000000000000000e+00 6.500000000000000000e+01 1.231763770507145637e+04 6.607702263378283533e+03 2.109000000000014552e+01 0.000000000000000000e+00 4.467825577906689105e+00 1.078999999999999915e+01
1.631225000000000000e+06 1.000000000000000000e+00 6.500000000000000000e+01 1.232097960507145763e+04 6.603744363378284106e+03 1.750000000000000000e+01 0.000000000000000000e+00 9.132976265237836344e+00 3.229999999999999716e+01
1.631225000000000000e+06 1.000000000000000000e+00 6.500000000000000000e+01 1.232097960507145763e+04 6.603744363378284106e+03 1.750000000000000000e+01 0.000000000000000000e+00 9.132976265237836344e+00 3.199469999999999814e+00
1.631145000000000000e+06 1.000000000000000000e+00 6.600000000000000000e+01 1.231429290507145561e+04 6.620391063378283434e+03 2.692000000000007276e+01 0.000000000000000000e+00 8.194633522721599395e-01 9.199999999999999845e-02
1.631145000000000000e+06 1.000000000000000000e+00 6.600000000000000000e+01 1.231154740507145652e+04 6.618005063378283921e+03 2.831000000000040018e+01 0.000000000000000000e+00 2.925659276505620632e+00 2.039999999999999869e-01
1.631148000000000000e+06 1.000000000000000000e+00 6.500000000000000000e+01 1.230707130507145666e+04 6.615036663378284175e+03 3.285999999999967258e+01 0.000000000000000000e+00 6.462466654233834262e+00 9.199999999999999845e-02
1.631149000000000000e+06 1.000000000000000000e+00 6.500000000000000000e+01 1.230716530507145580e+04 6.616521163378283745e+03 3.791000000000076398e+01 0.000000000000000000e+00 2.690577064692289078e+00 2.400000000000000050e-02
1.631149000000000000e+06 1.000000000000000000e+00 6.500000000000000000e+01 1.230714010507145576e+04 6.616491463378283697e+03 3.798999999999978172e+01 0.000000000000000000e+00 2.602350935362363504e+00 9.199999999999999845e-02
1.631151000000000000e+06 1.000000000000000000e+00 6.600000000000000000e+01 1.231998770507145673e+04 6.611949163378283629e+03 5.299999999999909051e+01 0.000000000000000000e+00 2.935134651920218829e+00 9.199999999999999845e-02
1.631151000000000000e+06 1.000000000000000000e+00 6.600000000000000000e+01 1.231654900507145794e+04 6.607383463378283523e+03 5.464000000000032742e+01 0.000000000000000000e+00 6.468839643928251171e+00 4.169999999999999818e-01
1.631151000000000000e+06 1.000000000000000000e+00 6.600000000000000000e+01 1.231674270507145775e+04 6.608655363378284164e+03 5.453999999999996362e+01 0.000000000000000000e+00 5.294285380031015897e+00 4.169999999999999818e-01
1.631152000000000000e+06 1.000000000000000000e+00 6.600000000000000000e+01 1.231181070507145705e+04 6.614216163378283454e+03 5.656000000000040018e+01 0.000000000000000000e+00 1.201055211151123459e+00 2.400000000000000050e-02
1.631149000000000000e+06 1.000000000000000000e+00 6.500000000000000000e+01 1.230405281507145628e+04 6.614860263378283889e+03 3.811000000000058208e+01 0.000000000000000000e+00 3.272781071726833524e+00 2.400000000000000050e-02
1.631222000000000000e+06 1.000000000000000000e+00 6.500000000000000000e+01 1.229306553507145691e+04 6.613928263378284100e+03 2.013000000000010914e+01 0.000000000000000000e+00 5.093945666792774496e+00 2.400000000000000050e-02
1.631221000000000000e+06 1.000000000000000000e+00 6.500000000000000000e+01 1.229321595507145685e+04 6.610476163378283673e+03 1.934999999999945430e+01 0.000000000000000000e+00 5.002499135911236294e+00 2.400000000000000050e-02
1.631223000000000000e+06 1.000000000000000000e+00 6.600000000000000000e+01 1.230523698507145673e+04 6.597785763378284173e+03 9.720000000000254659e+00 0.000000000000000000e+00 3.027196129916091216e+00 9.199999999999999845e-02
1.631223000000000000e+06 1.000000000000000000e+00 6.600000000000000000e+01 1.230356740507145696e+04 6.590148463378283850e+03 7.530000000000654836e+00 0.000000000000000000e+00 9.340581910162313761e+00 8.294700000000000628e+00
1.631225000000000000e+06 1.000000000000000000e+00 6.500000000000000000e+01 1.231711560507145623e+04 6.608148063378283950e+03 2.148999999999978172e+01 0.000000000000000000e+00 4.091626842352709126e+00 6.554619999999999891e+00
1.631140000000000000e+06 1.000000000000000000e+00 6.500000000000000000e+01 1.231377820507145589e+04 6.626409663378283767e+03 1.594000000000050932e+01 0.000000000000000000e+00 3.343042241359321931e+00 1.078999999999999915e+01
1.631136000000000000e+06 1.000000000000000000e+00 6.600000000000000000e+01 1.231782290507145808e+04 6.633791663378284284e+03 8.420000000000072760e+00 0.000000000000000000e+00 5.603770618221240341e+00 4.169999999999999818e-01
1.631136000000000000e+06 1.000000000000000000e+00 6.600000000000000000e+01 1.231819840507145636e+04 6.635337663378283651e+03 7.229999999999563443e+00 0.000000000000000000e+00 4.266717489981973088e+00 6.099999999999999867e-02
1.631136000000000000e+06 1.000000000000000000e+00 6.600000000000000000e+01 1.231873450507145753e+04 6.637563663378284218e+03 5.539999999999963620e+00 0.000000000000000000e+00 2.325906740735395495e+00 1.260999999999999943e+01
1.631136000000000000e+06 1.000000000000000000e+00 6.600000000000000000e+01 1.231873450507145753e+04 6.637563663378284218e+03 5.539999999999963620e+00 0.000000000000000000e+00 2.325906740735395495e+00 1.121650000000000036e+00
1.631140000000000000e+06 1.000000000000000000e+00 6.500000000000000000e+01 1.231655550507145745e+04 6.629257363378284026e+03 1.286999999999989086e+01 0.000000000000000000e+00 4.130513978280869303e+00 9.199999999999999845e-02
1.631139000000000000e+06 1.000000000000000000e+00 6.500000000000000000e+01 1.232218520507145695e+04 6.623304963378283901e+03 8.319999999999708962e+00 0.000000000000000000e+00 1.176823715934427694e+00 9.199999999999999845e-02
1.631140000000000000e+06 1.000000000000000000e+00 6.500000000000000000e+01 1.231295510507145809e+04 6.621410263378284071e+03 1.102999999999974534e+01 0.000000000000000000e+00 6.832904684106487991e+00 4.169999999999999818e-01
1.631217000000000000e+06 1.000000000000000000e+00 6.600000000000000000e+01 1.229840892507145691e+04 6.624454663378283840e+03 7.720000000000254659e+00 0.000000000000000000e+00 5.016247939270206402e+00 9.199999999999999845e-02
1.631217000000000000e+06 1.000000000000000000e+00 6.600000000000000000e+01 1.229892543507145638e+04 6.623463263378283955e+03 7.369999999999890861e+00 0.000000000000000000e+00 4.703931322753821753e+00 2.400000000000000050e-02
1.631220000000000000e+06 1.000000000000000000e+00 6.500000000000000000e+01 1.229632191807145682e+04 6.614322363378283626e+03 6.670000000000072760e+00 0.000000000000000000e+00 2.509322154519348036e+00 4.169999999999999818e-01
1.632482000000000000e+06 1.000000000000000000e+00 6.600000000000000000e+01 1.228699173507145679e+04 6.648871663378284211e+03 2.063000000000010914e+01 0.000000000000000000e+00 9.891508602868865907e+00 1.605000000000000071e+01
1.631097000000000000e+06 1.000000000000000000e+00 6.600000000000000000e+01 1.228296550507145730e+04 6.668057663378283905e+03 4.882999999999992724e+01 0.000000000000000000e+00 8.750225280103858694e+00 9.199999999999999845e-02
1.631103000000000000e+06 1.000000000000000000e+00 6.500000000000000000e+01 1.228352970507145801e+04 6.683810663378283607e+03 4.142999999999938154e+01 0.000000000000000000e+00 8.482474649066512384e+00 6.099999999999999867e-02
1.632321000000000000e+06 1.000000000000000000e+00 6.500000000000000000e+01 1.228250720507145707e+04 6.704143663378284145e+03 3.619000000000050932e+01 0.000000000000000000e+00 9.100533861683329562e+00 9.199999999999999845e-02
1.632321000000000000e+06 1.000000000000000000e+00 6.500000000000000000e+01 1.228179750507145582e+04 6.705356663378283884e+03 3.672000000000025466e+01 0.000000000000000000e+00 7.919417793937862271e+00 6.099999999999999867e-02
1.632361000000000000e+06 1.000000000000000000e+00 6.600000000000000000e+01 1.227393320507145654e+04 6.707325663378283934e+03 3.827999999999974534e+01 0.000000000000000000e+00 5.293240101076029269e+00 4.169999999999999818e-01
1.632361000000000000e+06 1.000000000000000000e+00 6.600000000000000000e+01 1.227836490507145572e+04 6.706054663378284204e+03 3.960000000000036380e+01 0.000000000000000000e+00 8.506885835625864090e+00 2.039999999999999869e-01
1.632361000000000000e+06 1.000000000000000000e+00 6.600000000000000000e+01 1.227497070507145690e+04 6.707078663378283636e+03 4.147000000000025466e+01 0.000000000000000000e+00 4.760680353903389950e+00 2.400000000000000050e-02
1.632321000000000000e+06 1.000000000000000000e+00 6.500000000000000000e+01 1.227740100507145689e+04 6.710317663378284124e+03 3.567000000000007276e+01 0.000000000000000000e+00 5.105626003826600368e+00 9.199999999999999845e-02
1.632324000000000000e+06 0.000000000000000000e+00 6.600000000000000000e+01 1.228197870507145672e+04 6.705496663378284211e+03 4.845999999999912689e+01 0.000000000000000000e+00 9.532434741724570060e+00 2.039999999999999869e-01
1.631033000000000000e+06 1.000000000000000000e+00 6.600000000000000000e+01 1.230177782507145639e+04 6.705345663378283461e+03 5.973000000000047294e+01 0.000000000000000000e+00 9.556354283654304282e+00 6.099999999999999867e-02
1.632482000000000000e+06 1.000000000000000000e+00 6.600000000000000000e+01 1.228699173507145679e+04 6.648871663378284211e+03 2.063000000000010914e+01 0.000000000000000000e+00 9.891508602868865907e+00 4.567129999999999690e+00
1.631108000000000000e+06 1.000000000000000000e+00 6.600000000000000000e+01 1.228969606507145727e+04 6.678993663378283600e+03 2.611999999999989086e+01 0.000000000000000000e+00 7.180649205603073959e+00 9.199999999999999845e-02
1.631108000000000000e+06 1.000000000000000000e+00 6.600000000000000000e+01 1.229301307507145611e+04 6.682207663378283542e+03 2.861000000000058208e+01 0.000000000000000000e+00 9.578149975907198410e+00 2.400000000000000050e-02
1.632422000000000000e+06 1.000000000000000000e+00 6.600000000000000000e+01 1.230296808507145761e+04 6.691272663378284051e+03 3.982999999999992724e+01 0.000000000000000000e+00 7.870716111504286516e+00 9.199999999999999845e-02
1.632418000000000000e+06 0.000000000000000000e+00 6.600000000000000000e+01 1.230621438507145649e+04 6.670220663378283461e+03 4.335999999999967258e+01 0.000000000000000000e+00 3.764122863788678774e+00 2.400000000000000050e-02
1.632418000000000000e+06 0.000000000000000000e+00 6.600000000000000000e+01 1.230719080507145554e+04 6.672780663378283862e+03 4.467999999999938154e+01 0.000000000000000000e+00 2.023759159053294621e+00 2.039999999999999869e-01
1.632420000000000000e+06 1.000000000000000000e+00 6.600000000000000000e+01 1.230161081507145718e+04 6.677370663378284007e+03 4.719000000000050932e+01 0.000000000000000000e+00 1.305810291723262573e+00 6.099999999999999867e-02
1.631104000000000000e+06 1.000000000000000000e+00 6.500000000000000000e+01 1.227602010507145678e+04 6.682926663378283592e+03 3.020999999999912689e+01 0.000000000000000000e+00 3.902849139870359085e+00 1.078999999999999915e+01
1.631104000000000000e+06 1.000000000000000000e+00 6.500000000000000000e+01 1.227602010507145678e+04 6.682926663378283592e+03 3.020999999999912689e+01 0.000000000000000000e+00 3.902849139870359085e+00 3.802610000000000046e+00
1.631104000000000000e+06 1.000000000000000000e+00 6.500000000000000000e+01 1.227602010507145678e+04 6.682926663378283592e+03 3.020999999999912689e+01 0.000000000000000000e+00 3.902849139870359085e+00 5.334609999999999630e-01
1.632413000000000000e+06 1.000000000000000000e+00 6.500000000000000000e+01 1.231374900507145685e+04 6.664232663378284087e+03 3.036999999999989086e+01 0.000000000000000000e+00 1.143755758820377277e+00 6.099999999999999867e-02
1.632412000000000000e+06 1.000000000000000000e+00 6.500000000000000000e+01 1.231506330507145685e+04 6.660876663378284320e+03 2.790999999999985448e+01 0.000000000000000000e+00 1.216634189919739262e+00 9.199999999999999845e-02
1.632399000000000000e+06 1.000000000000000000e+00 6.600000000000000000e+01 1.229434496507145741e+04 6.653171663378283483e+03 1.214000000000032742e+01 0.000000000000000000e+00 8.387141172561234370e+00 9.199999999999999845e-02
1.632472000000000000e+06 1.000000000000000000e+00 6.600000000000000000e+01 1.226624740507145543e+04 6.649280663378283862e+03 1.733999999999923602e+01 0.000000000000000000e+00 5.757362225044769133e+00 2.039999999999999869e-01
1.631192000000000000e+06 1.000000000000000000e+00 6.500000000000000000e+01 1.226556530507145726e+04 6.653127663378283614e+03 1.697000000000025466e+01 0.000000000000000000e+00 5.379523263778629882e+00 4.600000000000000200e-01
1.631193000000000000e+06 1.000000000000000000e+00 6.500000000000000000e+01 1.226545720507145597e+04 6.655738663378283491e+03 1.360999999999967258e+01 0.000000000000000000e+00 4.257219838917253973e+00 5.000000000000000000e-01
1.632389000000000000e+06 1.000000000000000000e+00 6.600000000000000000e+01 1.227909470507145670e+04 6.653192663378284124e+03 9.180000000000291038e+00 0.000000000000000000e+00 9.084190853459869430e+00 2.039999999999999869e-01
1.631197000000000000e+06 1.000000000000000000e+00 6.600000000000000000e+01 1.226665580507145569e+04 6.651688663378284218e+03 1.368999999999959982e+01 0.000000000000000000e+00 5.558366875032031196e+00 9.199999999999999845e-02
1.632472000000000000e+06 0.000000000000000000e+00 6.600000000000000000e+01 1.226538780507145566e+04 6.638570663378283825e+03 1.107999999999992724e+01 0.000000000000000000e+00 1.171541651134455186e+00 2.400000000000000050e-02
1.632472000000000000e+06 0.000000000000000000e+00 6.600000000000000000e+01 1.226491900507145692e+04 6.639687663378284014e+03 6.479999999999563443e+00 0.000000000000000000e+00 3.864381329986934510e+00 4.169999999999999818e-01
1.631200000000000000e+06 1.000000000000000000e+00 6.500000000000000000e+01 1.226544580507145656e+04 6.643434663378284313e+03 8.799999999991996447e-01 0.000000000000000000e+00 2.969149612195029597e+00 4.169999999999999818e-01
1.632469000000000000e+06 1.000000000000000000e+00 6.500000000000000000e+01 1.224394290507145706e+04 6.637827663378283432e+03 1.002999999999974534e+01 0.000000000000000000e+00 7.772342020891647607e+00 4.169999999999999818e-01
1.632469000000000000e+06 1.000000000000000000e+00 6.500000000000000000e+01 1.224749380507145543e+04 6.636039663378283876e+03 8.529999999999745341e+00 0.000000000000000000e+00 5.143673144306826650e+00 4.169999999999999818e-01
1.632469000000000000e+06 1.000000000000000000e+00 6.500000000000000000e+01 1.224840920507145711e+04 6.636459663378283949e+03 9.130000000000109139e+00 0.000000000000000000e+00 3.974641525726502422e+00 2.400000000000000050e-02
1.632469000000000000e+06 1.000000000000000000e+00 6.500000000000000000e+01 1.224949900507145685e+04 6.636821663378284029e+03 1.109000000000014552e+01 0.000000000000000000e+00 2.252824005033768451e+00 6.099999999999999867e-02
1.632468000000000000e+06 1.000000000000000000e+00 6.500000000000000000e+01 1.224910610507145611e+04 6.642028663378283454e+03 1.236000000000058208e+01 0.000000000000000000e+00 4.299387376092139945e+00 2.039999999999999869e-01
1.632469000000000000e+06 1.000000000000000000e+00 6.500000000000000000e+01 1.224855990507145543e+04 6.639666663378284284e+03 6.059999999999490683e+00 0.000000000000000000e+00 6.334747794892614969e+00 9.199999999999999845e-02
1.632415000000000000e+06 1.000000000000000000e+00 6.500000000000000000e+01 1.229690695707145642e+04 6.672747663378283505e+03 3.606999999999970896e+01 0.000000000000000000e+00 9.573170519028973757e+00 2.166910000000000114e+00
1.631100000000000000e+06 1.000000000000000000e+00 6.600000000000000000e+01 1.227043880507145695e+04 6.683465663378284262e+03 4.786999999999989086e+01 0.000000000000000000e+00 1.493728107272835004e+00 1.078999999999999915e+01
1.631100000000000000e+06 1.000000000000000000e+00 6.600000000000000000e+01 1.226400250507145756e+04 6.684273663378284255e+03 5.003999999999996362e+01 0.000000000000000000e+00 1.933809088744549598e+00 1.339000000000000057e+01
1.631100000000000000e+06 1.000000000000000000e+00 6.600000000000000000e+01 1.226339280507145668e+04 6.684300663378284298e+03 5.017000000000007276e+01 0.000000000000000000e+00 1.827416723137649690e+00 1.124000000000000021e+01
1.631100000000000000e+06 1.000000000000000000e+00 6.600000000000000000e+01 1.226108950507145710e+04 6.684400663378283753e+03 5.064000000000032742e+01 0.000000000000000000e+00 2.976428588675316345e+00 9.199999999999999845e-02
1.632365000000000000e+06 1.000000000000000000e+00 6.500000000000000000e+01 1.226142250507145582e+04 6.689636663378283629e+03 4.034999999999945430e+01 0.000000000000000000e+00 8.022561813654476737e+00 1.078999999999999915e+01
1.632370000000000000e+06 1.000000000000000000e+00 6.600000000000000000e+01 1.226059110507145670e+04 6.689423663378283891e+03 3.850000000000000000e+01 0.000000000000000000e+00 6.575609084957797279e+00 1.339000000000000057e+01
1.632365000000000000e+06 1.000000000000000000e+00 6.500000000000000000e+01 1.226149930507145655e+04 6.689858663378284291e+03 4.045000000000072760e+01 0.000000000000000000e+00 7.875585094000093100e+00 6.099999999999999867e-02
1.632360000000000000e+06 1.000000000000000000e+00 6.600000000000000000e+01 1.226828980507145752e+04 6.694937663378284014e+03 4.755000000000018190e+01 0.000000000000000000e+00 9.568866978314741090e+00 2.039999999999999869e-01
1.632427000000000000e+06 1.000000000000000000e+00 6.500000000000000000e+01 1.228492660507145774e+04 6.697462663378283651e+03 5.656000000000040018e+01 0.000000000000000000e+00 7.216827207998224303e+00 2.400000000000000050e-02
1.632428000000000000e+06 1.000000000000000000e+00 6.500000000000000000e+01 1.228945602507145668e+04 6.705516663378283738e+03 6.101000000000021828e+01 0.000000000000000000e+00 7.387644271985875477e+00 9.199999999999999845e-02
1.632171000000000000e+06 1.000000000000000000e+00 6.500000000000000000e+01 1.229153516507145650e+04 6.713545663378284189e+03 6.509000000000014552e+01 0.000000000000000000e+00 7.926444258124446307e+00 9.199999999999999845e-02
1.632341000000000000e+06 1.000000000000000000e+00 6.600000000000000000e+01 1.228148760507145562e+04 6.721924663378284095e+03 8.405000000000018190e+01 0.000000000000000000e+00 1.815794938925650026e+00 4.169999999999999818e-01
1.632164000000000000e+06 1.000000000000000000e+00 6.600000000000000000e+01 1.228114510507145678e+04 6.733549663378284095e+03 9.017000000000007276e+01 0.000000000000000000e+00 3.106671112414662428e+00 6.099999999999999867e-02
1.632164000000000000e+06 1.000000000000000000e+00 6.600000000000000000e+01 1.228154580507145693e+04 6.734700663378283934e+03 9.084000000000014552e+01 0.000000000000000000e+00 2.843638968345741258e+00 1.000000000000000000e+01
1.632164000000000000e+06 1.000000000000000000e+00 6.600000000000000000e+01 1.228154580507145693e+04 6.734700663378283934e+03 9.084000000000014552e+01 0.000000000000000000e+00 2.843638968345741258e+00 1.865029999999999966e+00
1.632370000000000000e+06 1.000000000000000000e+00 6.600000000000000000e+01 1.226059110507145670e+04 6.689423663378283891e+03 3.850000000000000000e+01 0.000000000000000000e+00 6.575609084957797279e+00 1.208560000000000079e+00
1.631101000000000000e+06 1.000000000000000000e+00 6.600000000000000000e+01 1.226350550507145635e+04 6.688279663378283658e+03 4.019999999999981810e+01 0.000000000000000000e+00 7.375199032171309454e+00 1.000000000000000021e-02
1.631101000000000000e+06 1.000000000000000000e+00 6.600000000000000000e+01 1.226448830507145613e+04 6.686067663378284124e+03 3.969000000000050932e+01 0.000000000000000000e+00 6.397667827190086420e+00 6.099999999999999867e-02
1.631103000000000000e+06 1.000000000000000000e+00 6.600000000000000000e+01 1.225695470507145728e+04 6.677802663378283796e+03 3.822000000000025466e+01 0.000000000000000000e+00 1.167211700729638979e+00 6.099999999999999867e-02
1.631103000000000000e+06 0.000000000000000000e+00 6.600000000000000000e+01 1.225855050507145643e+04 6.671386663378283629e+03 3.777000000000043656e+01 0.000000000000000000e+00 2.020467701320150855e+00 9.199999999999999845e-02
1.631104000000000000e+06 1.000000000000000000e+00 6.600000000000000000e+01 1.225898000507145662e+04 6.670190663378283716e+03 3.764000000000032742e+01 0.000000000000000000e+00 2.011267785836589717e+00 1.078999999999999915e+01
1.631104000000000000e+06 1.000000000000000000e+00 6.600000000000000000e+01 1.225898000507145662e+04 6.670190663378283716e+03 3.764000000000032742e+01 0.000000000000000000e+00 2.011267785836589717e+00 6.214920000000000222e+00
1.631104000000000000e+06 1.000000000000000000e+00 6.600000000000000000e+01 1.225898000507145662e+04 6.670190663378283716e+03 3.764000000000032742e+01 0.000000000000000000e+00 2.011267785836589717e+00 1.907550000000000079e+00
1.631100000000000000e+06 1.000000000000000000e+00 6.600000000000000000e+01 1.226400250507145756e+04 6.684273663378284255e+03 5.003999999999996362e+01 0.000000000000000000e+00 1.933809088744549598e+00 2.508340000000000014e+00
1.631098000000000000e+06 0.000000000000000000e+00 6.600000000000000000e+01 1.227085670507145551e+04 6.677389663378284240e+03 5.627000000000043656e+01 0.000000000000000000e+00 3.512445872046037199e+00 6.099999999999999867e-02
1.631099000000000000e+06 1.000000000000000000e+00 6.600000000000000000e+01 1.227156460507145675e+04 6.678746663378284211e+03 4.905000000000018190e+01 0.000000000000000000e+00 6.226292196149733060e-01 2.400000000000000050e-02
1.631187000000000000e+06 1.000000000000000000e+00 6.600000000000000000e+01 1.225739420507145769e+04 6.654539663378283876e+03 3.337000000000080036e+01 0.000000000000000000e+00 6.298020360997234945e+00 1.078999999999999915e+01
1.631187000000000000e+06 1.000000000000000000e+00 6.600000000000000000e+01 1.225739420507145769e+04 6.654539663378283876e+03 3.337000000000080036e+01 0.000000000000000000e+00 6.298020360997234945e+00 7.163050000000000139e+00
1.631187000000000000e+06 1.000000000000000000e+00 6.600000000000000000e+01 1.225739420507145769e+04 6.654539663378283876e+03 3.337000000000080036e+01 0.000000000000000000e+00 6.298020360997234945e+00 1.065220000000000056e+00
1.632425000000000000e+06 1.000000000000000000e+00 6.500000000000000000e+01 1.229100729507145661e+04 6.681413663378283673e+03 4.900999999999930878e+01 0.000000000000000000e+00 8.854391495258848721e+00 6.099999999999999867e-02
1.632422000000000000e+06 0.000000000000000000e+00 6.500000000000000000e+01 1.230787430507145655e+04 6.684144663378283440e+03 5.638999999999941792e+01 0.000000000000000000e+00 2.159546877903204098e+00 9.199999999999999845e-02
1.632424000000000000e+06 0.000000000000000000e+00 6.600000000000000000e+01 1.229825291507145812e+04 6.687362663378284196e+03 5.609000000000014552e+01 0.000000000000000000e+00 3.489822478869579747e+00 1.078999999999999915e+01
1.632424000000000000e+06 0.000000000000000000e+00 6.600000000000000000e+01 1.229825291507145812e+04 6.687362663378284196e+03 5.609000000000014552e+01 0.000000000000000000e+00 3.489822478869579747e+00 5.368879999999999875e+00
1.632424000000000000e+06 0.000000000000000000e+00 6.600000000000000000e+01 1.229825291507145812e+04 6.687362663378284196e+03 5.609000000000014552e+01 0.000000000000000000e+00 3.489822478869579747e+00 3.299889999999999990e+00
1.632505000000000000e+06 1.000000000000000000e+00 6.600000000000000000e+01 1.229034666507145812e+04 6.668540663378284080e+03 8.234999999999945430e+01 0.000000000000000000e+00 6.103237581860248895e+00 1.339000000000000057e+01
1.631085000000000000e+06 1.000000000000000000e+00 6.500000000000000000e+01 1.228145280507145799e+04 6.648918663378283782e+03 8.898999999999978172e+01 0.000000000000000000e+00 4.329041152398101389e+00 1.078999999999999915e+01
1.631085000000000000e+06 1.000000000000000000e+00 6.500000000000000000e+01 1.228113510507145656e+04 6.648660663378283971e+03 8.901999999999952706e+01 0.000000000000000000e+00 4.536108782156207830e+00 1.078999999999999915e+01
1.631087000000000000e+06 1.000000000000000000e+00 6.500000000000000000e+01 1.226168680507145655e+04 6.645368663378283600e+03 8.818000000000029104e+01 0.000000000000000000e+00 7.717576772259469919e+00 1.078999999999999915e+01
1.631171000000000000e+06 1.000000000000000000e+00 6.600000000000000000e+01 1.224238850507145617e+04 6.640390663378283534e+03 8.540999999999985448e+01 0.000000000000000000e+00 3.944899681315534146e+00 1.124000000000000021e+01
1.631172000000000000e+06 1.000000000000000000e+00 6.600000000000000000e+01 1.224010530507145631e+04 6.641523663378284255e+03 8.419000000000050932e+01 0.000000000000000000e+00 4.285873155647568211e+00 6.099999999999999867e-02
1.631173000000000000e+06 1.000000000000000000e+00 6.500000000000000000e+01 1.224808330507145729e+04 6.643520663378283643e+03 7.413999999999941792e+01 0.000000000000000000e+00 3.709542345029794852e+00 2.039999999999999869e-01
1.631173000000000000e+06 1.000000000000000000e+00 6.500000000000000000e+01 1.224826950507145739e+04 6.643485663378283789e+03 7.389999999999963620e+01 0.000000000000000000e+00 3.437037384391030681e+00 2.400000000000000050e-02
1.631172000000000000e+06 1.000000000000000000e+00 6.500000000000000000e+01 1.225277780507145690e+04 6.641420663378284189e+03 6.722000000000025466e+01 0.000000000000000000e+00 9.012779628849090230e-01 1.078999999999999915e+01
1.632484000000000000e+06 1.000000000000000000e+00 6.500000000000000000e+01 1.227539530507145719e+04 6.624745063378283703e+03 3.731999999999970896e+01 0.000000000000000000e+00 6.701337357828143659e+00 4.169999999999999818e-01
1.632484000000000000e+06 1.000000000000000000e+00 6.500000000000000000e+01 1.228080920507145674e+04 6.625209263378284049e+03 3.430000000000018190e+01 0.000000000000000000e+00 1.333338204112741066e+00 6.099999999999999867e-02
1.632483000000000000e+06 1.000000000000000000e+00 6.500000000000000000e+01 1.228142970507145583e+04 6.623627363378283917e+03 2.909000000000014552e+01 0.000000000000000000e+00 8.374201877739229083e-01 6.099999999999999867e-02
1.632483000000000000e+06 1.000000000000000000e+00 6.500000000000000000e+01 1.227972990507145732e+04 6.616792863378283982e+03 3.413999999999941792e+01 0.000000000000000000e+00 7.016707721829376965e+00 5.000000000000000000e-01
1.631084000000000000e+06 1.000000000000000000e+00 6.500000000000000000e+01 1.227447780507145580e+04 6.607468363378284266e+03 4.300000000000000000e+01 0.000000000000000000e+00 6.466866552161639525e+00 2.400000000000000050e-02
1.631084000000000000e+06 1.000000000000000000e+00 6.500000000000000000e+01 1.227831940507145555e+04 6.611102463378283574e+03 3.695999999999912689e+01 0.000000000000000000e+00 9.787611689504567281e+00 2.400000000000000050e-02
1.631084000000000000e+06 1.000000000000000000e+00 6.500000000000000000e+01 1.227870490507145587e+04 6.610817063378283819e+03 3.764999999999963620e+01 0.000000000000000000e+00 9.033448933175460382e+00 6.099999999999999867e-02
1.631084000000000000e+06 1.000000000000000000e+00 6.500000000000000000e+01 1.227551130507145717e+04 6.612332163378283440e+03 4.186999999999989086e+01 0.000000000000000000e+00 9.293557867401450068e+00 9.199999999999999845e-02
1.632479000000000000e+06 1.000000000000000000e+00 6.600000000000000000e+01 1.227113920507145667e+04 6.618677263378283897e+03 3.076999999999952706e+01 0.000000000000000000e+00 8.761060648707035270e+00 6.099999999999999867e-02
1.632479000000000000e+06 1.000000000000000000e+00 6.600000000000000000e+01 1.227144280507145595e+04 6.618326363378283531e+03 3.084000000000014552e+01 0.000000000000000000e+00 9.108453451648209409e+00 4.169999999999999818e-01
1.631172000000000000e+06 1.000000000000000000e+00 6.500000000000000000e+01 1.225454810507145703e+04 6.639413663378283673e+03 6.194000000000050932e+01 0.000000000000000000e+00 2.339509399285184532e+00 6.099999999999999867e-02
1.631172000000000000e+06 1.000000000000000000e+00 6.500000000000000000e+01 1.225478910507145702e+04 6.637986663378283993e+03 6.261999999999989086e+01 0.000000000000000000e+00 2.990228858427169456e+00 9.199999999999999845e-02
1.631089000000000000e+06 1.000000000000000000e+00 6.600000000000000000e+01 1.227979220507145692e+04 6.666882663378283723e+03 7.083000000000083674e+01 0.000000000000000000e+00 3.165141512068578855e+00 1.000000000000000021e-02
1.631048000000000000e+06 1.000000000000000000e+00 6.500000000000000000e+01 1.229767992707145640e+04 6.658999663378283913e+03 6.873999999999978172e+01 0.000000000000000000e+00 2.836655214436083483e+00 9.199999999999999845e-02
1.632500000000000000e+06 1.000000000000000000e+00 6.500000000000000000e+01 1.229757277107145637e+04 6.656034663378283767e+03 7.076999999999952706e+01 0.000000000000000000e+00 4.345595174817462159e+00 6.099999999999999867e-02
1.632502000000000000e+06 0.000000000000000000e+00 6.600000000000000000e+01 1.229468666507145645e+04 6.656686663378283811e+03 6.869999999999981810e+01 0.000000000000000000e+00 3.866838237332409278e+00 9.199999999999999845e-02
1.632500000000000000e+06 0.000000000000000000e+00 6.500000000000000000e+01 1.229576033907145757e+04 6.654840663378284262e+03 6.650000000000000000e+01 0.000000000000000000e+00 3.288363678891365272e+00 2.400000000000000050e-02
1.632503000000000000e+06 0.000000000000000000e+00 6.500000000000000000e+01 1.228555270507145542e+04 6.652812663378284014e+03 7.539999999999963620e+01 0.000000000000000000e+00 1.349438077731826224e+00 2.400000000000000050e-02
1.632496000000000000e+06 1.000000000000000000e+00 6.500000000000000000e+01 1.228992521507145648e+04 6.649908663378283563e+03 4.993000000000029104e+01 0.000000000000000000e+00 3.638568679510402415e+00 1.000000000000000000e+01
1.632496000000000000e+06 1.000000000000000000e+00 6.500000000000000000e+01 1.228992521507145648e+04 6.649908663378283563e+03 4.993000000000029104e+01 0.000000000000000000e+00 3.638568679510402415e+00 2.276250000000000107e+00
1.631172000000000000e+06 1.000000000000000000e+00 6.500000000000000000e+01 1.225277780507145690e+04 6.641420663378284189e+03 6.722000000000025466e+01 0.000000000000000000e+00 9.012779628849090230e-01 7.290989999999999860e+00
1.631087000000000000e+06 1.000000000000000000e+00 6.500000000000000000e+01 1.226168680507145655e+04 6.645368663378283600e+03 8.818000000000029104e+01 0.000000000000000000e+00 7.717576772259469919e+00 5.359709999999999752e+00
1.631085000000000000e+06 1.000000000000000000e+00 6.500000000000000000e+01 1.228113510507145656e+04 6.648660663378283971e+03 8.901999999999952706e+01 0.000000000000000000e+00 4.536108782156207830e+00 5.968270000000000408e+00
1.631233000000000000e+06 1.000000000000000000e+00 6.500000000000000000e+01 1.228842726507145562e+04 6.646094663378284167e+03 9.224999999999909051e+01 0.000000000000000000e+00 7.577664330351375988e+00 1.339000000000000057e+01
1.630977000000000000e+06 0.000000000000000000e+00 6.500000000000000000e+01 1.229788252507145808e+04 6.640833663378283745e+03 1.059499999999998181e+02 0.000000000000000000e+00 2.999746668838143560e+00 9.199999999999999845e-02
1.631061000000000000e+06 1.000000000000000000e+00 6.500000000000000000e+01 1.230258817507145795e+04 6.638976663378283774e+03 1.030900000000001455e+02 0.000000000000000000e+00 1.013740733018342111e+00 9.199999999999999845e-02
1.631061000000000000e+06 1.000000000000000000e+00 6.500000000000000000e+01 1.230226334507145657e+04 6.639043663378283782e+03 1.019899999999997817e+02 0.000000000000000000e+00 2.043035113856487950e+00 9.199999999999999845e-02
1.631063000000000000e+06 1.000000000000000000e+00 6.500000000000000000e+01 1.229988845507145743e+04 6.638321663378284029e+03 9.590999999999985448e+01 0.000000000000000000e+00 2.045794773178858161e+00 6.099999999999999867e-02
1.631063000000000000e+06 1.000000000000000000e+00 6.500000000000000000e+01 1.229868074507145684e+04 6.637316663378283920e+03 9.386999999999989086e+01 0.000000000000000000e+00 2.962274109259918298e+00 9.199999999999999845e-02
1.630898000000000000e+06 1.000000000000000000e+00 6.600000000000000000e+01 1.229780424507145653e+04 6.636587663378283651e+03 9.238999999999941792e+01 0.000000000000000000e+00 2.566521266712198379e+00 1.078999999999999915e+01
1.630895000000000000e+06 1.000000000000000000e+00 6.500000000000000000e+01 1.230510366507145591e+04 6.633993663378283600e+03 8.544999999999981810e+01 0.000000000000000000e+00 3.283683445036690962e+00 1.078999999999999915e+01
1.630895000000000000e+06 1.000000000000000000e+00 6.500000000000000000e+01 1.230510366507145591e+04 6.633993663378283600e+03 8.544999999999981810e+01 0.000000000000000000e+00 3.283683445036690962e+00 3.009500000000000064e+00
1.630895000000000000e+06 1.000000000000000000e+00 6.500000000000000000e+01 1.230510366507145591e+04 6.633993663378283600e+03 8.544999999999981810e+01 0.000000000000000000e+00 3.283683445036690962e+00 1.225670000000000037e+00
1.630898000000000000e+06 1.000000000000000000e+00 6.600000000000000000e+01 1.229780424507145653e+04 6.636587663378283651e+03 9.238999999999941792e+01 0.000000000000000000e+00 2.566521266712198379e+00 7.533170000000000144e-01
1.631064000000000000e+06 1.000000000000000000e+00 6.500000000000000000e+01 1.229047713507145636e+04 6.642067663378284124e+03 9.288999999999941792e+01 0.000000000000000000e+00 5.839459794841092233e+00 9.199999999999999845e-02
1.631064000000000000e+06 1.000000000000000000e+00 6.500000000000000000e+01 1.229127428507145669e+04 6.637091663378283556e+03 9.332999999999992724e+01 0.000000000000000000e+00 3.772236232237078823e+00 9.199999999999999845e-02
1.631064000000000000e+06 1.000000000000000000e+00 6.500000000000000000e+01 1.229039536507145749e+04 6.638924663378284095e+03 9.442000000000007276e+01 0.000000000000000000e+00 2.786283542100429056e+00 2.400000000000000050e-02
1.630976000000000000e+06 0.000000000000000000e+00 6.500000000000000000e+01 1.230332398507145626e+04 6.642133663378283927e+03 1.024099999999998545e+02 0.000000000000000000e+00 9.674815994915333395e-01 4.169999999999999818e-01
1.630977000000000000e+06 1.000000000000000000e+00 6.600000000000000000e+01 1.230922760507145722e+04 6.646339663378284058e+03 1.126000000000003638e+02 0.000000000000000000e+00 2.174466476611268018e+00 9.199999999999999845e-02
1.631057000000000000e+06 1.000000000000000000e+00 6.600000000000000000e+01 1.230906030507145624e+04 6.643472663378283869e+03 1.145000000000000000e+02 0.000000000000000000e+00 2.640044220860210622e+00 9.199999999999999845e-02
1.631056000000000000e+06 1.000000000000000000e+00 6.600000000000000000e+01 1.230678770507145600e+04 6.636466663378283556e+03 1.222299999999995634e+02 0.000000000000000000e+00 4.225993609721927058e+00 6.099999999999999867e-02
1.631051000000000000e+06 0.000000000000000000e+00 6.500000000000000000e+01 1.230489593507145764e+04 6.650910663378283971e+03 1.387100000000000364e+02 0.000000000000000000e+00 2.740138790480152409e+00 9.199999999999999845e-02
1.631052000000000000e+06 0.000000000000000000e+00 6.500000000000000000e+01 1.230073624507145723e+04 6.650750663378284116e+03 1.316499999999996362e+02 0.000000000000000000e+00 1.540841502905053950e+00 9.199999999999999845e-02
1.631056000000000000e+06 0.000000000000000000e+00 6.500000000000000000e+01 1.229733458507145770e+04 6.647631663378283520e+03 1.230600000000004002e+02 0.000000000000000000e+00 2.190175200876331996e+00 4.169999999999999818e-01
1.631057000000000000e+06 0.000000000000000000e+00 6.500000000000000000e+01 1.229203385507145686e+04 6.642598663378284073e+03 1.208299999999999272e+02 0.000000000000000000e+00 4.239286288326659324e+00 4.600000000000000200e-01
1.631058000000000000e+06 0.000000000000000000e+00 6.600000000000000000e+01 1.229880476507145795e+04 6.645478663378284182e+03 1.144399999999995998e+02 0.000000000000000000e+00 8.432242252551935824e-01 4.169999999999999818e-01
1.630977000000000000e+06 1.000000000000000000e+00 6.600000000000000000e+01 1.230589835507145654e+04 6.649619663378283803e+03 1.107399999999997817e+02 0.000000000000000000e+00 1.238588408040285582e+00 4.169999999999999818e-01
1.630976000000000000e+06 1.000000000000000000e+00 6.600000000000000000e+01 1.230468164507145775e+04 6.656289663378283876e+03 1.087799999999997453e+02 0.000000000000000000e+00 5.015320284974915666e+00 6.099999999999999867e-02
1.630975000000000000e+06 1.000000000000000000e+00 6.600000000000000000e+01 1.230580022507145623e+04 6.652015663378283534e+03 1.019099999999998545e+02 0.000000000000000000e+00 1.191809277963185920e+00 2.400000000000000050e-02
1.630977000000000000e+06 1.000000000000000000e+00 6.500000000000000000e+01 1.229797778507145631e+04 6.648909663378283767e+03 1.018800000000001091e+02 0.000000000000000000e+00 2.583022060326072289e+00 9.199999999999999845e-02
1.630977000000000000e+06 1.000000000000000000e+00 6.500000000000000000e+01 1.229753549907145680e+04 6.647738663378283491e+03 1.016400000000003274e+02 0.000000000000000000e+00 2.089410200049919730e+00 9.199999999999999845e-02
1.631064000000000000e+06 1.000000000000000000e+00 6.500000000000000000e+01 1.228780233507145749e+04 6.636882663378283723e+03 1.008099999999994907e+02 0.000000000000000000e+00 2.498445543934918689e+00 2.400000000000000050e-02
1.631065000000000000e+06 0.000000000000000000e+00 6.500000000000000000e+01 1.229190360507145670e+04 6.633434663378284313e+03 9.893999999999959982e+01 0.000000000000000000e+00 1.540213643399057197e+00 9.199999999999999845e-02
1.631066000000000000e+06 0.000000000000000000e+00 6.500000000000000000e+01 1.229073887507145628e+04 6.628475763378283773e+03 9.752000000000043656e+01 0.000000000000000000e+00 9.746672278645965859e-01 2.039999999999999869e-01
1.631066000000000000e+06 0.000000000000000000e+00 6.500000000000000000e+01 1.229088263507145712e+04 6.628571963378283726e+03 9.725000000000000000e+01 0.000000000000000000e+00 1.162434314030921678e+00 4.169999999999999818e-01
1.631066000000000000e+06 0.000000000000000000e+00 6.500000000000000000e+01 1.229196075507145724e+04 6.630090863378283757e+03 9.690999999999985448e+01 0.000000000000000000e+00 1.690846308990726188e+00 9.199999999999999845e-02
1.630895000000000000e+06 0.000000000000000000e+00 6.500000000000000000e+01 1.230435501507145636e+04 6.638846663378283665e+03 9.313000000000010914e+01 0.000000000000000000e+00 2.001712912866038252e+00 2.400000000000000050e-02
1.630896000000000000e+06 0.000000000000000000e+00 6.600000000000000000e+01 1.230296403507145806e+04 6.646151663378283956e+03 9.423000000000047294e+01 0.000000000000000000e+00 1.783440390463428837e+00 9.199999999999999845e-02
1.630897000000000000e+06 0.000000000000000000e+00 6.600000000000000000e+01 1.230112664507145746e+04 6.644639663378284240e+03 9.081999999999970896e+01 0.000000000000000000e+00 1.542989157975098280e+00 6.099999999999999867e-02
1.630899000000000000e+06 0.000000000000000000e+00 6.600000000000000000e+01 1.230264672507145588e+04 6.645904663378283658e+03 8.631000000000040018e+01 0.000000000000000000e+00 1.860576057408639183e+00 9.199999999999999845e-02
1.630899000000000000e+06 0.000000000000000000e+00 6.600000000000000000e+01 1.230264672507145588e+04 6.645904663378283658e+03 8.631000000000040018e+01 0.000000000000000000e+00 1.860576057408639183e+00 7.389479999999999826e+00
1.632423000000000000e+06 1.000000000000000000e+00 6.500000000000000000e+01 1.229404983507145698e+04 6.673891663378283738e+03 7.642999999999938154e+01 0.000000000000000000e+00 7.886339939115890374e+00 1.605000000000000071e+01
1.632428000000000000e+06 0.000000000000000000e+00 6.500000000000000000e+01 1.228951475507145733e+04 6.690928663378284000e+03 7.234000000000014552e+01 0.000000000000000000e+00 3.131013879252532384e+00 6.099999999999999867e-02
1.632433000000000000e+06 1.000000000000000000e+00 6.600000000000000000e+01 1.227462700507145564e+04 6.695827663378283432e+03 6.573999999999978172e+01 0.000000000000000000e+00 3.633504811741614215e+00 9.199999999999999845e-02
1.632431000000000000e+06 1.000000000000000000e+00 6.600000000000000000e+01 1.228059950507145550e+04 6.690380663378284225e+03 5.974000000000069122e+01 0.000000000000000000e+00 4.351866743618869826e+00 9.199999999999999845e-02
1.632431000000000000e+06 1.000000000000000000e+00 6.600000000000000000e+01 1.228072620507145621e+04 6.690738663378283491e+03 5.956999999999970896e+01 0.000000000000000000e+00 4.712241323211074473e+00 9.199999999999999845e-02
1.632426000000000000e+06 1.000000000000000000e+00 6.500000000000000000e+01 1.229494883507145641e+04 6.690156663378284065e+03 5.794000000000050932e+01 0.000000000000000000e+00 9.672784685187328924e-01 9.199999999999999845e-02
1.632424000000000000e+06 0.000000000000000000e+00 6.500000000000000000e+01 1.229734189707145561e+04 6.683866663378284102e+03 5.981000000000040018e+01 0.000000000000000000e+00 3.346763929255531234e-01 6.099999999999999867e-02
1.632424000000000000e+06 1.000000000000000000e+00 6.600000000000000000e+01 1.230291242507145580e+04 6.689698663378283527e+03 5.626000000000021828e+01 0.000000000000000000e+00 1.263447391315008383e+00 4.169999999999999818e-01
1.632422000000000000e+06 0.000000000000000000e+00 6.600000000000000000e+01 1.230850750507145676e+04 6.690368663378283600e+03 5.222000000000025466e+01 0.000000000000000000e+00 2.908610109053710868e+00 4.169999999999999818e-01
1.631037000000000000e+06 1.000000000000000000e+00 6.500000000000000000e+01 1.231471860507145720e+04 6.690354663378283476e+03 5.427000000000043656e+01 0.000000000000000000e+00 3.469833191545607765e+00 6.099999999999999867e-02
1.632420000000000000e+06 1.000000000000000000e+00 6.500000000000000000e+01 1.231550930507145677e+04 6.688766663378283738e+03 5.414000000000032742e+01 0.000000000000000000e+00 4.644769516848055169e+00 2.400000000000000050e-02
1.631036000000000000e+06 1.000000000000000000e+00 6.500000000000000000e+01 1.231859180507145720e+04 6.691819663378283622e+03 5.372000000000025466e+01 0.000000000000000000e+00 4.658380670267328938e+00 6.099999999999999867e-02
1.632419000000000000e+06 1.000000000000000000e+00 6.500000000000000000e+01 1.232438590507145636e+04 6.682181663378283702e+03 4.526000000000021828e+01 0.000000000000000000e+00 4.071674678647328349e+00 4.169999999999999818e-01
1.631041000000000000e+06 1.000000000000000000e+00 6.600000000000000000e+01 1.232508710507145588e+04 6.678705663378284044e+03 5.005999999999949068e+01 0.000000000000000000e+00 5.414768013325273799e+00 2.400000000000000050e-02
1.631041000000000000e+06 1.000000000000000000e+00 6.600000000000000000e+01 1.232465650507145619e+04 6.677156663378284065e+03 4.986999999999989086e+01 0.000000000000000000e+00 5.673903189574511785e+00 9.199999999999999845e-02
1.632417000000000000e+06 1.000000000000000000e+00 6.500000000000000000e+01 1.232075720507145707e+04 6.678570663378283825e+03 3.263000000000010914e+01 0.000000000000000000e+00 3.310572838227689996e+00 2.400000000000000050e-02
1.632416000000000000e+06 1.000000000000000000e+00 6.600000000000000000e+01 1.232359110507145670e+04 6.679504663378284022e+03 3.540999999999985448e+01 0.000000000000000000e+00 3.913158872722489523e+00 9.199999999999999845e-02
1.632418000000000000e+06 1.000000000000000000e+00 6.500000000000000000e+01 1.232187940507145686e+04 6.680137663378283833e+03 3.823999999999978172e+01 0.000000000000000000e+00 3.104062353045788480e+00 8.349999999999999645e-01
1.632423000000000000e+06 1.000000000000000000e+00 6.500000000000000000e+01 1.229404983507145698e+04 6.673891663378283738e+03 7.642999999999938154e+01 0.000000000000000000e+00 7.886339939115890374e+00 6.521519999999999762e+00
1.632428000000000000e+06 1.000000000000000000e+00 6.500000000000000000e+01 1.229556199507145720e+04 6.701022663378284051e+03 6.907999999999992724e+01 0.000000000000000000e+00 6.279348447682536971e+00 9.199999999999999845e-02
1.632427000000000000e+06 1.000000000000000000e+00 6.500000000000000000e+01 1.228679160507145571e+04 6.698744663378283803e+03 5.175999999999930878e+01 0.000000000000000000e+00 9.447964668042985181e+00 9.199999999999999845e-02
1.631104000000000000e+06 1.000000000000000000e+00 6.500000000000000000e+01 1.226825880507145666e+04 6.691150663378283753e+03 4.103999999999996362e+01 0.000000000000000000e+00 8.312149131534573243e+00 2.400000000000000050e-02
1.631101000000000000e+06 1.000000000000000000e+00 6.600000000000000000e+01 1.226707690507145708e+04 6.690501663378284320e+03 4.390999999999985448e+01 0.000000000000000000e+00 7.603663283026357078e+00 1.000000000000000021e-02
1.631099000000000000e+06 1.000000000000000000e+00 6.600000000000000000e+01 1.227588420507145565e+04 6.683937663378284014e+03 5.647000000000025466e+01 0.000000000000000000e+00 4.899072179560797657e+00 9.199999999999999845e-02
1.632425000000000000e+06 1.000000000000000000e+00 6.500000000000000000e+01 1.228357570507145647e+04 6.681414663378283876e+03 5.689000000000032742e+01 0.000000000000000000e+00 6.378762669860870815e+00 9.199999999999999845e-02
1.632423000000000000e+06 1.000000000000000000e+00 6.500000000000000000e+01 1.229005970507145685e+04 6.672823663378283527e+03 5.548999999999978172e+01 0.000000000000000000e+00 7.340090770513525875e+00 6.099999999999999867e-02
1.632424000000000000e+06 1.000000000000000000e+00 6.500000000000000000e+01 1.228826906507145759e+04 6.677253663378283818e+03 5.343999999999959982e+01 0.000000000000000000e+00 7.265723318376121398e+00 2.400000000000000050e-02
1.632324000000000000e+06 1.000000000000000000e+00 6.600000000000000000e+01 1.229442623507145618e+04 6.708277663378284160e+03 4.365999999999985448e+01 0.000000000000000000e+00 6.557828989082755911e+00 9.199999999999999845e-02
1.632507000000000000e+06 1.000000000000000000e+00 6.600000000000000000e+01 1.227316440507145671e+04 6.697760663378284335e+03 4.961000000000058208e+01 0.000000000000000000e+00 7.519687009590260374e+00 9.199999999999999845e-02
1.632511000000000000e+06 1.000000000000000000e+00 6.500000000000000000e+01 1.227097350507145711e+04 6.697678663378284000e+03 6.080000000000018190e+01 0.000000000000000000e+00 3.887067091448658029e+00 9.199999999999999845e-02
1.632359000000000000e+06 0.000000000000000000e+00 6.600000000000000000e+01 1.226361580507145663e+04 6.710229663378283476e+03 5.385999999999967258e+01 0.000000000000000000e+00 1.266198131440357200e+00 9.199999999999999845e-02
1.632359000000000000e+06 0.000000000000000000e+00 6.600000000000000000e+01 1.226370930507145749e+04 6.710523663378284255e+03 5.341000000000076398e+01 0.000000000000000000e+00 1.739417987055737580e+00 4.169999999999999818e-01
1.632363000000000000e+06 1.000000000000000000e+00 6.600000000000000000e+01 1.226098680507145764e+04 6.709408663378283563e+03 4.297000000000025466e+01 0.000000000000000000e+00 1.844949596351941556e+00 2.400000000000000050e-02
1.632363000000000000e+06 1.000000000000000000e+00 6.600000000000000000e+01 1.226044520507145717e+04 6.709808663378284109e+03 4.163000000000010914e+01 0.000000000000000000e+00 1.911272848732318508e+00 9.199999999999999845e-02
1.632364000000000000e+06 1.000000000000000000e+00 6.600000000000000000e+01 1.225378250507145640e+04 6.713485663378283789e+03 3.757999999999992724e+01 0.000000000000000000e+00 5.140623961573351330e+00 2.400000000000000050e-02
1.632365000000000000e+06 1.000000000000000000e+00 6.500000000000000000e+01 1.226023700507145622e+04 6.702502663378283614e+03 4.424000000000069122e+01 0.000000000000000000e+00 3.131019794718273186e+00 9.199999999999999845e-02
1.632364000000000000e+06 1.000000000000000000e+00 6.500000000000000000e+01 1.225901640507145567e+04 6.700325663378283934e+03 4.628999999999996362e+01 0.000000000000000000e+00 1.511204867669664109e+00 2.400000000000000050e-02
1.632364000000000000e+06 1.000000000000000000e+00 6.500000000000000000e+01 1.225666650507145641e+04 6.699322663378284233e+03 4.375000000000000000e+01 0.000000000000000000e+00 2.396334119108053162e+00 9.199999999999999845e-02
1.632367000000000000e+06 0.000000000000000000e+00 6.500000000000000000e+01 1.225222690507145671e+04 6.696659663378283767e+03 4.298999999999978172e+01 0.000000000000000000e+00 3.554264612904802334e+00 4.169999999999999818e-01
1.632367000000000000e+06 0.000000000000000000e+00 6.500000000000000000e+01 1.225222690507145671e+04 6.696659663378283767e+03 4.298999999999978172e+01 0.000000000000000000e+00 3.554264612904802334e+00 7.222380000000000244e+00
1.632461000000000000e+06 0.000000000000000000e+00 6.500000000000000000e+01 1.222921970507145670e+04 6.651463663378283854e+03 3.681000000000040018e+01 0.000000000000000000e+00 1.521879615230783189e+00 9.199999999999999845e-02
1.632461000000000000e+06 1.000000000000000000e+00 6.500000000000000000e+01 1.221371510507145649e+04 6.643489663378283694e+03 3.414999999999963620e+01 0.000000000000000000e+00 9.231488861702004556e+00 4.169999999999999818e-01
1.632461000000000000e+06 1.000000000000000000e+00 6.500000000000000000e+01 1.221345140507145697e+04 6.643532663378284269e+03 3.381999999999970896e+01 0.000000000000000000e+00 9.503021099080227074e+00 6.099999999999999867e-02
1.632461000000000000e+06 1.000000000000000000e+00 6.500000000000000000e+01 1.221407540507145677e+04 6.646926663378283592e+03 3.169000000000050932e+01 0.000000000000000000e+00 9.413985136515391261e+00 6.099999999999999867e-02
1.629709000000000000e+06 1.000000000000000000e+00 6.600000000000000000e+01 1.230003004507145670e+04 6.524387903378284136e+03 1.563699999999998909e+02 0.000000000000000000e+00 7.638794599727152246e+00 5.319490000000000052e+00
1.630546000000000000e+06 1.000000000000000000e+00 6.600000000000000000e+01 1.230781710507145544e+04 6.527506713378284076e+03 1.506700000000000728e+02 0.000000000000000000e+00 3.378410729881300423e+00 1.078999999999999915e+01
1.629625000000000000e+06 1.000000000000000000e+00 6.500000000000000000e+01 1.231951330507145758e+04 6.531737633378284045e+03 1.443500000000003638e+02 0.000000000000000000e+00 3.581032978364996566e+00 9.199999999999999845e-02
1.630622000000000000e+06 1.000000000000000000e+00 6.600000000000000000e+01 1.231583560507145739e+04 6.552791363378283677e+03 1.560199999999995271e+02 0.000000000000000000e+00 1.751462642974136452e+00 1.000000000000000000e+01
1.630620000000000000e+06 1.000000000000000000e+00 6.600000000000000000e+01 1.231550260507145686e+04 6.562226963378283472e+03 1.575100000000002183e+02 0.000000000000000000e+00 3.214638146664812623e+00 1.078999999999999915e+01
1.630702000000000000e+06 1.000000000000000000e+00 6.600000000000000000e+01 1.232471300507145679e+04 6.583626163378284218e+03 1.459300000000002910e+02 0.000000000000000000e+00 6.391910508192722773e+00 1.078999999999999915e+01
1.630871000000000000e+06 1.000000000000000000e+00 6.600000000000000000e+01 1.232746990507145711e+04 6.589281363378283459e+03 1.528400000000001455e+02 0.000000000000000000e+00 4.411081110180233189e+00 1.339000000000000057e+01
1.629762000000000000e+06 1.000000000000000000e+00 6.500000000000000000e+01 1.233631520507145615e+04 6.574945963378283523e+03 1.602600000000002183e+02 0.000000000000000000e+00 3.965292264017623580e+00 1.078999999999999915e+01
1.629762000000000000e+06 1.000000000000000000e+00 6.500000000000000000e+01 1.233631520507145615e+04 6.574945963378283523e+03 1.602600000000002183e+02 0.000000000000000000e+00 3.965292264017623580e+00 3.904560000000000031e+00
1.629762000000000000e+06 1.000000000000000000e+00 6.500000000000000000e+01 1.233631520507145615e+04 6.574945963378283523e+03 1.602600000000002183e+02 0.000000000000000000e+00 3.965292264017623580e+00 8.297860000000000236e-01
1.630871000000000000e+06 1.000000000000000000e+00 6.600000000000000000e+01 1.232746990507145711e+04 6.589281363378283459e+03 1.528400000000001455e+02 0.000000000000000000e+00 4.411081110180233189e+00 3.208270000000000177e+00
1.630702000000000000e+06 1.000000000000000000e+00 6.600000000000000000e+01 1.232471300507145679e+04 6.583626163378284218e+03 1.459300000000002910e+02 0.000000000000000000e+00 6.391910508192722773e+00 5.632799999999999585e+00
1.630620000000000000e+06 1.000000000000000000e+00 6.600000000000000000e+01 1.231550260507145686e+04 6.562226963378283472e+03 1.575100000000002183e+02 0.000000000000000000e+00 3.214638146664812623e+00 3.571689999999999809e+00
1.629704000000000000e+06 1.000000000000000000e+00 6.500000000000000000e+01 1.230267463507145658e+04 6.521889903378283634e+03 1.511299999999991996e+02 0.000000000000000000e+00 4.987063830536283326e+00 9.199999999999999845e-02
1.629704000000000000e+06 1.000000000000000000e+00 6.500000000000000000e+01 1.230164673507145562e+04 6.524660863378283466e+03 1.528299999999999272e+02 0.000000000000000000e+00 8.073966225822772458e+00 1.078999999999999915e+01
1.630547000000000000e+06 1.000000000000000000e+00 6.600000000000000000e+01 1.230095858507145749e+04 6.527448153378283678e+03 1.536300000000001091e+02 0.000000000000000000e+00 8.351213584040770854e+00 9.199999999999999845e-02
1.629964000000000000e+06 1.000000000000000000e+00 6.500000000000000000e+01 1.228522810507145550e+04 6.528423473378284143e+03 1.245900000000001455e+02 0.000000000000000000e+00 6.045188437958882055e+00 9.199999999999999845e-02
1.629969000000000000e+06 1.000000000000000000e+00 6.600000000000000000e+01 1.228529150507145641e+04 6.526641393378284192e+03 1.228299999999999272e+02 0.000000000000000000e+00 4.827859088354164996e+00 1.000000000000000021e-02
1.629889000000000000e+06 1.000000000000000000e+00 6.600000000000000000e+01 1.228069930507145546e+04 6.532105693378283831e+03 1.088800000000001091e+02 0.000000000000000000e+00 2.558711665816911118e+00 5.000000000000000000e-01
1.631263000000000000e+06 1.000000000000000000e+00 6.500000000000000000e+01 1.227682590507145687e+04 6.539663813378283521e+03 9.403999999999905413e+01 0.000000000000000000e+00 7.160696161710279561e+00 4.169999999999999818e-01
1.629810000000000000e+06 1.000000000000000000e+00 6.500000000000000000e+01 1.228955504507145633e+04 6.543510463378283930e+03 8.427999999999974534e+01 0.000000000000000000e+00 4.412840542321163184e+00 9.199999999999999845e-02
1.629882000000000000e+06 1.000000000000000000e+00 6.600000000000000000e+01 1.230349028507145704e+04 6.549591563378284263e+03 9.469999999999981810e+01 0.000000000000000000e+00 7.773070349420777347e+00 2.039999999999999869e-01
1.629808000000000000e+06 1.000000000000000000e+00 6.500000000000000000e+01 1.230449280507145704e+04 6.553874963378283610e+03 9.196000000000003638e+01 0.000000000000000000e+00 8.821659224179194680e+00 9.199999999999999845e-02
1.629956000000000000e+06 1.000000000000000000e+00 6.500000000000000000e+01 1.230218419507145700e+04 6.556573263378283627e+03 7.123000000000047294e+01 0.000000000000000000e+00 2.002455903061306941e+00 9.199999999999999845e-02
1.629956000000000000e+06 0.000000000000000000e+00 6.500000000000000000e+01 1.230642007507145718e+04 6.553152163378284058e+03 7.231000000000040018e+01 0.000000000000000000e+00 2.843172859700607180e+00 9.199999999999999845e-02
1.629951000000000000e+06 0.000000000000000000e+00 6.600000000000000000e+01 1.231202500507145669e+04 6.564995263378284108e+03 6.564000000000032742e+01 0.000000000000000000e+00 9.820125780915790470e-01 5.000000000000000000e-01
1.629951000000000000e+06 0.000000000000000000e+00 6.600000000000000000e+01 1.231444560507145798e+04 6.565360063378283485e+03 6.367999999999938154e+01 0.000000000000000000e+00 1.475795579289190140e+00 6.099999999999999867e-02
1.629952000000000000e+06 1.000000000000000000e+00 6.500000000000000000e+01 1.232267620507145693e+04 6.560958163378283643e+03 5.768999999999959982e+01 0.000000000000000000e+00 3.328063346331234573e+00 9.199999999999999845e-02
1.629952000000000000e+06 1.000000000000000000e+00 6.500000000000000000e+01 1.232192760507145795e+04 6.559434763378283606e+03 5.644999999999981810e+01 0.000000000000000000e+00 2.402364398514937438e+00 2.039999999999999869e-01
1.629953000000000000e+06 1.000000000000000000e+00 6.500000000000000000e+01 1.232072140507145741e+04 6.554529563378283456e+03 5.384999999999945430e+01 0.000000000000000000e+00 5.346986824259587934e+00 4.169999999999999818e-01
1.629953000000000000e+06 1.000000000000000000e+00 6.500000000000000000e+01 1.232072140507145741e+04 6.554529563378283456e+03 5.384999999999945430e+01 0.000000000000000000e+00 5.346986824259587934e+00 7.230159999999999698e+00
1.629704000000000000e+06 1.000000000000000000e+00 6.500000000000000000e+01 1.230164673507145562e+04 6.524660863378283466e+03 1.528299999999999272e+02 0.000000000000000000e+00 8.073966225822772458e+00 6.349459999999999660e+00
1.629961000000000000e+06 1.000000000000000000e+00 6.600000000000000000e+01 1.229638416807145768e+04 6.524743303378283599e+03 1.443400000000001455e+02 0.000000000000000000e+00 9.043828048720120805e+00 2.400000000000000050e-02
1.628745000000000000e+06 1.000000000000000000e+00 6.600000000000000000e+01 1.229756497507145650e+04 6.515978363378283575e+03 1.347800000000006548e+02 0.000000000000000000e+00 1.715937212113692212e+00 1.078999999999999915e+01
1.629797000000000000e+06 0.000000000000000000e+00 6.500000000000000000e+01 1.230865080507145649e+04 6.519792563378284285e+03 1.105000000000000000e+02 0.000000000000000000e+00 1.433026071961307935e+00 1.124000000000000021e+01
1.628749000000000000e+06 1.000000000000000000e+00 6.600000000000000000e+01 1.230344282507145545e+04 6.510267163378283840e+03 1.161499999999996362e+02 0.000000000000000000e+00 3.743854474372920182e-01 6.099999999999999867e-02
1.628747000000000000e+06 0.000000000000000000e+00 6.500000000000000000e+01 1.230341050507145701e+04 6.507552463378284301e+03 1.216700000000000728e+02 0.000000000000000000e+00 1.992708015662939980e+00 9.199999999999999845e-02
1.628748000000000000e+06 0.000000000000000000e+00 6.600000000000000000e+01 1.230598769507145698e+04 6.508345263378283562e+03 1.199099999999998545e+02 0.000000000000000000e+00 8.231079738733724227e-01 8.220000000000000639e+00
1.629792000000000000e+06 1.000000000000000000e+00 6.500000000000000000e+01 1.230827360507145568e+04 6.503228163378284080e+03 1.207799999999997453e+02 0.000000000000000000e+00 1.979091477132207011e+00 6.099999999999999867e-02
1.628749000000000000e+06 0.000000000000000000e+00 6.600000000000000000e+01 1.230718060507145674e+04 6.506627863378284019e+03 1.173199999999997090e+02 0.000000000000000000e+00 1.393610143600781281e+00 8.349999999999999645e-01
1.628749000000000000e+06 0.000000000000000000e+00 6.600000000000000000e+01 1.230751200507145768e+04 6.506524663378283549e+03 1.172400000000006912e+02 0.000000000000000000e+00 1.073911501209443786e+00 4.169999999999999818e-01
1.628750000000000000e+06 1.000000000000000000e+00 6.600000000000000000e+01 1.230745890507145668e+04 6.504367663378284306e+03 1.114200000000000728e+02 0.000000000000000000e+00 2.728918502027359860e+00 9.199999999999999845e-02
1.628750000000000000e+06 1.000000000000000000e+00 6.600000000000000000e+01 1.230646156507145679e+04 6.504233963378283988e+03 1.101599999999998545e+02 0.000000000000000000e+00 3.849420104634586171e+00 9.199999999999999845e-02
1.628754000000000000e+06 1.000000000000000000e+00 6.500000000000000000e+01 1.231710740507145601e+04 6.505964563378283856e+03 1.063699999999998909e+02 0.000000000000000000e+00 1.378772666303407668e+00 2.039999999999999869e-01
1.628754000000000000e+06 1.000000000000000000e+00 6.500000000000000000e+01 1.231860630507145652e+04 6.504351463378284279e+03 1.056899999999995998e+02 0.000000000000000000e+00 2.953799841074987165e-01 9.199999999999999845e-02
1.628754000000000000e+06 1.000000000000000000e+00 6.500000000000000000e+01 1.231962580507145685e+04 6.502703663378283636e+03 1.050100000000002183e+02 0.000000000000000000e+00 2.320190301729637916e+00 9.199999999999999845e-02
1.628755000000000000e+06 1.000000000000000000e+00 6.500000000000000000e+01 1.232329390507145581e+04 6.505071163378283927e+03 1.036700000000000728e+02 0.000000000000000000e+00 1.184588801083323872e+00 9.199999999999999845e-02
1.630452000000000000e+06 1.000000000000000000e+00 6.500000000000000000e+01 1.230961920507145624e+04 6.495748963378284316e+03 1.073299999999999272e+02 0.000000000000000000e+00 3.907193876787077524e+00 2.400000000000000050e-02
1.630452000000000000e+06 1.000000000000000000e+00 6.500000000000000000e+01 1.230633841507145553e+04 6.495093163378283862e+03 1.075000000000000000e+02 0.000000000000000000e+00 1.670275436919988810e+00 9.199999999999999845e-02
1.630456000000000000e+06 1.000000000000000000e+00 6.600000000000000000e+01 1.230232775507145561e+04 6.486082463378284046e+03 1.060800000000008367e+02 0.000000000000000000e+00 2.617856345151907682e+00 9.199999999999999845e-02
1.630452000000000000e+06 1.000000000000000000e+00 6.500000000000000000e+01 1.230864200507145688e+04 6.494178563378283798e+03 1.020500000000001819e+02 0.000000000000000000e+00 1.483142776417576636e+00 6.099999999999999867e-02
1.630454000000000000e+06 0.000000000000000000e+00 6.500000000000000000e+01 1.231459590507145549e+04 6.490665063378283776e+03 9.465999999999985448e+01 0.000000000000000000e+00 1.360578672435771574e+00 6.099999999999999867e-02
1.630456000000000000e+06 0.000000000000000000e+00 6.500000000000000000e+01 1.231826300507145788e+04 6.482242163378284204e+03 8.871000000000003638e+01 0.000000000000000000e+00 2.594368755283711359e+00 6.099999999999999867e-02
1.630458000000000000e+06 1.000000000000000000e+00 6.600000000000000000e+01 1.231738060507145565e+04 6.488276463378283552e+03 1.015799999999999272e+02 0.000000000000000000e+00 4.611944802018442147e+00 6.099999999999999867e-02
1.630458000000000000e+06 1.000000000000000000e+00 6.600000000000000000e+01 1.232529090507145702e+04 6.487938763378283511e+03 1.033000000000001819e+02 0.000000000000000000e+00 9.845955234748345219e+00 4.169999999999999818e-01
1.628750000000000000e+06 0.000000000000000000e+00 6.500000000000000000e+01 1.231366630507145601e+04 6.514635463378283930e+03 1.181300000000001091e+02 0.000000000000000000e+00 1.117412352065346948e+00 9.199999999999999845e-02
1.629791000000000000e+06 1.000000000000000000e+00 6.600000000000000000e+01 1.231831900507145656e+04 6.510969163378284065e+03 1.185100000000002183e+02 0.000000000000000000e+00 3.616147865131805084e+00 2.400000000000000050e-02
1.629793000000000000e+06 1.000000000000000000e+00 6.500000000000000000e+01 1.231608800507145679e+04 6.509289663378283876e+03 1.190599999999994907e+02 0.000000000000000000e+00 2.539398625220818051e+00 9.199999999999999845e-02
1.629793000000000000e+06 1.000000000000000000e+00 6.500000000000000000e+01 1.231718670507145725e+04 6.509149263378283649e+03 1.187200000000002547e+02 0.000000000000000000e+00 2.989870508249783843e+00 4.169999999999999818e-01
1.629793000000000000e+06 0.000000000000000000e+00 6.600000000000000000e+01 1.230851850507145718e+04 6.516426763378283795e+03 1.233999999999996362e+02 0.000000000000000000e+00 1.131090200509459631e+00 9.199999999999999845e-02
1.629793000000000000e+06 0.000000000000000000e+00 6.600000000000000000e+01 1.230853580507145671e+04 6.516404563378283456e+03 1.234399999999995998e+02 0.000000000000000000e+00 1.102874441251684878e+00 4.169999999999999818e-01
1.629793000000000000e+06 0.000000000000000000e+00 6.600000000000000000e+01 1.230853580507145671e+04 6.516404563378283456e+03 1.234399999999995998e+02 0.000000000000000000e+00 1.102874441251684878e+00 7.194840000000000124e+00
1.628745000000000000e+06 1.000000000000000000e+00 6.600000000000000000e+01 1.229756497507145650e+04 6.515978363378283575e+03 1.347800000000006548e+02 0.000000000000000000e+00 1.715937212113692212e+00 6.988290000000000113e+00
1.629962000000000000e+06 1.000000000000000000e+00 6.600000000000000000e+01 1.229831448507145615e+04 6.528743523378283498e+03 1.330000000000000000e+02 0.000000000000000000e+00 1.855233595396027724e+00 9.199999999999999845e-02
1.629962000000000000e+06 1.000000000000000000e+00 6.600000000000000000e+01 1.229895177507145672e+04 6.527417523378283477e+03 1.292900000000008731e+02 0.000000000000000000e+00 3.998133612168221163e+00 9.199999999999999845e-02
1.629793000000000000e+06 1.000000000000000000e+00 6.600000000000000000e+01 1.230971110507145568e+04 6.519882663378283723e+03 1.323100000000004002e+02 0.000000000000000000e+00 2.860670577380683532e+00 6.099999999999999867e-02
1.629704000000000000e+06 0.000000000000000000e+00 6.500000000000000000e+01 1.231056950507145666e+04 6.512153663378283454e+03 1.462399999999997817e+02 0.000000000000000000e+00 2.136516347672350769e+00 2.400000000000000050e-02
1.629622000000000000e+06 1.000000000000000000e+00 6.600000000000000000e+01 1.231355080507145613e+04 6.517656963378283763e+03 1.343699999999998909e+02 0.000000000000000000e+00 3.129004540906428655e+00 2.400000000000000050e-02
1.629622000000000000e+06 1.000000000000000000e+00 6.600000000000000000e+01 1.231376780507145668e+04 6.518617863378283801e+03 1.345100000000002183e+02 0.000000000000000000e+00 3.234454470454724007e+00 2.400000000000000050e-02
1.629626000000000000e+06 1.000000000000000000e+00 6.500000000000000000e+01 1.231113670507145798e+04 6.526894043378283641e+03 1.335000000000000000e+02 0.000000000000000000e+00 4.598718511824410271e+00 9.199999999999999845e-02
1.629626000000000000e+06 0.000000000000000000e+00 6.600000000000000000e+01 1.232582670507145667e+04 6.531824773378283680e+03 1.291300000000001091e+02 0.000000000000000000e+00 8.058452622372570540e-01 4.169999999999999818e-01
1.629626000000000000e+06 0.000000000000000000e+00 6.600000000000000000e+01 1.232582670507145667e+04 6.531824773378283680e+03 1.291300000000001091e+02 0.000000000000000000e+00 8.058452622372570540e-01 7.330580000000000318e+00
1.631408000000000000e+06 1.000000000000000000e+00 6.500000000000000000e+01 1.229670220507145677e+04 6.530472663378283869e+03 6.732999999999992724e+01 0.000000000000000000e+00 5.249099525868919258e+00 2.645739999999999981e+00
7.286945000000000000e+06 1.000000000000000000e+00 6.500000000000000000e+01 1.236976140507145647e+04 6.459716363378283859e+03 7.187700000000004366e+02 1.000000000000000000e+00 6.855933734594712448e-01 8.400000000000000000e+01
7.287063000000000000e+06 0.000000000000000000e+00 6.500000000000000000e+01 1.236285070507145792e+04 6.529172273378283535e+03 7.776999999999998181e+02 1.000000000000000000e+00 1.340282863869694197e+00 8.400000000000000000e+01
7.287062000000000000e+06 0.000000000000000000e+00 6.500000000000000000e+01 1.236216690507145722e+04 6.525548073378284244e+03 7.771100000000005821e+02 1.000000000000000000e+00 2.790545479850549349e+00 8.400000000000000000e+01
7.287393000000000000e+06 0.000000000000000000e+00 6.500000000000000000e+01 1.229963917507145743e+04 6.670286663378284175e+03 8.904899999999997817e+02 1.000000000000000000e+00 6.412638629790425870e-01 8.400000000000000000e+01
7.287562000000000000e+06 0.000000000000000000e+00 6.500000000000000000e+01 1.225438820507145647e+04 6.704508663378283927e+03 8.041400000000003274e+02 1.000000000000000000e+00 2.234431435169699220e+00 8.400000000000000000e+01
1.630642000000000000e+06 0.000000000000000000e+00 6.500000000000000000e+01 1.229037728507145584e+04 6.528917853378284235e+03 2.175700000000006185e+02 1.000000000000000000e+00 2.158898764885867738e+00 8.400000000000000000e+01
1.629716000000000000e+06 0.000000000000000000e+00 6.600000000000000000e+01 1.227500190507145635e+04 6.510931463378284207e+03 1.841000000000003638e+02 1.000000000000000000e+00 1.776537760519211417e+00 8.400000000000000000e+01
7.287558000000000000e+06 0.000000000000000000e+00 6.600000000000000000e+01 1.224898380507145703e+04 6.691364663378283694e+03 8.100599999999994907e+02 1.000000000000000000e+00 2.857456576735531772e+00 8.400000000000000000e+01
7.287298000000000000e+06 0.000000000000000000e+00 6.500000000000000000e+01 1.230068473507145609e+04 6.624019063378284045e+03 8.851700000000000728e+02 1.000000000000000000e+00 3.015636010710514570e-01 8.400000000000000000e+01
7.287481000000000000e+06 0.000000000000000000e+00 6.600000000000000000e+01 1.227991560507145550e+04 6.710734663378283585e+03 8.159599999999991269e+02 1.000000000000000000e+00 1.934362752297173582e+00 8.400000000000000000e+01
7.287300000000000000e+06 0.000000000000000000e+00 6.500000000000000000e+01 1.230711640507145785e+04 6.627227963378283675e+03 8.878199999999997090e+02 1.000000000000000000e+00 1.772907715116237348e+00 8.400000000000000000e+01
1.629807000000000000e+06 0.000000000000000000e+00 6.600000000000000000e+01 1.230438846507145718e+04 6.532099093378284124e+03 8.128000000000065484e+01 1.000000000000000000e+00 1.048875466851008742e+00 8.400000000000000000e+01
7.287064000000000000e+06 0.000000000000000000e+00 6.500000000000000000e+01 1.235514650507145780e+04 6.529107543378283481e+03 7.824800000000004729e+02 1.000000000000000000e+00 2.712846158747638015e+00 8.400000000000000000e+01
