3.105166000000000000e+06 1.000000000000000000e+00 6.500000000000000000e+01 6.201271289901353157e+03 1.135425397401644477e+04 4.129800000000004729e+02 0.000000000000000000e+00 5.541333219253914422e-01 1.078999999999999915e+01
3.105166000000000000e+06 1.000000000000000000e+00 6.500000000000000000e+01 6.202565429901353127e+03 1.134950054401644593e+04 4.107199999999993452e+02 0.000000000000000000e+00 3.080548075272099062e+00 4.169999999999999818e-01
3.105167000000000000e+06 1.000000000000000000e+00 6.500000000000000000e+01 6.200922573901352735e+03 1.134554131401644554e+04 4.155799999999999272e+02 0.000000000000000000e+00 2.648892723984492381e+00 2.400000000000000050e-02
3.105167000000000000e+06 1.000000000000000000e+00 6.500000000000000000e+01 6.197768109901353455e+03 1.134949423401644526e+04 4.146199999999998909e+02 0.000000000000000000e+00 1.908332181508073822e+00 9.199999999999999845e-02
3.105167000000000000e+06 1.000000000000000000e+00 6.500000000000000000e+01 6.198012669901353547e+03 1.134928627401644553e+04 4.144499999999998181e+02 0.000000000000000000e+00 1.884315715852659556e+00 2.400000000000000050e-02
3.105167000000000000e+06 1.000000000000000000e+00 6.500000000000000000e+01 6.199636089901353444e+03 1.135082612401644474e+04 4.144300000000002910e+02 0.000000000000000000e+00 2.075781298418573506e+00 9.199999999999999845e-02
3.105167000000000000e+06 1.000000000000000000e+00 6.500000000000000000e+01 6.193184509901353522e+03 1.134878322401644436e+04 4.115200000000004366e+02 0.000000000000000000e+00 3.293095172460035247e+00 9.199999999999999845e-02
3.105167000000000000e+06 1.000000000000000000e+00 6.500000000000000000e+01 6.193032659901353327e+03 1.134818302401644542e+04 4.131999999999998181e+02 0.000000000000000000e+00 1.947191424327321396e+00 2.039999999999999869e-01
3.105167000000000000e+06 1.000000000000000000e+00 6.500000000000000000e+01 6.192996409901353218e+03 1.134795127401644459e+04 4.134799999999995634e+02 0.000000000000000000e+00 1.609960665203332475e+00 2.400000000000000050e-02
3.105168000000000000e+06 1.000000000000000000e+00 6.500000000000000000e+01 6.195013239901352790e+03 1.133959007401644521e+04 4.174799999999995634e+02 0.000000000000000000e+00 3.784963871046230999e+00 9.199999999999999845e-02
3.105098000000000000e+06 1.000000000000000000e+00 6.500000000000000000e+01 6.189083089901353560e+03 1.134441862401644539e+04 4.191599999999998545e+02 0.000000000000000000e+00 4.867691509954951812e+00 4.169999999999999818e-01
3.105099000000000000e+06 0.000000000000000000e+00 6.500000000000000000e+01 6.180625089901353022e+03 1.133557697401644509e+04 4.173800000000001091e+02 0.000000000000000000e+00 1.415293836198840083e+00 9.199999999999999845e-02
3.105100000000000000e+06 0.000000000000000000e+00 6.500000000000000000e+01 6.180673689901353100e+03 1.133321487401644481e+04 4.181799999999993815e+02 0.000000000000000000e+00 8.789944010197465740e-01 9.199999999999999845e-02
3.106843000000000000e+06 0.000000000000000000e+00 6.600000000000000000e+01 6.186402389901352763e+03 1.131754567401644454e+04 4.271099999999996726e+02 0.000000000000000000e+00 1.861169419247427959e+00 2.400000000000000050e-02
3.106846000000000000e+06 1.000000000000000000e+00 6.500000000000000000e+01 6.184164889901353490e+03 1.131865827401644492e+04 4.360099999999993088e+02 0.000000000000000000e+00 3.152125235792308633e+00 9.199999999999999845e-02
3.105179000000000000e+06 1.000000000000000000e+00 6.500000000000000000e+01 6.174830989901352950e+03 1.131774247401644607e+04 4.452399999999997817e+02 0.000000000000000000e+00 4.275722595828917783e+00 2.400000000000000050e-02
3.106846000000000000e+06 1.000000000000000000e+00 6.500000000000000000e+01 6.175189689901352722e+03 1.131321647401644441e+04 4.438599999999996726e+02 0.000000000000000000e+00 2.385437225832999886e+00 4.169999999999999818e-01
3.105183000000000000e+06 1.000000000000000000e+00 6.600000000000000000e+01 6.166588289901353164e+03 1.130297137401644432e+04 4.470999999999994543e+02 0.000000000000000000e+00 5.526555576249522872e+00 4.169999999999999818e-01
3.105183000000000000e+06 1.000000000000000000e+00 6.600000000000000000e+01 6.166886189901352736e+03 1.130290207401644511e+04 4.473299999999999272e+02 0.000000000000000000e+00 5.514835985041667499e+00 2.039999999999999869e-01
3.106844000000000000e+06 1.000000000000000000e+00 6.500000000000000000e+01 6.172385589901353342e+03 1.130080877401644466e+04 4.485299999999997453e+02 0.000000000000000000e+00 5.517191350224423196e+00 2.400000000000000050e-02
3.105184000000000000e+06 1.000000000000000000e+00 6.600000000000000000e+01 6.172193989901353234e+03 1.130317797401644566e+04 4.505800000000008367e+02 0.000000000000000000e+00 2.853248123142892556e+00 2.039999999999999869e-01
3.105184000000000000e+06 1.000000000000000000e+00 6.600000000000000000e+01 6.172193989901353234e+03 1.130317797401644566e+04 4.505800000000008367e+02 0.000000000000000000e+00 2.853248123142892556e+00 7.296969999999999956e+00
