2.690038400000000000e+07 1.000000000000000000e+00 6.500000000000000000e+01 6.811259902242219141e+03 7.878321167643539411e+03 3.087989999999999782e+03 0.000000000000000000e+00 8.371367760323522589e+00 1.078999999999999915e+01
2.403406000000000000e+07 1.000000000000000000e+00 6.600000000000000000e+01 6.133118902242219519e+03 8.079821167643539411e+03 2.847539999999999964e+03 0.000000000000000000e+00 1.538567772218789154e+00 1.376999999999999957e+01
2.403406000000000000e+07 0.000000000000000000e+00 6.600000000000000000e+01 6.129638902242219956e+03 8.080821167643539411e+03 2.840000000000000000e+03 0.000000000000000000e+00 1.552036168201855304e+00 1.605000000000000071e+01
2.403406200000000000e+07 1.000000000000000000e+00 6.600000000000000000e+01 6.123878902242219738e+03 8.080821167643539411e+03 2.831309999999999491e+03 0.000000000000000000e+00 6.176371746862799661e+00 1.078999999999999915e+01
2.403384800000000000e+07 0.000000000000000000e+00 6.600000000000000000e+01 6.042228902242219192e+03 8.081171167643539775e+03 2.732079999999999927e+03 0.000000000000000000e+00 3.911843243724282715e+00 3.229999999999999716e+01
2.403370200000000000e+07 1.000000000000000000e+00 6.600000000000000000e+01 6.037518902242219156e+03 8.056981167643539266e+03 2.692829999999999927e+03 0.000000000000000000e+00 2.844152635009828067e+00 1.339000000000000057e+01
2.403370200000000000e+07 1.000000000000000000e+00 6.600000000000000000e+01 6.036798902242219810e+03 8.056641167643539120e+03 2.692600000000000364e+03 0.000000000000000000e+00 3.530905405817182707e+00 1.078999999999999915e+01
2.403369900000000000e+07 0.000000000000000000e+00 6.500000000000000000e+01 6.026688902242219228e+03 8.059511167643539920e+03 2.688649999999999636e+03 0.000000000000000000e+00 1.172603232992226463e+00 6.099999999999999867e-02
2.403370100000000000e+07 0.000000000000000000e+00 6.600000000000000000e+01 6.035608902242219301e+03 8.060021167643540139e+03 2.694100000000000364e+03 0.000000000000000000e+00 2.092142279565517793e+00 1.078999999999999915e+01
2.403243500000000000e+07 1.000000000000000000e+00 6.500000000000000000e+01 6.022768902242219156e+03 8.038331167643539629e+03 2.706310000000000400e+03 0.000000000000000000e+00 4.365424783967176481e+00 2.400000000000000050e-02
2.403243500000000000e+07 1.000000000000000000e+00 6.500000000000000000e+01 6.023228902242219192e+03 8.034751167643539702e+03 2.706159999999999854e+03 0.000000000000000000e+00 6.706241516644907641e+00 9.199999999999999845e-02
2.403385900000000000e+07 1.000000000000000000e+00 6.500000000000000000e+01 6.038648902242219265e+03 8.041501167643539702e+03 2.726340000000000146e+03 0.000000000000000000e+00 1.805876088386937139e+00 9.199999999999999845e-02
2.403281600000000000e+07 1.000000000000000000e+00 6.500000000000000000e+01 6.044488902242219410e+03 8.038191167643538392e+03 2.744980000000000473e+03 0.000000000000000000e+00 1.652285619511140835e+00 9.199999999999999845e-02
2.403281500000000000e+07 1.000000000000000000e+00 6.500000000000000000e+01 6.045068902242219337e+03 8.038111167643538465e+03 2.748039999999999964e+03 0.000000000000000000e+00 1.655420760036268035e+00 2.039999999999999869e-01
2.403394900000000000e+07 1.000000000000000000e+00 6.500000000000000000e+01 6.046398902242219265e+03 8.039241167643539484e+03 2.760989999999999782e+03 0.000000000000000000e+00 1.789761755570904223e+00 2.400000000000000050e-02
2.403394900000000000e+07 1.000000000000000000e+00 6.500000000000000000e+01 6.046598902242219083e+03 8.039381167643538902e+03 2.760460000000000036e+03 0.000000000000000000e+00 2.030814363446890258e+00 2.039999999999999869e-01
2.403288400000000000e+07 1.000000000000000000e+00 6.500000000000000000e+01 6.038148902242219265e+03 8.031211167643538829e+03 2.774390000000000327e+03 0.000000000000000000e+00 9.786477323308126586e+00 2.400000000000000050e-02
2.403207800000000000e+07 1.000000000000000000e+00 6.500000000000000000e+01 6.042648902242219265e+03 8.024941167643538392e+03 2.809139999999999418e+03 0.000000000000000000e+00 4.131581281249817827e+00 6.099999999999999867e-02
2.403207900000000000e+07 1.000000000000000000e+00 6.500000000000000000e+01 6.044508902242218937e+03 8.024941167643538392e+03 2.806050000000000182e+03 0.000000000000000000e+00 2.596713692720861388e+00 2.400000000000000050e-02
2.403207800000000000e+07 1.000000000000000000e+00 6.500000000000000000e+01 6.045888902242219956e+03 8.016141167643539120e+03 2.811260000000000218e+03 0.000000000000000000e+00 9.570458499302459288e+00 9.199999999999999845e-02
2.403197000000000000e+07 1.000000000000000000e+00 6.500000000000000000e+01 6.047508902242218937e+03 8.015741167643539484e+03 2.836550000000000182e+03 0.000000000000000000e+00 9.582921469289876981e+00 4.169999999999999818e-01
2.403197400000000000e+07 1.000000000000000000e+00 6.600000000000000000e+01 6.045858902242219301e+03 8.010151167643539338e+03 2.824989999999999782e+03 0.000000000000000000e+00 7.361221725270696403e+00 4.169999999999999818e-01
2.403196900000000000e+07 1.000000000000000000e+00 6.500000000000000000e+01 6.044718902242219883e+03 8.006751167643539702e+03 2.837329999999999927e+03 0.000000000000000000e+00 4.929259941877441875e+00 9.199999999999999845e-02
2.403196900000000000e+07 1.000000000000000000e+00 6.500000000000000000e+01 6.045558902242219119e+03 8.005261167643539920e+03 2.839300000000000182e+03 0.000000000000000000e+00 5.476699480472979609e+00 2.400000000000000050e-02
2.403196900000000000e+07 1.000000000000000000e+00 6.500000000000000000e+01 6.044368902242219519e+03 8.004351167643538247e+03 2.837609999999999673e+03 0.000000000000000000e+00 3.666796524445882000e+00 6.099999999999999867e-02
2.403196900000000000e+07 1.000000000000000000e+00 6.500000000000000000e+01 6.044438902242219228e+03 8.004331167643539629e+03 2.837469999999999345e+03 0.000000000000000000e+00 3.715644003380505378e+00 9.199999999999999845e-02
2.403196900000000000e+07 1.000000000000000000e+00 6.500000000000000000e+01 6.046798902242219810e+03 8.005461167643538829e+03 2.834039999999999964e+03 0.000000000000000000e+00 4.879113043208013423e+00 9.199999999999999845e-02
2.403196900000000000e+07 1.000000000000000000e+00 6.500000000000000000e+01 6.046538902242219592e+03 8.006091167643539848e+03 2.836869999999999891e+03 0.000000000000000000e+00 5.820258967331540134e+00 4.169999999999999818e-01
2.403104900000000000e+07 1.000000000000000000e+00 6.500000000000000000e+01 6.036308902242219119e+03 8.015571167643539411e+03 2.832340000000000146e+03 0.000000000000000000e+00 4.186518790436838167e+00 9.199999999999999845e-02
2.403105000000000000e+07 1.000000000000000000e+00 6.500000000000000000e+01 6.036848902242219083e+03 8.014451167643538611e+03 2.831300000000000182e+03 0.000000000000000000e+00 4.024327179341750771e+00 2.400000000000000050e-02
2.403197100000000000e+07 0.000000000000000000e+00 6.600000000000000000e+01 6.040978902242219192e+03 7.997701167643538611e+03 2.827659999999999854e+03 0.000000000000000000e+00 3.661592133442627794e+00 9.199999999999999845e-02
2.403196900000000000e+07 1.000000000000000000e+00 6.500000000000000000e+01 6.050638902242219956e+03 7.998201167643538611e+03 2.828000000000000000e+03 0.000000000000000000e+00 7.196677681968449924e+00 9.199999999999999845e-02
2.403296300000000000e+07 1.000000000000000000e+00 6.600000000000000000e+01 6.066658902242219483e+03 7.993681167643539993e+03 2.836679999999999382e+03 0.000000000000000000e+00 5.880831011510441186e+00 8.408070000000000377e+00
2.403370100000000000e+07 0.000000000000000000e+00 6.600000000000000000e+01 6.035608902242219301e+03 8.060021167643540139e+03 2.694100000000000364e+03 0.000000000000000000e+00 2.092142279565517793e+00 5.446159999999999890e+00
2.403242900000000000e+07 1.000000000000000000e+00 6.500000000000000000e+01 6.035218902242219883e+03 8.055241167643539484e+03 2.691680000000000291e+03 0.000000000000000000e+00 2.449839353404748898e+00 8.349999999999999645e-01
2.403242900000000000e+07 1.000000000000000000e+00 6.500000000000000000e+01 6.037718902242219883e+03 8.051171167643539775e+03 2.691179999999999382e+03 0.000000000000000000e+00 1.293464494871917170e+00 6.099999999999999867e-02
2.403242900000000000e+07 1.000000000000000000e+00 6.500000000000000000e+01 6.038088902242219774e+03 8.050711167643538829e+03 2.691170000000000073e+03 0.000000000000000000e+00 1.839174224124026091e+00 6.099999999999999867e-02
2.403243000000000000e+07 0.000000000000000000e+00 6.500000000000000000e+01 6.040768902242219156e+03 8.046911167643539557e+03 2.689760000000000218e+03 0.000000000000000000e+00 1.480374153348439803e+00 9.199999999999999845e-02
2.403385200000000000e+07 1.000000000000000000e+00 6.600000000000000000e+01 6.055138902242219956e+03 8.052401167643539338e+03 2.719729999999999563e+03 0.000000000000000000e+00 7.404541813321325883e+00 9.199999999999999845e-02
2.403385200000000000e+07 1.000000000000000000e+00 6.600000000000000000e+01 6.054868902242219519e+03 8.052491167643539484e+03 2.719750000000000000e+03 0.000000000000000000e+00 7.230022436359269555e+00 9.199999999999999845e-02
2.403385200000000000e+07 1.000000000000000000e+00 6.600000000000000000e+01 6.054868902242219519e+03 8.052491167643539484e+03 2.719750000000000000e+03 0.000000000000000000e+00 7.230022436359269555e+00 7.311939999999999884e+00
2.403370900000000000e+07 1.000000000000000000e+00 6.600000000000000000e+01 6.032268902242219156e+03 8.082871167643538683e+03 2.711199999999999818e+03 0.000000000000000000e+00 5.193544138394049270e+00 9.199999999999999845e-02
2.403239900000000000e+07 1.000000000000000000e+00 6.500000000000000000e+01 6.042078902242219556e+03 8.104081167643539629e+03 2.689760000000000218e+03 0.000000000000000000e+00 7.019226389980664393e+00 9.199999999999999845e-02
2.403370400000000000e+07 1.000000000000000000e+00 6.500000000000000000e+01 6.031718902242219883e+03 8.082961167643538829e+03 2.707840000000000146e+03 0.000000000000000000e+00 5.047896446629360767e+00 2.400000000000000050e-02
2.403370400000000000e+07 1.000000000000000000e+00 6.500000000000000000e+01 6.030468902242219883e+03 8.082811167643539193e+03 2.709989999999999782e+03 0.000000000000000000e+00 4.968461797909150768e+00 9.199999999999999845e-02
2.403370400000000000e+07 1.000000000000000000e+00 6.500000000000000000e+01 6.031748902242219629e+03 8.084951167643538611e+03 2.705740000000000691e+03 0.000000000000000000e+00 6.893119605208192446e+00 9.199999999999999845e-02
2.403249500000000000e+07 1.000000000000000000e+00 6.600000000000000000e+01 6.024168902242219701e+03 8.081251167643539702e+03 2.674859999999999673e+03 0.000000000000000000e+00 7.859984022557217287e+00 9.199999999999999845e-02
2.403243000000000000e+07 1.000000000000000000e+00 6.500000000000000000e+01 6.055578902242219556e+03 8.055701167643538611e+03 2.691109999999999673e+03 0.000000000000000000e+00 9.231995343554112665e+00 9.199999999999999845e-02
2.403242700000000000e+07 1.000000000000000000e+00 6.600000000000000000e+01 6.058468902242219883e+03 8.053171167643539775e+03 2.688649999999999636e+03 0.000000000000000000e+00 6.772217757027415352e+00 6.099999999999999867e-02
2.403385200000000000e+07 1.000000000000000000e+00 6.600000000000000000e+01 6.057398902242219265e+03 8.056511167643539920e+03 2.715619999999999891e+03 0.000000000000000000e+00 6.768425934435877700e+00 2.400000000000000050e-02
2.403385200000000000e+07 1.000000000000000000e+00 6.600000000000000000e+01 6.058318902242219337e+03 8.056501167643539702e+03 2.714640000000000327e+03 0.000000000000000000e+00 8.001303044051969238e+00 2.400000000000000050e-02
2.403242700000000000e+07 1.000000000000000000e+00 6.600000000000000000e+01 6.068928902242219010e+03 8.049571167643539411e+03 2.686510000000000218e+03 0.000000000000000000e+00 9.653452025354786414e+00 1.078999999999999915e+01
2.403242700000000000e+07 1.000000000000000000e+00 6.600000000000000000e+01 6.068928902242219010e+03 8.049571167643539411e+03 2.686510000000000218e+03 0.000000000000000000e+00 9.653452025354786414e+00 3.274700000000000166e+00
2.403242700000000000e+07 1.000000000000000000e+00 6.600000000000000000e+01 6.068928902242219010e+03 8.049571167643539411e+03 2.686510000000000218e+03 0.000000000000000000e+00 9.653452025354786414e+00 1.456909999999999927e+00
2.403241500000000000e+07 1.000000000000000000e+00 6.600000000000000000e+01 6.060838902242218865e+03 8.073261167643539920e+03 2.671979999999999563e+03 0.000000000000000000e+00 5.866914155491313565e+00 4.169999999999999818e-01
2.403369500000000000e+07 1.000000000000000000e+00 6.500000000000000000e+01 6.035458902242219665e+03 8.071111167643538465e+03 2.678780000000000655e+03 0.000000000000000000e+00 7.334665867410651963e+00 2.400000000000000050e-02
2.403240400000000000e+07 1.000000000000000000e+00 6.600000000000000000e+01 6.045238902242219410e+03 8.095501167643539702e+03 2.680770000000000437e+03 0.000000000000000000e+00 6.960565037384977671e+00 4.169999999999999818e-01
2.403240400000000000e+07 1.000000000000000000e+00 6.600000000000000000e+01 6.042638902242219956e+03 8.093841167643539848e+03 2.682259999999999309e+03 0.000000000000000000e+00 9.030021619157514223e+00 9.199999999999999845e-02
2.403240400000000000e+07 1.000000000000000000e+00 6.600000000000000000e+01 6.042348902242219083e+03 8.093651167643539338e+03 2.682420000000000073e+03 0.000000000000000000e+00 9.225001107719794646e+00 9.199999999999999845e-02
2.403242100000000000e+07 1.000000000000000000e+00 6.500000000000000000e+01 6.066228902242219192e+03 8.060621167643538683e+03 2.679039999999999964e+03 0.000000000000000000e+00 7.535627162244717070e+00 9.199999999999999845e-02
2.403242100000000000e+07 1.000000000000000000e+00 6.500000000000000000e+01 6.065498902242219629e+03 8.059181167643539993e+03 2.673060000000000400e+03 0.000000000000000000e+00 2.876753837459324448e+00 6.099999999999999867e-02
2.403242100000000000e+07 1.000000000000000000e+00 6.500000000000000000e+01 6.064938902242219228e+03 8.059311167643539193e+03 2.672020000000000437e+03 0.000000000000000000e+00 2.624557813683427998e+00 9.199999999999999845e-02
2.403252300000000000e+07 1.000000000000000000e+00 6.500000000000000000e+01 6.028218902242219883e+03 8.078131167643538902e+03 2.741729999999999563e+03 0.000000000000000000e+00 5.485800001371938350e+00 1.124000000000000021e+01
2.403252300000000000e+07 1.000000000000000000e+00 6.500000000000000000e+01 6.020508902242218937e+03 8.076531167643538538e+03 2.746780000000000655e+03 0.000000000000000000e+00 3.718157587915023488e+00 1.078999999999999915e+01
2.403252700000000000e+07 0.000000000000000000e+00 6.600000000000000000e+01 6.010018902242219156e+03 8.075871167643538683e+03 2.754369999999999891e+03 0.000000000000000000e+00 8.743260755581336863e-01 1.605000000000000071e+01
2.403235800000000000e+07 1.000000000000000000e+00 6.600000000000000000e+01 6.005618902242219519e+03 8.074581167643539629e+03 2.763500000000000000e+03 0.000000000000000000e+00 3.691661997510146342e+00 1.078999999999999915e+01
2.403121300000000000e+07 1.000000000000000000e+00 6.500000000000000000e+01 6.002738902242219410e+03 8.080811167643539193e+03 2.768250000000000000e+03 0.000000000000000000e+00 3.359381683556908360e+00 6.099999999999999867e-02
2.403245900000000000e+07 0.000000000000000000e+00 6.500000000000000000e+01 5.984938902242219228e+03 8.103041167643538756e+03 2.745889999999999418e+03 0.000000000000000000e+00 7.693204289651018879e-01 1.339000000000000057e+01
2.403245900000000000e+07 0.000000000000000000e+00 6.600000000000000000e+01 5.984708902242219665e+03 8.106311167643539193e+03 2.750039999999999964e+03 0.000000000000000000e+00 1.273067947971856739e+00 9.199999999999999845e-02
2.403245900000000000e+07 0.000000000000000000e+00 6.600000000000000000e+01 5.985288902242219592e+03 8.107101167643538247e+03 2.752750000000000000e+03 0.000000000000000000e+00 1.571254927836342130e+00 1.605000000000000071e+01
2.403245900000000000e+07 0.000000000000000000e+00 6.600000000000000000e+01 5.985248902242219629e+03 8.107241167643539484e+03 2.753000000000000000e+03 0.000000000000000000e+00 1.807195841369906519e+00 6.099999999999999867e-02
2.403245900000000000e+07 1.000000000000000000e+00 6.600000000000000000e+01 5.985258902242219847e+03 8.107071167643539411e+03 2.753480000000000473e+03 0.000000000000000000e+00 1.958490398499754370e+00 4.169999999999999818e-01
2.403245800000000000e+07 0.000000000000000000e+00 6.600000000000000000e+01 5.986468902242219883e+03 8.104811167643539193e+03 2.754100000000000364e+03 0.000000000000000000e+00 1.379528307600265791e+00 6.099999999999999867e-02
2.403245900000000000e+07 1.000000000000000000e+00 6.600000000000000000e+01 5.988708902242219665e+03 8.107181167643539993e+03 2.750279999999999745e+03 0.000000000000000000e+00 1.463103011518389618e+00 9.199999999999999845e-02
2.403245800000000000e+07 1.000000000000000000e+00 6.600000000000000000e+01 5.990598902242219083e+03 8.104231167643539266e+03 2.757460000000000036e+03 0.000000000000000000e+00 2.953510462298957417e+00 9.199999999999999845e-02
2.403245900000000000e+07 1.000000000000000000e+00 6.600000000000000000e+01 5.982948902242219447e+03 8.102451167643538611e+03 2.761729999999999563e+03 0.000000000000000000e+00 6.059009936731121648e+00 2.400000000000000050e-02
2.403245500000000000e+07 1.000000000000000000e+00 6.500000000000000000e+01 5.979958902242219665e+03 8.102881167643538902e+03 2.761340000000000146e+03 0.000000000000000000e+00 6.473080819488427728e+00 6.099999999999999867e-02
2.403246100000000000e+07 1.000000000000000000e+00 6.600000000000000000e+01 5.974248902242219629e+03 8.121281167643538538e+03 2.755220000000000255e+03 0.000000000000000000e+00 9.499520571247481726e+00 6.099999999999999867e-02
2.403246100000000000e+07 1.000000000000000000e+00 6.600000000000000000e+01 5.973018902242219156e+03 8.121291167643538756e+03 2.754619999999999891e+03 0.000000000000000000e+00 9.637081141121953465e+00 6.099999999999999867e-02
2.403246600000000000e+07 0.000000000000000000e+00 6.500000000000000000e+01 5.983718902242219883e+03 8.122151167643539338e+03 2.733559999999999491e+03 0.000000000000000000e+00 1.982355847228018275e+00 9.199999999999999845e-02
2.403246800000000000e+07 0.000000000000000000e+00 6.500000000000000000e+01 5.988168902242218792e+03 8.118971167643539047e+03 2.727340000000000146e+03 0.000000000000000000e+00 2.175178303083330711e+00 2.400000000000000050e-02
2.403246700000000000e+07 0.000000000000000000e+00 6.600000000000000000e+01 5.989478902242219192e+03 8.117421167643539775e+03 2.727699999999999818e+03 0.000000000000000000e+00 2.572250102625675439e+00 1.124000000000000021e+01
2.403246700000000000e+07 0.000000000000000000e+00 6.600000000000000000e+01 5.989478902242219192e+03 8.117421167643539775e+03 2.727699999999999818e+03 0.000000000000000000e+00 2.572250102625675439e+00 3.514940000000000175e+00
2.403245600000000000e+07 1.000000000000000000e+00 6.500000000000000000e+01 5.976438902242219228e+03 8.100941167643538392e+03 2.752579999999999927e+03 0.000000000000000000e+00 3.283407720919056416e+00 2.400000000000000050e-02
2.403245600000000000e+07 1.000000000000000000e+00 6.500000000000000000e+01 5.977328902242219556e+03 8.094501167643539702e+03 2.750159999999999854e+03 0.000000000000000000e+00 1.449179165122229218e+00 1.078999999999999915e+01
2.403245600000000000e+07 1.000000000000000000e+00 6.500000000000000000e+01 5.977328902242219556e+03 8.094501167643539702e+03 2.750159999999999854e+03 0.000000000000000000e+00 1.449179165122229218e+00 1.373480000000000034e+00
2.403245600000000000e+07 1.000000000000000000e+00 6.500000000000000000e+01 5.977328902242219556e+03 8.094501167643539702e+03 2.750159999999999854e+03 0.000000000000000000e+00 1.449179165122229218e+00 6.375889999999999613e-01
2.403246000000000000e+07 0.000000000000000000e+00 6.500000000000000000e+01 5.990568902242219337e+03 8.104771167643538320e+03 2.744380000000000109e+03 0.000000000000000000e+00 1.620514919500954720e+00 9.199999999999999845e-02
2.403246100000000000e+07 0.000000000000000000e+00 6.500000000000000000e+01 5.990828902242219556e+03 8.108041167643538756e+03 2.744659999999999854e+03 0.000000000000000000e+00 2.223751720683235789e+00 4.169999999999999818e-01
2.403246200000000000e+07 0.000000000000000000e+00 6.500000000000000000e+01 5.986728902242219192e+03 8.114511167643539920e+03 2.744180000000000291e+03 0.000000000000000000e+00 1.881938514500946402e+00 9.199999999999999845e-02
2.403246400000000000e+07 0.000000000000000000e+00 6.600000000000000000e+01 5.982078902242219556e+03 8.113251167643539702e+03 2.736869999999999891e+03 0.000000000000000000e+00 1.525994091515842754e+00 4.169999999999999818e-01
2.403246300000000000e+07 1.000000000000000000e+00 6.600000000000000000e+01 5.979598902242219083e+03 8.115011167643539920e+03 2.736989999999999782e+03 0.000000000000000000e+00 2.917867851196260354e+00 6.099999999999999867e-02
2.403246100000000000e+07 0.000000000000000000e+00 6.600000000000000000e+01 5.977808902242219119e+03 8.106071167643539411e+03 2.741779999999999745e+03 0.000000000000000000e+00 4.013696956522299963e+00 2.400000000000000050e-02
2.403246200000000000e+07 0.000000000000000000e+00 6.600000000000000000e+01 5.982548902242219810e+03 8.106721167643539047e+03 2.739550000000000182e+03 0.000000000000000000e+00 3.389409564152511933e+00 9.199999999999999845e-02
2.403246200000000000e+07 0.000000000000000000e+00 6.600000000000000000e+01 5.982268902242219156e+03 8.106181167643539993e+03 2.739529999999999745e+03 0.000000000000000000e+00 3.797031851709249395e+00 2.400000000000000050e-02
2.403245800000000000e+07 0.000000000000000000e+00 6.500000000000000000e+01 5.984638902242219956e+03 8.098051167643538975e+03 2.744850000000000364e+03 0.000000000000000000e+00 1.895928645003251978e+00 9.199999999999999845e-02
2.403245400000000000e+07 1.000000000000000000e+00 6.600000000000000000e+01 5.991838902242218865e+03 8.086971167643539047e+03 2.742659999999999854e+03 0.000000000000000000e+00 1.439178432779447459e+00 2.400000000000000050e-02
2.403379000000000000e+07 0.000000000000000000e+00 6.600000000000000000e+01 5.994728902242219192e+03 8.086951167643538611e+03 2.741420000000000073e+03 0.000000000000000000e+00 1.185952084038253806e+00 2.400000000000000050e-02
2.403245500000000000e+07 1.000000000000000000e+00 6.600000000000000000e+01 5.997778902242219374e+03 8.091271167643540139e+03 2.738989999999999782e+03 0.000000000000000000e+00 1.925385147069590852e+00 9.199999999999999845e-02
2.403246000000000000e+07 1.000000000000000000e+00 6.500000000000000000e+01 5.996098902242219083e+03 8.101161167643539557e+03 2.730269999999999527e+03 0.000000000000000000e+00 5.081588040566749953e+00 4.169999999999999818e-01
2.403246000000000000e+07 1.000000000000000000e+00 6.500000000000000000e+01 5.996098902242219083e+03 8.101161167643539557e+03 2.730269999999999527e+03 0.000000000000000000e+00 5.081588040566749953e+00 7.175300000000000011e+00
2.403121500000000000e+07 1.000000000000000000e+00 6.500000000000000000e+01 6.010508902242219847e+03 8.071981167643539266e+03 2.764119999999999891e+03 0.000000000000000000e+00 8.205934819195146446e-01 9.199999999999999845e-02
2.403394000000000000e+07 1.000000000000000000e+00 6.500000000000000000e+01 6.021398902242219265e+03 8.068831167643539629e+03 2.768630000000000109e+03 0.000000000000000000e+00 1.289635201713719592e+00 1.339000000000000057e+01
2.403282400000000000e+07 0.000000000000000000e+00 6.600000000000000000e+01 6.014308902242219119e+03 8.055821167643539411e+03 2.768760000000000218e+03 0.000000000000000000e+00 2.602470629924730883e+00 9.199999999999999845e-02
2.403282600000000000e+07 0.000000000000000000e+00 6.500000000000000000e+01 6.009608902242219301e+03 8.049111167643538465e+03 2.758559999999999491e+03 0.000000000000000000e+00 1.755598195277910945e+00 6.099999999999999867e-02
2.403245100000000000e+07 1.000000000000000000e+00 6.600000000000000000e+01 5.978098902242219083e+03 8.078651167643539338e+03 2.751550000000000182e+03 0.000000000000000000e+00 5.856070357365834589e+00 4.169999999999999818e-01
2.403245100000000000e+07 1.000000000000000000e+00 6.600000000000000000e+01 5.979648902242219265e+03 8.077871167643538683e+03 2.749890000000000327e+03 0.000000000000000000e+00 4.771170226881311649e+00 9.199999999999999845e-02
2.403245300000000000e+07 1.000000000000000000e+00 6.600000000000000000e+01 5.986188902242219228e+03 8.087191167643538392e+03 2.747699999999999818e+03 0.000000000000000000e+00 1.386234324786748351e+00 9.199999999999999845e-02
2.403245900000000000e+07 1.000000000000000000e+00 6.600000000000000000e+01 5.981218902242219883e+03 8.106701167643538611e+03 2.755750000000000000e+03 0.000000000000000000e+00 1.734097908542514554e+00 6.099999999999999867e-02
2.403246000000000000e+07 1.000000000000000000e+00 6.600000000000000000e+01 5.981248902242219629e+03 8.108701167643538611e+03 2.754829999999999927e+03 0.000000000000000000e+00 1.481403292906717128e+00 9.199999999999999845e-02
2.403246000000000000e+07 1.000000000000000000e+00 6.600000000000000000e+01 5.975838902242219774e+03 8.108361167643538465e+03 2.754210000000000036e+03 0.000000000000000000e+00 1.320423479217137208e+00 9.199999999999999845e-02
2.403246000000000000e+07 0.000000000000000000e+00 6.600000000000000000e+01 5.975688902242219228e+03 8.108151167643539338e+03 2.749539999999999964e+03 0.000000000000000000e+00 2.597370118043473841e+00 2.400000000000000050e-02
2.403246000000000000e+07 0.000000000000000000e+00 6.600000000000000000e+01 5.975868902242219519e+03 8.109141167643539120e+03 2.747159999999999854e+03 0.000000000000000000e+00 2.604388272034729557e+00 6.099999999999999867e-02
2.403246200000000000e+07 1.000000000000000000e+00 6.600000000000000000e+01 5.973278902242219374e+03 8.108551167643538975e+03 2.742430000000000291e+03 0.000000000000000000e+00 1.227249805320457465e+00 9.199999999999999845e-02
2.403245700000000000e+07 1.000000000000000000e+00 6.500000000000000000e+01 5.970818902242219337e+03 8.101351167643538247e+03 2.742829999999999927e+03 0.000000000000000000e+00 6.217955144772913556e+00 4.169999999999999818e-01
2.403246200000000000e+07 1.000000000000000000e+00 6.600000000000000000e+01 5.968658902242219483e+03 8.107961167643538829e+03 2.743020000000000437e+03 0.000000000000000000e+00 3.843886500140539120e+00 4.169999999999999818e-01
2.403375300000000000e+07 1.000000000000000000e+00 6.500000000000000000e+01 5.965628902242219738e+03 8.118631167643538902e+03 2.713630000000000109e+03 0.000000000000000000e+00 7.975616424904070634e+00 2.400000000000000050e-02
2.403246500000000000e+07 1.000000000000000000e+00 6.500000000000000000e+01 5.969238902242219410e+03 8.122931167643539993e+03 2.746840000000000146e+03 0.000000000000000000e+00 9.314746794295903243e+00 9.199999999999999845e-02
2.403246100000000000e+07 1.000000000000000000e+00 6.600000000000000000e+01 5.973698902242219447e+03 8.117391167643539120e+03 2.751739999999999782e+03 0.000000000000000000e+00 5.166083656928778467e+00 4.169999999999999818e-01
2.403246000000000000e+07 1.000000000000000000e+00 6.600000000000000000e+01 5.976788902242219592e+03 8.113041167643538756e+03 2.760829999999999927e+03 0.000000000000000000e+00 6.228959528360499043e+00 2.400000000000000050e-02
2.403245600000000000e+07 1.000000000000000000e+00 6.500000000000000000e+01 5.965988902242219410e+03 8.100171167643539775e+03 2.757739999999999782e+03 0.000000000000000000e+00 8.254594306671775072e+00 5.000000000000000000e-01
2.403245600000000000e+07 1.000000000000000000e+00 6.500000000000000000e+01 5.966078902242219556e+03 8.099761167643538101e+03 2.756090000000000146e+03 0.000000000000000000e+00 7.759621518065937806e+00 9.199999999999999845e-02
2.403245600000000000e+07 1.000000000000000000e+00 6.500000000000000000e+01 5.967768902242219156e+03 8.099621167643538683e+03 2.754480000000000473e+03 0.000000000000000000e+00 6.054152685731385652e+00 9.199999999999999845e-02
2.403245500000000000e+07 1.000000000000000000e+00 6.500000000000000000e+01 5.979088902242219774e+03 8.102581167643539629e+03 2.765649999999999636e+03 0.000000000000000000e+00 8.376529042989455220e+00 9.199999999999999845e-02
2.403379400000000000e+07 0.000000000000000000e+00 6.600000000000000000e+01 5.991528902242219374e+03 8.097291167643538756e+03 2.764279999999999745e+03 0.000000000000000000e+00 2.189339662722299185e+00 9.199999999999999845e-02
2.403364600000000000e+07 1.000000000000000000e+00 6.600000000000000000e+01 5.991748902242219629e+03 8.106961167643538829e+03 2.770750000000000000e+03 0.000000000000000000e+00 3.563002321885555546e+00 9.199999999999999845e-02
2.403381100000000000e+07 1.000000000000000000e+00 6.500000000000000000e+01 5.990988902242219410e+03 8.121581167643539629e+03 2.774960000000000036e+03 0.000000000000000000e+00 9.139306300852345188e+00 2.400000000000000050e-02
2.403381100000000000e+07 1.000000000000000000e+00 6.500000000000000000e+01 6.000608902242219301e+03 8.116411167643539557e+03 2.772970000000000255e+03 0.000000000000000000e+00 3.296572706699307354e+00 8.349999999999999645e-01
2.403381100000000000e+07 1.000000000000000000e+00 6.500000000000000000e+01 6.000608902242219301e+03 8.116411167643539557e+03 2.772970000000000255e+03 0.000000000000000000e+00 3.296572706699307354e+00 6.601049999999999862e+00
2.403235500000000000e+07 0.000000000000000000e+00 6.600000000000000000e+01 6.020198902242219447e+03 8.064701167643538611e+03 2.761949999999999818e+03 0.000000000000000000e+00 3.545879209154051970e-01 9.199999999999999845e-02
2.403218200000000000e+07 1.000000000000000000e+00 6.500000000000000000e+01 6.025868902242219519e+03 8.063271167643538320e+03 2.768369999999999891e+03 0.000000000000000000e+00 2.422125057360134726e+00 9.199999999999999845e-02
2.403282200000000000e+07 1.000000000000000000e+00 6.500000000000000000e+01 6.012718902242219883e+03 8.053651167643539338e+03 2.775420000000000073e+03 0.000000000000000000e+00 4.448938820987211606e+00 9.199999999999999845e-02
2.403282200000000000e+07 1.000000000000000000e+00 6.500000000000000000e+01 6.011848902242219083e+03 8.053511167643538101e+03 2.775890000000000327e+03 0.000000000000000000e+00 5.130861700653547963e+00 9.199999999999999845e-02
2.403235100000000000e+07 1.000000000000000000e+00 6.600000000000000000e+01 6.014888902242219046e+03 8.059621167643538683e+03 2.780920000000000073e+03 0.000000000000000000e+00 5.057510142883267612e+00 4.169999999999999818e-01
2.403217700000000000e+07 1.000000000000000000e+00 6.600000000000000000e+01 6.020878902242219738e+03 8.054481167643539266e+03 2.781420000000000073e+03 0.000000000000000000e+00 1.604090838632017180e+00 5.000000000000000000e-01
2.403217700000000000e+07 1.000000000000000000e+00 6.600000000000000000e+01 6.022228902242219192e+03 8.054501167643539702e+03 2.782449999999999818e+03 0.000000000000000000e+00 1.005816175212043362e+00 2.400000000000000050e-02
2.403394700000000000e+07 1.000000000000000000e+00 6.600000000000000000e+01 6.026738902242219410e+03 8.062001167643539702e+03 2.784890000000000327e+03 0.000000000000000000e+00 7.269765913726535800e-01 9.199999999999999845e-02
2.403235000000000000e+07 0.000000000000000000e+00 6.600000000000000000e+01 6.022048902242219810e+03 8.066891167643539120e+03 2.782609999999999673e+03 0.000000000000000000e+00 3.219744379313143501e+00 9.199999999999999845e-02
2.403234900000000000e+07 0.000000000000000000e+00 6.500000000000000000e+01 6.026278902242219374e+03 8.070671167643539775e+03 2.781729999999999563e+03 0.000000000000000000e+00 1.131155418235641585e+00 9.199999999999999845e-02
2.403234900000000000e+07 0.000000000000000000e+00 6.500000000000000000e+01 6.026278902242219374e+03 8.070671167643539775e+03 2.781729999999999563e+03 0.000000000000000000e+00 1.131155418235641585e+00 7.322680000000000078e+00
2.403252700000000000e+07 0.000000000000000000e+00 6.600000000000000000e+01 6.009178902242219010e+03 8.075571167643539411e+03 2.753840000000000146e+03 0.000000000000000000e+00 6.255123766559104181e-01 9.199999999999999845e-02
2.403245600000000000e+07 1.000000000000000000e+00 6.600000000000000000e+01 5.996098902242219083e+03 8.094601167643538247e+03 2.745489999999999782e+03 0.000000000000000000e+00 1.110297863929824658e+00 2.039999999999999869e-01
2.403379200000000000e+07 0.000000000000000000e+00 6.500000000000000000e+01 5.993978902242219192e+03 8.091881167643538902e+03 2.749449999999999818e+03 0.000000000000000000e+00 6.467968289813649241e-01 2.400000000000000050e-02
2.403379200000000000e+07 0.000000000000000000e+00 6.500000000000000000e+01 5.991838902242218865e+03 8.091961167643538829e+03 2.752989999999999782e+03 0.000000000000000000e+00 1.138359570369805507e+00 2.400000000000000050e-02
2.403379200000000000e+07 1.000000000000000000e+00 6.500000000000000000e+01 5.986998902242219629e+03 8.095201167643538611e+03 2.751930000000000291e+03 0.000000000000000000e+00 1.060208596180748586e+00 9.199999999999999845e-02
2.403245800000000000e+07 0.000000000000000000e+00 6.500000000000000000e+01 5.989358902242219301e+03 8.099781167643538538e+03 2.747099999999999454e+03 0.000000000000000000e+00 1.924796612536280094e+00 2.400000000000000050e-02
2.403245800000000000e+07 1.000000000000000000e+00 6.600000000000000000e+01 5.994258902242219847e+03 8.106441167643538392e+03 2.746730000000000473e+03 0.000000000000000000e+00 4.566422946077876688e+00 6.099999999999999867e-02
2.403373200000000000e+07 1.000000000000000000e+00 6.500000000000000000e+01 5.979128902242219738e+03 8.136211167643538829e+03 2.751059999999999491e+03 0.000000000000000000e+00 8.028010286251557659e+00 1.124000000000000021e+01
2.403373200000000000e+07 1.000000000000000000e+00 6.500000000000000000e+01 5.979128902242219738e+03 8.136211167643538829e+03 2.751059999999999491e+03 0.000000000000000000e+00 8.028010286251557659e+00 1.487419999999999964e+00
2.403244600000000000e+07 1.000000000000000000e+00 6.600000000000000000e+01 6.022108902242219301e+03 8.068411167643539557e+03 2.734939999999999600e+03 0.000000000000000000e+00 2.615004276439340192e+00 6.099999999999999867e-02
2.403244300000000000e+07 0.000000000000000000e+00 6.500000000000000000e+01 6.017618902242219519e+03 8.061401167643539338e+03 2.733809999999999491e+03 0.000000000000000000e+00 3.590390167057002646e+00 9.199999999999999845e-02
2.403244300000000000e+07 1.000000000000000000e+00 6.500000000000000000e+01 6.021648902242219265e+03 8.060341167643539848e+03 2.735220000000000255e+03 0.000000000000000000e+00 4.698999187604306016e+00 6.099999999999999867e-02
2.403236300000000000e+07 1.000000000000000000e+00 6.600000000000000000e+01 6.008658902242219483e+03 8.049111167643538465e+03 2.745670000000000073e+03 0.000000000000000000e+00 2.377240970094737005e+00 9.199999999999999845e-02
2.403282500000000000e+07 1.000000000000000000e+00 6.500000000000000000e+01 6.015018902242219156e+03 8.041691167643538392e+03 2.750859999999999673e+03 0.000000000000000000e+00 1.690992847350109685e+00 9.199999999999999845e-02
2.403282500000000000e+07 1.000000000000000000e+00 6.500000000000000000e+01 6.015668902242219701e+03 8.041271167643538320e+03 2.750869999999999891e+03 0.000000000000000000e+00 1.456461587964821947e+00 6.099999999999999867e-02
2.403123100000000000e+07 1.000000000000000000e+00 6.600000000000000000e+01 6.020648902242219265e+03 8.035441167643538392e+03 2.744899999999999636e+03 0.000000000000000000e+00 3.752887799975953786e+00 9.199999999999999845e-02
2.403123100000000000e+07 1.000000000000000000e+00 6.600000000000000000e+01 6.022978902242219192e+03 8.039201167643538611e+03 2.739569999999999709e+03 0.000000000000000000e+00 1.008812579085574423e+00 2.400000000000000050e-02
2.403123100000000000e+07 1.000000000000000000e+00 6.600000000000000000e+01 6.022198902242219447e+03 8.039301167643538975e+03 2.739030000000000655e+03 0.000000000000000000e+00 1.836330267289783658e+00 9.199999999999999845e-02
2.403123100000000000e+07 1.000000000000000000e+00 6.600000000000000000e+01 6.022508902242219847e+03 8.035801167643538975e+03 2.739970000000000255e+03 0.000000000000000000e+00 1.281921870739360703e+00 2.039999999999999869e-01
2.403406200000000000e+07 1.000000000000000000e+00 6.600000000000000000e+01 6.123878902242219738e+03 8.080821167643539411e+03 2.831309999999999491e+03 0.000000000000000000e+00 6.176371746862799661e+00 4.785940000000000083e+00
2.403406300000000000e+07 1.000000000000000000e+00 6.600000000000000000e+01 6.122798902242219810e+03 8.075671167643539775e+03 2.821890000000000327e+03 0.000000000000000000e+00 8.954565002748294589e+00 9.199999999999999845e-02
2.403406300000000000e+07 1.000000000000000000e+00 6.600000000000000000e+01 6.123198902242219447e+03 8.077971167643539047e+03 2.827020000000000437e+03 0.000000000000000000e+00 6.138163026712951442e+00 6.099999999999999867e-02
2.403405700000000000e+07 1.000000000000000000e+00 6.600000000000000000e+01 6.127488902242219410e+03 8.056201167643538611e+03 2.850069999999999709e+03 0.000000000000000000e+00 5.849603776745674999e+00 2.400000000000000050e-02
2.403406100000000000e+07 1.000000000000000000e+00 6.500000000000000000e+01 6.138488902242219410e+03 8.058671167643539775e+03 2.833060000000000400e+03 0.000000000000000000e+00 5.357506496476866609e+00 2.400000000000000050e-02
2.403405800000000000e+07 1.000000000000000000e+00 6.600000000000000000e+01 6.133758902242218937e+03 8.063911167643539557e+03 2.847829999999999927e+03 0.000000000000000000e+00 5.323145182256240560e+00 9.199999999999999845e-02
2.403405800000000000e+07 1.000000000000000000e+00 6.600000000000000000e+01 6.130998902242219629e+03 8.063891167643539120e+03 2.852550000000000182e+03 0.000000000000000000e+00 6.055297579842726208e+00 9.199999999999999845e-02
2.403405300000000000e+07 1.000000000000000000e+00 6.500000000000000000e+01 6.125018902242219156e+03 8.066211167643538829e+03 2.860670000000000073e+03 0.000000000000000000e+00 8.386774997096317463e+00 9.199999999999999845e-02
2.403405400000000000e+07 1.000000000000000000e+00 6.600000000000000000e+01 6.106168902242219701e+03 8.065651167643539338e+03 2.838029999999999745e+03 0.000000000000000000e+00 7.592804057914059435e+00 5.000000000000000000e-01
2.403405400000000000e+07 1.000000000000000000e+00 6.600000000000000000e+01 6.106168902242219701e+03 8.065651167643539338e+03 2.838029999999999745e+03 0.000000000000000000e+00 7.592804057914059435e+00 6.999950000000000117e+00
2.690038400000000000e+07 1.000000000000000000e+00 6.500000000000000000e+01 6.811259902242219141e+03 7.878321167643539411e+03 3.087989999999999782e+03 0.000000000000000000e+00 8.371367760323522589e+00 5.011379999999999946e+00
2.690040000000000000e+07 1.000000000000000000e+00 6.600000000000000000e+01 6.840643902242219156e+03 7.891811167643539193e+03 3.088590000000000146e+03 0.000000000000000000e+00 9.276076394209699316e+00 2.400000000000000050e-02
2.690040600000000000e+07 1.000000000000000000e+00 6.500000000000000000e+01 6.850296902242219403e+03 7.891731167643539266e+03 3.090599999999999454e+03 0.000000000000000000e+00 7.985395730106566781e+00 2.039999999999999869e-01
2.690040400000000000e+07 1.000000000000000000e+00 6.500000000000000000e+01 6.854434902242219323e+03 7.899771167643540139e+03 3.093579999999999927e+03 0.000000000000000000e+00 1.466433550317753687e+00 9.199999999999999845e-02
2.690040300000000000e+07 1.000000000000000000e+00 6.500000000000000000e+01 6.856720902242219381e+03 7.901111167643538465e+03 3.098460000000000036e+03 0.000000000000000000e+00 2.861118118307156788e+00 5.000000000000000000e-01
2.690040300000000000e+07 1.000000000000000000e+00 6.500000000000000000e+01 6.856720902242219381e+03 7.901111167643538465e+03 3.098460000000000036e+03 0.000000000000000000e+00 2.861118118307156788e+00 7.342769999999999797e+00
2.690040100000000000e+07 1.000000000000000000e+00 6.600000000000000000e+01 6.836437902242219025e+03 7.896071167643539411e+03 3.077279999999999745e+03 0.000000000000000000e+00 7.712146084547540248e+00 1.605000000000000071e+01
2.690040100000000000e+07 1.000000000000000000e+00 6.600000000000000000e+01 6.838972902242219789e+03 7.900061167643539193e+03 3.076789999999999964e+03 0.000000000000000000e+00 4.708775360207885008e+00 1.339000000000000057e+01
2.690040100000000000e+07 1.000000000000000000e+00 6.600000000000000000e+01 6.839327902242219352e+03 7.900631167643538902e+03 3.076729999999999563e+03 0.000000000000000000e+00 4.521045575805943351e+00 6.099999999999999867e-02
2.690040100000000000e+07 1.000000000000000000e+00 6.600000000000000000e+01 6.839878902242219738e+03 7.901511167643539920e+03 3.076659999999999854e+03 0.000000000000000000e+00 4.271207765197188699e+00 1.078999999999999915e+01
2.690048200000000000e+07 1.000000000000000000e+00 6.500000000000000000e+01 6.846061902242219730e+03 7.904751167643539702e+03 3.073680000000000291e+03 0.000000000000000000e+00 3.016095932583262140e+00 9.199999999999999845e-02
2.689991800000000000e+07 1.000000000000000000e+00 6.600000000000000000e+01 6.878107902242219097e+03 7.919801167643538975e+03 3.068199999999999818e+03 0.000000000000000000e+00 3.671607688514622492e+00 9.199999999999999845e-02
2.689991800000000000e+07 1.000000000000000000e+00 6.600000000000000000e+01 6.880999902242219832e+03 7.918661167643539557e+03 3.064989999999999782e+03 0.000000000000000000e+00 4.128146948647628989e+00 1.078999999999999915e+01
2.689991800000000000e+07 1.000000000000000000e+00 6.600000000000000000e+01 6.880999902242219832e+03 7.918661167643539557e+03 3.064989999999999782e+03 0.000000000000000000e+00 4.128146948647628989e+00 4.529659999999999798e+00
2.689991800000000000e+07 1.000000000000000000e+00 6.600000000000000000e+01 6.880999902242219832e+03 7.918661167643539557e+03 3.064989999999999782e+03 0.000000000000000000e+00 4.128146948647628989e+00 1.794010000000000105e+00
2.690040100000000000e+07 1.000000000000000000e+00 6.600000000000000000e+01 6.839878902242219738e+03 7.901511167643539920e+03 3.076659999999999854e+03 0.000000000000000000e+00 4.271207765197188699e+00 2.714469999999999938e+00
2.690040100000000000e+07 1.000000000000000000e+00 6.600000000000000000e+01 6.838972902242219789e+03 7.900061167643539193e+03 3.076789999999999964e+03 0.000000000000000000e+00 4.708775360207885008e+00 4.973710000000000075e-01
2.690040200000000000e+07 1.000000000000000000e+00 6.600000000000000000e+01 6.845346902242219585e+03 7.897771167643540139e+03 3.079180000000000291e+03 0.000000000000000000e+00 6.732724005940942114e+00 1.339000000000000057e+01
2.690040200000000000e+07 1.000000000000000000e+00 6.600000000000000000e+01 6.845346902242219585e+03 7.897771167643540139e+03 3.079180000000000291e+03 0.000000000000000000e+00 6.732724005940942114e+00 3.904809999999999892e+00
2.690040200000000000e+07 1.000000000000000000e+00 6.600000000000000000e+01 6.845346902242219585e+03 7.897771167643540139e+03 3.079180000000000291e+03 0.000000000000000000e+00 6.732724005940942114e+00 4.693240000000000189e-01
2.690128700000000000e+07 1.000000000000000000e+00 6.600000000000000000e+01 6.879361902242219912e+03 7.881181167643539993e+03 3.012300000000000182e+03 0.000000000000000000e+00 5.368743930552863475e+00 5.000000000000000000e-01
2.690129000000000000e+07 1.000000000000000000e+00 6.500000000000000000e+01 6.879907902242219279e+03 7.896611167643538465e+03 3.017569999999999709e+03 0.000000000000000000e+00 4.354253957013336951e+00 6.099999999999999867e-02
2.690129000000000000e+07 1.000000000000000000e+00 6.500000000000000000e+01 6.879745902242219927e+03 7.896621167643538683e+03 3.017899999999999636e+03 0.000000000000000000e+00 4.405525138795732154e+00 2.400000000000000050e-02
2.690129200000000000e+07 1.000000000000000000e+00 6.600000000000000000e+01 6.893654902242219578e+03 7.896131167643538902e+03 3.025939999999999600e+03 0.000000000000000000e+00 9.617224410606487472e-01 9.199999999999999845e-02
2.690129200000000000e+07 1.000000000000000000e+00 6.600000000000000000e+01 6.899291902242219294e+03 7.895981167643539266e+03 3.029250000000000000e+03 0.000000000000000000e+00 4.193082580863068287e+00 1.078999999999999915e+01
2.690129200000000000e+07 1.000000000000000000e+00 6.600000000000000000e+01 6.899291902242219294e+03 7.895981167643539266e+03 3.029250000000000000e+03 0.000000000000000000e+00 4.193082580863068287e+00 1.458820000000000006e+00
2.690129200000000000e+07 1.000000000000000000e+00 6.600000000000000000e+01 6.899291902242219294e+03 7.895981167643539266e+03 3.029250000000000000e+03 0.000000000000000000e+00 4.193082580863068287e+00 8.115710000000000424e-01
2.406174800000000000e+07 1.000000000000000000e+00 6.600000000000000000e+01 7.052931902242219621e+03 7.109968167643538436e+03 2.781289999999999964e+03 0.000000000000000000e+00 9.698545222577230618e+00 1.078999999999999915e+01
2.406174800000000000e+07 1.000000000000000000e+00 6.600000000000000000e+01 7.053349902242219287e+03 7.109955167643539426e+03 2.781800000000000182e+03 0.000000000000000000e+00 9.571772675431249766e+00 3.229999999999999716e+01
2.406175200000000000e+07 1.000000000000000000e+00 6.500000000000000000e+01 7.063892902242219861e+03 7.104362167643538669e+03 2.790560000000000400e+03 0.000000000000000000e+00 4.476545861977959895e+00 1.078999999999999915e+01
2.406175700000000000e+07 1.000000000000000000e+00 6.500000000000000000e+01 7.092832902242219461e+03 7.096299167643538567e+03 2.804189999999999600e+03 0.000000000000000000e+00 4.473400477775863138e+00 1.078999999999999915e+01
2.406175700000000000e+07 1.000000000000000000e+00 6.500000000000000000e+01 7.101417902242219498e+03 7.097436167643539193e+03 2.806500000000000000e+03 0.000000000000000000e+00 9.449769192681975127e+00 1.339000000000000057e+01
2.406068100000000000e+07 0.000000000000000000e+00 6.600000000000000000e+01 7.146998902242219629e+03 7.129965167643539644e+03 2.807359999999999673e+03 0.000000000000000000e+00 1.715927589227337124e+00 1.078999999999999915e+01
2.406068300000000000e+07 1.000000000000000000e+00 6.600000000000000000e+01 7.149389902242219250e+03 7.134276167643539338e+03 2.799329999999999927e+03 0.000000000000000000e+00 4.718488001551547129e+00 1.078999999999999915e+01
2.406211600000000000e+07 1.000000000000000000e+00 6.600000000000000000e+01 7.149944902242219541e+03 7.141971167643539047e+03 2.765369999999999891e+03 0.000000000000000000e+00 4.142961569165295899e+00 1.078999999999999915e+01
2.406211600000000000e+07 1.000000000000000000e+00 6.600000000000000000e+01 7.149938902242219228e+03 7.141981167643539266e+03 2.765230000000000473e+03 0.000000000000000000e+00 4.115373505472919469e+00 1.078999999999999915e+01
2.406219300000000000e+07 1.000000000000000000e+00 6.500000000000000000e+01 7.145794902242218996e+03 7.141931167643539993e+03 2.746380000000000109e+03 0.000000000000000000e+00 1.364675862095970471e+00 1.078999999999999915e+01
2.406219200000000000e+07 1.000000000000000000e+00 6.600000000000000000e+01 7.144076902242219148e+03 7.134979167643538858e+03 2.751789999999999964e+03 0.000000000000000000e+00 4.724533302953001446e+00 1.078999999999999915e+01
2.406212400000000000e+07 1.000000000000000000e+00 6.600000000000000000e+01 7.161432902242219825e+03 7.118879167643538494e+03 2.744920000000000073e+03 0.000000000000000000e+00 8.313140157184452761e+00 1.078999999999999915e+01
2.406194100000000000e+07 1.000000000000000000e+00 6.500000000000000000e+01 7.132853902242219192e+03 7.101047167643538160e+03 2.743610000000000582e+03 0.000000000000000000e+00 9.047464785510634044e+00 8.349999999999999645e-01
2.406194100000000000e+07 0.000000000000000000e+00 6.500000000000000000e+01 7.115568902242219337e+03 7.096810167643538989e+03 2.747789999999999964e+03 0.000000000000000000e+00 9.542871624591297008e-01 9.199999999999999845e-02
2.406194600000000000e+07 0.000000000000000000e+00 6.500000000000000000e+01 7.114233902242219301e+03 7.082971167643539047e+03 2.741199999999999818e+03 0.000000000000000000e+00 8.227938525228202238e-01 9.199999999999999845e-02
2.406194300000000000e+07 0.000000000000000000e+00 6.500000000000000000e+01 7.111867902242219316e+03 7.090635167643539717e+03 2.743649999999999636e+03 0.000000000000000000e+00 1.661278742390811525e+00 4.169999999999999818e-01
2.406194600000000000e+07 1.000000000000000000e+00 6.500000000000000000e+01 7.102329902242219760e+03 7.079211167643538829e+03 2.739630000000000109e+03 0.000000000000000000e+00 2.126005953372610779e+00 6.099999999999999867e-02
2.406194500000000000e+07 1.000000000000000000e+00 6.500000000000000000e+01 7.103835902242219163e+03 7.085901167643539338e+03 2.740619999999999891e+03 0.000000000000000000e+00 1.653552703602021445e+00 9.199999999999999845e-02
2.406194000000000000e+07 1.000000000000000000e+00 6.500000000000000000e+01 7.128808902242219119e+03 7.096271167643540139e+03 2.760199999999999818e+03 0.000000000000000000e+00 5.088172877072818068e+00 8.220000000000000639e+00
2.406194000000000000e+07 1.000000000000000000e+00 6.500000000000000000e+01 7.128808902242219119e+03 7.096271167643540139e+03 2.760199999999999818e+03 0.000000000000000000e+00 5.088172877072818068e+00 3.340800000000000214e+00
2.406194800000000000e+07 1.000000000000000000e+00 6.600000000000000000e+01 7.118610902242219709e+03 7.092398167643538727e+03 2.727949999999999818e+03 0.000000000000000000e+00 7.212907046439279490e+00 9.199999999999999845e-02
2.406194300000000000e+07 1.000000000000000000e+00 6.500000000000000000e+01 7.116534902242219687e+03 7.094843167643538436e+03 2.732310000000000400e+03 0.000000000000000000e+00 4.511389507098251705e+00 4.169999999999999818e-01
2.406194300000000000e+07 1.000000000000000000e+00 6.500000000000000000e+01 7.114665902242219090e+03 7.091306167643539993e+03 2.734239999999999782e+03 0.000000000000000000e+00 2.309859864352530767e+00 9.199999999999999845e-02
2.406194800000000000e+07 1.000000000000000000e+00 6.600000000000000000e+01 7.115094902242219177e+03 7.086760167643539717e+03 2.735109999999999673e+03 0.000000000000000000e+00 3.127667564565802749e+00 6.099999999999999867e-02
2.406194400000000000e+07 1.000000000000000000e+00 6.500000000000000000e+01 7.106642902242219861e+03 7.094811167643539193e+03 2.733009999999999309e+03 0.000000000000000000e+00 4.555237409855790176e+00 9.199999999999999845e-02
2.406194400000000000e+07 1.000000000000000000e+00 6.500000000000000000e+01 7.107659902242219687e+03 7.094402167643539542e+03 2.732319999999999709e+03 0.000000000000000000e+00 4.554897725351427340e+00 9.199999999999999845e-02
2.406194400000000000e+07 1.000000000000000000e+00 6.500000000000000000e+01 7.108137902242219752e+03 7.094625167643539498e+03 2.732029999999999745e+03 0.000000000000000000e+00 4.993555366769458992e+00 6.099999999999999867e-02
2.406193500000000000e+07 1.000000000000000000e+00 6.500000000000000000e+01 7.093203902242219556e+03 7.107830167643539426e+03 2.737789999999999964e+03 0.000000000000000000e+00 5.867674008455789014e+00 9.199999999999999845e-02
2.406193700000000000e+07 1.000000000000000000e+00 6.500000000000000000e+01 7.098366902242219112e+03 7.103764167643538713e+03 2.758170000000000073e+03 0.000000000000000000e+00 5.881337958567620205e+00 9.199999999999999845e-02
2.406193700000000000e+07 1.000000000000000000e+00 6.500000000000000000e+01 7.099211902242219367e+03 7.101961167643538829e+03 2.758250000000000000e+03 0.000000000000000000e+00 5.676681253129789440e+00 4.169999999999999818e-01
2.406193700000000000e+07 1.000000000000000000e+00 6.500000000000000000e+01 7.099522902242219061e+03 7.101296167643539775e+03 2.758279999999999745e+03 0.000000000000000000e+00 5.776241639542506690e+00 9.199999999999999845e-02
2.406193800000000000e+07 1.000000000000000000e+00 6.500000000000000000e+01 7.113200902242219854e+03 7.103635167643539717e+03 2.760600000000000364e+03 0.000000000000000000e+00 2.582780960184215768e+00 9.199999999999999845e-02
2.406193900000000000e+07 1.000000000000000000e+00 6.500000000000000000e+01 7.122999902242219832e+03 7.101905167643538334e+03 2.765909999999999854e+03 0.000000000000000000e+00 7.472201407347339952e+00 9.199999999999999845e-02
2.406212400000000000e+07 1.000000000000000000e+00 6.600000000000000000e+01 7.161391902242219658e+03 7.119060167643538989e+03 2.745059999999999491e+03 0.000000000000000000e+00 8.117232778237010393e+00 2.400000000000000050e-02
2.406212400000000000e+07 1.000000000000000000e+00 6.600000000000000000e+01 7.165830002242219052e+03 7.127361167643538465e+03 2.741319999999999709e+03 0.000000000000000000e+00 3.256680008316597430e+00 9.199999999999999845e-02
2.406212400000000000e+07 1.000000000000000000e+00 6.600000000000000000e+01 7.156772902242219061e+03 7.119117167643539688e+03 2.746109999999999673e+03 0.000000000000000000e+00 9.564466287975397663e+00 1.078999999999999915e+01
2.406194000000000000e+07 1.000000000000000000e+00 6.500000000000000000e+01 7.123361902242219912e+03 7.102944167643539004e+03 2.745210000000000036e+03 0.000000000000000000e+00 5.515503844669281008e+00 1.000000000000000000e+01
2.406194000000000000e+07 1.000000000000000000e+00 6.500000000000000000e+01 7.123361902242219912e+03 7.102944167643539004e+03 2.745210000000000036e+03 0.000000000000000000e+00 5.515503844669281008e+00 3.116539999999999866e-01
2.406212400000000000e+07 1.000000000000000000e+00 6.600000000000000000e+01 7.156772902242219061e+03 7.119117167643539688e+03 2.746109999999999673e+03 0.000000000000000000e+00 9.564466287975397663e+00 5.532180000000000319e+00
2.406219200000000000e+07 1.000000000000000000e+00 6.600000000000000000e+01 7.144076902242219148e+03 7.134979167643538858e+03 2.751789999999999964e+03 0.000000000000000000e+00 4.724533302953001446e+00 3.497720000000000162e+00
2.406219300000000000e+07 1.000000000000000000e+00 6.500000000000000000e+01 7.145794902242218996e+03 7.141931167643539993e+03 2.746380000000000109e+03 0.000000000000000000e+00 1.364675862095970471e+00 4.723340000000000316e+00
2.406211600000000000e+07 1.000000000000000000e+00 6.600000000000000000e+01 7.149938902242219228e+03 7.141981167643539266e+03 2.765230000000000473e+03 0.000000000000000000e+00 4.115373505472919469e+00 2.081199999999999939e+00
2.406219800000000000e+07 0.000000000000000000e+00 6.500000000000000000e+01 7.149786902242219185e+03 7.141951167643538611e+03 2.765329999999999927e+03 0.000000000000000000e+00 4.218302895180448431e+00 6.099999999999999867e-02
2.406219700000000000e+07 0.000000000000000000e+00 6.500000000000000000e+01 7.145214902242219068e+03 7.141801167643538975e+03 2.763230000000000473e+03 0.000000000000000000e+00 1.103545234159130084e+00 9.199999999999999845e-02
2.406068600000000000e+07 1.000000000000000000e+00 6.500000000000000000e+01 7.138312902242219025e+03 7.115996167643538683e+03 2.792479999999999563e+03 0.000000000000000000e+00 6.987213767566451850e+00 1.124000000000000021e+01
2.406068600000000000e+07 1.000000000000000000e+00 6.500000000000000000e+01 7.138312902242219025e+03 7.115996167643538683e+03 2.792479999999999563e+03 0.000000000000000000e+00 6.987213767566451850e+00 3.861699999999999910e+00
2.406068300000000000e+07 1.000000000000000000e+00 6.600000000000000000e+01 7.149389902242219250e+03 7.134276167643539338e+03 2.799329999999999927e+03 0.000000000000000000e+00 4.718488001551547129e+00 5.600880000000000081e+00
2.406068100000000000e+07 0.000000000000000000e+00 6.600000000000000000e+01 7.146905902242219781e+03 7.129391167643539120e+03 2.807220000000000255e+03 0.000000000000000000e+00 1.948717532028951149e+00 1.078999999999999915e+01
2.406068000000000000e+07 1.000000000000000000e+00 6.600000000000000000e+01 7.154347902242219789e+03 7.128478167643538654e+03 2.817130000000000109e+03 0.000000000000000000e+00 4.860297829691515581e+00 9.199999999999999845e-02
2.406067900000000000e+07 1.000000000000000000e+00 6.600000000000000000e+01 7.152329902242219760e+03 7.128574167643540022e+03 2.821399999999999636e+03 0.000000000000000000e+00 8.395648632766976149e+00 9.199999999999999845e-02
2.406068100000000000e+07 0.000000000000000000e+00 6.600000000000000000e+01 7.146905902242219781e+03 7.129391167643539120e+03 2.807220000000000255e+03 0.000000000000000000e+00 1.948717532028951149e+00 1.321790000000000020e+00
2.406060200000000000e+07 1.000000000000000000e+00 6.600000000000000000e+01 7.124697902242219243e+03 7.135932167643538378e+03 2.813619999999999891e+03 0.000000000000000000e+00 7.352396640744722767e+00 2.400000000000000050e-02
2.406068300000000000e+07 1.000000000000000000e+00 6.500000000000000000e+01 7.123488902242219410e+03 7.133613167643538873e+03 2.813319999999999709e+03 0.000000000000000000e+00 8.896163852378217385e+00 6.099999999999999867e-02
2.406068300000000000e+07 1.000000000000000000e+00 6.500000000000000000e+01 7.125500902242219126e+03 7.134996167643538683e+03 2.814390000000000327e+03 0.000000000000000000e+00 7.827854164014969029e+00 9.199999999999999845e-02
2.406068300000000000e+07 1.000000000000000000e+00 6.500000000000000000e+01 7.125496902242219221e+03 7.134944167643539004e+03 2.814460000000000036e+03 0.000000000000000000e+00 7.847917517419440436e+00 8.349999999999999645e-01
2.406060400000000000e+07 1.000000000000000000e+00 6.500000000000000000e+01 7.104329902242219760e+03 7.140342167643540051e+03 2.822539999999999964e+03 0.000000000000000000e+00 6.346926963199260641e+00 2.039999999999999869e-01
2.406060400000000000e+07 1.000000000000000000e+00 6.500000000000000000e+01 7.109201902242219148e+03 7.141861167643538465e+03 2.824949999999999818e+03 0.000000000000000000e+00 8.076244871563128314e+00 9.199999999999999845e-02
2.406060300000000000e+07 1.000000000000000000e+00 6.500000000000000000e+01 7.109467902242219679e+03 7.142411167643539557e+03 2.825609999999999673e+03 0.000000000000000000e+00 8.255871208063727096e+00 9.199999999999999845e-02
2.406157400000000000e+07 1.000000000000000000e+00 6.500000000000000000e+01 7.105079902242219760e+03 7.140910167643539353e+03 2.837420000000000073e+03 0.000000000000000000e+00 8.596106748081211890e+00 9.199999999999999845e-02
2.406150200000000000e+07 1.000000000000000000e+00 6.600000000000000000e+01 7.095419902242218996e+03 7.138025167643539135e+03 2.869819999999999709e+03 0.000000000000000000e+00 1.040893486260213496e+00 2.400000000000000050e-02
2.406150400000000000e+07 1.000000000000000000e+00 6.600000000000000000e+01 7.087786902242219185e+03 7.136428167643539382e+03 2.869819999999999709e+03 0.000000000000000000e+00 3.535773747414850288e+00 9.199999999999999845e-02
2.406150800000000000e+07 1.000000000000000000e+00 6.600000000000000000e+01 7.096418902242219701e+03 7.146771167643540139e+03 2.889539999999999964e+03 0.000000000000000000e+00 5.576570156226573260e+00 9.199999999999999845e-02
2.406150800000000000e+07 1.000000000000000000e+00 6.600000000000000000e+01 7.090858902242219301e+03 7.141191167643538392e+03 2.890210000000000036e+03 0.000000000000000000e+00 2.373990494666441631e+00 2.039999999999999869e-01
2.406150800000000000e+07 0.000000000000000000e+00 6.600000000000000000e+01 7.090980902242219599e+03 7.139886167643538101e+03 2.891149999999999636e+03 0.000000000000000000e+00 2.468669337932091867e+00 6.099999999999999867e-02
2.406151300000000000e+07 1.000000000000000000e+00 6.600000000000000000e+01 7.073327902242219352e+03 7.126961167643538829e+03 2.881659999999999854e+03 0.000000000000000000e+00 6.616198576158382139e+00 9.199999999999999845e-02
2.406151400000000000e+07 1.000000000000000000e+00 6.600000000000000000e+01 7.071012902242219752e+03 7.127679167643539586e+03 2.878850000000000364e+03 0.000000000000000000e+00 9.497711581552703564e+00 6.099999999999999867e-02
2.406242000000000000e+07 1.000000000000000000e+00 6.600000000000000000e+01 7.062198902242219447e+03 7.143151167643539338e+03 2.855579999999999927e+03 0.000000000000000000e+00 8.260546165197462543e+00 4.169999999999999818e-01
2.406242000000000000e+07 1.000000000000000000e+00 6.600000000000000000e+01 7.058547902242219607e+03 7.134065167643538189e+03 2.860539999999999964e+03 0.000000000000000000e+00 2.402471395762889816e+00 2.400000000000000050e-02
2.406242000000000000e+07 1.000000000000000000e+00 6.600000000000000000e+01 7.054663902242219592e+03 7.132146167643538320e+03 2.856920000000000073e+03 0.000000000000000000e+00 3.738245574329992049e+00 9.199999999999999845e-02
2.406242000000000000e+07 0.000000000000000000e+00 6.600000000000000000e+01 7.054037902242219388e+03 7.132744167643538276e+03 2.855990000000000691e+03 0.000000000000000000e+00 3.280053021613878350e+00 6.099999999999999867e-02
2.406242100000000000e+07 1.000000000000000000e+00 6.600000000000000000e+01 7.056357902242219097e+03 7.140000167643539498e+03 2.862649999999999636e+03 0.000000000000000000e+00 2.948186844084591751e+00 9.199999999999999845e-02
2.406250200000000000e+07 1.000000000000000000e+00 6.500000000000000000e+01 7.051270902242219563e+03 7.126857167643539469e+03 2.868850000000000364e+03 0.000000000000000000e+00 6.036337993897844534e+00 5.000000000000000000e-01
2.406251000000000000e+07 1.000000000000000000e+00 6.500000000000000000e+01 7.044799902242219105e+03 7.126545167643539571e+03 2.877689999999999600e+03 0.000000000000000000e+00 5.168529464635781778e+00 2.039999999999999869e-01
2.406251100000000000e+07 1.000000000000000000e+00 6.500000000000000000e+01 7.042503902242219738e+03 7.127669167643539367e+03 2.879750000000000000e+03 0.000000000000000000e+00 3.781133002650182373e+00 2.400000000000000050e-02
2.406152400000000000e+07 1.000000000000000000e+00 6.600000000000000000e+01 7.043611902242219003e+03 7.129608167643539673e+03 2.887940000000000509e+03 0.000000000000000000e+00 1.585223825149780552e+00 6.099999999999999867e-02
2.406152400000000000e+07 1.000000000000000000e+00 6.600000000000000000e+01 7.043436902242219730e+03 7.129578167643539018e+03 2.887909999999999854e+03 0.000000000000000000e+00 1.746661596427104834e+00 9.199999999999999845e-02
2.406251800000000000e+07 0.000000000000000000e+00 6.500000000000000000e+01 7.028632902242219643e+03 7.121130167643538698e+03 2.899289999999999964e+03 0.000000000000000000e+00 3.079488772808242736e+00 9.199999999999999845e-02
2.406251900000000000e+07 1.000000000000000000e+00 6.600000000000000000e+01 7.020431902242219621e+03 7.128493167643539891e+03 2.892920000000000073e+03 0.000000000000000000e+00 3.329069878907537916e+00 9.199999999999999845e-02
2.406251900000000000e+07 1.000000000000000000e+00 6.600000000000000000e+01 7.015741902242219112e+03 7.133260167643539717e+03 2.892140000000000327e+03 0.000000000000000000e+00 6.597633848416140090e+00 9.199999999999999845e-02
2.406252300000000000e+07 1.000000000000000000e+00 6.500000000000000000e+01 7.014538902242219592e+03 7.133745167643538480e+03 2.893779999999999745e+03 0.000000000000000000e+00 6.746507005667072399e+00 9.199999999999999845e-02
2.406252000000000000e+07 1.000000000000000000e+00 6.600000000000000000e+01 7.018459902242219869e+03 7.134349167643539658e+03 2.898199999999999818e+03 0.000000000000000000e+00 6.803655510927403505e+00 8.349999999999999645e-01
2.406252000000000000e+07 1.000000000000000000e+00 6.600000000000000000e+01 7.018459902242219869e+03 7.134349167643539658e+03 2.898199999999999818e+03 0.000000000000000000e+00 6.803655510927403505e+00 7.076789999999999914e+00
2.406175700000000000e+07 1.000000000000000000e+00 6.500000000000000000e+01 7.101417902242219498e+03 7.097436167643539193e+03 2.806500000000000000e+03 0.000000000000000000e+00 9.449769192681975127e+00 3.036309999999999842e+00
2.406175600000000000e+07 1.000000000000000000e+00 6.500000000000000000e+01 7.089291902242219294e+03 7.101473167643539455e+03 2.800659999999999854e+03 0.000000000000000000e+00 9.283849078663803933e-01 2.400000000000000050e-02
2.406182600000000000e+07 1.000000000000000000e+00 6.500000000000000000e+01 7.062162902242219388e+03 7.102334167643538422e+03 2.792369999999999891e+03 0.000000000000000000e+00 7.187135488412826234e+00 2.400000000000000050e-02
2.406175100000000000e+07 1.000000000000000000e+00 6.500000000000000000e+01 7.068483902242219301e+03 7.100674167643538567e+03 2.784890000000000327e+03 0.000000000000000000e+00 4.021280591862875120e+00 2.400000000000000050e-02
2.406175600000000000e+07 1.000000000000000000e+00 6.600000000000000000e+01 7.067768902242219156e+03 7.092278167643539746e+03 2.784619999999999891e+03 0.000000000000000000e+00 7.452867829603448513e+00 8.349999999999999645e-01
2.406175600000000000e+07 1.000000000000000000e+00 6.600000000000000000e+01 7.067768902242219156e+03 7.092278167643539746e+03 2.784619999999999891e+03 0.000000000000000000e+00 7.452867829603448513e+00 7.327700000000000102e+00
2.406175200000000000e+07 1.000000000000000000e+00 6.500000000000000000e+01 7.063892902242219861e+03 7.104362167643538669e+03 2.790560000000000400e+03 0.000000000000000000e+00 4.476545861977959895e+00 2.416640000000000121e+00
2.406174800000000000e+07 1.000000000000000000e+00 6.600000000000000000e+01 7.053153902242219374e+03 7.113326167643538611e+03 2.784300000000000182e+03 0.000000000000000000e+00 9.164179188224871098e+00 1.339000000000000057e+01
2.406174800000000000e+07 1.000000000000000000e+00 6.600000000000000000e+01 7.051420902242219199e+03 7.117790167643538553e+03 2.786239999999999782e+03 0.000000000000000000e+00 8.930527550640279699e+00 1.078999999999999915e+01
2.406164000000000000e+07 1.000000000000000000e+00 6.600000000000000000e+01 7.045895902242219563e+03 7.124683167643538582e+03 2.789659999999999854e+03 0.000000000000000000e+00 7.035976622466131758e+00 2.400000000000000050e-02
2.406240400000000000e+07 1.000000000000000000e+00 6.500000000000000000e+01 7.028141902242219658e+03 7.132254167643538494e+03 2.790390000000000327e+03 0.000000000000000000e+00 6.553474486000549604e+00 2.400000000000000050e-02
2.406240500000000000e+07 1.000000000000000000e+00 6.600000000000000000e+01 7.014136902242219548e+03 7.136065167643538189e+03 2.797359999999999673e+03 0.000000000000000000e+00 5.363815821522584848e+00 9.199999999999999845e-02
2.406236400000000000e+07 1.000000000000000000e+00 6.500000000000000000e+01 6.997619902242219723e+03 7.140937167643539397e+03 2.798690000000000509e+03 0.000000000000000000e+00 8.975868377072858451e+00 1.078999999999999915e+01
2.406236400000000000e+07 1.000000000000000000e+00 6.500000000000000000e+01 6.997619902242219723e+03 7.140937167643539397e+03 2.798690000000000509e+03 0.000000000000000000e+00 8.975868377072858451e+00 6.231819999999999915e+00
2.406236400000000000e+07 1.000000000000000000e+00 6.500000000000000000e+01 6.997619902242219723e+03 7.140937167643539397e+03 2.798690000000000509e+03 0.000000000000000000e+00 8.975868377072858451e+00 4.438539999999999708e+00
2.406174800000000000e+07 1.000000000000000000e+00 6.600000000000000000e+01 7.051420902242219199e+03 7.117790167643538553e+03 2.786239999999999782e+03 0.000000000000000000e+00 8.930527550640279699e+00 2.705950000000000077e+00
2.406182400000000000e+07 1.000000000000000000e+00 6.500000000000000000e+01 7.052876902242219330e+03 7.116204167643539222e+03 2.797289999999999964e+03 0.000000000000000000e+00 3.733655414118645322e+00 4.169999999999999818e-01
2.406182300000000000e+07 1.000000000000000000e+00 6.500000000000000000e+01 7.050188902242219228e+03 7.112690167643538189e+03 2.800760000000000218e+03 0.000000000000000000e+00 5.846307741695204285e+00 9.199999999999999845e-02
2.406167700000000000e+07 1.000000000000000000e+00 6.600000000000000000e+01 7.048581902242219257e+03 7.110590167643539644e+03 2.802829999999999927e+03 0.000000000000000000e+00 7.252736046880104759e+00 4.169999999999999818e-01
2.406163700000000000e+07 1.000000000000000000e+00 6.500000000000000000e+01 7.040830902242219054e+03 7.113305167643539789e+03 2.805710000000000036e+03 0.000000000000000000e+00 2.097688898288969650e+00 1.124000000000000021e+01
2.406163700000000000e+07 1.000000000000000000e+00 6.500000000000000000e+01 7.040830902242219054e+03 7.113305167643539789e+03 2.805710000000000036e+03 0.000000000000000000e+00 2.097688898288969650e+00 6.166750000000000398e+00
2.406329700000000000e+07 1.000000000000000000e+00 6.600000000000000000e+01 7.067127902242219534e+03 7.068501167643539702e+03 2.779109999999999673e+03 0.000000000000000000e+00 1.401069054933690383e+00 1.078999999999999915e+01
2.406329900000000000e+07 1.000000000000000000e+00 6.600000000000000000e+01 7.077068902242219337e+03 7.073998167643539091e+03 2.782440000000000509e+03 0.000000000000000000e+00 1.792662601875635309e+00 2.400000000000000050e-02
2.406329900000000000e+07 1.000000000000000000e+00 6.600000000000000000e+01 7.078212902242219570e+03 7.073957167643539833e+03 2.784550000000000182e+03 0.000000000000000000e+00 1.573379543400577063e+00 9.199999999999999845e-02
2.406330700000000000e+07 1.000000000000000000e+00 6.500000000000000000e+01 7.106345902242219381e+03 7.069461167643538829e+03 2.819369999999999891e+03 0.000000000000000000e+00 7.782277515472218354e+00 1.078999999999999915e+01
2.406330700000000000e+07 1.000000000000000000e+00 6.500000000000000000e+01 7.106345902242219381e+03 7.069461167643538829e+03 2.819369999999999891e+03 0.000000000000000000e+00 7.782277515472218354e+00 6.578879999999999839e+00
2.406330700000000000e+07 1.000000000000000000e+00 6.500000000000000000e+01 7.106345902242219381e+03 7.069461167643538829e+03 2.819369999999999891e+03 0.000000000000000000e+00 7.782277515472218354e+00 6.907769999999999744e-01
2.406329400000000000e+07 1.000000000000000000e+00 6.600000000000000000e+01 7.069263902242219046e+03 7.052472167643539251e+03 2.775760000000000218e+03 0.000000000000000000e+00 3.643336189742262921e+00 9.199999999999999845e-02
2.406329200000000000e+07 0.000000000000000000e+00 6.600000000000000000e+01 7.067325902242219854e+03 7.054722167643539251e+03 2.772619999999999891e+03 0.000000000000000000e+00 4.685426710143195450e+00 9.199999999999999845e-02
2.406329100000000000e+07 1.000000000000000000e+00 6.500000000000000000e+01 7.063724902242219287e+03 7.055643167643539527e+03 2.770970000000000255e+03 0.000000000000000000e+00 3.738296596338107403e+00 4.169999999999999818e-01
2.406329100000000000e+07 1.000000000000000000e+00 6.500000000000000000e+01 7.062890902242219454e+03 7.058243167643539891e+03 2.769380000000000109e+03 0.000000000000000000e+00 1.575823083345938125e+00 8.220000000000000639e+00
2.406329100000000000e+07 1.000000000000000000e+00 6.500000000000000000e+01 7.062890902242219454e+03 7.058243167643539891e+03 2.769380000000000109e+03 0.000000000000000000e+00 1.575823083345938125e+00 5.076489999999999725e+00
2.406175700000000000e+07 1.000000000000000000e+00 6.600000000000000000e+01 7.071813902242219228e+03 7.085655167643538334e+03 2.790869999999999891e+03 0.000000000000000000e+00 7.852835017031845055e+00 2.400000000000000050e-02
2.406176000000000000e+07 1.000000000000000000e+00 6.500000000000000000e+01 7.080945902242219745e+03 7.082765167643538916e+03 2.789130000000000109e+03 0.000000000000000000e+00 6.054061495693169093e+00 1.339000000000000057e+01
2.406176000000000000e+07 1.000000000000000000e+00 6.500000000000000000e+01 7.080945902242219745e+03 7.082765167643538916e+03 2.789130000000000109e+03 0.000000000000000000e+00 6.054061495693169093e+00 1.724699999999999900e+00
2.406176000000000000e+07 1.000000000000000000e+00 6.500000000000000000e+01 7.080945902242219745e+03 7.082765167643538916e+03 2.789130000000000109e+03 0.000000000000000000e+00 6.054061495693169093e+00 7.759700000000000486e-01
2.406175600000000000e+07 1.000000000000000000e+00 6.600000000000000000e+01 7.070026902242219876e+03 7.089032167643538742e+03 2.787779999999999745e+03 0.000000000000000000e+00 7.661715712689014524e+00 9.199999999999999845e-02
2.406175600000000000e+07 1.000000000000000000e+00 6.600000000000000000e+01 7.068054902242219214e+03 7.088730167643539062e+03 2.787109999999999673e+03 0.000000000000000000e+00 9.174457529987080306e+00 9.199999999999999845e-02
2.123298100000000000e+07 1.000000000000000000e+00 6.500000000000000000e+01 7.114786902242219185e+03 7.296591167643539848e+03 2.453180000000000291e+03 0.000000000000000000e+00 8.285142467265080413e+00 2.400000000000000050e-02
2.123297800000000000e+07 1.000000000000000000e+00 6.600000000000000000e+01 7.119679902242219214e+03 7.294201167643538611e+03 2.454300000000000182e+03 0.000000000000000000e+00 4.928571003328449329e+00 9.199999999999999845e-02
1.840340300000000000e+07 1.000000000000000000e+00 6.500000000000000000e+01 7.385447902242219243e+03 6.670067167643539506e+03 2.017659999999999854e+03 0.000000000000000000e+00 7.918247119414239421e+00 9.199999999999999845e-02
1.840331900000000000e+07 1.000000000000000000e+00 6.500000000000000000e+01 7.384648902242219265e+03 6.663196167643539411e+03 2.013720000000000255e+03 0.000000000000000000e+00 4.808504617601181863e+00 6.099999999999999867e-02
1.840332500000000000e+07 1.000000000000000000e+00 6.600000000000000000e+01 7.371057902242219825e+03 6.647514167643538713e+03 2.015579999999999927e+03 0.000000000000000000e+00 8.204978896777557651e+00 2.400000000000000050e-02
1.840213100000000000e+07 1.000000000000000000e+00 6.600000000000000000e+01 7.371952902242219352e+03 6.660793167643539164e+03 2.017149999999999636e+03 0.000000000000000000e+00 3.634147424303204588e+00 9.199999999999999845e-02
1.840332300000000000e+07 1.000000000000000000e+00 6.600000000000000000e+01 7.382056902242219621e+03 6.663721167643539047e+03 2.004359999999999673e+03 0.000000000000000000e+00 7.462011889817941501e+00 1.124000000000000021e+01
1.840332300000000000e+07 1.000000000000000000e+00 6.600000000000000000e+01 7.382056902242219621e+03 6.663721167643539047e+03 2.004359999999999673e+03 0.000000000000000000e+00 7.462011889817941501e+00 3.516890000000000072e+00
2.975796200000000000e+07 1.000000000000000000e+00 6.500000000000000000e+01 8.302758902242218028e+03 6.805105167643539062e+03 3.355680000000000291e+03 1.000000000000000000e+00 8.242245267083821991e-01 2.700000000000000000e+02
2.975808100000000000e+07 0.000000000000000000e+00 6.600000000000000000e+01 8.245402902242218261e+03 6.844586167643538829e+03 3.462430000000000291e+03 1.000000000000000000e+00 1.046090875606496162e+00 2.700000000000000000e+02
2.975653200000000000e+07 0.000000000000000000e+00 6.600000000000000000e+01 8.284218902242220793e+03 6.850783167643538945e+03 3.453279999999999745e+03 1.000000000000000000e+00 2.137552676981492983e+00 2.700000000000000000e+02
2.975653400000000000e+07 0.000000000000000000e+00 6.600000000000000000e+01 8.275568902242219337e+03 6.842736167643538465e+03 3.455689999999999600e+03 1.000000000000000000e+00 2.193467468715233348e+00 2.700000000000000000e+02
2.676709700000000000e+07 0.000000000000000000e+00 6.600000000000000000e+01 8.316328902242221375e+03 6.944026167643539338e+03 3.145539999999999964e+03 1.000000000000000000e+00 1.257233050735740321e+00 2.700000000000000000e+02
2.676555200000000000e+07 1.000000000000000000e+00 6.500000000000000000e+01 8.324268902242220065e+03 6.942113167643538873e+03 3.129550000000000182e+03 1.000000000000000000e+00 7.886224202146135953e-01 2.700000000000000000e+02
2.975807400000000000e+07 0.000000000000000000e+00 6.500000000000000000e+01 8.235791902242221113e+03 6.835444167643539004e+03 3.443039999999999964e+03 1.000000000000000000e+00 2.864689611490871091e+00 2.700000000000000000e+02
2.975645600000000000e+07 1.000000000000000000e+00 6.600000000000000000e+01 8.279128902242220647e+03 6.828730167643539062e+03 3.473629999999999654e+03 1.000000000000000000e+00 8.247138546532645220e-01 2.700000000000000000e+02
2.975797100000000000e+07 0.000000000000000000e+00 6.600000000000000000e+01 8.278258902242218028e+03 6.812365167643539280e+03 3.389190000000000509e+03 1.000000000000000000e+00 1.317957005681820837e+00 2.700000000000000000e+02
2.975806900000000000e+07 0.000000000000000000e+00 6.500000000000000000e+01 8.229464902242219978e+03 6.823597167643539251e+03 3.429329999999999927e+03 1.000000000000000000e+00 8.336445564382760631e-01 2.700000000000000000e+02
