1.199058020000000000e+08 1.000000000000000000e+00 6.600000000000000000e+01 1.178550000000000182e+03 3.818256012071809437e+03 1.403668497325378121e+04 0.000000000000000000e+00 9.408471684268238988e+00 8.220000000000000639e+00
1.178039460000000000e+08 1.000000000000000000e+00 6.500000000000000000e+01 3.007230000000000473e+03 3.872917412071810304e+03 1.377374427325378201e+04 0.000000000000000000e+00 6.775752672288828826e+00 1.605000000000000071e+01
1.178048820000000000e+08 1.000000000000000000e+00 6.500000000000000000e+01 3.142840000000000146e+03 3.867522012071809968e+03 1.373463327325378123e+04 0.000000000000000000e+00 9.313756930181273930e-01 3.229999999999999716e+01
1.140437340000000000e+08 1.000000000000000000e+00 6.600000000000000000e+01 4.119620000000000800e+03 3.788921412071810209e+03 1.344618027325378171e+04 0.000000000000000000e+00 1.235105675215804943e+00 1.078999999999999915e+01
1.082966190000000000e+08 1.000000000000000000e+00 6.600000000000000000e+01 6.556043999999999869e+03 3.719023712071809769e+03 1.274043827325378152e+04 0.000000000000000000e+00 1.619837218079740460e+00 1.078999999999999915e+01
1.082969710000000000e+08 1.000000000000000000e+00 6.600000000000000000e+01 6.656501000000000204e+03 3.709381912071810348e+03 1.274081827325378254e+04 0.000000000000000000e+00 4.116665338563262999e+00 1.078999999999999915e+01
1.081126680000000000e+08 1.000000000000000000e+00 6.600000000000000000e+01 1.262769000000000051e+04 3.266309512071809422e+03 1.292729827325378210e+04 0.000000000000000000e+00 9.317054231427247757e+00 4.169999999999999818e-01
1.082969710000000000e+08 1.000000000000000000e+00 6.600000000000000000e+01 6.656501000000000204e+03 3.709381912071810348e+03 1.274081827325378254e+04 0.000000000000000000e+00 4.116665338563262999e+00 3.473129999999999828e+00
1.082969190000000000e+08 1.000000000000000000e+00 6.500000000000000000e+01 6.570929000000000087e+03 3.742372512071809524e+03 1.274269827325378174e+04 0.000000000000000000e+00 9.220574767532173865e+00 6.099999999999999867e-02
1.082966170000000000e+08 1.000000000000000000e+00 6.600000000000000000e+01 6.562904000000000451e+03 3.730202912071810260e+03 1.273638827325378224e+04 0.000000000000000000e+00 4.964166720262852550e+00 4.169999999999999818e-01
1.082969200000000000e+08 1.000000000000000000e+00 6.500000000000000000e+01 6.569301999999999680e+03 3.744517712071809456e+03 1.274946827325378217e+04 0.000000000000000000e+00 9.195917010094323274e+00 4.169999999999999818e-01
1.122180600000000000e+08 1.000000000000000000e+00 6.600000000000000000e+01 5.527939999999999600e+03 3.646809512071809422e+03 1.302481827325378254e+04 0.000000000000000000e+00 7.415559734586700813e+00 2.400000000000000050e-02
1.122180610000000000e+08 1.000000000000000000e+00 6.600000000000000000e+01 5.532920000000000073e+03 3.643263512071810055e+03 1.302565827325378268e+04 0.000000000000000000e+00 6.827089940234190024e+00 1.078999999999999915e+01
1.122180610000000000e+08 1.000000000000000000e+00 6.600000000000000000e+01 5.533659999999999854e+03 3.642834512071809968e+03 1.302568827325378152e+04 0.000000000000000000e+00 6.508716516308014732e+00 1.078999999999999915e+01
1.122180610000000000e+08 1.000000000000000000e+00 6.600000000000000000e+01 5.534850000000000364e+03 3.640654512071809677e+03 1.302561827325378181e+04 0.000000000000000000e+00 7.415087983364747615e+00 1.339000000000000057e+01
1.122180610000000000e+08 1.000000000000000000e+00 6.600000000000000000e+01 5.537279999999999745e+03 3.641398512071810273e+03 1.302579827325378210e+04 0.000000000000000000e+00 5.894693082362439718e+00 2.400000000000000050e-02
1.122180610000000000e+08 1.000000000000000000e+00 6.600000000000000000e+01 5.535090000000000146e+03 3.644489512071809713e+03 1.303086827325378181e+04 0.000000000000000000e+00 6.554734903411622682e+00 6.099999999999999867e-02
1.122180590000000000e+08 1.000000000000000000e+00 6.600000000000000000e+01 5.539649999999999636e+03 3.658093512071809982e+03 1.303329827325378210e+04 0.000000000000000000e+00 3.964397710001911879e+00 9.199999999999999845e-02
1.122180630000000000e+08 1.000000000000000000e+00 6.500000000000000000e+01 5.539140000000000327e+03 3.651373512071809728e+03 1.303692827325378130e+04 0.000000000000000000e+00 4.260075531283381345e+00 6.099999999999999867e-02
1.122192500000000000e+08 1.000000000000000000e+00 6.500000000000000000e+01 5.539690000000000509e+03 3.658191512071809939e+03 1.303627827325378166e+04 0.000000000000000000e+00 4.925822459733574910e+00 4.169999999999999818e-01
1.122192490000000000e+08 0.000000000000000000e+00 6.500000000000000000e+01 5.536260000000000218e+03 3.665625512071810135e+03 1.303384827325378137e+04 0.000000000000000000e+00 1.453989636197005941e+00 2.400000000000000050e-02
1.122192490000000000e+08 1.000000000000000000e+00 6.500000000000000000e+01 5.537220000000000255e+03 3.665012512071809851e+03 1.303284827325378137e+04 0.000000000000000000e+00 1.286914162895248959e+00 6.099999999999999867e-02
1.122192480000000000e+08 1.000000000000000000e+00 6.600000000000000000e+01 5.553930000000000291e+03 3.663968512071809982e+03 1.303791827325378108e+04 0.000000000000000000e+00 2.078015738533623757e+00 6.099999999999999867e-02
1.122192470000000000e+08 1.000000000000000000e+00 6.600000000000000000e+01 5.554630000000000109e+03 3.664191512071809939e+03 1.303785827325378159e+04 0.000000000000000000e+00 1.843065367719761039e+00 9.199999999999999845e-02
1.122192440000000000e+08 0.000000000000000000e+00 6.500000000000000000e+01 5.557500000000000000e+03 3.666335512071810172e+03 1.303035827325378159e+04 0.000000000000000000e+00 3.745764910112807655e+00 9.199999999999999845e-02
1.122192420000000000e+08 1.000000000000000000e+00 6.500000000000000000e+01 5.559829999999999927e+03 3.664636512071809648e+03 1.302588827325378224e+04 0.000000000000000000e+00 2.386104551923839079e+00 4.169999999999999818e-01
1.122192420000000000e+08 1.000000000000000000e+00 6.500000000000000000e+01 5.562439999999999600e+03 3.664959512071809968e+03 1.302590827325378268e+04 0.000000000000000000e+00 1.028602929203838778e+00 4.169999999999999818e-01
1.122192420000000000e+08 1.000000000000000000e+00 6.500000000000000000e+01 5.567309999999999491e+03 3.660368512071809619e+03 1.302625827325378123e+04 0.000000000000000000e+00 6.066162132703932564e+00 9.199999999999999845e-02
1.122192420000000000e+08 1.000000000000000000e+00 6.500000000000000000e+01 5.567309999999999491e+03 3.660368512071809619e+03 1.302625827325378123e+04 0.000000000000000000e+00 6.066162132703932564e+00 7.308819999999999872e+00
1.122180610000000000e+08 1.000000000000000000e+00 6.600000000000000000e+01 5.532920000000000073e+03 3.643263512071810055e+03 1.302565827325378268e+04 0.000000000000000000e+00 6.827089940234190024e+00 7.880500000000000282e-01
1.122179780000000000e+08 1.000000000000000000e+00 6.500000000000000000e+01 5.521199999999999818e+03 3.661070512071809844e+03 1.302836827325378181e+04 0.000000000000000000e+00 3.727233620890599841e+00 1.000000000000000000e+01
1.122179780000000000e+08 1.000000000000000000e+00 6.500000000000000000e+01 5.521199999999999818e+03 3.661070512071809844e+03 1.302836827325378181e+04 0.000000000000000000e+00 3.727233620890599841e+00 2.549840000000000106e+00
1.140437340000000000e+08 1.000000000000000000e+00 6.600000000000000000e+01 4.120420000000000073e+03 3.791820232071809642e+03 1.344324727325378262e+04 0.000000000000000000e+00 1.422982524786925218e+00 9.199999999999999845e-02
1.140439050000000000e+08 0.000000000000000000e+00 6.600000000000000000e+01 4.120489999999999782e+03 3.795953312071810160e+03 1.343903527325378127e+04 0.000000000000000000e+00 2.336634417508053563e+00 9.199999999999999845e-02
1.140439050000000000e+08 0.000000000000000000e+00 6.600000000000000000e+01 4.120489999999999782e+03 3.796322762071810303e+03 1.343791727325378088e+04 0.000000000000000000e+00 1.308706387234050306e+00 2.400000000000000050e-02
1.140438990000000000e+08 1.000000000000000000e+00 6.600000000000000000e+01 4.103319999999999709e+03 3.786579212071810161e+03 1.344077427325378085e+04 0.000000000000000000e+00 2.674040221645786808e+00 6.099999999999999867e-02
1.140437490000000000e+08 1.000000000000000000e+00 6.500000000000000000e+01 4.100319999999999709e+03 3.775819512071809640e+03 1.344613327325378123e+04 0.000000000000000000e+00 2.420569689573113692e+00 6.099999999999999867e-02
1.140437490000000000e+08 1.000000000000000000e+00 6.500000000000000000e+01 4.099799999999999272e+03 3.775807012071809822e+03 1.344654427325378128e+04 0.000000000000000000e+00 2.448003673382421308e+00 6.099999999999999867e-02
1.140437490000000000e+08 1.000000000000000000e+00 6.500000000000000000e+01 4.099100000000000364e+03 3.774948312071810051e+03 1.344925327325378203e+04 0.000000000000000000e+00 4.375417686548803253e+00 9.199999999999999845e-02
1.140453100000000000e+08 1.000000000000000000e+00 6.600000000000000000e+01 4.104979999999999563e+03 3.773658912071809482e+03 1.344726927325378165e+04 0.000000000000000000e+00 2.568653597193176985e+00 4.169999999999999818e-01
1.140438980000000000e+08 0.000000000000000000e+00 6.600000000000000000e+01 4.104029999999999745e+03 3.777647212071809463e+03 1.344455627325378191e+04 0.000000000000000000e+00 4.636043775923480936e+00 9.199999999999999845e-02
1.140438980000000000e+08 0.000000000000000000e+00 6.600000000000000000e+01 4.103780000000000655e+03 3.778716312071810080e+03 1.344382927325378114e+04 0.000000000000000000e+00 3.581510723593895218e+00 6.099999999999999867e-02
1.140439000000000000e+08 0.000000000000000000e+00 6.500000000000000000e+01 4.107180000000000291e+03 3.784874012071809830e+03 1.343557327325378174e+04 0.000000000000000000e+00 1.668080762691223073e+00 2.400000000000000050e-02
1.140439000000000000e+08 0.000000000000000000e+00 6.500000000000000000e+01 4.107909999999999854e+03 3.784576512071810157e+03 1.343485827325378159e+04 0.000000000000000000e+00 1.091990354479667857e+00 2.400000000000000050e-02
1.140437140000000000e+08 1.000000000000000000e+00 6.500000000000000000e+01 4.111680000000000291e+03 3.753138012071809953e+03 1.343819127325378213e+04 0.000000000000000000e+00 2.091947383680559991e+00 9.199999999999999845e-02
1.140437100000000000e+08 1.000000000000000000e+00 6.600000000000000000e+01 4.110850000000000364e+03 3.741940412071809533e+03 1.343735527325378280e+04 0.000000000000000000e+00 5.636316800283768025e+00 9.199999999999999845e-02
1.140437100000000000e+08 1.000000000000000000e+00 6.600000000000000000e+01 4.113380000000000109e+03 3.745475512071809590e+03 1.343175127325378162e+04 0.000000000000000000e+00 2.834984727449106678e+00 2.400000000000000050e-02
1.140437100000000000e+08 1.000000000000000000e+00 6.600000000000000000e+01 4.113390000000000327e+03 3.745484912071809504e+03 1.343173627325378220e+04 0.000000000000000000e+00 2.848985937874410457e+00 2.400000000000000050e-02
1.140452280000000000e+08 1.000000000000000000e+00 6.500000000000000000e+01 4.125719999999999345e+03 3.763377712071810038e+03 1.342679027325378229e+04 0.000000000000000000e+00 1.802806012377778933e+00 4.169999999999999818e-01
1.140425980000000000e+08 1.000000000000000000e+00 6.500000000000000000e+01 4.126899999999999636e+03 3.776772112071810170e+03 1.343356927325378274e+04 0.000000000000000000e+00 9.091987660162927920e-01 6.099999999999999867e-02
1.140452320000000000e+08 1.000000000000000000e+00 6.600000000000000000e+01 4.135430000000000291e+03 3.777796212071809805e+03 1.342691427325378208e+04 0.000000000000000000e+00 3.321852269756882414e+00 6.099999999999999867e-02
1.140452320000000000e+08 1.000000000000000000e+00 6.600000000000000000e+01 4.135469999999999345e+03 3.777709312071809563e+03 1.342688727325378204e+04 0.000000000000000000e+00 3.245334142781136855e+00 2.400000000000000050e-02
1.140452320000000000e+08 1.000000000000000000e+00 6.600000000000000000e+01 4.140690000000000509e+03 3.773851512071809793e+03 1.341840427325378187e+04 0.000000000000000000e+00 2.539700631915667195e+00 2.039999999999999869e-01
1.140438160000000000e+08 1.000000000000000000e+00 6.500000000000000000e+01 4.139710000000000036e+03 3.774051812071810218e+03 1.340610027325378178e+04 0.000000000000000000e+00 3.919508254317423113e+00 9.199999999999999845e-02
1.140438130000000000e+08 1.000000000000000000e+00 6.600000000000000000e+01 4.139289999999999964e+03 3.770199812071809447e+03 1.340439827325378064e+04 0.000000000000000000e+00 5.519768773448675780e+00 9.199999999999999845e-02
1.140452300000000000e+08 1.000000000000000000e+00 6.600000000000000000e+01 4.138389999999999418e+03 3.768455412071809860e+03 1.340473927325378099e+04 0.000000000000000000e+00 4.911749763108859135e+00 6.099999999999999867e-02
1.140452300000000000e+08 1.000000000000000000e+00 6.600000000000000000e+01 4.137159999999999854e+03 3.767146412071809664e+03 1.340409327325378217e+04 0.000000000000000000e+00 5.618007234554230678e+00 4.169999999999999818e-01
1.140438160000000000e+08 1.000000000000000000e+00 6.500000000000000000e+01 4.138829999999999927e+03 3.772357812071809803e+03 1.340791627325378067e+04 0.000000000000000000e+00 3.917502331092088230e+00 4.169999999999999818e-01
1.140438150000000000e+08 0.000000000000000000e+00 6.600000000000000000e+01 4.142729999999999563e+03 3.777099112071809486e+03 1.340936327325378079e+04 0.000000000000000000e+00 3.191443941640642823e+00 9.199999999999999845e-02
1.140438150000000000e+08 1.000000000000000000e+00 6.600000000000000000e+01 4.150220000000000255e+03 3.779706512071810266e+03 1.341051627325378286e+04 0.000000000000000000e+00 1.022644564636874254e+00 8.349999999999999645e-01
1.140438150000000000e+08 1.000000000000000000e+00 6.600000000000000000e+01 4.150220000000000255e+03 3.779706512071810266e+03 1.341051627325378286e+04 0.000000000000000000e+00 1.022644564636874254e+00 6.811829999999999607e+00
1.178048800000000000e+08 1.000000000000000000e+00 6.500000000000000000e+01 3.143190000000000509e+03 3.863709812071809665e+03 1.371701327325378224e+04 0.000000000000000000e+00 9.963580364850598059e+00 6.099999999999999867e-02
1.178048800000000000e+08 0.000000000000000000e+00 6.600000000000000000e+01 3.134900000000000546e+03 3.859033212071809885e+03 1.373110327325378239e+04 0.000000000000000000e+00 1.228017493482009392e+00 6.099999999999999867e-02
1.178048800000000000e+08 0.000000000000000000e+00 6.600000000000000000e+01 3.134900000000000546e+03 3.859053212071810322e+03 1.373112427325378303e+04 0.000000000000000000e+00 1.215812207467920736e+00 9.199999999999999845e-02
1.178036040000000000e+08 1.000000000000000000e+00 6.600000000000000000e+01 3.132529999999999745e+03 3.862853312071809796e+03 1.373588827325378224e+04 0.000000000000000000e+00 2.712740494873083996e+00 9.199999999999999845e-02
1.178048800000000000e+08 1.000000000000000000e+00 6.500000000000000000e+01 3.143760000000000218e+03 3.855878212071810140e+03 1.372978127325378227e+04 0.000000000000000000e+00 2.410121814883835256e+00 2.400000000000000050e-02
1.178048790000000000e+08 1.000000000000000000e+00 6.500000000000000000e+01 3.137850000000000364e+03 3.854332712071809965e+03 1.372905527325378171e+04 0.000000000000000000e+00 4.011493935065000294e-01 9.199999999999999845e-02
1.178048760000000000e+08 1.000000000000000000e+00 6.500000000000000000e+01 3.126369999999999891e+03 3.841175312071809913e+03 1.373406427325378172e+04 0.000000000000000000e+00 5.105023661300227111e+00 9.199999999999999845e-02
1.178048770000000000e+08 1.000000000000000000e+00 6.500000000000000000e+01 3.130909999999999854e+03 3.841335812071809869e+03 1.373095027325378214e+04 0.000000000000000000e+00 4.025053706924230035e+00 2.400000000000000050e-02
1.178048770000000000e+08 1.000000000000000000e+00 6.500000000000000000e+01 3.130840000000000146e+03 3.849041712071809798e+03 1.373398827325378079e+04 0.000000000000000000e+00 1.786638505604076999e+00 6.099999999999999867e-02
1.178048770000000000e+08 1.000000000000000000e+00 6.500000000000000000e+01 3.128259999999999309e+03 3.848794412071809802e+03 1.373058427325378216e+04 0.000000000000000000e+00 1.557965020618652163e+00 4.169999999999999818e-01
1.178048800000000000e+08 0.000000000000000000e+00 6.500000000000000000e+01 3.136650000000000546e+03 3.855741812071809818e+03 1.373053027325378207e+04 0.000000000000000000e+00 1.534683344205957978e+00 2.400000000000000050e-02
1.178048760000000000e+08 1.000000000000000000e+00 6.600000000000000000e+01 3.148670000000000073e+03 3.846151812071809672e+03 1.373845927325378216e+04 0.000000000000000000e+00 4.351927428553332255e+00 9.199999999999999845e-02
1.178048800000000000e+08 1.000000000000000000e+00 6.500000000000000000e+01 3.147510000000000218e+03 3.856426612071809814e+03 1.373085227325378219e+04 0.000000000000000000e+00 4.091511664958853878e+00 9.199999999999999845e-02
1.178048790000000000e+08 0.000000000000000000e+00 6.500000000000000000e+01 3.133739999999999782e+03 3.851957812071810167e+03 1.372939527325378185e+04 0.000000000000000000e+00 1.396221236524148868e+00 4.169999999999999818e-01
1.178048780000000000e+08 1.000000000000000000e+00 6.500000000000000000e+01 3.136079999999999927e+03 3.849115912071809817e+03 1.372885727325378139e+04 0.000000000000000000e+00 1.864049551473192956e+00 8.349999999999999645e-01
1.178048790000000000e+08 1.000000000000000000e+00 6.500000000000000000e+01 3.135970000000000255e+03 3.849500312071809731e+03 1.372623427325378179e+04 0.000000000000000000e+00 2.216350744551101926e+00 9.199999999999999845e-02
1.178048810000000000e+08 0.000000000000000000e+00 6.500000000000000000e+01 3.134529999999999745e+03 3.857426812071810218e+03 1.372614827325378064e+04 0.000000000000000000e+00 1.694940928213571452e+00 2.400000000000000050e-02
1.178048830000000000e+08 1.000000000000000000e+00 6.500000000000000000e+01 3.137220000000000255e+03 3.869697912071810151e+03 1.373444527325378294e+04 0.000000000000000000e+00 2.029012348274723099e+00 2.400000000000000050e-02
1.178048830000000000e+08 1.000000000000000000e+00 6.500000000000000000e+01 3.137529999999999745e+03 3.869922612071809908e+03 1.373423227325378139e+04 0.000000000000000000e+00 1.834815935838184142e+00 9.199999999999999845e-02
1.178048800000000000e+08 1.000000000000000000e+00 6.600000000000000000e+01 3.136970000000000255e+03 3.863555012071810324e+03 1.373677227325378226e+04 0.000000000000000000e+00 1.731905272329746337e+00 2.400000000000000050e-02
1.178048820000000000e+08 0.000000000000000000e+00 6.500000000000000000e+01 3.136720000000000255e+03 3.865334412071809766e+03 1.373109727325378117e+04 0.000000000000000000e+00 2.130988767027540476e+00 2.400000000000000050e-02
1.178048810000000000e+08 0.000000000000000000e+00 6.600000000000000000e+01 3.134140000000000327e+03 3.863201512071810157e+03 1.373297727325378219e+04 0.000000000000000000e+00 3.175038308515122143e+00 2.400000000000000050e-02
1.178036040000000000e+08 0.000000000000000000e+00 6.600000000000000000e+01 3.125750000000000000e+03 3.859186112071809930e+03 1.373552627325378126e+04 0.000000000000000000e+00 2.400740048085530542e+00 9.199999999999999845e-02
1.178036000000000000e+08 0.000000000000000000e+00 6.500000000000000000e+01 3.119680000000000291e+03 3.860032412071810086e+03 1.374555727325378211e+04 0.000000000000000000e+00 1.274717226160186456e+00 9.199999999999999845e-02
1.178035970000000000e+08 0.000000000000000000e+00 6.500000000000000000e+01 3.118760000000000218e+03 3.859562912071809933e+03 1.375656127325378111e+04 0.000000000000000000e+00 1.385635638529445490e+00 9.199999999999999845e-02
1.178035980000000000e+08 0.000000000000000000e+00 6.600000000000000000e+01 3.118380000000000109e+03 3.856786712071809688e+03 1.375495127325378053e+04 0.000000000000000000e+00 1.402521385535876686e+00 2.400000000000000050e-02
1.178035970000000000e+08 0.000000000000000000e+00 6.600000000000000000e+01 3.113229999999999563e+03 3.858235112071809908e+03 1.375208527325378236e+04 0.000000000000000000e+00 1.115381450515044559e+00 9.199999999999999845e-02
1.178035970000000000e+08 1.000000000000000000e+00 6.600000000000000000e+01 3.113609999999999673e+03 3.861027012071810077e+03 1.375093927325378172e+04 0.000000000000000000e+00 1.481183905372149834e+00 2.400000000000000050e-02
1.178035980000000000e+08 1.000000000000000000e+00 6.600000000000000000e+01 3.111520000000000437e+03 3.860476312071810298e+03 1.375091727325378088e+04 0.000000000000000000e+00 1.698903467210068241e+00 2.039999999999999869e-01
1.178035970000000000e+08 1.000000000000000000e+00 6.600000000000000000e+01 3.107310000000000400e+03 3.861632212071810045e+03 1.374796727325378197e+04 0.000000000000000000e+00 2.979921046748507329e+00 4.169999999999999818e-01
1.178035970000000000e+08 1.000000000000000000e+00 6.600000000000000000e+01 3.107310000000000400e+03 3.861632212071810045e+03 1.374796727325378197e+04 0.000000000000000000e+00 2.979921046748507329e+00 7.098969999999999558e+00
1.178048820000000000e+08 1.000000000000000000e+00 6.500000000000000000e+01 3.142529999999999745e+03 3.867315512071809735e+03 1.373459527325378076e+04 0.000000000000000000e+00 1.017684665601440663e+00 1.339000000000000057e+01
1.178048860000000000e+08 0.000000000000000000e+00 6.600000000000000000e+01 3.129369999999999891e+03 3.872962012071809568e+03 1.371658727325378277e+04 0.000000000000000000e+00 1.242767877614449068e+00 9.199999999999999845e-02
1.178048870000000000e+08 1.000000000000000000e+00 6.600000000000000000e+01 3.135789999999999964e+03 3.878818812071810044e+03 1.372053027325378207e+04 0.000000000000000000e+00 9.076622680643657848e-01 2.039999999999999869e-01
1.178048930000000000e+08 1.000000000000000000e+00 6.500000000000000000e+01 3.114900000000000546e+03 3.894695812071809542e+03 1.371509027325378156e+04 0.000000000000000000e+00 3.131351585688323613e+00 6.099999999999999867e-02
1.178048930000000000e+08 1.000000000000000000e+00 6.500000000000000000e+01 3.115559999999999491e+03 3.894694712071810045e+03 1.371450727325378102e+04 0.000000000000000000e+00 3.255807421014520919e+00 6.099999999999999867e-02
1.178035960000000000e+08 1.000000000000000000e+00 6.600000000000000000e+01 3.108750000000000000e+03 3.873835412071809969e+03 1.374799927325378303e+04 0.000000000000000000e+00 7.512857302360202993e+00 2.400000000000000050e-02
1.178035860000000000e+08 1.000000000000000000e+00 6.600000000000000000e+01 3.103029999999999745e+03 3.879467712071810183e+03 1.376289027325378265e+04 0.000000000000000000e+00 4.499642751330238610e+00 2.400000000000000050e-02
1.178035850000000000e+08 1.000000000000000000e+00 6.600000000000000000e+01 3.103430000000000291e+03 3.884897112071810170e+03 1.376649627325378242e+04 0.000000000000000000e+00 3.358645541635637333e+00 4.169999999999999818e-01
1.178035850000000000e+08 1.000000000000000000e+00 6.600000000000000000e+01 3.097369999999999891e+03 3.886213812071809571e+03 1.376684127325378176e+04 0.000000000000000000e+00 1.168752484838744943e+00 2.400000000000000050e-02
1.178035850000000000e+08 0.000000000000000000e+00 6.600000000000000000e+01 3.095710000000000036e+03 3.880211112071809566e+03 1.376355627325378191e+04 0.000000000000000000e+00 1.626518700342236112e+00 9.199999999999999845e-02
1.178035860000000000e+08 1.000000000000000000e+00 6.600000000000000000e+01 3.095640000000000327e+03 3.877997712071809929e+03 1.375576727325378306e+04 0.000000000000000000e+00 5.364624392557270305e+00 9.199999999999999845e-02
1.178035860000000000e+08 1.000000000000000000e+00 6.600000000000000000e+01 3.090550000000000182e+03 3.881198312071810051e+03 1.375786527325378120e+04 0.000000000000000000e+00 3.043385831629796812e+00 2.400000000000000050e-02
1.178035800000000000e+08 1.000000000000000000e+00 6.500000000000000000e+01 3.082810000000000400e+03 3.890550312071809913e+03 1.375854527325378149e+04 0.000000000000000000e+00 2.544841937491077566e+00 2.039999999999999869e-01
1.178035790000000000e+08 1.000000000000000000e+00 6.500000000000000000e+01 3.083150000000000546e+03 3.890981712071810307e+03 1.375490627325378227e+04 0.000000000000000000e+00 4.831567039644962591e+00 9.199999999999999845e-02
1.178049130000000000e+08 1.000000000000000000e+00 6.500000000000000000e+01 3.082360000000000582e+03 3.891569312071810145e+03 1.375278627325378147e+04 0.000000000000000000e+00 6.014671498881140721e+00 6.099999999999999867e-02
1.178035000000000000e+08 1.000000000000000000e+00 6.600000000000000000e+01 3.079840000000000146e+03 3.893689012071810339e+03 1.375161827325378181e+04 0.000000000000000000e+00 5.357476004776292378e+00 4.169999999999999818e-01
1.178035000000000000e+08 1.000000000000000000e+00 6.600000000000000000e+01 3.080059999999999491e+03 3.894335412071809969e+03 1.375090027325378105e+04 0.000000000000000000e+00 5.444387939499241824e+00 4.600000000000000200e-01
1.178035000000000000e+08 1.000000000000000000e+00 6.600000000000000000e+01 3.080430000000000291e+03 3.893944812071810247e+03 1.375148927325378099e+04 0.000000000000000000e+00 5.532846943321559685e+00 4.169999999999999818e-01
1.178035000000000000e+08 1.000000000000000000e+00 6.600000000000000000e+01 3.080090000000000146e+03 3.896199812071809447e+03 1.375237827325378203e+04 0.000000000000000000e+00 3.586351291675873298e+00 4.169999999999999818e-01
1.178035010000000000e+08 1.000000000000000000e+00 6.600000000000000000e+01 3.078909999999999854e+03 3.899177812071809512e+03 1.375175627325378082e+04 0.000000000000000000e+00 2.728849021892232773e+00 9.199999999999999845e-02
1.178035000000000000e+08 1.000000000000000000e+00 6.600000000000000000e+01 3.079590000000000146e+03 3.895670512071810208e+03 1.375835827325378159e+04 0.000000000000000000e+00 2.124530957231283601e+00 2.400000000000000050e-02
1.178035800000000000e+08 1.000000000000000000e+00 6.500000000000000000e+01 3.085439999999999600e+03 3.889006812071810145e+03 1.375716927325378128e+04 0.000000000000000000e+00 2.458025768118301535e+00 4.169999999999999818e-01
1.178035800000000000e+08 1.000000000000000000e+00 6.500000000000000000e+01 3.085439999999999600e+03 3.889006812071810145e+03 1.375716927325378128e+04 0.000000000000000000e+00 2.458025768118301535e+00 7.109860000000000291e+00
1.178048820000000000e+08 1.000000000000000000e+00 6.500000000000000000e+01 3.140670000000000073e+03 3.867822512071810252e+03 1.373478427325378289e+04 0.000000000000000000e+00 1.799663693400785691e+00 1.016750000000000043e+01
1.178039460000000000e+08 1.000000000000000000e+00 6.500000000000000000e+01 3.008440000000000509e+03 3.872043612071810003e+03 1.377482927325378114e+04 0.000000000000000000e+00 6.072956958519647230e+00 1.124000000000000021e+01
1.178039570000000000e+08 1.000000000000000000e+00 6.500000000000000000e+01 3.021690000000000509e+03 3.888640112071809654e+03 1.377256227325378131e+04 0.000000000000000000e+00 8.983477507943900875e+00 6.099999999999999867e-02
1.178039570000000000e+08 1.000000000000000000e+00 6.500000000000000000e+01 3.023270000000000437e+03 3.883660412071809787e+03 1.377538227325378102e+04 0.000000000000000000e+00 7.176144361634654523e+00 2.400000000000000050e-02
1.178039560000000000e+08 1.000000000000000000e+00 6.500000000000000000e+01 3.024179999999999382e+03 3.881172712071810111e+03 1.377748827325378079e+04 0.000000000000000000e+00 6.116350489220887532e+00 9.199999999999999845e-02
1.178039520000000000e+08 1.000000000000000000e+00 6.600000000000000000e+01 3.022730000000000473e+03 3.876870612071810228e+03 1.377517727325378291e+04 0.000000000000000000e+00 5.250896663703936262e+00 4.169999999999999818e-01
1.178039520000000000e+08 1.000000000000000000e+00 6.600000000000000000e+01 3.021520000000000437e+03 3.874045812071809905e+03 1.377805627325378191e+04 0.000000000000000000e+00 3.735940016551280163e+00 6.099999999999999867e-02
1.178039500000000000e+08 1.000000000000000000e+00 6.600000000000000000e+01 3.019809999999999491e+03 3.873688012071810135e+03 1.378048727325378059e+04 0.000000000000000000e+00 4.895224962822661396e+00 9.199999999999999845e-02
1.178039480000000000e+08 1.000000000000000000e+00 6.600000000000000000e+01 3.025529999999999745e+03 3.858725112071809690e+03 1.379232527325378214e+04 0.000000000000000000e+00 1.420394401734169421e+00 9.199999999999999845e-02
1.178033900000000000e+08 0.000000000000000000e+00 6.500000000000000000e+01 3.030590000000000146e+03 3.858874512071809932e+03 1.378527127325378206e+04 0.000000000000000000e+00 2.362741959214365473e+00 2.400000000000000050e-02
1.178039500000000000e+08 1.000000000000000000e+00 6.500000000000000000e+01 3.030470000000000255e+03 3.856422812071810313e+03 1.377496427325378136e+04 0.000000000000000000e+00 2.378454368055869850e+00 9.199999999999999845e-02
1.178033860000000000e+08 0.000000000000000000e+00 6.500000000000000000e+01 3.019829999999999927e+03 3.850247212071809827e+03 1.377544527325378294e+04 0.000000000000000000e+00 7.038659447271989889e-01 9.199999999999999845e-02
1.178033870000000000e+08 0.000000000000000000e+00 6.500000000000000000e+01 3.025710000000000036e+03 3.850741312071809716e+03 1.377762627325378162e+04 0.000000000000000000e+00 6.312853803250971785e-01 2.400000000000000050e-02
1.178033880000000000e+08 1.000000000000000000e+00 6.600000000000000000e+01 3.016439999999999600e+03 3.856471212071809987e+03 1.378214127325378286e+04 0.000000000000000000e+00 1.353100708420558851e+00 4.169999999999999818e-01
1.178039440000000000e+08 1.000000000000000000e+00 6.500000000000000000e+01 3.010119999999999891e+03 3.861120712071809521e+03 1.378738227325378102e+04 0.000000000000000000e+00 3.226688968128123669e+00 9.199999999999999845e-02
1.178039430000000000e+08 1.000000000000000000e+00 6.500000000000000000e+01 3.011350000000000364e+03 3.857270312071810167e+03 1.378730927325378070e+04 0.000000000000000000e+00 1.479292322299370133e+00 6.099999999999999867e-02
1.178039410000000000e+08 1.000000000000000000e+00 6.500000000000000000e+01 2.995039999999999964e+03 3.852104412071810202e+03 1.378298927325378099e+04 0.000000000000000000e+00 4.855659551118040262e+00 2.039999999999999869e-01
1.178039380000000000e+08 1.000000000000000000e+00 6.600000000000000000e+01 2.987359999999999673e+03 3.848247712071809929e+03 1.378418927325378172e+04 0.000000000000000000e+00 7.176662728248369483e+00 4.169999999999999818e-01
1.178039370000000000e+08 1.000000000000000000e+00 6.600000000000000000e+01 2.986170000000000073e+03 3.849508512071809946e+03 1.378287227325378262e+04 0.000000000000000000e+00 5.814738622520200906e+00 9.199999999999999845e-02
1.178039370000000000e+08 1.000000000000000000e+00 6.600000000000000000e+01 2.987159999999999854e+03 3.856257912071809642e+03 1.378333827325378297e+04 0.000000000000000000e+00 2.469178995042120572e+00 6.099999999999999867e-02
1.178039380000000000e+08 1.000000000000000000e+00 6.600000000000000000e+01 2.994680000000000291e+03 3.862909212071810089e+03 1.378949327325378181e+04 0.000000000000000000e+00 6.966772501474251200e+00 9.199999999999999845e-02
1.178039440000000000e+08 1.000000000000000000e+00 6.500000000000000000e+01 3.004039999999999964e+03 3.868260512071809444e+03 1.378294427325378274e+04 0.000000000000000000e+00 7.652942620107365812e+00 9.199999999999999845e-02
1.178039440000000000e+08 1.000000000000000000e+00 6.500000000000000000e+01 3.008050000000000182e+03 3.865131412071810246e+03 1.378854727325378190e+04 0.000000000000000000e+00 6.937030920606108708e+00 2.400000000000000050e-02
1.178039440000000000e+08 1.000000000000000000e+00 6.500000000000000000e+01 3.016310000000000400e+03 3.859121512071810230e+03 1.378748927325378099e+04 0.000000000000000000e+00 2.694004197136641743e+00 9.199999999999999845e-02
1.178039480000000000e+08 1.000000000000000000e+00 6.600000000000000000e+01 3.026130000000000109e+03 3.856879112071810141e+03 1.378612927325378223e+04 0.000000000000000000e+00 1.033773658956694597e+00 4.169999999999999818e-01
1.178033900000000000e+08 0.000000000000000000e+00 6.500000000000000000e+01 3.028699999999999818e+03 3.855730712071810103e+03 1.378536427325378099e+04 0.000000000000000000e+00 2.852707629389263033e+00 2.400000000000000050e-02
1.178039480000000000e+08 1.000000000000000000e+00 6.600000000000000000e+01 3.027539999999999964e+03 3.857031612071810287e+03 1.378537127325378242e+04 0.000000000000000000e+00 2.397124101318309553e+00 2.039999999999999869e-01
1.178039480000000000e+08 0.000000000000000000e+00 6.600000000000000000e+01 3.020829999999999927e+03 3.860833212071810067e+03 1.378594327325378254e+04 0.000000000000000000e+00 2.166369167281151142e+00 9.199999999999999845e-02
1.178039490000000000e+08 1.000000000000000000e+00 6.600000000000000000e+01 3.019189999999999600e+03 3.871844712071809681e+03 1.379237027325378222e+04 0.000000000000000000e+00 9.561915106113797691e+00 2.400000000000000050e-02
1.178039500000000000e+08 1.000000000000000000e+00 6.600000000000000000e+01 3.016890000000000327e+03 3.872956712071809761e+03 1.378683227325378175e+04 0.000000000000000000e+00 7.161131007995311215e+00 9.199999999999999845e-02
1.178039500000000000e+08 1.000000000000000000e+00 6.600000000000000000e+01 3.017199999999999818e+03 3.874609912071809504e+03 1.378907127325378315e+04 0.000000000000000000e+00 9.696537838752309568e+00 2.039999999999999869e-01
1.178040160000000000e+08 1.000000000000000000e+00 6.500000000000000000e+01 3.009859999999999673e+03 3.869684512071810332e+03 1.379911127325378220e+04 0.000000000000000000e+00 7.172062883670031752e+00 9.199999999999999845e-02
1.178039430000000000e+08 1.000000000000000000e+00 6.500000000000000000e+01 3.015059999999999491e+03 3.854948312071810051e+03 1.379153527325378309e+04 0.000000000000000000e+00 2.733993427725183167e+00 2.400000000000000050e-02
1.178040310000000000e+08 1.000000000000000000e+00 6.600000000000000000e+01 3.017489999999999782e+03 3.847842212071810081e+03 1.379091527325378047e+04 0.000000000000000000e+00 2.901741392003556186e+00 9.199999999999999845e-02
1.178040310000000000e+08 1.000000000000000000e+00 6.600000000000000000e+01 3.017409999999999854e+03 3.846334612071810170e+03 1.379057527325378214e+04 0.000000000000000000e+00 1.510635870941482661e+00 4.169999999999999818e-01
1.178050750000000000e+08 0.000000000000000000e+00 6.600000000000000000e+01 3.014649999999999636e+03 3.833249712071810336e+03 1.379036227325378059e+04 0.000000000000000000e+00 2.051130104404356391e+00 8.349999999999999645e-01
1.178050750000000000e+08 0.000000000000000000e+00 6.600000000000000000e+01 3.014649999999999636e+03 3.833249712071810336e+03 1.379036227325378059e+04 0.000000000000000000e+00 2.051130104404356391e+00 6.917869999999999742e+00
1.193213490000000000e+08 0.000000000000000000e+00 6.600000000000000000e+01 1.315740999999999985e+04 3.003575120718096514e+02 1.409472687325378138e+04 1.000000000000000000e+00 9.288551129175999233e-01 1.200000000000000000e+02
1.239759410000000000e+08 1.000000000000000000e+00 6.600000000000000000e+01 1.038375000000000000e+04 1.199247512071809524e+03 1.446251527325378265e+04 1.000000000000000000e+00 7.613312305946864367e-01 1.200000000000000000e+02
