4.633281000000000000e+06 0.000000000000000000e+00 6.500000000000000000e+01 2.030801834172285453e+03 3.649158222289003334e+03 3.630900000000001455e+02 1.000000000000000000e+00 2.520333821326508073e+00 1.610000000000000000e+02
1.029200800000000000e+07 0.000000000000000000e+00 6.500000000000000000e+01 1.994685434172285568e+03 3.398452822289003507e+03 1.063900000000000546e+03 1.000000000000000000e+00 2.551618747015887756e+00 1.610000000000000000e+02
1.592337500000000000e+07 1.000000000000000000e+00 6.500000000000000000e+01 2.239810334172285366e+03 2.807791822289003449e+03 1.704990000000000691e+03 1.000000000000000000e+00 7.464186231154766871e-01 1.610000000000000000e+02
1.592337300000000000e+07 0.000000000000000000e+00 6.600000000000000000e+01 2.250758334172284776e+03 2.797290822289003245e+03 1.706440000000000509e+03 1.000000000000000000e+00 2.834964480708633605e+00 1.610000000000000000e+02
1.592337200000000000e+07 0.000000000000000000e+00 6.500000000000000000e+01 2.251565334172285475e+03 2.803069822289003696e+03 1.708560000000000400e+03 1.000000000000000000e+00 1.002030099426161280e+00 1.610000000000000000e+02
1.029203200000000000e+07 0.000000000000000000e+00 6.600000000000000000e+01 2.011363334172285249e+03 3.446288822289003747e+03 1.012969999999999345e+03 1.000000000000000000e+00 2.878161160359256510e+00 1.610000000000000000e+02
4.633283000000000000e+06 0.000000000000000000e+00 6.500000000000000000e+01 2.037635134172284779e+03 3.647435322289003579e+03 3.512999999999992724e+02 1.000000000000000000e+00 2.786017235135457515e+00 1.610000000000000000e+02
1.592337300000000000e+07 0.000000000000000000e+00 6.500000000000000000e+01 2.256120334172284856e+03 2.800985822289003863e+03 1.702720000000000255e+03 1.000000000000000000e+00 2.303769777788797324e+00 1.610000000000000000e+02
1.029201300000000000e+07 0.000000000000000000e+00 6.600000000000000000e+01 1.983817334172284973e+03 3.403064822289003587e+03 1.056890000000000327e+03 1.000000000000000000e+00 2.891393472491151861e+00 1.610000000000000000e+02
1.592336900000000000e+07 1.000000000000000000e+00 6.600000000000000000e+01 2.263420334172285038e+03 2.806571822289004103e+03 1.714050000000000182e+03 1.000000000000000000e+00 8.231062155211670284e-01 1.610000000000000000e+02
1.029202700000000000e+07 0.000000000000000000e+00 6.500000000000000000e+01 1.996751834172285271e+03 3.437150822289003827e+03 1.023569999999999709e+03 1.000000000000000000e+00 2.021088514872920516e+00 1.610000000000000000e+02
1.029200000000000000e+07 1.000000000000000000e+00 6.500000000000000000e+01 2.005547134172285041e+03 3.389494822289003878e+03 1.086989999999999782e+03 1.000000000000000000e+00 5.845936165500799087e-01 1.610000000000000000e+02
