3.674353100000000000e+07 1.000000000000000000e+00 6.600000000000000000e+01 1.334166123736617010e+04 1.308026424309183676e+04 4.059759999999999764e+03 0.000000000000000000e+00 7.591933470306194920e+00 1.124000000000000021e+01
3.674353100000000000e+07 1.000000000000000000e+00 6.600000000000000000e+01 1.333587723736617045e+04 1.308678904309183781e+04 4.061960000000000036e+03 0.000000000000000000e+00 2.884143445969717945e+00 1.339000000000000057e+01
3.674353000000000000e+07 0.000000000000000000e+00 6.500000000000000000e+01 1.333232823736617138e+04 1.309569924309183625e+04 4.063919999999999618e+03 0.000000000000000000e+00 1.786026962428916454e+00 1.078999999999999915e+01
3.674353000000000000e+07 1.000000000000000000e+00 6.500000000000000000e+01 1.333099523736617084e+04 1.309793904309183563e+04 4.064810000000000400e+03 0.000000000000000000e+00 2.193123027606268760e+00 3.229999999999999716e+01
3.674225300000000000e+07 1.000000000000000000e+00 6.500000000000000000e+01 1.332673323736617021e+04 1.310695634309183697e+04 4.070980000000000018e+03 0.000000000000000000e+00 7.592268065626795348e+00 1.339000000000000057e+01
3.674225300000000000e+07 1.000000000000000000e+00 6.500000000000000000e+01 1.332602723736617190e+04 1.310753864309183700e+04 4.071480000000000018e+03 0.000000000000000000e+00 6.792488464035646878e+00 1.339000000000000057e+01
3.674225700000000000e+07 0.000000000000000000e+00 6.600000000000000000e+01 1.331971323736616978e+04 1.310901414309183747e+04 4.063180000000000291e+03 0.000000000000000000e+00 1.879470787260253184e+00 1.605000000000000071e+01
3.674225800000000000e+07 1.000000000000000000e+00 6.600000000000000000e+01 1.332302523736617150e+04 1.310683244309183647e+04 4.060439999999999600e+03 0.000000000000000000e+00 1.143260914202441692e+00 6.099999999999999867e-02
3.674225700000000000e+07 0.000000000000000000e+00 6.600000000000000000e+01 1.331797923736617122e+04 1.311195934309183576e+04 4.060260000000000218e+03 0.000000000000000000e+00 1.947300561324992296e+00 6.099999999999999867e-02
3.674225600000000000e+07 0.000000000000000000e+00 6.500000000000000000e+01 1.331538023736617106e+04 1.311346664309183689e+04 4.062199999999999818e+03 0.000000000000000000e+00 7.342431089493296481e-01 9.199999999999999845e-02
3.674225700000000000e+07 1.000000000000000000e+00 6.500000000000000000e+01 1.330395223736617118e+04 1.312357285309183681e+04 4.054630000000000109e+03 0.000000000000000000e+00 7.705217672369932380e+00 9.199999999999999845e-02
3.674226700000000000e+07 1.000000000000000000e+00 6.500000000000000000e+01 1.330093823736617196e+04 1.312428863309183726e+04 4.033580000000000382e+03 0.000000000000000000e+00 9.570778170834723042e+00 2.039999999999999869e-01
3.674225900000000000e+07 0.000000000000000000e+00 6.500000000000000000e+01 1.331044523736616975e+04 1.311338124309183695e+04 4.050799999999999727e+03 0.000000000000000000e+00 2.998275776773774215e+00 9.199999999999999845e-02
3.674225900000000000e+07 0.000000000000000000e+00 6.500000000000000000e+01 1.331046823736617080e+04 1.311333704309183668e+04 4.050799999999999727e+03 0.000000000000000000e+00 2.960609758666527203e+00 9.199999999999999845e-02
3.674226000000000000e+07 0.000000000000000000e+00 6.600000000000000000e+01 1.331518023736617033e+04 1.310440564309183537e+04 4.051410000000000309e+03 0.000000000000000000e+00 4.053382070050667529e+00 6.099999999999999867e-02
3.674226100000000000e+07 0.000000000000000000e+00 6.500000000000000000e+01 1.330794423736617136e+04 1.310833904309183708e+04 4.046019999999999982e+03 0.000000000000000000e+00 1.120734392279934655e+00 4.169999999999999818e-01
3.674226200000000000e+07 0.000000000000000000e+00 6.600000000000000000e+01 1.330439423736617027e+04 1.311199724309183694e+04 4.043980000000000473e+03 0.000000000000000000e+00 2.472598547208391562e+00 9.199999999999999845e-02
3.674226400000000000e+07 1.000000000000000000e+00 6.500000000000000000e+01 1.331273123736616981e+04 1.311314284309183677e+04 4.037749999999999545e+03 0.000000000000000000e+00 4.122617177633995489e+00 9.199999999999999845e-02
3.674226400000000000e+07 1.000000000000000000e+00 6.500000000000000000e+01 1.331283823736616978e+04 1.311085364309183569e+04 4.036480000000000018e+03 0.000000000000000000e+00 2.077301085343450815e+00 2.400000000000000050e-02
3.674354000000000000e+07 1.000000000000000000e+00 6.600000000000000000e+01 1.333384023736617019e+04 1.310562784309183553e+04 4.022920000000000073e+03 0.000000000000000000e+00 9.152651411242047175e+00 6.099999999999999867e-02
3.674225700000000000e+07 0.000000000000000000e+00 6.600000000000000000e+01 1.331971323736616978e+04 1.310901414309183747e+04 4.063180000000000291e+03 0.000000000000000000e+00 1.879470787260253184e+00 7.091319999999999624e+00
3.674225400000000000e+07 1.000000000000000000e+00 6.500000000000000000e+01 1.332603023736617070e+04 1.310798504309183772e+04 4.069930000000000291e+03 0.000000000000000000e+00 7.112570462008155125e+00 6.099999999999999867e-02
3.674225500000000000e+07 1.000000000000000000e+00 6.500000000000000000e+01 1.333099723736617125e+04 1.312343677309183659e+04 4.065050000000000182e+03 0.000000000000000000e+00 7.335333363398969020e+00 1.078999999999999915e+01
3.674225500000000000e+07 1.000000000000000000e+00 6.500000000000000000e+01 1.333121123736617119e+04 1.312390407309183684e+04 4.064570000000000164e+03 0.000000000000000000e+00 7.790922674917805324e+00 9.199999999999999845e-02
3.674225000000000000e+07 1.000000000000000000e+00 6.600000000000000000e+01 1.332977123736617068e+04 1.313072541309183725e+04 4.073300000000000182e+03 0.000000000000000000e+00 8.602014241837894204e+00 9.199999999999999845e-02
3.674225000000000000e+07 1.000000000000000000e+00 6.600000000000000000e+01 1.332827323736617109e+04 1.313508266309183637e+04 4.074360000000000127e+03 0.000000000000000000e+00 8.622176999983512502e+00 2.039999999999999869e-01
3.674225000000000000e+07 1.000000000000000000e+00 6.600000000000000000e+01 1.332640123736617170e+04 1.313472695309183655e+04 4.072750000000000000e+03 0.000000000000000000e+00 8.625313762838615617e+00 6.099999999999999867e-02
3.674355200000000000e+07 0.000000000000000000e+00 6.600000000000000000e+01 1.331724323736617225e+04 1.315112554309183543e+04 4.018299999999999727e+03 0.000000000000000000e+00 1.681641255224771037e+00 6.099999999999999867e-02
3.674354700000000000e+07 1.000000000000000000e+00 6.500000000000000000e+01 1.333675423736617086e+04 1.313914034309183626e+04 4.019779999999999745e+03 0.000000000000000000e+00 2.653637102828708016e+00 9.199999999999999845e-02
3.674354600000000000e+07 1.000000000000000000e+00 6.500000000000000000e+01 1.333536023736617062e+04 1.313707412309183565e+04 4.015900000000000091e+03 0.000000000000000000e+00 3.978996835169002821e+00 2.400000000000000050e-02
3.674354600000000000e+07 1.000000000000000000e+00 6.500000000000000000e+01 1.333106623736617075e+04 1.313723371309183676e+04 4.017609999999999673e+03 0.000000000000000000e+00 9.534100057289399688e-01 9.199999999999999845e-02
3.674354500000000000e+07 0.000000000000000000e+00 6.500000000000000000e+01 1.332539723736617088e+04 1.313278873309183655e+04 4.021490000000000236e+03 0.000000000000000000e+00 2.132816325016764214e+00 1.078999999999999915e+01
3.674354500000000000e+07 0.000000000000000000e+00 6.500000000000000000e+01 1.332539723736617088e+04 1.313278873309183655e+04 4.021490000000000236e+03 0.000000000000000000e+00 2.132816325016764214e+00 2.201010000000000133e+00
3.674354500000000000e+07 0.000000000000000000e+00 6.500000000000000000e+01 1.332539723736617088e+04 1.313278873309183655e+04 4.021490000000000236e+03 0.000000000000000000e+00 2.132816325016764214e+00 2.025990000000000013e-01
3.674225500000000000e+07 1.000000000000000000e+00 6.500000000000000000e+01 1.333099723736617125e+04 1.312343677309183659e+04 4.065050000000000182e+03 0.000000000000000000e+00 7.335333363398969020e+00 6.310380000000000322e+00
3.674353100000000000e+07 0.000000000000000000e+00 6.600000000000000000e+01 1.334140023736617150e+04 1.309025854309183705e+04 4.064349999999999909e+03 0.000000000000000000e+00 3.640545039770664904e+00 2.400000000000000050e-02
3.674353200000000000e+07 1.000000000000000000e+00 6.600000000000000000e+01 1.334590423736617231e+04 1.309331234309183674e+04 4.062369999999999891e+03 0.000000000000000000e+00 1.502948251720322315e+00 9.199999999999999845e-02
3.674353000000000000e+07 1.000000000000000000e+00 6.600000000000000000e+01 1.332959623736617141e+04 1.307975044309183795e+04 4.060769999999999982e+03 0.000000000000000000e+00 7.707202881989436705e+00 9.199999999999999845e-02
3.674353000000000000e+07 1.000000000000000000e+00 6.600000000000000000e+01 1.332637223736617125e+04 1.307952474309183526e+04 4.056730000000000018e+03 0.000000000000000000e+00 7.322189416114357030e+00 9.199999999999999845e-02
3.674353000000000000e+07 1.000000000000000000e+00 6.600000000000000000e+01 1.332660223736617081e+04 1.308083674309183698e+04 4.054890000000000327e+03 0.000000000000000000e+00 6.563443037526222490e+00 2.400000000000000050e-02
3.674353400000000000e+07 1.000000000000000000e+00 6.500000000000000000e+01 1.333413523736617208e+04 1.308995844309183667e+04 4.044590000000000146e+03 0.000000000000000000e+00 8.591990137940493710e+00 9.199999999999999845e-02
3.674353500000000000e+07 1.000000000000000000e+00 6.500000000000000000e+01 1.333502823736617211e+04 1.309986364309183773e+04 4.039029999999999745e+03 0.000000000000000000e+00 2.359486446815038274e+00 2.400000000000000050e-02
3.674353500000000000e+07 1.000000000000000000e+00 6.500000000000000000e+01 1.333556823736617116e+04 1.310263324309183736e+04 4.035780000000000200e+03 0.000000000000000000e+00 4.557742134220922559e+00 4.169999999999999818e-01
3.674353800000000000e+07 1.000000000000000000e+00 6.500000000000000000e+01 1.335336223736617103e+04 1.311374034309183662e+04 4.041559999999999945e+03 0.000000000000000000e+00 4.109217720986108269e+00 6.099999999999999867e-02
3.674353800000000000e+07 1.000000000000000000e+00 6.500000000000000000e+01 1.335481723736617096e+04 1.311597204309183689e+04 4.040250000000000000e+03 0.000000000000000000e+00 6.400684371231577963e+00 6.099999999999999867e-02
3.674354300000000000e+07 1.000000000000000000e+00 6.600000000000000000e+01 1.335545423736617158e+04 1.311949408309183673e+04 4.039279999999999745e+03 0.000000000000000000e+00 8.725841923613911533e+00 9.199999999999999845e-02
3.674354300000000000e+07 1.000000000000000000e+00 6.600000000000000000e+01 1.335235023736617222e+04 1.312464132309183697e+04 4.031360000000000127e+03 0.000000000000000000e+00 6.050777608833568522e+00 2.400000000000000050e-02
3.674354300000000000e+07 1.000000000000000000e+00 6.600000000000000000e+01 1.335268523736617135e+04 1.312551226309183767e+04 4.035289999999999964e+03 0.000000000000000000e+00 3.590541393397586489e+00 6.099999999999999867e-02
3.674354200000000000e+07 1.000000000000000000e+00 6.600000000000000000e+01 1.335192323736617072e+04 1.311556434309183533e+04 4.031940000000000055e+03 0.000000000000000000e+00 7.899864597212873818e+00 2.400000000000000050e-02
3.674354300000000000e+07 1.000000000000000000e+00 6.600000000000000000e+01 1.334377123736617068e+04 1.312729266209183697e+04 4.025170000000000073e+03 0.000000000000000000e+00 3.709625449273653786e+00 4.169999999999999818e-01
3.674354300000000000e+07 1.000000000000000000e+00 6.600000000000000000e+01 1.334346823736617080e+04 1.312720181309183681e+04 4.024550000000000182e+03 0.000000000000000000e+00 4.135561196021322772e+00 4.169999999999999818e-01
3.674354300000000000e+07 1.000000000000000000e+00 6.600000000000000000e+01 1.334202123736617068e+04 1.312833030809183765e+04 4.025429999999999836e+03 0.000000000000000000e+00 3.178971516624985227e+00 9.199999999999999845e-02
3.674354400000000000e+07 0.000000000000000000e+00 6.600000000000000000e+01 1.333728223736617110e+04 1.312872655309183756e+04 4.024469999999999800e+03 0.000000000000000000e+00 5.291572989410346928e+00 6.099999999999999867e-02
3.674354400000000000e+07 1.000000000000000000e+00 6.600000000000000000e+01 1.334804823736617072e+04 1.313308513309183763e+04 4.025500000000000000e+03 0.000000000000000000e+00 8.276893604029503138e+00 9.199999999999999845e-02
3.674354300000000000e+07 1.000000000000000000e+00 6.600000000000000000e+01 1.334788323736617167e+04 1.312889991309183642e+04 4.030259999999999764e+03 0.000000000000000000e+00 4.726132224792022107e+00 2.400000000000000050e-02
3.674354500000000000e+07 0.000000000000000000e+00 6.600000000000000000e+01 1.333703923736617071e+04 1.313344180309183685e+04 4.029460000000000036e+03 0.000000000000000000e+00 1.826806206815567934e+00 9.199999999999999845e-02
3.674354800000000000e+07 0.000000000000000000e+00 6.600000000000000000e+01 1.332399923736616984e+04 1.313978854309183589e+04 4.018480000000000018e+03 0.000000000000000000e+00 1.678206409191023152e+00 9.199999999999999845e-02
3.674354800000000000e+07 0.000000000000000000e+00 6.600000000000000000e+01 1.332088823736617087e+04 1.313863594309183645e+04 4.017710000000000036e+03 0.000000000000000000e+00 2.319411006456144175e+00 4.169999999999999818e-01
3.674354800000000000e+07 1.000000000000000000e+00 6.600000000000000000e+01 1.331728123736617090e+04 1.313750554309183644e+04 4.022089999999999691e+03 0.000000000000000000e+00 1.291988945461157945e+00 2.039999999999999869e-01
3.674355100000000000e+07 1.000000000000000000e+00 6.500000000000000000e+01 1.332158723736617139e+04 1.314454694309183651e+04 4.027410000000000309e+03 0.000000000000000000e+00 1.117765178559714689e+00 9.199999999999999845e-02
3.674355200000000000e+07 1.000000000000000000e+00 6.500000000000000000e+01 1.330901423736617107e+04 1.314356054309183673e+04 4.022230000000000018e+03 0.000000000000000000e+00 3.739172586364369000e+00 5.000000000000000000e-01
3.674354700000000000e+07 1.000000000000000000e+00 6.600000000000000000e+01 1.332033423736617078e+04 1.313520204309183646e+04 4.028350000000000364e+03 0.000000000000000000e+00 1.919618268588619836e+00 4.169999999999999818e-01
3.674354700000000000e+07 0.000000000000000000e+00 6.600000000000000000e+01 1.332902323736617109e+04 1.313665187309183602e+04 4.028900000000000091e+03 0.000000000000000000e+00 1.342096009671784440e+00 9.199999999999999845e-02
3.674354700000000000e+07 1.000000000000000000e+00 6.600000000000000000e+01 1.331884923736617202e+04 1.313195451309183773e+04 4.031460000000000036e+03 0.000000000000000000e+00 3.069625839336707962e+00 4.169999999999999818e-01
3.674354700000000000e+07 1.000000000000000000e+00 6.600000000000000000e+01 1.331884923736617202e+04 1.313195451309183773e+04 4.031460000000000036e+03 0.000000000000000000e+00 3.069625839336707962e+00 7.392070000000000363e+00
3.674353000000000000e+07 0.000000000000000000e+00 6.500000000000000000e+01 1.333232823736617138e+04 1.309569924309183625e+04 4.063919999999999618e+03 0.000000000000000000e+00 1.786026962428916454e+00 6.891210000000000058e+00
3.674353000000000000e+07 0.000000000000000000e+00 6.600000000000000000e+01 1.333668223736617074e+04 1.308953544309183781e+04 4.060590000000000146e+03 0.000000000000000000e+00 1.230601704034299360e+00 1.339000000000000057e+01
3.674353100000000000e+07 0.000000000000000000e+00 6.500000000000000000e+01 1.333261023736617062e+04 1.309700004309183714e+04 4.057530000000000200e+03 0.000000000000000000e+00 8.893525438713153486e-01 9.199999999999999845e-02
3.674353300000000000e+07 1.000000000000000000e+00 6.600000000000000000e+01 1.335324823736616963e+04 1.309045994309183698e+04 4.068280000000000200e+03 0.000000000000000000e+00 6.483730381137874588e+00 1.078999999999999915e+01
3.674353300000000000e+07 1.000000000000000000e+00 6.600000000000000000e+01 1.335324823736616963e+04 1.309045994309183698e+04 4.068280000000000200e+03 0.000000000000000000e+00 6.483730381137874588e+00 2.854410000000000114e+00
3.674353300000000000e+07 1.000000000000000000e+00 6.600000000000000000e+01 1.335324823736616963e+04 1.309045994309183698e+04 4.068280000000000200e+03 0.000000000000000000e+00 6.483730381137874588e+00 6.496680000000000232e-01
3.674353000000000000e+07 0.000000000000000000e+00 6.600000000000000000e+01 1.333668223736617074e+04 1.308953544309183781e+04 4.060590000000000146e+03 0.000000000000000000e+00 1.230601704034299360e+00 2.471999999999999975e+00
3.674238700000000000e+07 1.000000000000000000e+00 6.500000000000000000e+01 1.329998423736617042e+04 1.325054084309183600e+04 4.012820000000000164e+03 0.000000000000000000e+00 2.495892579394103361e+00 4.169999999999999818e-01
3.674246300000000000e+07 1.000000000000000000e+00 6.500000000000000000e+01 1.331554023736617091e+04 1.325543784309183684e+04 4.011270000000000437e+03 0.000000000000000000e+00 4.884848090446178404e+00 6.099999999999999867e-02
3.674246600000000000e+07 0.000000000000000000e+00 6.600000000000000000e+01 1.331970823736617058e+04 1.325612784309183553e+04 4.017989999999999782e+03 0.000000000000000000e+00 2.802032819031067046e+00 4.169999999999999818e-01
3.674246700000000000e+07 1.000000000000000000e+00 6.600000000000000000e+01 1.331613323736617167e+04 1.325897484309183710e+04 4.014130000000000109e+03 0.000000000000000000e+00 4.752025487054627462e+00 9.199999999999999845e-02
3.674246700000000000e+07 0.000000000000000000e+00 6.600000000000000000e+01 1.331770123736617097e+04 1.325912084309183774e+04 4.020059999999999945e+03 0.000000000000000000e+00 1.471726263266072809e+00 4.169999999999999818e-01
3.674246600000000000e+07 0.000000000000000000e+00 6.600000000000000000e+01 1.331828323736617131e+04 1.325738484309183696e+04 4.020539999999999964e+03 0.000000000000000000e+00 9.459501880197808132e-01 6.099999999999999867e-02
3.674246700000000000e+07 0.000000000000000000e+00 6.600000000000000000e+01 1.332096223736617139e+04 1.326027884309183719e+04 4.024820000000000164e+03 0.000000000000000000e+00 1.268459956873384087e+00 9.199999999999999845e-02
3.673999700000000000e+07 1.000000000000000000e+00 6.500000000000000000e+01 1.330997523736617222e+04 1.327370684309183707e+04 4.030219999999999800e+03 0.000000000000000000e+00 6.108418319779871375e+00 2.400000000000000050e-02
3.674247000000000000e+07 1.000000000000000000e+00 6.600000000000000000e+01 1.331736823736617225e+04 1.327478984309183579e+04 4.022789999999999964e+03 0.000000000000000000e+00 6.778366364690339374e+00 4.169999999999999818e-01
3.674000000000000000e+07 0.000000000000000000e+00 6.600000000000000000e+01 1.330908223736617219e+04 1.328534684309183649e+04 4.027259999999999764e+03 0.000000000000000000e+00 9.046104301105867274e-01 6.099999999999999867e-02
3.674000100000000000e+07 0.000000000000000000e+00 6.600000000000000000e+01 1.330833023736617179e+04 1.328307784309183626e+04 4.024250000000000000e+03 0.000000000000000000e+00 6.783521905661713536e-01 9.199999999999999845e-02
3.674000200000000000e+07 0.000000000000000000e+00 6.600000000000000000e+01 1.330800923736617187e+04 1.328182584309183585e+04 4.020740000000000236e+03 0.000000000000000000e+00 1.774321839422717595e+00 2.400000000000000050e-02
3.674000100000000000e+07 0.000000000000000000e+00 6.600000000000000000e+01 1.331076923736617027e+04 1.328002884309183719e+04 4.021739999999999782e+03 0.000000000000000000e+00 3.917497881771547785e+00 6.099999999999999867e-02
3.674000100000000000e+07 0.000000000000000000e+00 6.600000000000000000e+01 1.331462123736617104e+04 1.327857084309183665e+04 4.021809999999999945e+03 0.000000000000000000e+00 7.223284672977840160e+00 4.169999999999999818e-01
3.674000100000000000e+07 0.000000000000000000e+00 6.600000000000000000e+01 1.331462123736617104e+04 1.327857084309183665e+04 4.021809999999999945e+03 0.000000000000000000e+00 7.223284672977840160e+00 7.384409999999999918e+00
