4.912012200000000000e+07 1.000000000000000000e+00 6.600000000000000000e+01 1.074770638511275683e+04 9.153680000000000291e+03 5.701611354186832614e+03 0.000000000000000000e+00 9.286953911976911780e-01 1.078999999999999915e+01
4.820529100000000000e+07 0.000000000000000000e+00 6.500000000000000000e+01 1.072952672511275523e+04 1.132852000000000044e+04 5.742337354186832272e+03 0.000000000000000000e+00 1.757912899941974416e+00 1.078999999999999915e+01
4.820529000000000000e+07 0.000000000000000000e+00 6.600000000000000000e+01 1.073030622511275578e+04 1.132902000000000044e+04 5.739994354186832425e+03 0.000000000000000000e+00 6.570324727464735837e-01 9.199999999999999845e-02
4.820529100000000000e+07 0.000000000000000000e+00 6.500000000000000000e+01 1.072826062511275632e+04 1.133305999999999949e+04 5.738133354186832548e+03 0.000000000000000000e+00 1.427918153251757749e+00 9.199999999999999845e-02
4.820529000000000000e+07 0.000000000000000000e+00 6.500000000000000000e+01 1.072470422511275683e+04 1.133129999999999927e+04 5.737604354186832097e+03 0.000000000000000000e+00 6.899283566049114746e-01 9.199999999999999845e-02
4.820528900000000000e+07 1.000000000000000000e+00 6.500000000000000000e+01 1.072239872511275644e+04 1.133994000000000051e+04 5.733731354186832505e+03 0.000000000000000000e+00 4.395730371081714161e+00 6.099999999999999867e-02
4.820529000000000000e+07 1.000000000000000000e+00 6.500000000000000000e+01 1.072422302511275666e+04 1.133818000000000029e+04 5.734776354186832577e+03 0.000000000000000000e+00 4.574524624106802939e+00 9.199999999999999845e-02
4.820529000000000000e+07 1.000000000000000000e+00 6.500000000000000000e+01 1.072422302511275666e+04 1.133818000000000029e+04 5.734776354186832577e+03 0.000000000000000000e+00 4.574524624106802939e+00 7.346210000000000129e+00
4.912012400000000000e+07 1.000000000000000000e+00 6.500000000000000000e+01 1.074733506511275664e+04 9.167540000000000873e+03 5.703937354186832636e+03 0.000000000000000000e+00 4.126267919001735507e+00 6.099999999999999867e-02
4.912012400000000000e+07 1.000000000000000000e+00 6.500000000000000000e+01 1.074497217511275630e+04 9.170360000000000582e+03 5.706333354186832366e+03 0.000000000000000000e+00 3.940325918783874393e+00 2.039999999999999869e-01
4.912012400000000000e+07 1.000000000000000000e+00 6.500000000000000000e+01 1.074528238511275595e+04 9.170389999999999418e+03 5.705796354186832104e+03 0.000000000000000000e+00 4.328569160719965225e+00 1.000000000000000021e-02
4.912012400000000000e+07 1.000000000000000000e+00 6.500000000000000000e+01 1.074655954511275559e+04 9.167850000000000364e+03 5.703638354186832657e+03 0.000000000000000000e+00 4.624278405715387841e+00 9.199999999999999845e-02
4.911891300000000000e+07 1.000000000000000000e+00 6.600000000000000000e+01 1.074515392511275604e+04 9.174880000000001019e+03 5.701726354186832395e+03 0.000000000000000000e+00 9.986004950732217722e+00 9.199999999999999845e-02
4.911891900000000000e+07 0.000000000000000000e+00 6.600000000000000000e+01 1.074525041511275595e+04 9.193329999999999927e+03 5.678051254186832921e+03 0.000000000000000000e+00 1.228418548652448816e+00 2.400000000000000050e-02
4.911892100000000000e+07 1.000000000000000000e+00 6.600000000000000000e+01 1.073216412511275666e+04 9.194190000000000509e+03 5.681309154186832529e+03 0.000000000000000000e+00 4.803034358253547964e+00 9.199999999999999845e-02
4.911892500000000000e+07 1.000000000000000000e+00 6.500000000000000000e+01 1.073335102511275545e+04 9.204920000000000073e+03 5.677751554186832436e+03 0.000000000000000000e+00 3.265496388373307468e+00 2.039999999999999869e-01
4.912021400000000000e+07 0.000000000000000000e+00 6.600000000000000000e+01 1.072451602511275632e+04 9.220799999999999272e+03 5.694890154186832660e+03 0.000000000000000000e+00 1.400904146467851996e+00 2.400000000000000050e-02
4.912021400000000000e+07 1.000000000000000000e+00 6.600000000000000000e+01 1.074334882511275646e+04 9.217219999999999345e+03 5.698100354186832192e+03 0.000000000000000000e+00 8.645064318599127162e+00 9.199999999999999845e-02
4.912021500000000000e+07 1.000000000000000000e+00 6.600000000000000000e+01 1.072817982511275659e+04 9.208319999999999709e+03 5.691035754186832492e+03 0.000000000000000000e+00 7.103751682428650405e+00 9.199999999999999845e-02
4.912021600000000000e+07 1.000000000000000000e+00 6.600000000000000000e+01 1.072533652511275614e+04 9.209120000000000800e+03 5.690116754186832623e+03 0.000000000000000000e+00 6.051194417263781489e+00 9.199999999999999845e-02
4.912021600000000000e+07 1.000000000000000000e+00 6.600000000000000000e+01 1.071948482511275506e+04 9.208000000000000000e+03 5.688040154186832297e+03 0.000000000000000000e+00 4.542143310392484423e+00 2.400000000000000050e-02
4.912021100000000000e+07 1.000000000000000000e+00 6.500000000000000000e+01 1.072450202511275711e+04 9.209049999999999272e+03 5.682181654186832930e+03 0.000000000000000000e+00 6.292068693139812652e+00 9.199999999999999845e-02
4.912021100000000000e+07 1.000000000000000000e+00 6.500000000000000000e+01 1.071609352511275574e+04 9.218850000000000364e+03 5.678408254186832892e+03 0.000000000000000000e+00 1.365899080399466836e+00 6.099999999999999867e-02
