6.142580300000000000e+07 1.000000000000000000e+00 6.600000000000000000e+01 8.458896040560055553e+03 3.506265621338940036e+03 7.083877000000000407e+03 0.000000000000000000e+00 4.329366923707874015e+00 1.339000000000000057e+01
6.142636800000000000e+07 1.000000000000000000e+00 6.500000000000000000e+01 8.433576040560055844e+03 3.531894621338940851e+03 7.211847999999999956e+03 0.000000000000000000e+00 5.263416995280900679e+00 1.605000000000000071e+01
6.142546800000000000e+07 1.000000000000000000e+00 6.500000000000000000e+01 8.427376040560055117e+03 3.539524621338940051e+03 7.231393000000000029e+03 0.000000000000000000e+00 6.163253583189803209e+00 3.229999999999999716e+01
6.862762400000000000e+07 1.000000000000000000e+00 6.500000000000000000e+01 8.101816040560055626e+03 3.919335621338939745e+03 8.101725000000000364e+03 0.000000000000000000e+00 9.295153780674472177e-01 1.078999999999999915e+01
8.966971600000000000e+07 0.000000000000000000e+00 6.500000000000000000e+01 7.468506040560055226e+03 5.016890621338940036e+03 1.046402999999999884e+04 0.000000000000000000e+00 2.666863467986396063e+00 1.078999999999999915e+01
1.117389000000000000e+08 1.000000000000000000e+00 6.500000000000000000e+01 7.175926040560055299e+03 7.182060621338940109e+03 1.318786000000000058e+04 0.000000000000000000e+00 8.356077375561429932e+00 1.339000000000000057e+01
1.117370860000000000e+08 1.000000000000000000e+00 6.500000000000000000e+01 7.183436040560055517e+03 7.224270621338939236e+03 1.321238999999999942e+04 0.000000000000000000e+00 6.427193776596177521e+00 1.605000000000000071e+01
1.117370880000000000e+08 0.000000000000000000e+00 6.600000000000000000e+01 7.189896040560054644e+03 7.228740621338940400e+03 1.321445999999999913e+04 0.000000000000000000e+00 2.888886463186659093e+00 1.339000000000000057e+01
1.117370880000000000e+08 0.000000000000000000e+00 6.600000000000000000e+01 7.192566040560054716e+03 7.231640621338940036e+03 1.321509000000000015e+04 0.000000000000000000e+00 1.797388972965390241e+00 1.078999999999999915e+01
1.117370870000000000e+08 1.000000000000000000e+00 6.600000000000000000e+01 7.195676040560055299e+03 7.238530621338941273e+03 1.321526000000000022e+04 0.000000000000000000e+00 2.553311647074684831e+00 1.339000000000000057e+01
1.117361120000000000e+08 1.000000000000000000e+00 6.500000000000000000e+01 7.205556040560055408e+03 7.278110621338939382e+03 1.321704000000000087e+04 0.000000000000000000e+00 6.424115811863591041e+00 9.199999999999999845e-02
1.117361120000000000e+08 1.000000000000000000e+00 6.500000000000000000e+01 7.205856040560054680e+03 7.278060621338940109e+03 1.321770000000000073e+04 0.000000000000000000e+00 5.870608159840529083e+00 9.199999999999999845e-02
1.117361120000000000e+08 1.000000000000000000e+00 6.500000000000000000e+01 7.206286040560054971e+03 7.278080621338940546e+03 1.321795000000000073e+04 0.000000000000000000e+00 5.384970185766036366e+00 9.199999999999999845e-02
1.117361120000000000e+08 1.000000000000000000e+00 6.500000000000000000e+01 7.205586040560055153e+03 7.279260621338940837e+03 1.322077000000000044e+04 0.000000000000000000e+00 6.019804438469435581e+00 6.099999999999999867e-02
1.117361090000000000e+08 1.000000000000000000e+00 6.600000000000000000e+01 7.217766040560054535e+03 7.269620621338941419e+03 1.322587000000000080e+04 0.000000000000000000e+00 5.022596045903767070e+00 9.199999999999999845e-02
1.117370910000000000e+08 1.000000000000000000e+00 6.500000000000000000e+01 7.194966040560056172e+03 7.241780621338941273e+03 1.323782999999999993e+04 0.000000000000000000e+00 8.665282777723298580e+00 9.199999999999999845e-02
1.117361070000000000e+08 1.000000000000000000e+00 6.600000000000000000e+01 7.216116040560054898e+03 7.266360621338939382e+03 1.324129999999999927e+04 0.000000000000000000e+00 6.883555521150181988e+00 9.199999999999999845e-02
1.117361070000000000e+08 1.000000000000000000e+00 6.600000000000000000e+01 7.219496040560055008e+03 7.270130621338939818e+03 1.324020999999999913e+04 0.000000000000000000e+00 2.521552994743541110e+00 9.199999999999999845e-02
1.117361080000000000e+08 1.000000000000000000e+00 6.600000000000000000e+01 7.211236040560054789e+03 7.268870621338941419e+03 1.323241999999999825e+04 0.000000000000000000e+00 9.744094588671176282e+00 9.199999999999999845e-02
1.117361080000000000e+08 1.000000000000000000e+00 6.600000000000000000e+01 7.212686040560054607e+03 7.269340621338940764e+03 1.323286000000000058e+04 0.000000000000000000e+00 8.232799222362199743e+00 2.400000000000000050e-02
1.117361060000000000e+08 1.000000000000000000e+00 6.600000000000000000e+01 7.218856040560055590e+03 7.277070621338940327e+03 1.324163999999999942e+04 0.000000000000000000e+00 5.800075259197170041e+00 2.400000000000000050e-02
1.117370070000000000e+08 1.000000000000000000e+00 6.500000000000000000e+01 7.238646040560054644e+03 7.297620621338941419e+03 1.323402999999999884e+04 0.000000000000000000e+00 1.132476701812940911e+00 6.099999999999999867e-02
1.117369210000000000e+08 1.000000000000000000e+00 6.500000000000000000e+01 7.252636040560055335e+03 7.306130621338939818e+03 1.322043000000000029e+04 0.000000000000000000e+00 3.265131874087058961e+00 9.199999999999999845e-02
1.117369980000000000e+08 1.000000000000000000e+00 6.500000000000000000e+01 7.255576040560054935e+03 7.276700621338939527e+03 1.322181999999999971e+04 0.000000000000000000e+00 4.174131644828262822e+00 6.099999999999999867e-02
1.117369930000000000e+08 1.000000000000000000e+00 6.600000000000000000e+01 7.253476040560055480e+03 7.281220621338939964e+03 1.320547999999999956e+04 0.000000000000000000e+00 6.588602479196434381e+00 1.124000000000000021e+01
1.117369930000000000e+08 1.000000000000000000e+00 6.600000000000000000e+01 7.253476040560055480e+03 7.281220621338939964e+03 1.320547999999999956e+04 0.000000000000000000e+00 6.588602479196434381e+00 1.577660000000000062e+00
1.117361170000000000e+08 1.000000000000000000e+00 6.600000000000000000e+01 7.203846040560055371e+03 7.278000621338940618e+03 1.320835000000000036e+04 0.000000000000000000e+00 8.265266947665045549e+00 9.199999999999999845e-02
1.117361170000000000e+08 1.000000000000000000e+00 6.600000000000000000e+01 7.206526040560055662e+03 7.279600621338940982e+03 1.320482999999999993e+04 0.000000000000000000e+00 5.063665411800251093e+00 9.199999999999999845e-02
1.117370300000000000e+08 1.000000000000000000e+00 6.600000000000000000e+01 7.191886040560055335e+03 7.294220621338939964e+03 1.322153000000000065e+04 0.000000000000000000e+00 2.985579309517660374e+00 2.400000000000000050e-02
1.117370300000000000e+08 1.000000000000000000e+00 6.600000000000000000e+01 7.191006040560055226e+03 7.294140621338941855e+03 1.322081000000000131e+04 0.000000000000000000e+00 1.922725412921679755e+00 4.169999999999999818e-01
1.117370300000000000e+08 1.000000000000000000e+00 6.600000000000000000e+01 7.192396040560055553e+03 7.295070621338940327e+03 1.322170999999999913e+04 0.000000000000000000e+00 3.820120869929660934e+00 9.199999999999999845e-02
1.117361130000000000e+08 0.000000000000000000e+00 6.500000000000000000e+01 7.208206040560055044e+03 7.288980621338940182e+03 1.321806999999999971e+04 0.000000000000000000e+00 7.705598574005011692e+00 4.169999999999999818e-01
1.117361130000000000e+08 0.000000000000000000e+00 6.600000000000000000e+01 7.209336040560055153e+03 7.292710621338941564e+03 1.322029999999999927e+04 0.000000000000000000e+00 7.468200625019274952e+00 6.099999999999999867e-02
1.117361150000000000e+08 0.000000000000000000e+00 6.500000000000000000e+01 7.216696040560055735e+03 7.288630621338939818e+03 1.320861000000000058e+04 0.000000000000000000e+00 1.146265287099857977e+00 9.199999999999999845e-02
1.117361190000000000e+08 0.000000000000000000e+00 6.500000000000000000e+01 7.212706040560055044e+03 7.298030621338941273e+03 1.319468999999999869e+04 0.000000000000000000e+00 1.169317371546594320e+00 2.400000000000000050e-02
1.117361200000000000e+08 1.000000000000000000e+00 6.500000000000000000e+01 7.206176040560055299e+03 7.299530621338941273e+03 1.318884000000000015e+04 0.000000000000000000e+00 3.055429843387674982e+00 6.099999999999999867e-02
1.117370400000000000e+08 1.000000000000000000e+00 6.500000000000000000e+01 7.164726040560055480e+03 7.288500621338940618e+03 1.319055999999999949e+04 0.000000000000000000e+00 2.871968427663820211e+00 1.124000000000000021e+01
1.117370400000000000e+08 1.000000000000000000e+00 6.500000000000000000e+01 7.164726040560055480e+03 7.288500621338940618e+03 1.319055999999999949e+04 0.000000000000000000e+00 2.871968427663820211e+00 1.140269999999999895e+00
1.117370870000000000e+08 1.000000000000000000e+00 6.600000000000000000e+01 7.195676040560055299e+03 7.238530621338941273e+03 1.321526000000000022e+04 0.000000000000000000e+00 2.553311647074684831e+00 1.235510000000000108e+00
1.117370880000000000e+08 0.000000000000000000e+00 6.600000000000000000e+01 7.187376040560055117e+03 7.228960621338941564e+03 1.321434000000000015e+04 0.000000000000000000e+00 3.942454111347008627e+00 4.169999999999999818e-01
1.117370880000000000e+08 0.000000000000000000e+00 6.600000000000000000e+01 7.187376040560055117e+03 7.228960621338941564e+03 1.321434000000000015e+04 0.000000000000000000e+00 3.942454111347008627e+00 7.208149999999999835e+00
1.117370930000000000e+08 1.000000000000000000e+00 6.600000000000000000e+01 7.180866040560054898e+03 7.239930621338939090e+03 1.322331000000000131e+04 0.000000000000000000e+00 3.867117497037114937e+00 2.400000000000000050e-02
1.117370930000000000e+08 1.000000000000000000e+00 6.600000000000000000e+01 7.179956040560055953e+03 7.237960621338941564e+03 1.322054999999999927e+04 0.000000000000000000e+00 4.349851243568983783e+00 9.199999999999999845e-02
1.117370930000000000e+08 1.000000000000000000e+00 6.600000000000000000e+01 7.177886040560055335e+03 7.239410621338940473e+03 1.322011000000000058e+04 0.000000000000000000e+00 4.050314284776591833e+00 6.099999999999999867e-02
1.117380160000000000e+08 1.000000000000000000e+00 6.600000000000000000e+01 7.135836040560055153e+03 7.252300621338941710e+03 1.321859000000000015e+04 0.000000000000000000e+00 8.230146511540731291e-01 2.400000000000000050e-02
1.117380160000000000e+08 1.000000000000000000e+00 6.600000000000000000e+01 7.140736040560054789e+03 7.250930621338940909e+03 1.321847999999999956e+04 0.000000000000000000e+00 5.188381976402517637e+00 6.099999999999999867e-02
1.117380160000000000e+08 1.000000000000000000e+00 6.600000000000000000e+01 7.143516040560055444e+03 7.251480621338940182e+03 1.322134999999999854e+04 0.000000000000000000e+00 7.766567486335644865e+00 4.169999999999999818e-01
1.117380170000000000e+08 1.000000000000000000e+00 6.600000000000000000e+01 7.143646040560055553e+03 7.251630621338939818e+03 1.322154999999999927e+04 0.000000000000000000e+00 7.813682985081522148e+00 2.400000000000000050e-02
1.117380210000000000e+08 1.000000000000000000e+00 6.500000000000000000e+01 7.124416040560055080e+03 7.267660621338940473e+03 1.322504000000000087e+04 0.000000000000000000e+00 8.225133506492451119e+00 9.199999999999999845e-02
1.117380210000000000e+08 1.000000000000000000e+00 6.500000000000000000e+01 7.123806040560055408e+03 7.267930621338940909e+03 1.322377999999999884e+04 0.000000000000000000e+00 7.330525168047406837e+00 6.099999999999999867e-02
1.117380210000000000e+08 1.000000000000000000e+00 6.500000000000000000e+01 7.123776040560054753e+03 7.267940621338941128e+03 1.322370999999999913e+04 0.000000000000000000e+00 7.285478243228051376e+00 9.199999999999999845e-02
1.117380200000000000e+08 1.000000000000000000e+00 6.500000000000000000e+01 7.115056040560055408e+03 7.269260621338940837e+03 1.321429999999999927e+04 0.000000000000000000e+00 6.649452021419323344e+00 9.199999999999999845e-02
1.117380250000000000e+08 1.000000000000000000e+00 6.600000000000000000e+01 7.113906040560055771e+03 7.269660621338940473e+03 1.321411000000000058e+04 0.000000000000000000e+00 6.888824695956984989e+00 4.169999999999999818e-01
1.117380250000000000e+08 1.000000000000000000e+00 6.600000000000000000e+01 7.112866040560055808e+03 7.272830621338940546e+03 1.321640999999999985e+04 0.000000000000000000e+00 8.867179856955225148e+00 9.199999999999999845e-02
1.117380250000000000e+08 1.000000000000000000e+00 6.600000000000000000e+01 7.109736040560054789e+03 7.275750621338940618e+03 1.321529999999999927e+04 0.000000000000000000e+00 9.701294621288903741e+00 9.199999999999999845e-02
1.117370860000000000e+08 1.000000000000000000e+00 6.500000000000000000e+01 7.180456040560055044e+03 7.223090621338938945e+03 1.321097999999999956e+04 0.000000000000000000e+00 7.638292462592444210e+00 1.376999999999999957e+01
1.117371650000000000e+08 1.000000000000000000e+00 6.600000000000000000e+01 7.181506040560055226e+03 7.223960621338941564e+03 1.320403000000000065e+04 0.000000000000000000e+00 5.954360241467314019e+00 9.199999999999999845e-02
1.117371640000000000e+08 1.000000000000000000e+00 6.600000000000000000e+01 7.174386040560054425e+03 7.221670621338940691e+03 1.319773999999999978e+04 0.000000000000000000e+00 5.720724952909523431e+00 6.099999999999999867e-02
1.117371640000000000e+08 1.000000000000000000e+00 6.600000000000000000e+01 7.177666040560055080e+03 7.234690621338941128e+03 1.319784000000000015e+04 0.000000000000000000e+00 7.574187187679902955e+00 6.099999999999999867e-02
1.117371640000000000e+08 1.000000000000000000e+00 6.600000000000000000e+01 7.177626040560055117e+03 7.234850621338940982e+03 1.319770000000000073e+04 0.000000000000000000e+00 7.614314357686757795e+00 4.169999999999999818e-01
1.117372300000000000e+08 1.000000000000000000e+00 6.500000000000000000e+01 7.176006040560055226e+03 7.242190621338941128e+03 1.319247999999999956e+04 0.000000000000000000e+00 2.934568330642095546e+00 2.039999999999999869e-01
1.117370810000000000e+08 1.000000000000000000e+00 6.600000000000000000e+01 7.176126040560055117e+03 7.244150621338940255e+03 1.319313000000000102e+04 0.000000000000000000e+00 2.798237264179507910e+00 4.169999999999999818e-01
1.117370830000000000e+08 1.000000000000000000e+00 6.600000000000000000e+01 7.180876040560055117e+03 7.242010621338940837e+03 1.320115000000000146e+04 0.000000000000000000e+00 4.752927230500223033e+00 9.199999999999999845e-02
1.117370860000000000e+08 1.000000000000000000e+00 6.500000000000000000e+01 7.182636040560055335e+03 7.237040621338939673e+03 1.321095000000000073e+04 0.000000000000000000e+00 1.726404333893051923e+00 2.400000000000000050e-02
1.117370910000000000e+08 0.000000000000000000e+00 6.600000000000000000e+01 7.181626040560055117e+03 7.230220621338939964e+03 1.322473999999999978e+04 0.000000000000000000e+00 1.291084773181755407e+00 6.099999999999999867e-02
1.117370870000000000e+08 1.000000000000000000e+00 6.500000000000000000e+01 7.179966040560055262e+03 7.236130621338939818e+03 1.321543000000000029e+04 0.000000000000000000e+00 2.454738832204155674e+00 9.199999999999999845e-02
1.117370930000000000e+08 1.000000000000000000e+00 6.600000000000000000e+01 7.175516040560055444e+03 7.235820621338940327e+03 1.322759999999999854e+04 0.000000000000000000e+00 3.052902400788680914e+00 2.039999999999999869e-01
1.117370950000000000e+08 1.000000000000000000e+00 6.600000000000000000e+01 7.178796040560055189e+03 7.238600621338940982e+03 1.323479000000000087e+04 0.000000000000000000e+00 2.785754053758013882e+00 9.199999999999999845e-02
1.117370950000000000e+08 1.000000000000000000e+00 6.600000000000000000e+01 7.178746040560055008e+03 7.237820621338940327e+03 1.323814999999999964e+04 0.000000000000000000e+00 3.092753570657665652e+00 9.199999999999999845e-02
1.117380820000000000e+08 1.000000000000000000e+00 6.500000000000000000e+01 7.156856040560055590e+03 7.193890621338940036e+03 1.320362000000000080e+04 0.000000000000000000e+00 8.693253689492257408e+00 6.099999999999999867e-02
1.117380820000000000e+08 1.000000000000000000e+00 6.500000000000000000e+01 7.156746040560055917e+03 7.193950621338939527e+03 1.320404999999999927e+04 0.000000000000000000e+00 8.627739063470382774e+00 9.199999999999999845e-02
1.117380820000000000e+08 1.000000000000000000e+00 6.500000000000000000e+01 7.156216040560055262e+03 7.194260621338940837e+03 1.320603999999999905e+04 0.000000000000000000e+00 8.620228163094758145e+00 6.099999999999999867e-02
1.117380870000000000e+08 1.000000000000000000e+00 6.600000000000000000e+01 7.162566040560055626e+03 7.196690621338941128e+03 1.321520000000000073e+04 0.000000000000000000e+00 8.810376083545742532e+00 2.400000000000000050e-02
1.117380870000000000e+08 1.000000000000000000e+00 6.600000000000000000e+01 7.161086040560056063e+03 7.195770621338939236e+03 1.322104000000000087e+04 0.000000000000000000e+00 6.949460943994949957e+00 6.099999999999999867e-02
1.117371760000000000e+08 1.000000000000000000e+00 6.500000000000000000e+01 7.173006040560054316e+03 7.184470621338939964e+03 1.322795000000000073e+04 0.000000000000000000e+00 6.252078334752498634e+00 9.199999999999999845e-02
1.117371700000000000e+08 0.000000000000000000e+00 6.500000000000000000e+01 7.184966040560055262e+03 7.204420621338940691e+03 1.321267000000000007e+04 0.000000000000000000e+00 2.251844001713976695e+00 9.199999999999999845e-02
1.117371730000000000e+08 1.000000000000000000e+00 6.600000000000000000e+01 7.173996040560055008e+03 7.207630621338939818e+03 1.322327000000000044e+04 0.000000000000000000e+00 7.336804923797973110e+00 9.199999999999999845e-02
1.117371730000000000e+08 1.000000000000000000e+00 6.600000000000000000e+01 7.170746040560055008e+03 7.197200621338939527e+03 1.322070000000000073e+04 0.000000000000000000e+00 9.914279378858466885e+00 9.199999999999999845e-02
1.117371760000000000e+08 1.000000000000000000e+00 6.500000000000000000e+01 7.177626040560055117e+03 7.188690621338941128e+03 1.322293999999999869e+04 0.000000000000000000e+00 5.472663767545449254e+00 9.199999999999999845e-02
1.117371730000000000e+08 1.000000000000000000e+00 6.600000000000000000e+01 7.178226040560055480e+03 7.193280621338941273e+03 1.322150000000000000e+04 0.000000000000000000e+00 4.987848342038712524e+00 2.400000000000000050e-02
1.117371780000000000e+08 1.000000000000000000e+00 6.500000000000000000e+01 7.178576040560055844e+03 7.197450621338939527e+03 1.323382999999999993e+04 0.000000000000000000e+00 1.598861844293354650e+00 2.039999999999999869e-01
1.117371790000000000e+08 1.000000000000000000e+00 6.500000000000000000e+01 7.180606040560055590e+03 7.198930621338939090e+03 1.323845999999999913e+04 0.000000000000000000e+00 2.983365060520497991e+00 6.099999999999999867e-02
1.117371790000000000e+08 1.000000000000000000e+00 6.500000000000000000e+01 7.181266040560055444e+03 7.200820621338940327e+03 1.323997999999999956e+04 0.000000000000000000e+00 3.685531072287997034e+00 9.199999999999999845e-02
1.117371750000000000e+08 1.000000000000000000e+00 6.600000000000000000e+01 7.184496040560055917e+03 7.204900621338940255e+03 1.322993999999999869e+04 0.000000000000000000e+00 6.796017962533414947e-01 8.349999999999999645e-01
1.117371750000000000e+08 0.000000000000000000e+00 6.600000000000000000e+01 7.183626040560055117e+03 7.196210621338941564e+03 1.323055999999999949e+04 0.000000000000000000e+00 1.672733807041094645e+00 9.199999999999999845e-02
1.117371780000000000e+08 1.000000000000000000e+00 6.500000000000000000e+01 7.173176040560055299e+03 7.202240621338940400e+03 1.323168999999999869e+04 0.000000000000000000e+00 4.307425131315961053e+00 5.000000000000000000e-01
1.117371780000000000e+08 1.000000000000000000e+00 6.500000000000000000e+01 7.173176040560055299e+03 7.202240621338940400e+03 1.323168999999999869e+04 0.000000000000000000e+00 4.307425131315961053e+00 7.078090000000000437e+00
1.117371610000000000e+08 1.000000000000000000e+00 6.600000000000000000e+01 7.180566040560055626e+03 7.207210621338939745e+03 1.318159999999999854e+04 0.000000000000000000e+00 6.335465398721105146e+00 1.339000000000000057e+01
1.117371610000000000e+08 1.000000000000000000e+00 6.600000000000000000e+01 7.181406040560054862e+03 7.207620621338941419e+03 1.318290000000000146e+04 0.000000000000000000e+00 5.822578076521617518e+00 2.039999999999999869e-01
1.117371670000000000e+08 1.000000000000000000e+00 6.600000000000000000e+01 7.190836040560056063e+03 7.214250621338940618e+03 1.320266999999999825e+04 0.000000000000000000e+00 2.241029924594810208e+00 9.199999999999999845e-02
1.117371660000000000e+08 1.000000000000000000e+00 6.600000000000000000e+01 7.187836040560055153e+03 7.219640621338940036e+03 1.320518000000000029e+04 0.000000000000000000e+00 3.869361084588867961e+00 4.169999999999999818e-01
1.117371670000000000e+08 0.000000000000000000e+00 6.500000000000000000e+01 7.185486040560054789e+03 7.205910621338940473e+03 1.320150999999999840e+04 0.000000000000000000e+00 1.696744731791860028e+00 6.099999999999999867e-02
1.117371660000000000e+08 1.000000000000000000e+00 6.500000000000000000e+01 7.186906040560055771e+03 7.201510621338940837e+03 1.320242000000000007e+04 0.000000000000000000e+00 3.701138493819101871e+00 9.199999999999999845e-02
1.117371650000000000e+08 1.000000000000000000e+00 6.500000000000000000e+01 7.184886040560055335e+03 7.203770621338939236e+03 1.319689999999999964e+04 0.000000000000000000e+00 1.058592723452453699e+00 4.169999999999999818e-01
1.117371610000000000e+08 1.000000000000000000e+00 6.600000000000000000e+01 7.168976040560055480e+03 7.207650621338940255e+03 1.318503999999999905e+04 0.000000000000000000e+00 9.441866397883922346e+00 9.199999999999999845e-02
1.117371610000000000e+08 1.000000000000000000e+00 6.600000000000000000e+01 7.168496040560055008e+03 7.207780621338941273e+03 1.318455999999999949e+04 0.000000000000000000e+00 9.538483615646292435e+00 4.169999999999999818e-01
1.117374140000000000e+08 1.000000000000000000e+00 6.600000000000000000e+01 7.159946040560054826e+03 7.217750621338940618e+03 1.315983000000000175e+04 0.000000000000000000e+00 4.877404458128125952e+00 6.099999999999999867e-02
1.117372480000000000e+08 1.000000000000000000e+00 6.500000000000000000e+01 7.152016040560054535e+03 7.233570621338940327e+03 1.313643000000000029e+04 0.000000000000000000e+00 7.147842183246054582e+00 4.169999999999999818e-01
1.117372490000000000e+08 1.000000000000000000e+00 6.600000000000000000e+01 7.172396040560054644e+03 7.228880621338939818e+03 1.313325000000000000e+04 0.000000000000000000e+00 2.057885185010703388e+00 2.039999999999999869e-01
1.117372490000000000e+08 1.000000000000000000e+00 6.600000000000000000e+01 7.172886040560055335e+03 7.227960621338941564e+03 1.313102000000000044e+04 0.000000000000000000e+00 2.262664340969006815e+00 9.199999999999999845e-02
1.117379060000000000e+08 0.000000000000000000e+00 6.600000000000000000e+01 7.169406040560055771e+03 7.238230621338940182e+03 1.312611000000000058e+04 0.000000000000000000e+00 7.903186947372177196e-01 4.169999999999999818e-01
1.117362870000000000e+08 1.000000000000000000e+00 6.600000000000000000e+01 7.180336040560055153e+03 7.227630621338939818e+03 1.312238999999999942e+04 0.000000000000000000e+00 1.890357097370795048e+00 9.199999999999999845e-02
1.117379070000000000e+08 1.000000000000000000e+00 6.600000000000000000e+01 7.175766040560054535e+03 7.245260621338940837e+03 1.312477000000000044e+04 0.000000000000000000e+00 5.083902720630563365e+00 9.199999999999999845e-02
1.117362050000000000e+08 1.000000000000000000e+00 6.500000000000000000e+01 7.178836040560055153e+03 7.242050621338941710e+03 1.312586000000000058e+04 0.000000000000000000e+00 3.687776419602133426e+00 9.199999999999999845e-02
1.117362880000000000e+08 1.000000000000000000e+00 6.500000000000000000e+01 7.189486040560054789e+03 7.240990621338940400e+03 1.312243000000000029e+04 0.000000000000000000e+00 3.730331179826501753e+00 4.169999999999999818e-01
1.117362890000000000e+08 1.000000000000000000e+00 6.500000000000000000e+01 7.185866040560055808e+03 7.238460621338941564e+03 1.312070999999999913e+04 0.000000000000000000e+00 2.931238903333700740e+00 9.199999999999999845e-02
1.117362880000000000e+08 1.000000000000000000e+00 6.600000000000000000e+01 7.180786040560054971e+03 7.234560621338940109e+03 1.311702999999999884e+04 0.000000000000000000e+00 4.655254571758538518e+00 6.099999999999999867e-02
1.117362880000000000e+08 1.000000000000000000e+00 6.500000000000000000e+01 7.194266040560055444e+03 7.241270621338939236e+03 1.311659000000000015e+04 0.000000000000000000e+00 3.099717173441674412e+00 2.039999999999999869e-01
1.117376120000000000e+08 1.000000000000000000e+00 6.500000000000000000e+01 7.213906040560054862e+03 7.233040621338939673e+03 1.311732999999999993e+04 0.000000000000000000e+00 8.595420713020406112e+00 2.039999999999999869e-01
1.117376160000000000e+08 1.000000000000000000e+00 6.500000000000000000e+01 7.227496040560055008e+03 7.236240621338940400e+03 1.309756999999999971e+04 0.000000000000000000e+00 3.526965060035813782e+00 9.199999999999999845e-02
1.117376940000000000e+08 1.000000000000000000e+00 6.600000000000000000e+01 7.230726040560054571e+03 7.256410621338940473e+03 1.310414999999999964e+04 0.000000000000000000e+00 6.010256848213730407e+00 6.099999999999999867e-02
1.117376940000000000e+08 1.000000000000000000e+00 6.600000000000000000e+01 7.232306040560055408e+03 7.260770621338939236e+03 1.309843000000000029e+04 0.000000000000000000e+00 6.491978252183471021e+00 2.400000000000000050e-02
1.117376940000000000e+08 1.000000000000000000e+00 6.600000000000000000e+01 7.232326040560054935e+03 7.260240621338940400e+03 1.309738000000000102e+04 0.000000000000000000e+00 6.087769922554414848e+00 6.099999999999999867e-02
1.117363080000000000e+08 1.000000000000000000e+00 6.500000000000000000e+01 7.225066040560054716e+03 7.275070621338940327e+03 1.309448999999999978e+04 0.000000000000000000e+00 2.694777597782658241e+00 2.039999999999999869e-01
1.117363030000000000e+08 1.000000000000000000e+00 6.600000000000000000e+01 7.212856040560055590e+03 7.268330621338940546e+03 1.310511999999999898e+04 0.000000000000000000e+00 9.167231854439529926e+00 4.169999999999999818e-01
1.117363030000000000e+08 1.000000000000000000e+00 6.600000000000000000e+01 7.210836040560055153e+03 7.269480621338940182e+03 1.310275000000000000e+04 0.000000000000000000e+00 6.557353970161746481e+00 9.199999999999999845e-02
1.117362170000000000e+08 1.000000000000000000e+00 6.500000000000000000e+01 7.196506040560055226e+03 7.275650621338940255e+03 1.311335000000000036e+04 0.000000000000000000e+00 6.580206274804688782e+00 2.400000000000000050e-02
1.117362990000000000e+08 1.000000000000000000e+00 6.500000000000000000e+01 7.201216040560055262e+03 7.268720621338939964e+03 1.310225000000000000e+04 0.000000000000000000e+00 3.891448727697313092e+00 8.349999999999999645e-01
1.117362990000000000e+08 1.000000000000000000e+00 6.500000000000000000e+01 7.201216040560055262e+03 7.268720621338939964e+03 1.310225000000000000e+04 0.000000000000000000e+00 3.891448727697313092e+00 7.168350000000000222e+00
1.117371600000000000e+08 1.000000000000000000e+00 6.600000000000000000e+01 7.179496040560055008e+03 7.208130621338939818e+03 1.317595000000000073e+04 0.000000000000000000e+00 7.629380341948118094e+00 9.199999999999999845e-02
1.117371600000000000e+08 1.000000000000000000e+00 6.600000000000000000e+01 7.179066040560054716e+03 7.208710621338941564e+03 1.317504999999999927e+04 0.000000000000000000e+00 7.146453825052528686e+00 9.199999999999999845e-02
1.117371610000000000e+08 1.000000000000000000e+00 6.600000000000000000e+01 7.170576040560055844e+03 7.213890621338940036e+03 1.318713999999999942e+04 0.000000000000000000e+00 5.559797584232643253e+00 9.199999999999999845e-02
1.117371660000000000e+08 1.000000000000000000e+00 6.500000000000000000e+01 7.175276040560054753e+03 7.212880621338939818e+03 1.320068999999999869e+04 0.000000000000000000e+00 6.561514217414372574e+00 9.199999999999999845e-02
1.117371660000000000e+08 1.000000000000000000e+00 6.500000000000000000e+01 7.175276040560054753e+03 7.212880621338939818e+03 1.320068999999999869e+04 0.000000000000000000e+00 6.561514217414372574e+00 7.348559999999999981e+00
1.117371610000000000e+08 1.000000000000000000e+00 6.600000000000000000e+01 7.181296040560055189e+03 7.207010621338940837e+03 1.318134000000000015e+04 0.000000000000000000e+00 6.676168699222428948e+00 9.199999999999999845e-02
1.117371600000000000e+08 1.000000000000000000e+00 6.600000000000000000e+01 7.184606040560055590e+03 7.217430621338940909e+03 1.317965999999999985e+04 0.000000000000000000e+00 3.534422104744773030e+00 9.199999999999999845e-02
1.117361920000000000e+08 1.000000000000000000e+00 6.500000000000000000e+01 7.197516040560055444e+03 7.228120621338941419e+03 1.317206999999999971e+04 0.000000000000000000e+00 4.165611954222670832e+00 2.400000000000000050e-02
1.117361910000000000e+08 1.000000000000000000e+00 6.500000000000000000e+01 7.194676040560055299e+03 7.232560621338940109e+03 1.317226000000000022e+04 0.000000000000000000e+00 6.858174045263683460e+00 9.199999999999999845e-02
1.117361960000000000e+08 1.000000000000000000e+00 6.600000000000000000e+01 7.191206040560055044e+03 7.236650621338940255e+03 1.316325000000000000e+04 0.000000000000000000e+00 1.634916044973272919e+00 4.169999999999999818e-01
1.117361960000000000e+08 1.000000000000000000e+00 6.600000000000000000e+01 7.191206040560055044e+03 7.236650621338940255e+03 1.316325000000000000e+04 0.000000000000000000e+00 1.634916044973272919e+00 7.060870000000000424e+00
1.117386150000000000e+08 1.000000000000000000e+00 6.600000000000000000e+01 7.122366040560055808e+03 7.115200621338939527e+03 1.311077999999999884e+04 0.000000000000000000e+00 6.452742866990304194e+00 9.199999999999999845e-02
1.117386930000000000e+08 1.000000000000000000e+00 6.500000000000000000e+01 7.103306040560055408e+03 7.119950621338939527e+03 1.312281999999999971e+04 0.000000000000000000e+00 6.875227634189083226e+00 2.400000000000000050e-02
1.117386140000000000e+08 1.000000000000000000e+00 6.600000000000000000e+01 7.109646040560055553e+03 7.120300621338939891e+03 1.311050000000000000e+04 0.000000000000000000e+00 2.720864064671380422e+00 4.169999999999999818e-01
1.117386150000000000e+08 1.000000000000000000e+00 6.600000000000000000e+01 7.119726040560055480e+03 7.111880621338939818e+03 1.311477000000000044e+04 0.000000000000000000e+00 8.469417653822969072e+00 9.199999999999999845e-02
1.117386140000000000e+08 0.000000000000000000e+00 6.600000000000000000e+01 7.109136040560055335e+03 7.115600621338940982e+03 1.310150000000000000e+04 0.000000000000000000e+00 1.507050129109933412e+00 6.099999999999999867e-02
1.117386150000000000e+08 0.000000000000000000e+00 6.500000000000000000e+01 7.100436040560054607e+03 7.111950621338939527e+03 1.309543000000000029e+04 0.000000000000000000e+00 2.973197123098483718e+00 9.199999999999999845e-02
1.117386900000000000e+08 1.000000000000000000e+00 6.500000000000000000e+01 7.093506040560055226e+03 7.109770621338941055e+03 1.310151000000000022e+04 0.000000000000000000e+00 1.780731335422387485e+00 9.199999999999999845e-02
1.117385430000000000e+08 0.000000000000000000e+00 6.500000000000000000e+01 7.085366040560054898e+03 7.084780621338941273e+03 1.309513999999999942e+04 0.000000000000000000e+00 1.772205220932800751e+00 9.199999999999999845e-02
1.117386320000000000e+08 1.000000000000000000e+00 6.600000000000000000e+01 7.103556040560055408e+03 7.072910621338940473e+03 1.307685000000000036e+04 0.000000000000000000e+00 3.209314257395241565e+00 6.099999999999999867e-02
1.117386310000000000e+08 1.000000000000000000e+00 6.600000000000000000e+01 7.101796040560056099e+03 7.078650621338940255e+03 1.307564999999999964e+04 0.000000000000000000e+00 5.173747191459054484e+00 2.400000000000000050e-02
1.117386250000000000e+08 1.000000000000000000e+00 6.500000000000000000e+01 7.098506040560055226e+03 7.085780621338941273e+03 1.308517000000000007e+04 0.000000000000000000e+00 6.096861641748157368e+00 9.199999999999999845e-02
1.117386310000000000e+08 0.000000000000000000e+00 6.600000000000000000e+01 7.112766040560054535e+03 7.074070621338940327e+03 1.308220999999999913e+04 0.000000000000000000e+00 9.077783953279111584e-01 8.349999999999999645e-01
1.117386280000000000e+08 1.000000000000000000e+00 6.600000000000000000e+01 7.113796040560055189e+03 7.088250621338940618e+03 1.307700000000000000e+04 0.000000000000000000e+00 7.583859377410813174e+00 4.169999999999999818e-01
1.117386280000000000e+08 1.000000000000000000e+00 6.600000000000000000e+01 7.114426040560055299e+03 7.089640621338940036e+03 1.307718000000000029e+04 0.000000000000000000e+00 7.843525882847226072e+00 2.400000000000000050e-02
1.117386280000000000e+08 1.000000000000000000e+00 6.600000000000000000e+01 7.120586040560055153e+03 7.093020621338939236e+03 1.308000000000000000e+04 0.000000000000000000e+00 9.253310230723155172e+00 9.199999999999999845e-02
1.117386320000000000e+08 1.000000000000000000e+00 6.500000000000000000e+01 7.120496040560055008e+03 7.083290621338939673e+03 1.307405999999999949e+04 0.000000000000000000e+00 6.002576813444675530e+00 9.199999999999999845e-02
1.117386370000000000e+08 1.000000000000000000e+00 6.600000000000000000e+01 7.121836040560056063e+03 7.073450621338941346e+03 1.306520000000000073e+04 0.000000000000000000e+00 2.070133181249068866e+00 9.199999999999999845e-02
1.117386360000000000e+08 1.000000000000000000e+00 6.600000000000000000e+01 7.122376040560055117e+03 7.070920621338940691e+03 1.306581999999999971e+04 0.000000000000000000e+00 2.204467511618922071e+00 9.199999999999999845e-02
1.117386360000000000e+08 1.000000000000000000e+00 6.600000000000000000e+01 7.122266040560054535e+03 7.069660621338940473e+03 1.306577000000000044e+04 0.000000000000000000e+00 2.575103457148331554e+00 9.199999999999999845e-02
1.117386360000000000e+08 1.000000000000000000e+00 6.600000000000000000e+01 7.122226040560055480e+03 7.069580621338940546e+03 1.306576000000000022e+04 0.000000000000000000e+00 2.506938602356772350e+00 9.199999999999999845e-02
1.117399130000000000e+08 0.000000000000000000e+00 6.500000000000000000e+01 7.123676040560055299e+03 7.066230621338940182e+03 1.306275000000000000e+04 0.000000000000000000e+00 1.894985784051009814e+00 2.400000000000000050e-02
1.117399120000000000e+08 1.000000000000000000e+00 6.500000000000000000e+01 7.123236040560054789e+03 7.065340621338940764e+03 1.306011000000000058e+04 0.000000000000000000e+00 9.353507149823711009e-01 9.199999999999999845e-02
1.117399130000000000e+08 0.000000000000000000e+00 6.500000000000000000e+01 7.124026040560055662e+03 7.066670621338940691e+03 1.306065999999999985e+04 0.000000000000000000e+00 1.929761682955342783e+00 4.169999999999999818e-01
1.117399130000000000e+08 0.000000000000000000e+00 6.500000000000000000e+01 7.124026040560055662e+03 7.066670621338940691e+03 1.306065999999999985e+04 0.000000000000000000e+00 1.929761682955342783e+00 7.212539999999999729e+00
9.136159100000000000e+07 1.000000000000000000e+00 6.500000000000000000e+01 7.374246040560055008e+03 5.260960621338939745e+03 1.083830999999999949e+04 0.000000000000000000e+00 5.320397459701281306e+00 6.099999999999999867e-02
9.136241900000000000e+07 1.000000000000000000e+00 6.500000000000000000e+01 7.344476040560054571e+03 5.252550621338939891e+03 1.083603000000000065e+04 0.000000000000000000e+00 2.824988792034724749e+00 1.124000000000000021e+01
9.136241900000000000e+07 1.000000000000000000e+00 6.500000000000000000e+01 7.344476040560054571e+03 5.252550621338939891e+03 1.083603000000000065e+04 0.000000000000000000e+00 2.824988792034724749e+00 6.233380000000000365e+00
8.966971400000000000e+07 0.000000000000000000e+00 6.600000000000000000e+01 7.465366040560055808e+03 5.022830621338940546e+03 1.045495000000000073e+04 0.000000000000000000e+00 1.758320335913523103e+00 6.099999999999999867e-02
8.966971400000000000e+07 0.000000000000000000e+00 6.600000000000000000e+01 7.461796040560056099e+03 5.028790621338939673e+03 1.044887999999999920e+04 0.000000000000000000e+00 5.106424167964576988e+00 1.078999999999999915e+01
8.966971200000000000e+07 0.000000000000000000e+00 6.600000000000000000e+01 7.473156040560055771e+03 5.029070621338940327e+03 1.045618000000000029e+04 0.000000000000000000e+00 1.472750298350623543e+00 5.000000000000000000e-01
8.966800700000000000e+07 1.000000000000000000e+00 6.600000000000000000e+01 7.480526040560055662e+03 5.025230621338940182e+03 1.044418999999999869e+04 0.000000000000000000e+00 1.510661980609310229e+00 4.169999999999999818e-01
8.966971400000000000e+07 0.000000000000000000e+00 6.600000000000000000e+01 7.461796040560056099e+03 5.028790621338939673e+03 1.044887999999999920e+04 0.000000000000000000e+00 5.106424167964576988e+00 1.671470000000000011e+00
6.862762400000000000e+07 1.000000000000000000e+00 6.500000000000000000e+01 8.101816040560055626e+03 3.919335621338939745e+03 8.101725000000000364e+03 0.000000000000000000e+00 9.295153780674472177e-01 7.172450000000000436e+00
6.142546800000000000e+07 1.000000000000000000e+00 6.500000000000000000e+01 8.429146040560055553e+03 3.538701621338940640e+03 7.232792000000000371e+03 0.000000000000000000e+00 4.197702251160595921e+00 9.199999999999999845e-02
6.142546600000000000e+07 1.000000000000000000e+00 6.600000000000000000e+01 8.432926040560054389e+03 3.535157621338940771e+03 7.229918999999999869e+03 0.000000000000000000e+00 2.559372511583223986e+00 6.099999999999999867e-02
6.142546500000000000e+07 1.000000000000000000e+00 6.600000000000000000e+01 8.433046040560057008e+03 3.538355621338940182e+03 7.223425000000000182e+03 0.000000000000000000e+00 7.996961405599112283e+00 9.199999999999999845e-02
6.142546900000000000e+07 1.000000000000000000e+00 6.500000000000000000e+01 8.433746040560054098e+03 3.540223621338940575e+03 7.233807999999999993e+03 0.000000000000000000e+00 1.395736871958080938e+00 8.220000000000000639e+00
6.142546900000000000e+07 1.000000000000000000e+00 6.500000000000000000e+01 8.434486040560055699e+03 3.540275621338940255e+03 7.232859999999999673e+03 0.000000000000000000e+00 1.682760726862986944e+00 4.169999999999999818e-01
6.142546900000000000e+07 1.000000000000000000e+00 6.500000000000000000e+01 8.434166040560055990e+03 3.540411621338940677e+03 7.230809000000000196e+03 0.000000000000000000e+00 3.359603919743092693e+00 9.199999999999999845e-02
6.142546600000000000e+07 1.000000000000000000e+00 6.600000000000000000e+01 8.432396040560055553e+03 3.537973621338940575e+03 7.226801000000000386e+03 0.000000000000000000e+00 5.838352613562840965e+00 9.199999999999999845e-02
6.142546600000000000e+07 1.000000000000000000e+00 6.600000000000000000e+01 8.432076040560055844e+03 3.537676621338940095e+03 7.226592999999999847e+03 0.000000000000000000e+00 5.799759081765974322e+00 5.000000000000000000e-01
6.142546600000000000e+07 1.000000000000000000e+00 6.600000000000000000e+01 8.432076040560055844e+03 3.537676621338940095e+03 7.226592999999999847e+03 0.000000000000000000e+00 5.799759081765974322e+00 7.109479999999999578e+00
6.142637200000000000e+07 1.000000000000000000e+00 6.600000000000000000e+01 8.438046040560055189e+03 3.528943621338940829e+03 7.215466000000000349e+03 0.000000000000000000e+00 3.777738693924848068e+00 1.605000000000000071e+01
6.142637600000000000e+07 0.000000000000000000e+00 6.500000000000000000e+01 8.451706040560056863e+03 3.521817621338940626e+03 7.222173999999999978e+03 0.000000000000000000e+00 1.585694804403823932e+00 1.078999999999999915e+01
6.142638500000000000e+07 1.000000000000000000e+00 6.500000000000000000e+01 8.484836040560056063e+03 3.508886621338940131e+03 7.230105999999999767e+03 0.000000000000000000e+00 5.193350467196420794e+00 1.078999999999999915e+01
6.142638500000000000e+07 1.000000000000000000e+00 6.500000000000000000e+01 8.480376040560055117e+03 3.510880621338940728e+03 7.232766999999999825e+03 0.000000000000000000e+00 1.027053349464110754e+00 6.099999999999999867e-02
6.142638500000000000e+07 1.000000000000000000e+00 6.500000000000000000e+01 8.481816040560053807e+03 3.510057621338940407e+03 7.233390999999999622e+03 0.000000000000000000e+00 8.548916119519210932e-01 8.220000000000000639e+00
6.142638500000000000e+07 1.000000000000000000e+00 6.500000000000000000e+01 8.482666040560055990e+03 3.509568621338940829e+03 7.233761999999999716e+03 0.000000000000000000e+00 1.656088811264917693e+00 9.199999999999999845e-02
6.142639000000000000e+07 1.000000000000000000e+00 6.600000000000000000e+01 8.491736040560055699e+03 3.510977621338940480e+03 7.237952999999999520e+03 0.000000000000000000e+00 5.813355119359949974e+00 1.339000000000000057e+01
6.142639000000000000e+07 1.000000000000000000e+00 6.600000000000000000e+01 8.493126040560055117e+03 3.516884621338940633e+03 7.235233000000000175e+03 0.000000000000000000e+00 4.163402604405422869e-01 9.199999999999999845e-02
6.142539300000000000e+07 1.000000000000000000e+00 6.500000000000000000e+01 8.496116040560056717e+03 3.516532621338940771e+03 7.232926000000000386e+03 0.000000000000000000e+00 2.533132708586511406e+00 8.349999999999999645e-01
6.142639100000000000e+07 1.000000000000000000e+00 6.600000000000000000e+01 8.491596040560054462e+03 3.510416621338940786e+03 7.241643000000000029e+03 0.000000000000000000e+00 8.529400224534967379e+00 9.199999999999999845e-02
6.142539100000000000e+07 1.000000000000000000e+00 6.600000000000000000e+01 8.480666040560055990e+03 3.520967621338940262e+03 7.256640999999999622e+03 0.000000000000000000e+00 9.658179882560833818e+00 9.199999999999999845e-02
6.142638800000000000e+07 1.000000000000000000e+00 6.500000000000000000e+01 8.472126040560055117e+03 3.527355621338940182e+03 7.256712999999999738e+03 0.000000000000000000e+00 7.431880214788266770e+00 6.099999999999999867e-02
6.142638800000000000e+07 1.000000000000000000e+00 6.500000000000000000e+01 8.471216040560055262e+03 3.527163621338940175e+03 7.257314999999999600e+03 0.000000000000000000e+00 8.159477894663664799e+00 2.400000000000000050e-02
6.142638800000000000e+07 1.000000000000000000e+00 6.500000000000000000e+01 8.472996040560054098e+03 3.528086621338939949e+03 7.249774000000000342e+03 0.000000000000000000e+00 9.386290529228042967e-01 2.400000000000000050e-02
6.142638600000000000e+07 1.000000000000000000e+00 6.500000000000000000e+01 8.467176040560054389e+03 3.520826621338940640e+03 7.245590000000000146e+03 0.000000000000000000e+00 4.001102148521506585e+00 4.169999999999999818e-01
6.142538900000000000e+07 0.000000000000000000e+00 6.500000000000000000e+01 8.466856040560054680e+03 3.521441621338940422e+03 7.242210000000000036e+03 0.000000000000000000e+00 1.529920843208649295e+00 9.199999999999999845e-02
6.142538900000000000e+07 0.000000000000000000e+00 6.500000000000000000e+01 8.466836040560054244e+03 3.521694621338940124e+03 7.241128999999999905e+03 0.000000000000000000e+00 9.928412569919856656e-01 9.199999999999999845e-02
6.142638400000000000e+07 0.000000000000000000e+00 6.600000000000000000e+01 8.466786040560054971e+03 3.522206621338940749e+03 7.238939000000000306e+03 0.000000000000000000e+00 8.534599129021172015e-01 2.039999999999999869e-01
6.142638400000000000e+07 0.000000000000000000e+00 6.600000000000000000e+01 8.466786040560054971e+03 3.522206621338940749e+03 7.238939000000000306e+03 0.000000000000000000e+00 8.534599129021172015e-01 7.200020000000000309e+00
6.142639000000000000e+07 1.000000000000000000e+00 6.600000000000000000e+01 8.491736040560055699e+03 3.510977621338940480e+03 7.237952999999999520e+03 0.000000000000000000e+00 5.813355119359949974e+00 5.860319999999999752e+00
6.142638400000000000e+07 1.000000000000000000e+00 6.500000000000000000e+01 8.485106040560054680e+03 3.508388621338940538e+03 7.229186999999999898e+03 0.000000000000000000e+00 5.322245895398614479e+00 1.339000000000000057e+01
6.142638400000000000e+07 1.000000000000000000e+00 6.500000000000000000e+01 8.485106040560054680e+03 3.508388621338940538e+03 7.229186999999999898e+03 0.000000000000000000e+00 5.322245895398614479e+00 4.673250000000000348e+00
6.142638400000000000e+07 1.000000000000000000e+00 6.500000000000000000e+01 8.485106040560054680e+03 3.508388621338940538e+03 7.229186999999999898e+03 0.000000000000000000e+00 5.322245895398614479e+00 8.405040000000000289e-01
6.142637600000000000e+07 0.000000000000000000e+00 6.500000000000000000e+01 8.451706040560056863e+03 3.521817621338940626e+03 7.222173999999999978e+03 0.000000000000000000e+00 1.585694804403823932e+00 1.597299999999999942e+00
6.142637100000000000e+07 1.000000000000000000e+00 6.600000000000000000e+01 8.443376040560055117e+03 3.523491621338940604e+03 7.209421000000000276e+03 0.000000000000000000e+00 1.508639167999788588e+00 1.078999999999999915e+01
6.142545600000000000e+07 0.000000000000000000e+00 6.600000000000000000e+01 8.439566040560055626e+03 3.508352621338940480e+03 7.208006999999999607e+03 0.000000000000000000e+00 1.279069589137822982e+00 4.169999999999999818e-01
6.142636800000000000e+07 1.000000000000000000e+00 6.500000000000000000e+01 8.434106040560054680e+03 3.534980621338940182e+03 7.212328999999999724e+03 0.000000000000000000e+00 4.295921456895942292e+00 4.169999999999999818e-01
6.142636800000000000e+07 1.000000000000000000e+00 6.500000000000000000e+01 8.431596040560056281e+03 3.536775621338940255e+03 7.214935999999999694e+03 0.000000000000000000e+00 8.129123369658104892e+00 6.099999999999999867e-02
6.142636800000000000e+07 1.000000000000000000e+00 6.500000000000000000e+01 8.431266040560054535e+03 3.542009621338940633e+03 7.204931999999999789e+03 0.000000000000000000e+00 9.929071002140187119e+00 4.169999999999999818e-01
6.142636700000000000e+07 1.000000000000000000e+00 6.500000000000000000e+01 8.436486040560055699e+03 3.537097621338940371e+03 7.196579999999999927e+03 0.000000000000000000e+00 6.333870041273809370e+00 4.169999999999999818e-01
6.142636600000000000e+07 1.000000000000000000e+00 6.500000000000000000e+01 8.440006040560056135e+03 3.532876621338940822e+03 7.190993999999999687e+03 0.000000000000000000e+00 4.984589620192807935e+00 6.099999999999999867e-02
6.142636300000000000e+07 1.000000000000000000e+00 6.600000000000000000e+01 8.442266040560054535e+03 3.534782621338940771e+03 7.183573000000000320e+03 0.000000000000000000e+00 8.138888009579158478e+00 9.199999999999999845e-02
6.142636200000000000e+07 1.000000000000000000e+00 6.600000000000000000e+01 8.442836040560054244e+03 3.545885621338940837e+03 7.176226999999999862e+03 0.000000000000000000e+00 6.678872768803704396e+00 9.199999999999999845e-02
6.142636200000000000e+07 1.000000000000000000e+00 6.600000000000000000e+01 8.446356040560054680e+03 3.546356621338940386e+03 7.174926000000000386e+03 0.000000000000000000e+00 4.008828670063852684e+00 6.099999999999999867e-02
6.142555400000000000e+07 1.000000000000000000e+00 6.600000000000000000e+01 8.438986040560055699e+03 3.555087621338940153e+03 7.172657000000000153e+03 0.000000000000000000e+00 6.712354752388558943e+00 9.199999999999999845e-02
6.142635900000000000e+07 1.000000000000000000e+00 6.500000000000000000e+01 8.454306040560055408e+03 3.562763621338940538e+03 7.179889000000000124e+03 0.000000000000000000e+00 9.949599860686252129e+00 2.400000000000000050e-02
6.142555700000000000e+07 1.000000000000000000e+00 6.500000000000000000e+01 8.442866040560054898e+03 3.566779621338940160e+03 7.180297999999999774e+03 0.000000000000000000e+00 8.868653893599887539e+00 9.199999999999999845e-02
6.142555700000000000e+07 1.000000000000000000e+00 6.500000000000000000e+01 8.446946040560054826e+03 3.567584621338940451e+03 7.176418999999999869e+03 0.000000000000000000e+00 6.005816914476324264e+00 8.349999999999999645e-01
6.142555700000000000e+07 1.000000000000000000e+00 6.500000000000000000e+01 8.446106040560054680e+03 3.570388621338940538e+03 7.175467999999999847e+03 0.000000000000000000e+00 6.761915907351735200e+00 9.199999999999999845e-02
6.142555700000000000e+07 1.000000000000000000e+00 6.500000000000000000e+01 8.446106040560054680e+03 3.570388621338940538e+03 7.175467999999999847e+03 0.000000000000000000e+00 6.761915907351735200e+00 7.375539999999999985e+00
6.142637100000000000e+07 1.000000000000000000e+00 6.600000000000000000e+01 8.443376040560055117e+03 3.523491621338940604e+03 7.209421000000000276e+03 0.000000000000000000e+00 1.508639167999788588e+00 5.803779999999999717e+00
6.142458100000000000e+07 1.000000000000000000e+00 6.500000000000000000e+01 8.464896040560055553e+03 3.479867621338940808e+03 7.085326000000000022e+03 0.000000000000000000e+00 3.691141648249102403e+00 4.169999999999999818e-01
6.142589300000000000e+07 0.000000000000000000e+00 6.600000000000000000e+01 8.437396040560055553e+03 3.475897621338940553e+03 7.091287999999999556e+03 0.000000000000000000e+00 1.906703513023389363e+00 2.400000000000000050e-02
6.142589500000000000e+07 0.000000000000000000e+00 6.600000000000000000e+01 8.435246040560055917e+03 3.468871621338940713e+03 7.088936999999999898e+03 0.000000000000000000e+00 1.688857955259777111e+00 6.099999999999999867e-02
6.142589600000000000e+07 1.000000000000000000e+00 6.600000000000000000e+01 8.434506040560056135e+03 3.465431621338940204e+03 7.084029999999999745e+03 0.000000000000000000e+00 3.218779914146085552e+00 4.169999999999999818e-01
6.142606200000000000e+07 1.000000000000000000e+00 6.500000000000000000e+01 8.437976040560055480e+03 3.461998621338940211e+03 7.080485999999999876e+03 0.000000000000000000e+00 5.112049289534590812e+00 9.199999999999999845e-02
6.142598400000000000e+07 1.000000000000000000e+00 6.600000000000000000e+01 8.440726040560055480e+03 3.456310621338940109e+03 7.078689999999999600e+03 0.000000000000000000e+00 5.466689698730383462e+00 9.199999999999999845e-02
6.142597800000000000e+07 1.000000000000000000e+00 6.600000000000000000e+01 8.450236040560055699e+03 3.443581621338940749e+03 7.085798999999999978e+03 0.000000000000000000e+00 1.365685508015107352e+00 6.099999999999999867e-02
6.142589800000000000e+07 1.000000000000000000e+00 6.500000000000000000e+01 8.449376040560055117e+03 3.456832621338940044e+03 7.093335000000000036e+03 0.000000000000000000e+00 8.205752063856181167e+00 4.169999999999999818e-01
6.142589400000000000e+07 1.000000000000000000e+00 6.600000000000000000e+01 8.445126040560055117e+03 3.469089621338940560e+03 7.099706000000000131e+03 0.000000000000000000e+00 6.181090566560400568e+00 9.199999999999999845e-02
6.142589600000000000e+07 1.000000000000000000e+00 6.500000000000000000e+01 8.444656040560053953e+03 3.467552621338940298e+03 7.103913999999999760e+03 0.000000000000000000e+00 7.519541772943648006e+00 6.099999999999999867e-02
6.142589600000000000e+07 1.000000000000000000e+00 6.500000000000000000e+01 8.444226040560053661e+03 3.466185621338940109e+03 7.107657000000000153e+03 0.000000000000000000e+00 8.979491079829340805e+00 2.400000000000000050e-02
6.142619400000000000e+07 1.000000000000000000e+00 6.500000000000000000e+01 8.462186040560054607e+03 3.458019621338940851e+03 7.103399000000000342e+03 0.000000000000000000e+00 7.305122857308022688e+00 9.199999999999999845e-02
6.142589600000000000e+07 1.000000000000000000e+00 6.500000000000000000e+01 8.436956040560055044e+03 3.462473621338940575e+03 7.107728000000000065e+03 0.000000000000000000e+00 4.091301206379343469e+00 6.099999999999999867e-02
6.142589600000000000e+07 1.000000000000000000e+00 6.500000000000000000e+01 8.436946040560054826e+03 3.462477621338940480e+03 7.107724000000000160e+03 0.000000000000000000e+00 4.080360047940619239e+00 6.099999999999999867e-02
6.142589600000000000e+07 1.000000000000000000e+00 6.500000000000000000e+01 8.440116040560054898e+03 3.462771621338940349e+03 7.110011000000000422e+03 0.000000000000000000e+00 7.706933931134887672e+00 2.400000000000000050e-02
6.142589700000000000e+07 1.000000000000000000e+00 6.500000000000000000e+01 8.444236040560055699e+03 3.462501621338940822e+03 7.104954999999999927e+03 0.000000000000000000e+00 7.086551512708859413e+00 9.199999999999999845e-02
6.142589700000000000e+07 1.000000000000000000e+00 6.500000000000000000e+01 8.444466040560055262e+03 3.461733621338940793e+03 7.104122000000000298e+03 0.000000000000000000e+00 6.707292704458663657e+00 9.199999999999999845e-02
6.142589700000000000e+07 1.000000000000000000e+00 6.500000000000000000e+01 8.447076040560055844e+03 3.462400621338940255e+03 7.100337999999999738e+03 0.000000000000000000e+00 7.685611925248824861e+00 6.099999999999999867e-02
6.142589800000000000e+07 1.000000000000000000e+00 6.500000000000000000e+01 8.445016040560054535e+03 3.457778621338940866e+03 7.100019000000000233e+03 0.000000000000000000e+00 5.166503436473642630e+00 1.078999999999999915e+01
6.142589800000000000e+07 1.000000000000000000e+00 6.500000000000000000e+01 8.445016040560054535e+03 3.457778621338940866e+03 7.100019000000000233e+03 0.000000000000000000e+00 5.166503436473642630e+00 7.732769999999999921e-01
6.142589800000000000e+07 1.000000000000000000e+00 6.500000000000000000e+01 8.445016040560054535e+03 3.457778621338940866e+03 7.100019000000000233e+03 0.000000000000000000e+00 5.166503436473642630e+00 1.125030000000000058e-01
5.170752400000000000e+07 1.000000000000000000e+00 6.500000000000000000e+01 8.709206040560055044e+03 3.379766621338940240e+03 6.174710000000000036e+03 0.000000000000000000e+00 6.806803273703826207e+00 4.169999999999999818e-01
5.170752500000000000e+07 1.000000000000000000e+00 6.500000000000000000e+01 8.709786040560054971e+03 3.377256621338940022e+03 6.168119999999999891e+03 0.000000000000000000e+00 3.349452422288825559e+00 8.349999999999999645e-01
5.170752500000000000e+07 1.000000000000000000e+00 6.500000000000000000e+01 8.709786040560054971e+03 3.377256621338940022e+03 6.168119999999999891e+03 0.000000000000000000e+00 3.349452422288825559e+00 7.090040000000000120e+00
5.170841400000000000e+07 1.000000000000000000e+00 6.500000000000000000e+01 8.721766040560054535e+03 3.329812621338940517e+03 6.057729999999999563e+03 0.000000000000000000e+00 4.170739875291880949e+00 4.169999999999999818e-01
5.170841400000000000e+07 1.000000000000000000e+00 6.500000000000000000e+01 8.728266040560054535e+03 3.334700621338940437e+03 6.054960000000000036e+03 0.000000000000000000e+00 8.483803358756583535e+00 2.400000000000000050e-02
5.170842000000000000e+07 1.000000000000000000e+00 6.600000000000000000e+01 8.709426040560054389e+03 3.333216621338940058e+03 6.057819999999999709e+03 0.000000000000000000e+00 6.893335074502130233e+00 9.199999999999999845e-02
5.170842000000000000e+07 1.000000000000000000e+00 6.600000000000000000e+01 8.708226040560053661e+03 3.328412621338939971e+03 6.056979999999999563e+03 0.000000000000000000e+00 7.002019400194614107e+00 6.099999999999999867e-02
5.170842000000000000e+07 1.000000000000000000e+00 6.600000000000000000e+01 8.712816040560055626e+03 3.332822621338940735e+03 6.055130000000000109e+03 0.000000000000000000e+00 8.610873023767508627e+00 6.099999999999999867e-02
3.461554600000000000e+07 1.000000000000000000e+00 6.600000000000000000e+01 9.852126040560055117e+03 3.364927621338940298e+03 4.149399999999999636e+03 0.000000000000000000e+00 7.128275444709800013e+00 2.400000000000000050e-02
3.461554700000000000e+07 1.000000000000000000e+00 6.600000000000000000e+01 9.854616040560054898e+03 3.355114621338940196e+03 4.149159999999999854e+03 0.000000000000000000e+00 9.986815692565247815e+00 2.039999999999999869e-01
9.207861000000000000e+07 1.000000000000000000e+00 6.500000000000000000e+01 1.027727604056005475e+04 5.728100621338940982e+03 1.076676000000000022e+04 1.000000000000000000e+00 4.791971796061259559e-01 2.420000000000000000e+02
1.002786150000000000e+08 0.000000000000000000e+00 6.500000000000000000e+01 1.101332604056005584e+04 5.581380621338939818e+03 1.182300000000000000e+04 1.000000000000000000e+00 1.987472219207587987e+00 2.420000000000000000e+02
1.002786140000000000e+08 1.000000000000000000e+00 6.600000000000000000e+01 1.101065604056005577e+04 5.582070621338940327e+03 1.182976000000000022e+04 1.000000000000000000e+00 7.760276478889536200e-01 2.420000000000000000e+02
1.002793230000000000e+08 1.000000000000000000e+00 6.500000000000000000e+01 1.099085604056005468e+04 5.629160621338940473e+03 1.171209999999999854e+04 1.000000000000000000e+00 4.465528142305803527e-01 2.420000000000000000e+02
9.207868700000000000e+07 1.000000000000000000e+00 6.600000000000000000e+01 1.029415604056005577e+04 5.726970621338939964e+03 1.075428000000000065e+04 1.000000000000000000e+00 8.033085717644916635e-01 2.420000000000000000e+02
9.207853500000000000e+07 0.000000000000000000e+00 6.500000000000000000e+01 1.027732604056005584e+04 5.725170621338940691e+03 1.074238000000000102e+04 1.000000000000000000e+00 1.485730449631909700e+00 2.420000000000000000e+02
2.202730200000000000e+07 0.000000000000000000e+00 6.600000000000000000e+01 1.315216204056005517e+04 3.062073321338940332e+03 2.475930000000000291e+03 1.000000000000000000e+00 1.730133246355716414e+00 2.420000000000000000e+02
7.195874000000000000e+07 0.000000000000000000e+00 6.600000000000000000e+01 1.040891604056005599e+04 5.734160621338940473e+03 8.559369999999998981e+03 1.000000000000000000e+00 2.886742391902011207e+00 2.420000000000000000e+02
7.195929500000000000e+07 0.000000000000000000e+00 6.500000000000000000e+01 1.046579604056005519e+04 5.684690621338941128e+03 8.350337999999999738e+03 1.000000000000000000e+00 1.984105036951463674e+00 2.420000000000000000e+02
2.202983900000000000e+07 1.000000000000000000e+00 6.600000000000000000e+01 1.321792104056005519e+04 3.066610621338940291e+03 2.367769999999999527e+03 1.000000000000000000e+00 4.578298641893078780e-01 2.420000000000000000e+02
7.761304700000000000e+07 0.000000000000000000e+00 6.500000000000000000e+01 1.019067604056005439e+04 5.762730621338940182e+03 9.165739999999999782e+03 1.000000000000000000e+00 2.438796951750066722e+00 2.420000000000000000e+02
9.773926100000000000e+07 0.000000000000000000e+00 6.500000000000000000e+01 1.067083604056005424e+04 5.651650621338940255e+03 1.144202999999999884e+04 1.000000000000000000e+00 2.805936482674463939e+00 2.420000000000000000e+02
1.002779560000000000e+08 0.000000000000000000e+00 6.500000000000000000e+01 1.099651604056005453e+04 5.620950621338939527e+03 1.175132999999999993e+04 1.000000000000000000e+00 1.515510750476905644e+00 2.420000000000000000e+02
7.196048100000000000e+07 0.000000000000000000e+00 6.600000000000000000e+01 1.049502604056005475e+04 5.693590621338940764e+03 8.349356999999999971e+03 1.000000000000000000e+00 1.110287601846920547e+00 2.420000000000000000e+02
2.202730400000000000e+07 1.000000000000000000e+00 6.500000000000000000e+01 1.315740804056005436e+04 3.055591521338940765e+03 2.462069999999999709e+03 1.000000000000000000e+00 7.859539401627565480e-01 2.420000000000000000e+02
