2.048087000000000000e+07 1.000000000000000000e+00 6.600000000000000000e+01 2.529760000000000218e+03 1.098067652969199116e+04 2.519071662105477117e+03 0.000000000000000000e+00 2.007658741693263860e+00 1.605000000000000071e+01
2.048086800000000000e+07 1.000000000000000000e+00 6.500000000000000000e+01 2.535309999999999491e+03 1.099827812969199113e+04 2.524416182105476764e+03 0.000000000000000000e+00 6.922008404269865967e-01 8.220000000000000639e+00
2.048086800000000000e+07 1.000000000000000000e+00 6.500000000000000000e+01 2.535890000000000327e+03 1.099946082969199051e+04 2.524499072105477353e+03 0.000000000000000000e+00 7.335460152359782882e-01 1.124000000000000021e+01
2.048187100000000000e+07 1.000000000000000000e+00 6.500000000000000000e+01 2.525939999999999600e+03 1.100531162969199067e+04 2.520123292105477049e+03 0.000000000000000000e+00 4.181055496395909898e+00 2.400000000000000050e-02
2.048186800000000000e+07 1.000000000000000000e+00 6.600000000000000000e+01 2.522970000000000255e+03 1.100201142969199100e+04 2.518084742105476835e+03 0.000000000000000000e+00 2.127752477116993557e+00 1.339000000000000057e+01
2.048186700000000000e+07 0.000000000000000000e+00 6.600000000000000000e+01 2.523249999999999091e+03 1.100150692969199008e+04 2.524346322105477157e+03 0.000000000000000000e+00 9.197572267717031291e-01 9.199999999999999845e-02
2.048186800000000000e+07 0.000000000000000000e+00 6.500000000000000000e+01 2.527609999999999673e+03 1.099903972969199094e+04 2.526375182105477506e+03 0.000000000000000000e+00 1.023545559612101696e+00 1.078999999999999915e+01
2.048186800000000000e+07 0.000000000000000000e+00 6.500000000000000000e+01 2.527609999999999673e+03 1.099903972969199094e+04 2.526375182105477506e+03 0.000000000000000000e+00 1.023545559612101696e+00 7.220220000000000304e+00
2.048186800000000000e+07 0.000000000000000000e+00 6.500000000000000000e+01 2.527609999999999673e+03 1.099903972969199094e+04 2.526375182105477506e+03 0.000000000000000000e+00 1.023545559612101696e+00 8.687650000000000095e-01
2.048186800000000000e+07 1.000000000000000000e+00 6.600000000000000000e+01 2.522890000000000327e+03 1.100198862969199035e+04 2.518117998105477454e+03 0.000000000000000000e+00 2.041391142720079710e+00 9.199999999999999845e-02
2.048186800000000000e+07 1.000000000000000000e+00 6.600000000000000000e+01 2.515779999999999745e+03 1.099942962969199107e+04 2.511853322105476764e+03 0.000000000000000000e+00 6.123740969708356019e+00 2.400000000000000050e-02
2.048087600000000000e+07 1.000000000000000000e+00 6.600000000000000000e+01 2.514789999999999964e+03 1.099640992969199215e+04 2.505600162105477466e+03 0.000000000000000000e+00 8.344363168159542710e+00 9.199999999999999845e-02
2.048087600000000000e+07 1.000000000000000000e+00 6.600000000000000000e+01 2.518710000000000036e+03 1.099837412969199067e+04 2.508819162105477517e+03 0.000000000000000000e+00 6.229569095059280137e+00 2.400000000000000050e-02
2.048087400000000000e+07 0.000000000000000000e+00 6.600000000000000000e+01 2.530989999999999782e+03 1.099224842969199017e+04 2.506080062105476827e+03 0.000000000000000000e+00 1.573967310110561346e+00 9.199999999999999845e-02
2.048087200000000000e+07 1.000000000000000000e+00 6.500000000000000000e+01 2.520060000000000400e+03 1.099405262969199248e+04 2.509966182105476946e+03 0.000000000000000000e+00 3.701051053925071610e+00 9.199999999999999845e-02
2.048187200000000000e+07 1.000000000000000000e+00 6.500000000000000000e+01 2.529119999999999891e+03 1.100408242969199091e+04 2.510127632105477460e+03 0.000000000000000000e+00 8.526011820662265928e-01 9.199999999999999845e-02
2.048187200000000000e+07 1.000000000000000000e+00 6.600000000000000000e+01 2.541039999999999964e+03 1.099241992969199055e+04 2.517313742105477104e+03 0.000000000000000000e+00 3.976923033402690599e+00 9.199999999999999845e-02
2.048086900000000000e+07 0.000000000000000000e+00 6.500000000000000000e+01 2.537700000000000728e+03 1.099699712969199027e+04 2.521157152105477508e+03 0.000000000000000000e+00 4.050967362551738837e+00 9.199999999999999845e-02
2.048086800000000000e+07 1.000000000000000000e+00 6.500000000000000000e+01 2.538559999999999491e+03 1.099756442969199088e+04 2.522914602105477570e+03 0.000000000000000000e+00 2.113511211010953517e+00 6.099999999999999867e-02
2.048086700000000000e+07 1.000000000000000000e+00 6.500000000000000000e+01 2.541260000000000218e+03 1.099185532969199085e+04 2.525728612105476714e+03 0.000000000000000000e+00 3.754780288916595321e+00 6.099999999999999867e-02
2.048086700000000000e+07 1.000000000000000000e+00 6.500000000000000000e+01 2.541649999999999636e+03 1.099060777969199080e+04 2.526158402105476853e+03 0.000000000000000000e+00 4.118397556546980809e+00 5.000000000000000000e-01
2.048086700000000000e+07 1.000000000000000000e+00 6.500000000000000000e+01 2.541649999999999636e+03 1.099060777969199080e+04 2.526158402105476853e+03 0.000000000000000000e+00 4.118397556546980809e+00 7.211929999999999730e+00
2.056037300000000000e+07 0.000000000000000000e+00 6.500000000000000000e+01 4.222579999999999927e+03 1.096261292969198985e+04 2.507615462105477491e+03 1.000000000000000000e+00 2.830940557679778813e+00 3.400000000000000000e+01
2.048396200000000000e+07 0.000000000000000000e+00 6.600000000000000000e+01 2.704310000000000400e+03 1.097779157969199150e+04 2.515646472105477187e+03 1.000000000000000000e+00 1.025944876640013881e+00 3.400000000000000000e+01
2.048186500000000000e+07 1.000000000000000000e+00 6.600000000000000000e+01 2.524710000000000036e+03 1.101407172969199019e+04 2.539412862105476961e+03 1.000000000000000000e+00 7.974386331738264611e-01 3.400000000000000000e+01
2.048096000000000000e+07 1.000000000000000000e+00 6.600000000000000000e+01 2.537080000000000837e+03 1.100351162969199140e+04 2.490219862105476750e+03 1.000000000000000000e+00 7.751075553996007450e-01 3.400000000000000000e+01
2.057263400000000000e+07 1.000000000000000000e+00 6.600000000000000000e+01 5.402039999999999964e+03 1.095573932969199086e+04 2.501724362105476757e+03 1.000000000000000000e+00 7.688267255574943171e-01 3.400000000000000000e+01
2.048086900000000000e+07 0.000000000000000000e+00 6.500000000000000000e+01 2.532470000000000255e+03 1.099214562969199142e+04 2.521965692105477501e+03 1.000000000000000000e+00 5.607238636994549275e-01 3.400000000000000000e+01
2.056037200000000000e+07 0.000000000000000000e+00 6.500000000000000000e+01 4.225469999999999345e+03 1.096626522969199141e+04 2.505826762105477428e+03 1.000000000000000000e+00 2.668609800675000976e+00 3.400000000000000000e+01
