6.794636100000000000e+07 1.000000000000000000e+00 6.600000000000000000e+01 1.185423255746187351e+03 1.681153850638661424e+03 8.034336999999999534e+03 0.000000000000000000e+00 3.194339046047869779e+00 3.229999999999999716e+01
6.794636100000000000e+07 1.000000000000000000e+00 6.600000000000000000e+01 1.185517455746186897e+03 1.680392450638661103e+03 8.033188000000000102e+03 0.000000000000000000e+00 3.046203043444611680e+00 1.078999999999999915e+01
6.794636100000000000e+07 1.000000000000000000e+00 6.600000000000000000e+01 1.186399955746187516e+03 1.682247850638660566e+03 8.035248999999999796e+03 0.000000000000000000e+00 3.466542165199048675e+00 6.099999999999999867e-02
6.794636100000000000e+07 1.000000000000000000e+00 6.600000000000000000e+01 1.190870855746186862e+03 1.679982250638660844e+03 8.033503999999999905e+03 0.000000000000000000e+00 5.787303529382859857e+00 2.400000000000000050e-02
6.794516100000000000e+07 1.000000000000000000e+00 6.500000000000000000e+01 1.190731655746187243e+03 1.663131750638661288e+03 8.045050000000000182e+03 0.000000000000000000e+00 4.273894511782537542e+00 9.199999999999999845e-02
6.794516100000000000e+07 1.000000000000000000e+00 6.500000000000000000e+01 1.192763355746186789e+03 1.662916750638661142e+03 8.043390999999999622e+03 0.000000000000000000e+00 4.961557859410206994e+00 9.199999999999999845e-02
6.794516100000000000e+07 1.000000000000000000e+00 6.500000000000000000e+01 1.196866055746187158e+03 1.663172950638660950e+03 8.041627000000000407e+03 0.000000000000000000e+00 8.619724583145840668e+00 2.400000000000000050e-02
6.794515900000000000e+07 1.000000000000000000e+00 6.600000000000000000e+01 1.202314855746187277e+03 1.656697950638660586e+03 8.060595999999999549e+03 0.000000000000000000e+00 4.088825623732302184e+00 9.199999999999999845e-02
6.794516000000000000e+07 0.000000000000000000e+00 6.500000000000000000e+01 1.192287455746187334e+03 1.655154050638660920e+03 8.056346999999999753e+03 0.000000000000000000e+00 2.573468324033449495e+00 9.199999999999999845e-02
6.794516400000000000e+07 0.000000000000000000e+00 6.600000000000000000e+01 1.189379855746186877e+03 1.653599150638660831e+03 8.039608000000000175e+03 0.000000000000000000e+00 4.668918170638832521e+00 9.199999999999999845e-02
6.794516700000000000e+07 0.000000000000000000e+00 6.600000000000000000e+01 1.190701755746186791e+03 1.643650650638661318e+03 8.032453999999999724e+03 0.000000000000000000e+00 2.080391308448210630e+00 9.199999999999999845e-02
6.794516800000000000e+07 0.000000000000000000e+00 6.500000000000000000e+01 1.189838655746187214e+03 1.639792050638660839e+03 8.030547000000000480e+03 0.000000000000000000e+00 2.005529909351114526e+00 4.169999999999999818e-01
6.794516700000000000e+07 1.000000000000000000e+00 6.500000000000000000e+01 1.184941255746187380e+03 1.633452940638660948e+03 8.035479999999999563e+03 0.000000000000000000e+00 2.476320427636406585e+00 9.199999999999999845e-02
6.794516900000000000e+07 0.000000000000000000e+00 6.600000000000000000e+01 1.194997355746187168e+03 1.635637650638661398e+03 8.028302999999999884e+03 0.000000000000000000e+00 3.554648923978516617e+00 9.199999999999999845e-02
6.794389500000000000e+07 1.000000000000000000e+00 6.600000000000000000e+01 1.197308155746187367e+03 1.629612770638660550e+03 8.055301000000000386e+03 0.000000000000000000e+00 5.579688952348130115e+00 6.099999999999999867e-02
6.794389500000000000e+07 1.000000000000000000e+00 6.600000000000000000e+01 1.197007355746187386e+03 1.627291710638661243e+03 8.058425000000000182e+03 0.000000000000000000e+00 4.445895171336227136e+00 2.400000000000000050e-02
6.794389100000000000e+07 1.000000000000000000e+00 6.500000000000000000e+01 1.196780255746187322e+03 1.622735230638661051e+03 8.065246000000000095e+03 0.000000000000000000e+00 5.210359577465053960e+00 8.349999999999999645e-01
6.794397700000000000e+07 1.000000000000000000e+00 6.500000000000000000e+01 1.201586055746187412e+03 1.619295950638660543e+03 8.048386000000000422e+03 0.000000000000000000e+00 4.439313138139361570e+00 9.199999999999999845e-02
6.794397700000000000e+07 1.000000000000000000e+00 6.500000000000000000e+01 1.202609355746187248e+03 1.621474620638660781e+03 8.048100999999999658e+03 0.000000000000000000e+00 3.615080036824980247e+00 9.199999999999999845e-02
6.794524900000000000e+07 1.000000000000000000e+00 6.500000000000000000e+01 1.204406355746186819e+03 1.624018467638660695e+03 8.050152000000000044e+03 0.000000000000000000e+00 2.176153826638298483e+00 9.199999999999999845e-02
6.794524900000000000e+07 1.000000000000000000e+00 6.500000000000000000e+01 1.214465545746186763e+03 1.628231710638660843e+03 8.052922999999999774e+03 0.000000000000000000e+00 5.392946910760970880e+00 9.199999999999999845e-02
6.794524900000000000e+07 1.000000000000000000e+00 6.500000000000000000e+01 1.213953775746187603e+03 1.631753830638661384e+03 8.050613999999999578e+03 0.000000000000000000e+00 8.627682682147685966e+00 6.099999999999999867e-02
6.794516400000000000e+07 1.000000000000000000e+00 6.500000000000000000e+01 1.212471285746187277e+03 1.635115250638660655e+03 8.047076000000000022e+03 0.000000000000000000e+00 8.433165939282009305e+00 2.400000000000000050e-02
6.794516400000000000e+07 1.000000000000000000e+00 6.500000000000000000e+01 1.208340555746187420e+03 1.637014150638660794e+03 8.048697000000000116e+03 0.000000000000000000e+00 4.238609513646355076e+00 9.199999999999999845e-02
6.794516400000000000e+07 1.000000000000000000e+00 6.500000000000000000e+01 1.208142455746186897e+03 1.637504950638661285e+03 8.050434000000000196e+03 0.000000000000000000e+00 2.671066764317159059e+00 2.400000000000000050e-02
6.794524900000000000e+07 1.000000000000000000e+00 6.500000000000000000e+01 1.213042115746186937e+03 1.632053610638660757e+03 8.048707000000000335e+03 0.000000000000000000e+00 9.568617619279676134e+00 1.000000000000000021e-02
6.794524500000000000e+07 1.000000000000000000e+00 6.600000000000000000e+01 1.212738475746186850e+03 1.630982650638660743e+03 8.065953999999999724e+03 0.000000000000000000e+00 1.220040244463371337e+00 9.199999999999999845e-02
6.794524400000000000e+07 1.000000000000000000e+00 6.600000000000000000e+01 1.211099665746187384e+03 1.630447620638660737e+03 8.068351999999999862e+03 0.000000000000000000e+00 1.417117645777961510e+00 9.199999999999999845e-02
6.794524400000000000e+07 1.000000000000000000e+00 6.600000000000000000e+01 1.209473155746187331e+03 1.631059800638660818e+03 8.068479999999999563e+03 0.000000000000000000e+00 1.467002507142970202e+00 4.169999999999999818e-01
6.794524200000000000e+07 0.000000000000000000e+00 6.600000000000000000e+01 1.211286965746186979e+03 1.635156250638660822e+03 8.075490999999999985e+03 0.000000000000000000e+00 3.885013273901478659e+00 9.199999999999999845e-02
6.794524000000000000e+07 0.000000000000000000e+00 6.500000000000000000e+01 1.212010735746187493e+03 1.636465050638660614e+03 8.081752000000000407e+03 0.000000000000000000e+00 8.262747075839711464e-01 9.199999999999999845e-02
6.794523700000000000e+07 0.000000000000000000e+00 6.600000000000000000e+01 1.211910755746187533e+03 1.640086850638661417e+03 8.093679000000000087e+03 0.000000000000000000e+00 1.069149610612723400e+00 4.169999999999999818e-01
6.794523800000000000e+07 0.000000000000000000e+00 6.600000000000000000e+01 1.214433355746186862e+03 1.640950350638660893e+03 8.088769000000000233e+03 0.000000000000000000e+00 2.028197744185774809e+00 9.199999999999999845e-02
6.794523900000000000e+07 0.000000000000000000e+00 6.500000000000000000e+01 1.214139765746187550e+03 1.638371650638660867e+03 8.086240999999999985e+03 0.000000000000000000e+00 2.270050888601833350e+00 9.199999999999999845e-02
6.794523900000000000e+07 0.000000000000000000e+00 6.500000000000000000e+01 1.214139765746187550e+03 1.638371650638660867e+03 8.086240999999999985e+03 0.000000000000000000e+00 2.270050888601833350e+00 7.377790000000000070e+00
