5.382031000000000000e+06 1.000000000000000000e+00 6.600000000000000000e+01 7.485557684564893862e+03 2.457166003172471392e+03 4.526899999999995998e+02 0.000000000000000000e+00 2.546399359442007793e+00 1.339000000000000057e+01
1.229820830000000000e+08 1.000000000000000000e+00 6.500000000000000000e+01 8.825734284564892732e+03 7.847833773172471410e+03 1.439585000000000036e+04 0.000000000000000000e+00 4.498118567092481257e+00 1.339000000000000057e+01
1.229820800000000000e+08 0.000000000000000000e+00 6.600000000000000000e+01 8.831424284564895061e+03 7.848323773172471192e+03 1.439545000000000073e+04 0.000000000000000000e+00 1.259259906053396882e+00 2.400000000000000050e-02
1.229820830000000000e+08 0.000000000000000000e+00 6.600000000000000000e+01 8.825084284564894915e+03 7.859813773172472793e+03 1.439749000000000160e+04 0.000000000000000000e+00 1.651032176850895983e+00 2.400000000000000050e-02
1.229820820000000000e+08 0.000000000000000000e+00 6.500000000000000000e+01 8.825334284564894915e+03 7.853983773172471047e+03 1.439407999999999993e+04 0.000000000000000000e+00 6.356378322066372766e-01 2.400000000000000050e-02
1.229807390000000000e+08 1.000000000000000000e+00 6.600000000000000000e+01 8.814064284564894479e+03 7.844013773172469882e+03 1.439537000000000080e+04 0.000000000000000000e+00 2.326904095862254440e+00 9.199999999999999845e-02
1.229807390000000000e+08 1.000000000000000000e+00 6.600000000000000000e+01 8.813104284564895352e+03 7.843623773172470464e+03 1.439520000000000073e+04 0.000000000000000000e+00 1.644638328696656160e+00 9.199999999999999845e-02
1.229808210000000000e+08 1.000000000000000000e+00 6.600000000000000000e+01 8.813834284564894915e+03 7.833363773172472065e+03 1.438954000000000087e+04 0.000000000000000000e+00 7.208369973421738131e+00 8.220000000000000639e+00
1.229808210000000000e+08 1.000000000000000000e+00 6.600000000000000000e+01 8.812994284564894770e+03 7.832423773172471556e+03 1.439051000000000022e+04 0.000000000000000000e+00 6.255204396377375353e+00 9.199999999999999845e-02
1.229808110000000000e+08 0.000000000000000000e+00 6.500000000000000000e+01 8.822214284564892296e+03 7.833693773172470173e+03 1.436470000000000073e+04 0.000000000000000000e+00 2.487295062038735960e+00 2.400000000000000050e-02
1.229808120000000000e+08 0.000000000000000000e+00 6.500000000000000000e+01 8.822504284564893169e+03 7.833843773172471629e+03 1.436699000000000160e+04 0.000000000000000000e+00 3.071046369651553753e+00 9.199999999999999845e-02
1.229808110000000000e+08 1.000000000000000000e+00 6.600000000000000000e+01 8.813134284564894187e+03 7.839983773172471047e+03 1.436984000000000015e+04 0.000000000000000000e+00 4.273104707962554372e+00 6.099999999999999867e-02
1.229808120000000000e+08 1.000000000000000000e+00 6.600000000000000000e+01 8.810724284564894333e+03 7.836943773172470173e+03 1.436406999999999971e+04 0.000000000000000000e+00 4.650090997900387935e-01 9.199999999999999845e-02
1.726443700000000000e+07 1.000000000000000000e+00 6.600000000000000000e+01 7.602263284564893183e+03 2.371982873172471045e+03 2.065679999999999382e+03 0.000000000000000000e+00 9.175163954974376423e+00 6.099999999999999867e-02
1.726443700000000000e+07 1.000000000000000000e+00 6.600000000000000000e+01 7.599564284564893569e+03 2.373917073172471646e+03 2.067440000000000509e+03 0.000000000000000000e+00 8.284604863225004223e+00 2.400000000000000050e-02
1.726443700000000000e+07 1.000000000000000000e+00 6.600000000000000000e+01 7.596975284564893627e+03 2.373197973172471393e+03 2.053600000000000364e+03 0.000000000000000000e+00 7.076283280356404859e+00 9.199999999999999845e-02
1.726443700000000000e+07 1.000000000000000000e+00 6.600000000000000000e+01 7.599922284564893744e+03 2.369784573172471028e+03 2.053260000000000218e+03 0.000000000000000000e+00 9.334052851549001772e+00 1.078999999999999915e+01
1.726443700000000000e+07 1.000000000000000000e+00 6.600000000000000000e+01 7.599922284564893744e+03 2.369784573172471028e+03 2.053260000000000218e+03 0.000000000000000000e+00 9.334052851549001772e+00 2.038469999999999782e+00
1.726443700000000000e+07 1.000000000000000000e+00 6.600000000000000000e+01 7.599922284564893744e+03 2.369784573172471028e+03 2.053260000000000218e+03 0.000000000000000000e+00 9.334052851549001772e+00 1.464709999999999956e+00
5.382031000000000000e+06 1.000000000000000000e+00 6.600000000000000000e+01 7.488742084564893958e+03 2.453214573172471319e+03 4.503400000000001455e+02 0.000000000000000000e+00 7.206241587538380955e+00 6.099999999999999867e-02
5.384639000000000000e+06 1.000000000000000000e+00 6.600000000000000000e+01 7.490765684564893490e+03 2.450026173172471317e+03 4.489300000000002910e+02 0.000000000000000000e+00 9.207490865542419911e+00 9.199999999999999845e-02
5.384639000000000000e+06 1.000000000000000000e+00 6.600000000000000000e+01 7.490765684564893490e+03 2.450026173172471317e+03 4.489300000000002910e+02 0.000000000000000000e+00 9.207490865542419911e+00 7.356930000000000192e+00
5.381947000000000000e+06 1.000000000000000000e+00 6.500000000000000000e+01 7.457808364564893964e+03 2.452057273172471469e+03 4.637699999999995271e+02 1.000000000000000000e+00 8.115658392429407897e-01 9.400000000000000000e+01
7.993120700000000000e+07 0.000000000000000000e+00 6.600000000000000000e+01 8.489754284564893169e+03 3.519553773172470756e+03 9.440700000000000728e+03 1.000000000000000000e+00 2.479777223937607467e+00 9.400000000000000000e+01
