1.154945440000000000e+08 1.000000000000000000e+00 6.600000000000000000e+01 2.544249999999999091e+03 1.235074321819678516e+04 1.349430456597506782e+04 0.000000000000000000e+00 7.538662219284998578e+00 1.605000000000000071e+01
1.155759230000000000e+08 1.000000000000000000e+00 6.500000000000000000e+01 4.325039999999999964e+03 1.235215671819678391e+04 1.339750056597506773e+04 0.000000000000000000e+00 5.815605983286639358e+00 1.339000000000000057e+01
1.157367730000000000e+08 1.000000000000000000e+00 6.500000000000000000e+01 8.361200000000000728e+03 1.232363131819678529e+04 1.342133456597506847e+04 0.000000000000000000e+00 2.796926863209182379e+00 1.339000000000000057e+01
1.157367770000000000e+08 1.000000000000000000e+00 6.600000000000000000e+01 8.359006999999999607e+03 1.232552491819678471e+04 1.341221956597506869e+04 0.000000000000000000e+00 6.992600114870319850e+00 9.199999999999999845e-02
1.157367770000000000e+08 1.000000000000000000e+00 6.600000000000000000e+01 8.356652000000000044e+03 1.232022471819678503e+04 1.341607056597506744e+04 0.000000000000000000e+00 5.359599822120603818e+00 9.199999999999999845e-02
1.157367770000000000e+08 1.000000000000000000e+00 6.600000000000000000e+01 8.356863999999999578e+03 1.231914161819678520e+04 1.341630656597506822e+04 0.000000000000000000e+00 6.297965197238330148e+00 2.400000000000000050e-02
1.157367770000000000e+08 1.000000000000000000e+00 6.600000000000000000e+01 8.357030999999999040e+03 1.231829051819678534e+04 1.341649156597506772e+04 0.000000000000000000e+00 7.074636678433122050e+00 6.099999999999999867e-02
1.157367770000000000e+08 1.000000000000000000e+00 6.600000000000000000e+01 8.357213999999999942e+03 1.231735171819678544e+04 1.341669656597506764e+04 0.000000000000000000e+00 7.957664110486583731e+00 2.400000000000000050e-02
1.155758440000000000e+08 1.000000000000000000e+00 6.600000000000000000e+01 4.323460000000000036e+03 1.234866391819678392e+04 1.339471656597506808e+04 0.000000000000000000e+00 6.852299795656892734e+00 8.349999999999999645e-01
1.155758440000000000e+08 1.000000000000000000e+00 6.600000000000000000e+01 4.322260000000000218e+03 1.234697611819678423e+04 1.339519756597506785e+04 0.000000000000000000e+00 4.931331184630973752e+00 9.199999999999999845e-02
1.155758440000000000e+08 1.000000000000000000e+00 6.600000000000000000e+01 4.319399999999999636e+03 1.234554941819678425e+04 1.339375556597506875e+04 0.000000000000000000e+00 1.930727502188886557e+00 4.169999999999999818e-01
1.155758470000000000e+08 1.000000000000000000e+00 6.500000000000000000e+01 4.315870000000000800e+03 1.233836851819678486e+04 1.338672056597506889e+04 0.000000000000000000e+00 4.388796014246125310e+00 6.099999999999999867e-02
1.155758450000000000e+08 0.000000000000000000e+00 6.600000000000000000e+01 4.317100000000000364e+03 1.233491021819678463e+04 1.338714456597506796e+04 0.000000000000000000e+00 3.004270665371214566e+00 9.199999999999999845e-02
1.155758450000000000e+08 0.000000000000000000e+00 6.500000000000000000e+01 4.315789999999999964e+03 1.233187021819678557e+04 1.338797256597506930e+04 0.000000000000000000e+00 1.588036925662661414e+00 9.199999999999999845e-02
1.155758460000000000e+08 0.000000000000000000e+00 6.500000000000000000e+01 4.314989999999999782e+03 1.233136311819678485e+04 1.338602356597506878e+04 0.000000000000000000e+00 7.586246901723158187e-01 9.199999999999999845e-02
1.155758470000000000e+08 1.000000000000000000e+00 6.500000000000000000e+01 4.312479999999999563e+03 1.233597581819678453e+04 1.338084756597506930e+04 0.000000000000000000e+00 1.717354335577990776e+00 9.199999999999999845e-02
1.155758470000000000e+08 1.000000000000000000e+00 6.500000000000000000e+01 4.312479999999999563e+03 1.233597581819678453e+04 1.338084756597506930e+04 0.000000000000000000e+00 1.717354335577990776e+00 7.341599999999999682e+00
1.154945470000000000e+08 1.000000000000000000e+00 6.500000000000000000e+01 2.533010000000000218e+03 1.235299481819678476e+04 1.350063156597506895e+04 0.000000000000000000e+00 4.163369986693754576e+00 9.199999999999999845e-02
1.154945470000000000e+08 1.000000000000000000e+00 6.500000000000000000e+01 2.521259999999999309e+03 1.235899071819678466e+04 1.351038116597506814e+04 0.000000000000000000e+00 3.442612120833468126e+00 1.078999999999999915e+01
1.154945460000000000e+08 1.000000000000000000e+00 6.500000000000000000e+01 2.516989999999999782e+03 1.235903151819678533e+04 1.351001666597506846e+04 0.000000000000000000e+00 2.615125455698561918e+00 1.124000000000000021e+01
1.154945460000000000e+08 1.000000000000000000e+00 6.500000000000000000e+01 2.516989999999999782e+03 1.235903151819678533e+04 1.351001666597506846e+04 0.000000000000000000e+00 2.615125455698561918e+00 3.501879999999999882e+00
1.154945470000000000e+08 1.000000000000000000e+00 6.500000000000000000e+01 2.519850000000000364e+03 1.236098421819678515e+04 1.351099796597506793e+04 0.000000000000000000e+00 4.718859474696013301e+00 2.400000000000000050e-02
1.154945470000000000e+08 1.000000000000000000e+00 6.500000000000000000e+01 2.519289999999999964e+03 1.236196451819678623e+04 1.350994216597506784e+04 0.000000000000000000e+00 4.854887388559831152e+00 2.400000000000000050e-02
1.154945470000000000e+08 1.000000000000000000e+00 6.500000000000000000e+01 2.519469999999999345e+03 1.236182191819678519e+04 1.351030226597506771e+04 0.000000000000000000e+00 4.822845797982635574e+00 2.400000000000000050e-02
1.154945470000000000e+08 1.000000000000000000e+00 6.500000000000000000e+01 2.521430000000000291e+03 1.235850221819678518e+04 1.351417076597506821e+04 0.000000000000000000e+00 6.760427100744833773e+00 9.199999999999999845e-02
1.154945470000000000e+08 1.000000000000000000e+00 6.500000000000000000e+01 2.522070000000000618e+03 1.235722871819678403e+04 1.351456716597506784e+04 0.000000000000000000e+00 7.398970903599316529e+00 6.099999999999999867e-02
1.154945470000000000e+08 1.000000000000000000e+00 6.500000000000000000e+01 2.522159999999999854e+03 1.235715861819678503e+04 1.351456596597506723e+04 0.000000000000000000e+00 7.411579323785701945e+00 9.199999999999999845e-02
1.154945470000000000e+08 1.000000000000000000e+00 6.500000000000000000e+01 2.522159999999999854e+03 1.235715861819678503e+04 1.351456596597506723e+04 0.000000000000000000e+00 7.411579323785701945e+00 7.331839999999999691e+00
9.786529700000000000e+07 0.000000000000000000e+00 6.500000000000000000e+01 1.219234000000000015e+04 1.098072541819678372e+04 1.149364056597506715e+04 1.000000000000000000e+00 1.582516362110810260e+00 6.800000000000000000e+01
9.907823800000000000e+07 1.000000000000000000e+00 6.600000000000000000e+01 1.020554999999999927e+04 1.136510541819678474e+04 1.179980056597506700e+04 1.000000000000000000e+00 5.491603785622670708e-01 6.800000000000000000e+01
9.907823400000000000e+07 0.000000000000000000e+00 6.600000000000000000e+01 1.020531999999999971e+04 1.137886541819678496e+04 1.179375056597506773e+04 1.000000000000000000e+00 1.545102558594505071e+00 6.800000000000000000e+01
9.907669500000000000e+07 1.000000000000000000e+00 6.600000000000000000e+01 1.019807999999999993e+04 1.134174541819678416e+04 1.180248056597506729e+04 1.000000000000000000e+00 6.846493311049679509e-01 6.800000000000000000e+01
