5.605064800000000000e+07 1.000000000000000000e+00 6.600000000000000000e+01 1.328271797571245042e+04 4.589499999999998181e+02 6.585025293758723819e+03 0.000000000000000000e+00 4.069608249555730417e+00 1.376999999999999957e+01
5.605059600000000000e+07 1.000000000000000000e+00 6.500000000000000000e+01 1.319769667571245009e+04 4.645099999999993088e+02 6.503488293758723557e+03 0.000000000000000000e+00 5.533337419650644406e+00 1.339000000000000057e+01
5.605150700000000000e+07 1.000000000000000000e+00 6.500000000000000000e+01 1.319051837571245051e+04 4.638199999999997090e+02 6.498372293758723572e+03 0.000000000000000000e+00 1.044099526690425161e+00 1.078999999999999915e+01
5.605150700000000000e+07 1.000000000000000000e+00 6.500000000000000000e+01 1.318371537571245062e+04 4.638299999999999272e+02 6.493332293758723608e+03 0.000000000000000000e+00 5.736243140515167038e-01 1.078999999999999915e+01
5.605150700000000000e+07 0.000000000000000000e+00 6.500000000000000000e+01 1.317953467571244983e+04 4.636600000000007640e+02 6.490988293758723557e+03 0.000000000000000000e+00 1.736567491730304891e+00 1.078999999999999915e+01
5.605150800000000000e+07 0.000000000000000000e+00 6.500000000000000000e+01 1.317932067571244988e+04 4.649499999999998181e+02 6.489271293758723004e+03 0.000000000000000000e+00 1.276141348662602981e+00 9.199999999999999845e-02
5.605059500000000000e+07 1.000000000000000000e+00 6.600000000000000000e+01 1.317902767571244840e+04 4.709200000000000728e+02 6.496206293758723405e+03 0.000000000000000000e+00 2.415525788601585511e+00 9.199999999999999845e-02
5.605150600000000000e+07 1.000000000000000000e+00 6.500000000000000000e+01 1.318711837571244905e+04 4.668399999999992360e+02 6.497076293758723295e+03 0.000000000000000000e+00 2.894616923468358749e+00 9.199999999999999845e-02
5.605059500000000000e+07 0.000000000000000000e+00 6.500000000000000000e+01 1.319383457571244980e+04 4.702700000000004366e+02 6.499450293758723092e+03 0.000000000000000000e+00 2.793630707133706537e+00 9.199999999999999845e-02
5.605059300000000000e+07 1.000000000000000000e+00 6.600000000000000000e+01 1.319481277571244937e+04 4.712300000000004729e+02 6.501934293758723470e+03 0.000000000000000000e+00 3.312114513935332294e+00 4.169999999999999818e-01
5.605150600000000000e+07 1.000000000000000000e+00 6.500000000000000000e+01 1.319549837571245007e+04 4.681300000000001091e+02 6.503563293758723376e+03 0.000000000000000000e+00 2.639730087405222303e+00 2.039999999999999869e-01
5.605150400000000000e+07 1.000000000000000000e+00 6.500000000000000000e+01 1.318348257571244903e+04 4.711599999999998545e+02 6.504088293758723012e+03 0.000000000000000000e+00 2.950735792085865228e+00 8.220000000000000639e+00
5.605150400000000000e+07 1.000000000000000000e+00 6.500000000000000000e+01 1.318348257571244903e+04 4.711599999999998545e+02 6.504088293758723012e+03 0.000000000000000000e+00 2.950735792085865228e+00 6.104470000000000063e+00
5.605059800000000000e+07 1.000000000000000000e+00 6.500000000000000000e+01 1.319051097571244827e+04 4.524499999999998181e+02 6.497768293758723303e+03 0.000000000000000000e+00 8.660085201594085902e+00 9.199999999999999845e-02
5.605060400000000000e+07 1.000000000000000000e+00 6.600000000000000000e+01 1.318769797571244999e+04 4.519899999999997817e+02 6.488799293758723252e+03 0.000000000000000000e+00 3.348350719303293754e+00 9.199999999999999845e-02
5.605060400000000000e+07 1.000000000000000000e+00 6.600000000000000000e+01 1.318773647571244874e+04 4.515799999999999272e+02 6.490090293758723419e+03 0.000000000000000000e+00 4.187866999362404030e+00 2.400000000000000050e-02
5.605060600000000000e+07 1.000000000000000000e+00 6.600000000000000000e+01 1.318861377571244884e+04 4.396499999999996362e+02 6.476262293758722990e+03 0.000000000000000000e+00 6.122330476811606914e+00 9.199999999999999845e-02
5.605060600000000000e+07 1.000000000000000000e+00 6.600000000000000000e+01 1.318979947571245066e+04 4.403100000000004002e+02 6.479266293758723805e+03 0.000000000000000000e+00 4.911935346497673827e+00 8.349999999999999645e-01
5.605060600000000000e+07 1.000000000000000000e+00 6.600000000000000000e+01 1.318979947571245066e+04 4.403100000000004002e+02 6.479266293758723805e+03 0.000000000000000000e+00 4.911935346497673827e+00 6.607020000000000337e+00
5.605059600000000000e+07 1.000000000000000000e+00 6.500000000000000000e+01 1.320085107571244953e+04 4.695299999999997453e+02 6.501533293758723630e+03 0.000000000000000000e+00 2.808685096934157688e+00 1.078999999999999915e+01
5.605059600000000000e+07 1.000000000000000000e+00 6.500000000000000000e+01 1.320085107571244953e+04 4.695299999999997453e+02 6.501533293758723630e+03 0.000000000000000000e+00 2.808685096934157688e+00 5.754050000000000331e+00
5.605059600000000000e+07 1.000000000000000000e+00 6.500000000000000000e+01 1.320085107571244953e+04 4.695299999999997453e+02 6.501533293758723630e+03 0.000000000000000000e+00 2.808685096934157688e+00 2.860679999999999890e+00
6.170876100000000000e+07 0.000000000000000000e+00 6.500000000000000000e+01 1.330634637571245003e+04 4.389699999999993452e+02 7.016885293758723492e+03 0.000000000000000000e+00 1.127610432609566171e+00 1.078999999999999915e+01
6.170756800000000000e+07 1.000000000000000000e+00 6.600000000000000000e+01 1.329464877571244870e+04 4.414200000000000728e+02 7.040833293758723812e+03 0.000000000000000000e+00 7.544700125538556179e+00 1.078999999999999915e+01
6.170873100000000000e+07 1.000000000000000000e+00 6.600000000000000000e+01 1.327834607571244851e+04 4.520300000000006548e+02 7.097043293758723848e+03 0.000000000000000000e+00 4.196193931065033134e+00 1.339000000000000057e+01
6.170746600000000000e+07 1.000000000000000000e+00 6.500000000000000000e+01 1.327800967571244837e+04 4.521600000000007640e+02 7.097787293758723536e+03 0.000000000000000000e+00 3.798920489922402499e+00 1.078999999999999915e+01
6.170902200000000000e+07 1.000000000000000000e+00 6.500000000000000000e+01 1.327309577571244881e+04 4.530299999999997453e+02 7.105850293758723637e+03 0.000000000000000000e+00 3.804386182417679674e+00 1.605000000000000071e+01
6.170736500000000000e+07 1.000000000000000000e+00 6.600000000000000000e+01 1.326501067571244857e+04 4.589399999999995998e+02 7.134687293758723172e+03 0.000000000000000000e+00 6.425618854735145824e+00 1.078999999999999915e+01
6.170728300000000000e+07 1.000000000000000000e+00 6.600000000000000000e+01 1.326215997571244952e+04 4.577599999999993088e+02 7.144781293758723223e+03 0.000000000000000000e+00 3.360625594491812862e+00 1.339000000000000057e+01
6.170743100000000000e+07 1.000000000000000000e+00 6.600000000000000000e+01 1.326021447571244971e+04 4.557699999999995271e+02 7.151088293758723012e+03 0.000000000000000000e+00 1.113480496611755965e+00 1.078999999999999915e+01
6.170810300000000000e+07 1.000000000000000000e+00 6.600000000000000000e+01 1.324937704571244831e+04 4.370799999999999272e+02 7.193698293758723594e+03 0.000000000000000000e+00 6.949737377188198728e+00 1.339000000000000057e+01
6.170810400000000000e+07 1.000000000000000000e+00 6.600000000000000000e+01 1.324798063571245075e+04 4.333899999999994179e+02 7.189269293758723506e+03 0.000000000000000000e+00 6.088865734839474797e+00 1.339000000000000057e+01
6.170718300000000000e+07 1.000000000000000000e+00 6.600000000000000000e+01 1.324336424571244970e+04 4.261700000000000728e+02 7.179095293758723528e+03 0.000000000000000000e+00 1.209101467492779802e+00 1.339000000000000057e+01
6.170710300000000000e+07 1.000000000000000000e+00 6.500000000000000000e+01 1.323032287571244888e+04 4.006600000000007640e+02 7.186714293758723215e+03 0.000000000000000000e+00 8.516512673191712901e-01 1.078999999999999915e+01
6.170718600000000000e+07 0.000000000000000000e+00 6.600000000000000000e+01 1.326218077571244976e+04 4.146400000000003274e+02 7.187616293758723259e+03 0.000000000000000000e+00 3.121814731580765390e+00 1.078999999999999915e+01
6.170718600000000000e+07 0.000000000000000000e+00 6.500000000000000000e+01 1.326211877571244986e+04 4.174400000000005093e+02 7.187864293758723761e+03 0.000000000000000000e+00 1.955173475954812945e+00 1.078999999999999915e+01
6.170810200000000000e+07 0.000000000000000000e+00 6.500000000000000000e+01 1.326957407571244948e+04 4.358900000000003274e+02 7.194725293758723637e+03 0.000000000000000000e+00 2.037949009431794245e+00 1.078999999999999915e+01
6.170810300000000000e+07 1.000000000000000000e+00 6.600000000000000000e+01 1.325957197571244978e+04 4.386799999999993815e+02 7.193782293758723426e+03 0.000000000000000000e+00 1.875589167952677494e+00 9.199999999999999845e-02
6.170716300000000000e+07 1.000000000000000000e+00 6.600000000000000000e+01 1.319550447571244877e+04 4.540699999999997090e+02 7.165014293758723397e+03 0.000000000000000000e+00 5.701925127727658804e+00 6.099999999999999867e-02
6.170806700000000000e+07 1.000000000000000000e+00 6.500000000000000000e+01 1.318299277571244966e+04 4.618100000000004002e+02 7.164431293758723768e+03 0.000000000000000000e+00 1.409084542137094331e+00 1.078999999999999915e+01
6.170715900000000000e+07 1.000000000000000000e+00 6.500000000000000000e+01 1.318567897571244976e+04 4.576300000000001091e+02 7.161646293758723004e+03 0.000000000000000000e+00 3.197050395610890661e+00 9.199999999999999845e-02
6.170715700000000000e+07 1.000000000000000000e+00 6.500000000000000000e+01 1.320161437571245006e+04 4.560399999999999636e+02 7.170225293758723637e+03 0.000000000000000000e+00 9.637723535422384913e+00 2.400000000000000050e-02
6.170716200000000000e+07 1.000000000000000000e+00 6.600000000000000000e+01 1.320728077571245012e+04 4.604499999999998181e+02 7.162881293758723587e+03 0.000000000000000000e+00 4.032265319450479168e+00 1.000000000000000021e-02
6.170724400000000000e+07 1.000000000000000000e+00 6.600000000000000000e+01 1.321924957571244886e+04 4.664600000000000364e+02 7.160784293758723834e+03 0.000000000000000000e+00 4.409398763062667648e+00 2.400000000000000050e-02
6.170723900000000000e+07 1.000000000000000000e+00 6.500000000000000000e+01 1.321775357571244967e+04 4.669299999999993815e+02 7.163713293758723012e+03 0.000000000000000000e+00 5.899371592617554505e+00 1.078999999999999915e+01
6.170723900000000000e+07 1.000000000000000000e+00 6.500000000000000000e+01 1.321775357571244967e+04 4.669299999999993815e+02 7.163713293758723012e+03 0.000000000000000000e+00 5.899371592617554505e+00 4.293289999999999829e+00
6.170723900000000000e+07 1.000000000000000000e+00 6.500000000000000000e+01 1.321775357571244967e+04 4.669299999999993815e+02 7.163713293758723012e+03 0.000000000000000000e+00 5.899371592617554505e+00 3.170809999999999906e+00
6.170806700000000000e+07 1.000000000000000000e+00 6.500000000000000000e+01 1.318299277571244966e+04 4.618100000000004002e+02 7.164431293758723768e+03 0.000000000000000000e+00 1.409084542137094331e+00 2.807240000000000180e+00
6.170810200000000000e+07 1.000000000000000000e+00 6.600000000000000000e+01 1.326438467571244837e+04 4.421399999999994179e+02 7.199004293758723179e+03 0.000000000000000000e+00 4.106912263703573984e+00 9.199999999999999845e-02
6.170810200000000000e+07 1.000000000000000000e+00 6.600000000000000000e+01 1.326711747571244996e+04 4.434999999999990905e+02 7.202221293758723732e+03 0.000000000000000000e+00 5.961266647663917340e+00 2.400000000000000050e-02
6.170719700000000000e+07 1.000000000000000000e+00 6.500000000000000000e+01 1.327303657571244912e+04 4.440599999999994907e+02 7.214182293758723063e+03 0.000000000000000000e+00 7.358132455827573359e+00 9.199999999999999845e-02
6.170719800000000000e+07 1.000000000000000000e+00 6.500000000000000000e+01 1.326697157571245043e+04 4.421499999999996362e+02 7.216399293758723616e+03 0.000000000000000000e+00 6.826529129331380119e+00 6.099999999999999867e-02
6.170720300000000000e+07 0.000000000000000000e+00 6.600000000000000000e+01 1.326815827571244881e+04 4.414399999999995998e+02 7.231386293758723696e+03 0.000000000000000000e+00 3.075786010342639099e+00 4.169999999999999818e-01
6.170720300000000000e+07 0.000000000000000000e+00 6.600000000000000000e+01 1.326815827571244881e+04 4.414399999999995998e+02 7.231386293758723696e+03 0.000000000000000000e+00 3.075786010342639099e+00 7.131800000000000139e+00
6.170718600000000000e+07 0.000000000000000000e+00 6.500000000000000000e+01 1.325958287571245091e+04 4.208299999999999272e+02 7.187020293758723710e+03 0.000000000000000000e+00 1.290336831301414078e+00 1.260999999999999943e+01
6.170718900000000000e+07 1.000000000000000000e+00 6.600000000000000000e+01 1.327877967571244881e+04 4.120200000000004366e+02 7.196848293758723230e+03 0.000000000000000000e+00 6.582735279277455831e+00 9.199999999999999845e-02
6.170718700000000000e+07 0.000000000000000000e+00 6.600000000000000000e+01 1.326359537571244982e+04 4.159500000000007276e+02 7.191744293758722961e+03 0.000000000000000000e+00 7.631062533719340513e-01 9.199999999999999845e-02
6.170810700000000000e+07 1.000000000000000000e+00 6.500000000000000000e+01 1.326198317571244843e+04 4.303499999999994543e+02 7.202912293758723536e+03 0.000000000000000000e+00 2.235394808995728511e+00 4.169999999999999818e-01
6.170810700000000000e+07 1.000000000000000000e+00 6.500000000000000000e+01 1.326328587571244861e+04 4.316500000000005457e+02 7.202476293758723841e+03 0.000000000000000000e+00 2.735302090389538421e+00 9.199999999999999845e-02
6.170810600000000000e+07 1.000000000000000000e+00 6.500000000000000000e+01 1.326066937571244853e+04 4.355500000000001819e+02 7.203978293758723339e+03 0.000000000000000000e+00 3.879182856490643427e+00 1.078999999999999915e+01
6.170810600000000000e+07 1.000000000000000000e+00 6.500000000000000000e+01 1.326066937571244853e+04 4.355500000000001819e+02 7.203978293758723339e+03 0.000000000000000000e+00 3.879182856490643427e+00 2.671050000000000146e+00
6.170810600000000000e+07 1.000000000000000000e+00 6.500000000000000000e+01 1.326066937571244853e+04 4.355500000000001819e+02 7.203978293758723339e+03 0.000000000000000000e+00 3.879182856490643427e+00 7.754349999999999854e-01
6.170621100000000000e+07 1.000000000000000000e+00 6.500000000000000000e+01 1.326838867571244919e+04 4.171900000000005093e+02 7.168012293758722990e+03 0.000000000000000000e+00 8.287243287633085487e+00 9.199999999999999845e-02
6.170621300000000000e+07 1.000000000000000000e+00 6.500000000000000000e+01 1.326822597571244842e+04 4.260399999999999636e+02 7.153728293758723339e+03 0.000000000000000000e+00 1.503427894505898310e+00 4.169999999999999818e-01
6.170621200000000000e+07 1.000000000000000000e+00 6.500000000000000000e+01 1.327220747571245010e+04 4.235299999999997453e+02 7.163753293758722975e+03 0.000000000000000000e+00 8.085769137547220708e+00 2.400000000000000050e-02
6.170629700000000000e+07 1.000000000000000000e+00 6.600000000000000000e+01 1.329188077571244867e+04 4.109099999999998545e+02 7.145928293758723157e+03 0.000000000000000000e+00 8.077559325814736013e+00 6.099999999999999867e-02
6.170629300000000000e+07 1.000000000000000000e+00 6.500000000000000000e+01 1.329838677571244989e+04 4.070399999999999636e+02 7.148234293758723652e+03 0.000000000000000000e+00 5.505264523166751189e+00 6.099999999999999867e-02
6.170629300000000000e+07 1.000000000000000000e+00 6.500000000000000000e+01 1.329682907571244868e+04 4.095399999999999636e+02 7.143321293758723186e+03 0.000000000000000000e+00 6.906387852723780085e+00 9.199999999999999845e-02
6.170629300000000000e+07 1.000000000000000000e+00 6.500000000000000000e+01 1.329690367571244860e+04 4.096100000000005821e+02 7.143041293758723441e+03 0.000000000000000000e+00 7.096135723312292143e+00 6.099999999999999867e-02
6.170629300000000000e+07 1.000000000000000000e+00 6.500000000000000000e+01 1.329704447571244964e+04 4.088400000000001455e+02 7.144551293758723659e+03 0.000000000000000000e+00 5.968957908683673708e+00 9.199999999999999845e-02
6.170629300000000000e+07 1.000000000000000000e+00 6.500000000000000000e+01 1.329595177571244858e+04 4.099400000000005093e+02 7.142683293758723266e+03 0.000000000000000000e+00 7.349167234528253267e+00 6.099999999999999867e-02
6.170629800000000000e+07 1.000000000000000000e+00 6.600000000000000000e+01 1.329579777571244995e+04 4.114000000000005457e+02 7.141585293758723310e+03 0.000000000000000000e+00 7.890122979644887735e+00 2.039999999999999869e-01
6.170629600000000000e+07 0.000000000000000000e+00 6.600000000000000000e+01 1.328924277571244966e+04 4.114299999999993815e+02 7.138118293758723667e+03 0.000000000000000000e+00 4.727440128625293170e+00 9.199999999999999845e-02
6.170629700000000000e+07 1.000000000000000000e+00 6.600000000000000000e+01 1.328958017571245000e+04 4.158800000000001091e+02 7.138726293758723841e+03 0.000000000000000000e+00 2.526848643465885225e+00 4.169999999999999818e-01
6.170629700000000000e+07 0.000000000000000000e+00 6.600000000000000000e+01 1.328984997571245003e+04 4.128199999999997090e+02 7.136325293758723092e+03 0.000000000000000000e+00 3.919291918020636256e+00 9.199999999999999845e-02
6.170629600000000000e+07 0.000000000000000000e+00 6.500000000000000000e+01 1.328244257571244998e+04 4.103400000000001455e+02 7.137340293758723419e+03 0.000000000000000000e+00 1.269151289927179294e+00 9.199999999999999845e-02
6.170629300000000000e+07 0.000000000000000000e+00 6.500000000000000000e+01 1.328594227571244846e+04 4.009700000000002547e+02 7.141006293758723587e+03 0.000000000000000000e+00 1.117233662276902795e+00 2.400000000000000050e-02
6.170629200000000000e+07 0.000000000000000000e+00 6.500000000000000000e+01 1.328230837571244956e+04 3.977700000000004366e+02 7.143733293758723448e+03 0.000000000000000000e+00 1.225070838345479141e+00 2.400000000000000050e-02
6.170629100000000000e+07 0.000000000000000000e+00 6.600000000000000000e+01 1.328250057571244906e+04 3.962400000000006912e+02 7.143765293758723601e+03 0.000000000000000000e+00 1.689862741096703758e+00 9.199999999999999845e-02
6.170629100000000000e+07 1.000000000000000000e+00 6.600000000000000000e+01 1.328676947571245000e+04 3.926700000000000728e+02 7.139089293758723215e+03 0.000000000000000000e+00 1.720512618478819755e+00 9.199999999999999845e-02
6.170629400000000000e+07 1.000000000000000000e+00 6.500000000000000000e+01 1.328783167571244849e+04 3.983599999999996726e+02 7.139147293758723208e+03 0.000000000000000000e+00 3.093551093590916956e+00 2.400000000000000050e-02
6.170629300000000000e+07 0.000000000000000000e+00 6.500000000000000000e+01 1.328730737571244936e+04 3.985200000000004366e+02 7.139710293758723310e+03 0.000000000000000000e+00 3.454045042213793160e+00 4.169999999999999818e-01
6.170629300000000000e+07 0.000000000000000000e+00 6.500000000000000000e+01 1.328730737571244936e+04 3.985200000000004366e+02 7.139710293758723310e+03 0.000000000000000000e+00 3.454045042213793160e+00 7.047600000000000087e+00
6.170802500000000000e+07 0.000000000000000000e+00 6.600000000000000000e+01 1.323506239571244987e+04 4.083000000000001819e+02 7.183663293758723739e+03 0.000000000000000000e+00 1.118710176366058517e+00 4.169999999999999818e-01
6.170802600000000000e+07 0.000000000000000000e+00 6.500000000000000000e+01 1.324054699391244867e+04 4.099200000000000728e+02 7.188255293758723383e+03 0.000000000000000000e+00 1.223617264287214734e+00 9.199999999999999845e-02
6.170620100000000000e+07 1.000000000000000000e+00 6.500000000000000000e+01 1.324092099371245058e+04 3.934399999999995998e+02 7.176570293758723892e+03 0.000000000000000000e+00 8.217156971670750210e+00 6.099999999999999867e-02
6.170802600000000000e+07 1.000000000000000000e+00 6.600000000000000000e+01 1.323831338571244851e+04 3.963000000000001819e+02 7.178213293758723921e+03 0.000000000000000000e+00 7.513073617273696492e+00 2.400000000000000050e-02
6.170710100000000000e+07 0.000000000000000000e+00 6.500000000000000000e+01 1.321299307571244935e+04 4.090699999999997090e+02 7.180001293758723477e+03 0.000000000000000000e+00 2.483841659938334612e+00 4.169999999999999818e-01
6.170710100000000000e+07 0.000000000000000000e+00 6.500000000000000000e+01 1.321220097571245060e+04 4.081899999999995998e+02 7.178263293758723194e+03 0.000000000000000000e+00 3.554692202238363574e+00 4.169999999999999818e-01
6.170710300000000000e+07 1.000000000000000000e+00 6.600000000000000000e+01 1.321313707571244959e+04 4.156199999999998909e+02 7.183667293758723645e+03 0.000000000000000000e+00 3.776932028787344908e+00 4.169999999999999818e-01
6.170717800000000000e+07 1.000000000000000000e+00 6.500000000000000000e+01 1.323421082571244915e+04 4.238000000000001819e+02 7.171894293758723506e+03 0.000000000000000000e+00 3.757542553448932399e+00 9.199999999999999845e-02
6.170717900000000000e+07 0.000000000000000000e+00 6.500000000000000000e+01 1.323494127571245008e+04 4.236500000000005457e+02 7.171178293758723157e+03 0.000000000000000000e+00 3.309174159217592504e+00 6.099999999999999867e-02
6.170717700000000000e+07 1.000000000000000000e+00 6.500000000000000000e+01 1.323929491571244944e+04 4.310399999999999636e+02 7.170483293758723448e+03 0.000000000000000000e+00 1.611376099224591130e+00 9.199999999999999845e-02
6.170717700000000000e+07 1.000000000000000000e+00 6.500000000000000000e+01 1.324071748871244927e+04 4.338099999999994907e+02 7.168918293758723848e+03 0.000000000000000000e+00 3.463009556019919888e+00 2.400000000000000050e-02
6.170801400000000000e+07 1.000000000000000000e+00 6.500000000000000000e+01 1.324550257571244947e+04 4.341499999999996362e+02 7.158564293758723579e+03 0.000000000000000000e+00 3.491458224761116558e+00 2.400000000000000050e-02
6.170621500000000000e+07 1.000000000000000000e+00 6.600000000000000000e+01 1.325090907571245043e+04 4.332799999999997453e+02 7.155916293758723441e+03 0.000000000000000000e+00 2.743571627307035410e+00 9.199999999999999845e-02
6.170621300000000000e+07 0.000000000000000000e+00 6.600000000000000000e+01 1.325355117571244955e+04 4.243199999999997090e+02 7.153869293758722961e+03 0.000000000000000000e+00 2.616015353501627061e+00 9.199999999999999845e-02
6.170791700000000000e+07 0.000000000000000000e+00 6.600000000000000000e+01 1.324338856571244833e+04 4.151599999999998545e+02 7.115404293758723725e+03 0.000000000000000000e+00 4.262261129256643244e+00 9.199999999999999845e-02
6.170744400000000000e+07 1.000000000000000000e+00 6.600000000000000000e+01 1.324837798571245003e+04 4.241499999999996362e+02 7.120670293758723346e+03 0.000000000000000000e+00 2.439223506364112115e+00 6.099999999999999867e-02
6.170744400000000000e+07 1.000000000000000000e+00 6.600000000000000000e+01 1.324731541571244998e+04 4.246700000000000728e+02 7.118854293758723543e+03 0.000000000000000000e+00 1.435393725667056142e+00 9.199999999999999845e-02
6.170791300000000000e+07 1.000000000000000000e+00 6.500000000000000000e+01 1.324460344571244968e+04 4.241900000000005093e+02 7.114824293758723798e+03 0.000000000000000000e+00 1.673350428531464429e+00 8.349999999999999645e-01
6.170744500000000000e+07 1.000000000000000000e+00 6.600000000000000000e+01 1.324515485571244972e+04 4.263400000000001455e+02 7.112550293758723456e+03 0.000000000000000000e+00 4.966204210542987663e-01 9.199999999999999845e-02
6.170744500000000000e+07 1.000000000000000000e+00 6.600000000000000000e+01 1.324515485571244972e+04 4.263400000000001455e+02 7.112550293758723456e+03 0.000000000000000000e+00 4.966204210542987663e-01 7.343679999999999986e+00
6.170718300000000000e+07 1.000000000000000000e+00 6.600000000000000000e+01 1.324317810571244991e+04 4.262500000000000000e+02 7.178896293758723004e+03 0.000000000000000000e+00 1.422281841440042438e+00 1.339000000000000057e+01
6.170718300000000000e+07 1.000000000000000000e+00 6.600000000000000000e+01 1.324263244571245014e+04 4.267600000000002183e+02 7.178127293758723681e+03 0.000000000000000000e+00 2.367678402372578095e+00 1.078999999999999915e+01
6.170717700000000000e+07 1.000000000000000000e+00 6.500000000000000000e+01 1.323333357571244960e+04 4.307500000000000000e+02 7.168594293758723325e+03 0.000000000000000000e+00 1.565112561650414680e+00 1.078999999999999915e+01
6.170717700000000000e+07 1.000000000000000000e+00 6.500000000000000000e+01 1.322410777571244944e+04 4.319399999999995998e+02 7.167837293758723717e+03 0.000000000000000000e+00 5.905723094143199958e+00 6.099999999999999867e-02
6.170725000000000000e+07 1.000000000000000000e+00 6.500000000000000000e+01 1.322236527571245097e+04 4.245199999999995271e+02 7.174840293758723419e+03 0.000000000000000000e+00 6.825406392403720268e+00 2.400000000000000050e-02
6.170725400000000000e+07 1.000000000000000000e+00 6.600000000000000000e+01 1.321648267571245015e+04 4.261300000000001091e+02 7.173800293758723456e+03 0.000000000000000000e+00 7.420175410625211576e+00 2.039999999999999869e-01
6.170724900000000000e+07 1.000000000000000000e+00 6.500000000000000000e+01 1.321630887571244966e+04 4.202800000000006548e+02 7.180528293758723521e+03 0.000000000000000000e+00 3.840067152005219864e+00 9.199999999999999845e-02
6.170710100000000000e+07 0.000000000000000000e+00 6.500000000000000000e+01 1.321367807571245066e+04 4.064400000000005093e+02 7.179632293758723790e+03 0.000000000000000000e+00 1.353009818340688231e+00 1.124000000000000021e+01
6.170710100000000000e+07 0.000000000000000000e+00 6.500000000000000000e+01 1.321367807571245066e+04 4.064400000000005093e+02 7.179632293758723790e+03 0.000000000000000000e+00 1.353009818340688231e+00 5.001859999999999751e+00
6.170717700000000000e+07 1.000000000000000000e+00 6.500000000000000000e+01 1.323462509571245027e+04 4.305399999999999636e+02 7.168123293758723776e+03 0.000000000000000000e+00 3.299122065087178313e-01 8.640620000000000189e+00
6.170718300000000000e+07 1.000000000000000000e+00 6.600000000000000000e+01 1.324263244571245014e+04 4.267600000000002183e+02 7.178127293758723681e+03 0.000000000000000000e+00 2.367678402372578095e+00 6.309319999999999595e+00
6.170718300000000000e+07 1.000000000000000000e+00 6.600000000000000000e+01 1.324317810571244991e+04 4.262500000000000000e+02 7.178896293758723004e+03 0.000000000000000000e+00 1.422281841440042438e+00 4.486930000000000085e+00
6.170809600000000000e+07 1.000000000000000000e+00 6.500000000000000000e+01 1.325881567571244886e+04 4.542899999999999636e+02 7.182242293758723463e+03 0.000000000000000000e+00 4.315727824685661851e+00 9.199999999999999845e-02
6.170809300000000000e+07 1.000000000000000000e+00 6.500000000000000000e+01 1.325751297571244868e+04 4.558599999999996726e+02 7.162932293758723063e+03 0.000000000000000000e+00 1.079016392963822346e+00 2.400000000000000050e-02
6.170728700000000000e+07 1.000000000000000000e+00 6.600000000000000000e+01 1.325621537571245062e+04 4.610799999999999272e+02 7.161525293758723819e+03 0.000000000000000000e+00 3.288459669761665705e+00 6.099999999999999867e-02
6.170728700000000000e+07 1.000000000000000000e+00 6.600000000000000000e+01 1.325930297571244955e+04 4.650200000000004366e+02 7.171557293758723063e+03 0.000000000000000000e+00 7.986399959789777903e+00 4.169999999999999818e-01
6.170729200000000000e+07 1.000000000000000000e+00 6.500000000000000000e+01 1.326703747571245003e+04 4.781199999999998909e+02 7.170584293758723106e+03 0.000000000000000000e+00 6.334701595536942342e+00 4.169999999999999818e-01
6.170729200000000000e+07 1.000000000000000000e+00 6.500000000000000000e+01 1.327038207571244857e+04 4.811600000000007640e+02 7.170597293758723026e+03 0.000000000000000000e+00 3.588976831026548631e+00 8.220000000000000639e+00
6.170729200000000000e+07 1.000000000000000000e+00 6.500000000000000000e+01 1.327038207571244857e+04 4.811600000000007640e+02 7.170597293758723026e+03 0.000000000000000000e+00 3.588976831026548631e+00 2.713429999999999787e+00
6.170810300000000000e+07 1.000000000000000000e+00 6.600000000000000000e+01 1.324937704571244831e+04 4.370799999999999272e+02 7.193698293758723594e+03 0.000000000000000000e+00 6.949737377188198728e+00 7.111880000000000202e+00
6.170728500000000000e+07 0.000000000000000000e+00 6.600000000000000000e+01 1.326314147571244939e+04 4.606199999999998909e+02 7.153966293758723623e+03 0.000000000000000000e+00 2.509156183914917015e+00 9.199999999999999845e-02
6.170835100000000000e+07 1.000000000000000000e+00 6.600000000000000000e+01 1.326357507571244969e+04 4.955799999999999272e+02 7.146815293758723783e+03 0.000000000000000000e+00 6.071003740824143513e+00 4.169999999999999818e-01
6.170835200000000000e+07 1.000000000000000000e+00 6.600000000000000000e+01 1.325616437571244933e+04 5.011200000000008004e+02 7.145498293758723776e+03 0.000000000000000000e+00 3.446729515060298898e-01 9.199999999999999845e-02
6.170834700000000000e+07 1.000000000000000000e+00 6.500000000000000000e+01 1.325403477571245094e+04 4.971199999999998909e+02 7.153737293758723354e+03 0.000000000000000000e+00 3.308317216632467694e+00 4.169999999999999818e-01
6.170834600000000000e+07 1.000000000000000000e+00 6.500000000000000000e+01 1.325643387571244966e+04 4.846600000000007640e+02 7.159892293758723099e+03 0.000000000000000000e+00 7.656645273741950142e+00 6.099999999999999867e-02
6.170834600000000000e+07 1.000000000000000000e+00 6.500000000000000000e+01 1.325218687571245027e+04 4.894399999999995998e+02 7.157817293758723281e+03 0.000000000000000000e+00 4.451467141577284181e+00 5.000000000000000000e-01
6.170834600000000000e+07 1.000000000000000000e+00 6.500000000000000000e+01 1.325223917571244965e+04 4.891300000000001091e+02 7.157864293758723761e+03 0.000000000000000000e+00 4.712859201734987735e+00 6.099999999999999867e-02
6.170834600000000000e+07 1.000000000000000000e+00 6.500000000000000000e+01 1.325677417571244951e+04 4.884699999999993452e+02 7.152022293758723208e+03 0.000000000000000000e+00 8.305725247413549894e+00 9.199999999999999845e-02
6.170835100000000000e+07 1.000000000000000000e+00 6.600000000000000000e+01 1.325674577571245027e+04 4.897600000000002183e+02 7.148242293758723463e+03 0.000000000000000000e+00 8.196098512855082063e+00 2.039999999999999869e-01
6.170817600000000000e+07 1.000000000000000000e+00 6.600000000000000000e+01 1.324837171571244835e+04 4.892999999999992724e+02 7.152676293758723659e+03 0.000000000000000000e+00 5.098858283277506231e+00 9.199999999999999845e-02
6.170817400000000000e+07 1.000000000000000000e+00 6.600000000000000000e+01 1.323746620571244966e+04 4.846799999999993815e+02 7.150165293758723237e+03 0.000000000000000000e+00 1.262705443391966886e+00 9.199999999999999845e-02
6.170817500000000000e+07 0.000000000000000000e+00 6.500000000000000000e+01 1.324010180671244962e+04 4.886699999999991633e+02 7.136029293758723725e+03 0.000000000000000000e+00 4.416132591547155428e+00 9.199999999999999845e-02
6.170817500000000000e+07 0.000000000000000000e+00 6.500000000000000000e+01 1.323877404571244915e+04 4.903200000000006185e+02 7.134423293758723048e+03 0.000000000000000000e+00 5.346815654353152425e+00 9.199999999999999845e-02
6.170817300000000000e+07 1.000000000000000000e+00 6.500000000000000000e+01 1.324059298371244950e+04 4.892600000000002183e+02 7.124613293758723557e+03 0.000000000000000000e+00 8.809403766806028102e+00 9.199999999999999845e-02
6.170729500000000000e+07 0.000000000000000000e+00 6.600000000000000000e+01 1.327731307571244906e+04 4.868600000000005821e+02 7.161960293758723310e+03 0.000000000000000000e+00 1.613179793157730968e+00 8.349999999999999645e-01
6.170729500000000000e+07 0.000000000000000000e+00 6.600000000000000000e+01 1.327731307571244906e+04 4.868600000000005821e+02 7.161960293758723310e+03 0.000000000000000000e+00 1.613179793157730968e+00 6.872209999999999930e+00
6.170728300000000000e+07 1.000000000000000000e+00 6.600000000000000000e+01 1.326215997571244952e+04 4.577599999999993088e+02 7.144781293758723223e+03 0.000000000000000000e+00 3.360625594491812862e+00 4.929630000000000400e+00
6.170736500000000000e+07 1.000000000000000000e+00 6.600000000000000000e+01 1.326518407571245007e+04 4.606300000000001091e+02 7.134815293758723783e+03 0.000000000000000000e+00 7.155335388758891746e+00 1.339000000000000057e+01
6.170743300000000000e+07 1.000000000000000000e+00 6.500000000000000000e+01 1.325584707571244871e+04 4.578599999999996726e+02 7.137948293758723594e+03 0.000000000000000000e+00 1.040470067021931122e+00 6.099999999999999867e-02
6.170743300000000000e+07 1.000000000000000000e+00 6.500000000000000000e+01 1.325105687571244925e+04 4.563500000000003638e+02 7.134469293758723325e+03 0.000000000000000000e+00 3.460904096140424713e+00 9.199999999999999845e-02
6.170622300000000000e+07 0.000000000000000000e+00 6.500000000000000000e+01 1.324230704571244860e+04 4.502100000000000364e+02 7.127751293758723477e+03 0.000000000000000000e+00 1.942742639688832984e+00 1.078999999999999915e+01
6.170622300000000000e+07 0.000000000000000000e+00 6.500000000000000000e+01 1.324230704571244860e+04 4.502100000000000364e+02 7.127751293758723477e+03 0.000000000000000000e+00 1.942742639688832984e+00 6.496760000000000090e+00
6.170622300000000000e+07 0.000000000000000000e+00 6.500000000000000000e+01 1.324230704571244860e+04 4.502100000000000364e+02 7.127751293758723477e+03 0.000000000000000000e+00 1.942742639688832984e+00 1.010080000000000089e+00
6.170743400000000000e+07 1.000000000000000000e+00 6.500000000000000000e+01 1.326432787571244990e+04 4.604099999999998545e+02 7.137730293758723747e+03 0.000000000000000000e+00 7.541698409692051186e+00 1.078999999999999915e+01
6.170743400000000000e+07 1.000000000000000000e+00 6.500000000000000000e+01 1.326432787571244990e+04 4.604099999999998545e+02 7.137730293758723747e+03 0.000000000000000000e+00 7.541698409692051186e+00 2.589869999999999894e+00
6.170743400000000000e+07 1.000000000000000000e+00 6.500000000000000000e+01 1.326432787571244990e+04 4.604099999999998545e+02 7.137730293758723747e+03 0.000000000000000000e+00 7.541698409692051186e+00 2.063330000000000108e+00
6.170902700000000000e+07 0.000000000000000000e+00 6.500000000000000000e+01 1.326253107571244982e+04 4.514299999999993815e+02 7.112944293758723688e+03 0.000000000000000000e+00 1.018299372555333537e+00 6.099999999999999867e-02
6.170902400000000000e+07 0.000000000000000000e+00 6.600000000000000000e+01 1.326635667571244994e+04 4.546900000000005093e+02 7.108395293758723710e+03 0.000000000000000000e+00 1.543115868030020987e+00 8.349999999999999645e-01
6.170902100000000000e+07 1.000000000000000000e+00 6.500000000000000000e+01 1.326789687571244940e+04 4.577300000000004729e+02 7.097825293758723092e+03 0.000000000000000000e+00 2.452066999048893248e+00 9.199999999999999845e-02
6.170902200000000000e+07 1.000000000000000000e+00 6.600000000000000000e+01 1.327043507571244845e+04 4.677700000000004366e+02 7.112489293758723761e+03 0.000000000000000000e+00 1.573575934553068656e+00 6.099999999999999867e-02
6.170902200000000000e+07 1.000000000000000000e+00 6.600000000000000000e+01 1.327213187571244998e+04 4.687399999999997817e+02 7.113023293758723412e+03 0.000000000000000000e+00 3.204537327889461551e+00 1.000000000000000021e-02
6.170902100000000000e+07 1.000000000000000000e+00 6.600000000000000000e+01 1.327701347571245060e+04 4.737100000000000364e+02 7.120137293758722990e+03 0.000000000000000000e+00 4.444053610103306795e+00 1.260999999999999943e+01
6.170902100000000000e+07 1.000000000000000000e+00 6.600000000000000000e+01 1.327701347571245060e+04 4.737100000000000364e+02 7.120137293758722990e+03 0.000000000000000000e+00 4.444053610103306795e+00 4.989550000000000374e+00
6.170747200000000000e+07 1.000000000000000000e+00 6.600000000000000000e+01 1.329346827571245012e+04 4.517599999999993088e+02 7.088841293758723623e+03 0.000000000000000000e+00 1.039274523977146147e+00 1.339000000000000057e+01
6.170747100000000000e+07 1.000000000000000000e+00 6.600000000000000000e+01 1.329195367571244969e+04 4.512600000000002183e+02 7.092172293758723754e+03 0.000000000000000000e+00 2.305738394954099935e+00 2.400000000000000050e-02
6.170881100000000000e+07 0.000000000000000000e+00 6.500000000000000000e+01 1.329185087571245094e+04 4.516999999999998181e+02 7.092049293758723252e+03 0.000000000000000000e+00 2.243602996592794163e+00 6.099999999999999867e-02
6.170881200000000000e+07 0.000000000000000000e+00 6.600000000000000000e+01 1.329139417571244849e+04 4.590100000000002183e+02 7.083626293758723477e+03 0.000000000000000000e+00 1.891430632775002785e+00 9.199999999999999845e-02
6.170881300000000000e+07 1.000000000000000000e+00 6.600000000000000000e+01 1.329288827571244838e+04 4.587800000000006548e+02 7.083247293758723572e+03 0.000000000000000000e+00 1.611359438137663913e+00 4.169999999999999818e-01
6.170872400000000000e+07 1.000000000000000000e+00 6.600000000000000000e+01 1.329476167571244878e+04 4.712300000000004729e+02 7.084709293758723106e+03 0.000000000000000000e+00 4.259731650860531182e+00 6.099999999999999867e-02
6.170747600000000000e+07 0.000000000000000000e+00 6.600000000000000000e+01 1.329103407571245043e+04 4.603299999999999272e+02 7.073483293758723448e+03 0.000000000000000000e+00 2.021010461049931095e+00 2.039999999999999869e-01
6.170747500000000000e+07 0.000000000000000000e+00 6.600000000000000000e+01 1.329212717571244866e+04 4.576199999999998909e+02 7.074187293758723172e+03 0.000000000000000000e+00 1.138683140734028543e+00 6.099999999999999867e-02
6.170747900000000000e+07 1.000000000000000000e+00 6.500000000000000000e+01 1.330348647571244874e+04 4.497799999999997453e+02 7.061861293758723150e+03 0.000000000000000000e+00 1.426883544029233564e+00 2.400000000000000050e-02
6.170748200000000000e+07 1.000000000000000000e+00 6.600000000000000000e+01 1.330667767571244985e+04 4.618500000000003638e+02 7.056269293758723506e+03 0.000000000000000000e+00 2.207622448709132268e+00 4.169999999999999818e-01
6.170748200000000000e+07 1.000000000000000000e+00 6.600000000000000000e+01 1.330455437571245056e+04 4.640999999999994543e+02 7.058435293758723674e+03 0.000000000000000000e+00 1.399214748123747132e+00 4.169999999999999818e-01
6.170747600000000000e+07 1.000000000000000000e+00 6.600000000000000000e+01 1.328768087571244905e+04 4.560699999999997090e+02 7.068297293758723754e+03 0.000000000000000000e+00 7.849593080485940400e-01 4.169999999999999818e-01
6.170747700000000000e+07 0.000000000000000000e+00 6.600000000000000000e+01 1.329410877571244964e+04 4.561899999999995998e+02 7.069848293758723230e+03 0.000000000000000000e+00 1.558834085253964608e+00 6.099999999999999867e-02
6.170747700000000000e+07 0.000000000000000000e+00 6.600000000000000000e+01 1.329406747571245069e+04 4.560799999999999272e+02 7.070057293758723063e+03 0.000000000000000000e+00 1.730999628147539715e+00 4.169999999999999818e-01
6.170747600000000000e+07 1.000000000000000000e+00 6.600000000000000000e+01 1.328776027571244958e+04 4.522599999999993088e+02 7.072079293758722997e+03 0.000000000000000000e+00 2.776922235540375095e+00 9.199999999999999845e-02
6.170747500000000000e+07 1.000000000000000000e+00 6.600000000000000000e+01 1.328720477571244919e+04 4.423800000000001091e+02 7.073261293758723696e+03 0.000000000000000000e+00 6.649667362727080366e+00 9.199999999999999845e-02
6.170746500000000000e+07 1.000000000000000000e+00 6.600000000000000000e+01 1.327174977571244926e+04 4.357700000000004366e+02 7.085763293758723194e+03 0.000000000000000000e+00 4.523420326149554249e+00 6.099999999999999867e-02
6.170761900000000000e+07 1.000000000000000000e+00 6.600000000000000000e+01 1.326056867571244948e+04 4.278299999999999272e+02 7.095937293758723172e+03 0.000000000000000000e+00 9.286784870181257201e-01 9.199999999999999845e-02
6.170753800000000000e+07 1.000000000000000000e+00 6.600000000000000000e+01 1.325491367571245064e+04 4.314099999999998545e+02 7.079048293758723048e+03 0.000000000000000000e+00 3.851621158543775625e+00 4.169999999999999818e-01
6.170761500000000000e+07 1.000000000000000000e+00 6.500000000000000000e+01 1.325447657571244963e+04 4.373400000000001455e+02 7.080928293758723157e+03 0.000000000000000000e+00 5.215686827949935100e+00 4.169999999999999818e-01
6.170761500000000000e+07 1.000000000000000000e+00 6.500000000000000000e+01 1.325551107571244938e+04 4.408400000000001455e+02 7.082971293758723732e+03 0.000000000000000000e+00 4.165517312945960171e+00 9.199999999999999845e-02
6.170880100000000000e+07 1.000000000000000000e+00 6.500000000000000000e+01 1.325847727571244832e+04 4.423200000000006185e+02 7.078688293758723376e+03 0.000000000000000000e+00 5.391344461741200078e+00 9.199999999999999845e-02
6.170761700000000000e+07 1.000000000000000000e+00 6.500000000000000000e+01 1.326337187571244976e+04 4.311099999999996726e+02 7.085912293758723536e+03 0.000000000000000000e+00 3.359782532240976671e+00 8.349999999999999645e-01
6.170761700000000000e+07 1.000000000000000000e+00 6.500000000000000000e+01 1.326337187571244976e+04 4.311099999999996726e+02 7.085912293758723536e+03 0.000000000000000000e+00 3.359782532240976671e+00 7.051630000000000287e+00
6.170747200000000000e+07 1.000000000000000000e+00 6.600000000000000000e+01 1.329346827571245012e+04 4.517599999999993088e+02 7.088841293758723623e+03 0.000000000000000000e+00 1.039274523977146147e+00 1.800820000000000087e+00
6.170747000000000000e+07 1.000000000000000000e+00 6.600000000000000000e+01 1.327775337571244927e+04 4.567399999999997817e+02 7.095800293758723456e+03 0.000000000000000000e+00 6.233944673761897981e+00 2.400000000000000050e-02
6.170872800000000000e+07 1.000000000000000000e+00 6.500000000000000000e+01 1.329230697571245037e+04 4.633399999999992360e+02 7.088090293758723419e+03 0.000000000000000000e+00 3.041405044181933359e+00 9.199999999999999845e-02
6.170902000000000000e+07 1.000000000000000000e+00 6.500000000000000000e+01 1.326672577571244983e+04 4.642999999999992724e+02 7.098753293758722975e+03 0.000000000000000000e+00 1.544365652530021116e+00 9.199999999999999845e-02
6.170727900000000000e+07 1.000000000000000000e+00 6.500000000000000000e+01 1.324867317571245076e+04 4.690900000000001455e+02 7.098861293758723150e+03 0.000000000000000000e+00 8.365711702731262633e+00 9.199999999999999845e-02
6.170727900000000000e+07 1.000000000000000000e+00 6.500000000000000000e+01 1.324557048571244923e+04 4.590299999999997453e+02 7.099671293758723550e+03 0.000000000000000000e+00 2.474431328783745165e+00 9.199999999999999845e-02
6.170727800000000000e+07 1.000000000000000000e+00 6.500000000000000000e+01 1.324630991571244886e+04 4.547299999999995634e+02 7.098822293758723390e+03 0.000000000000000000e+00 1.822127290458879223e-01 2.039999999999999869e-01
6.170880900000000000e+07 1.000000000000000000e+00 6.500000000000000000e+01 1.328069467571244968e+04 4.613499999999994543e+02 7.087544293758723143e+03 0.000000000000000000e+00 7.336869654484174941e-01 2.400000000000000050e-02
6.170889200000000000e+07 0.000000000000000000e+00 6.500000000000000000e+01 1.329892087571245065e+04 4.665799999999999272e+02 7.083907293758723426e+03 0.000000000000000000e+00 1.352645581593024282e+00 9.199999999999999845e-02
6.170889100000000000e+07 0.000000000000000000e+00 6.500000000000000000e+01 1.329971507571245093e+04 4.681499999999996362e+02 7.081833293758723812e+03 0.000000000000000000e+00 1.265185451835316499e+00 6.099999999999999867e-02
6.170874100000000000e+07 0.000000000000000000e+00 6.500000000000000000e+01 1.331169697571244978e+04 4.752500000000000000e+02 7.073390293758723601e+03 0.000000000000000000e+00 2.809923447621080594e+00 8.349999999999999645e-01
6.170874000000000000e+07 1.000000000000000000e+00 6.500000000000000000e+01 1.331184677571244902e+04 4.797800000000006548e+02 7.074689293758723579e+03 0.000000000000000000e+00 1.099053948982515516e+00 9.199999999999999845e-02
6.170874000000000000e+07 1.000000000000000000e+00 6.500000000000000000e+01 1.331192367571244904e+04 4.813899999999994179e+02 7.075112293758723354e+03 0.000000000000000000e+00 2.710085728759123125e+00 9.199999999999999845e-02
6.170888700000000000e+07 1.000000000000000000e+00 6.500000000000000000e+01 1.331247817571244923e+04 4.877899999999999636e+02 7.076389293758723397e+03 0.000000000000000000e+00 6.933915102225418181e+00 2.400000000000000050e-02
6.170748100000000000e+07 1.000000000000000000e+00 6.500000000000000000e+01 1.328997207571244871e+04 4.558400000000001455e+02 7.050265293758723601e+03 0.000000000000000000e+00 4.756185398235761141e+00 6.099999999999999867e-02
6.170748800000000000e+07 1.000000000000000000e+00 6.500000000000000000e+01 1.329474607571244997e+04 4.643900000000003274e+02 7.033366293758723259e+03 0.000000000000000000e+00 7.297961563279484754e-01 9.199999999999999845e-02
6.170748700000000000e+07 0.000000000000000000e+00 6.500000000000000000e+01 1.329276927571244960e+04 4.679099999999998545e+02 7.038352293758723135e+03 0.000000000000000000e+00 1.253376421083923553e+00 9.199999999999999845e-02
6.170748600000000000e+07 0.000000000000000000e+00 6.500000000000000000e+01 1.329469217571245099e+04 4.701700000000000728e+02 7.039927293758723863e+03 0.000000000000000000e+00 8.896934147112268709e-01 2.400000000000000050e-02
6.170748400000000000e+07 1.000000000000000000e+00 6.500000000000000000e+01 1.328988917571244929e+04 4.835299999999997453e+02 7.042419293758723143e+03 0.000000000000000000e+00 4.955724014629091734e+00 1.078999999999999915e+01
6.170748400000000000e+07 1.000000000000000000e+00 6.500000000000000000e+01 1.328988917571244929e+04 4.835299999999997453e+02 7.042419293758723143e+03 0.000000000000000000e+00 4.955724014629091734e+00 2.583899999999999864e+00
6.170748400000000000e+07 1.000000000000000000e+00 6.500000000000000000e+01 1.328988917571244929e+04 4.835299999999997453e+02 7.042419293758723143e+03 0.000000000000000000e+00 4.955724014629091734e+00 3.610859999999999764e-02
6.170747900000000000e+07 1.000000000000000000e+00 6.500000000000000000e+01 1.329120727571244970e+04 4.458699999999998909e+02 7.061227293758723135e+03 0.000000000000000000e+00 9.730438545220994939e+00 9.199999999999999845e-02
6.170747900000000000e+07 1.000000000000000000e+00 6.500000000000000000e+01 1.329271857571244982e+04 4.460799999999999272e+02 7.061575293758723092e+03 0.000000000000000000e+00 8.621162307765876776e+00 2.400000000000000050e-02
6.170748000000000000e+07 1.000000000000000000e+00 6.500000000000000000e+01 1.328921087571244971e+04 4.500100000000002183e+02 7.058726293758723841e+03 0.000000000000000000e+00 7.908476290404846232e+00 2.400000000000000050e-02
6.170756800000000000e+07 1.000000000000000000e+00 6.600000000000000000e+01 1.329518037571245077e+04 4.477200000000002547e+02 7.050387293758722990e+03 0.000000000000000000e+00 8.854272955411870427e+00 2.400000000000000050e-02
6.170748500000000000e+07 1.000000000000000000e+00 6.600000000000000000e+01 1.329051887571244879e+04 4.506199999999998909e+02 7.049996293758723368e+03 0.000000000000000000e+00 7.430857961598449357e+00 2.039999999999999869e-01
6.170748700000000000e+07 1.000000000000000000e+00 6.600000000000000000e+01 1.327782657571244999e+04 4.605500000000001819e+02 7.038484293758723652e+03 0.000000000000000000e+00 9.354523355946172458e+00 4.169999999999999818e-01
6.170879700000000000e+07 1.000000000000000000e+00 6.600000000000000000e+01 1.325306997571244938e+04 4.283000000000001819e+02 7.063131293758723587e+03 0.000000000000000000e+00 5.837588771733191351e+00 2.400000000000000050e-02
6.170746400000000000e+07 1.000000000000000000e+00 6.600000000000000000e+01 1.323672365571244882e+04 3.911199999999998909e+02 7.068535293758723128e+03 0.000000000000000000e+00 7.397467755106338139e+00 4.169999999999999818e-01
6.170763100000000000e+07 1.000000000000000000e+00 6.600000000000000000e+01 1.324337405571244926e+04 3.876800000000002910e+02 7.082351293758723841e+03 0.000000000000000000e+00 9.420833704374274475e+00 4.169999999999999818e-01
6.170771200000000000e+07 1.000000000000000000e+00 6.600000000000000000e+01 1.322907197571244978e+04 3.770599999999994907e+02 7.067942293758723281e+03 0.000000000000000000e+00 6.655208550442566207e+00 9.199999999999999845e-02
6.170771200000000000e+07 1.000000000000000000e+00 6.600000000000000000e+01 1.323060045571245064e+04 3.748199999999997090e+02 7.064993293758723667e+03 0.000000000000000000e+00 7.546111813462257345e+00 9.199999999999999845e-02
6.170770800000000000e+07 1.000000000000000000e+00 6.600000000000000000e+01 1.323105117571244955e+04 3.559499999999998181e+02 7.053693293758723485e+03 0.000000000000000000e+00 9.283985626695628213e+00 9.199999999999999845e-02
6.170771400000000000e+07 1.000000000000000000e+00 6.500000000000000000e+01 1.323956054771244999e+04 3.620399999999999636e+02 7.070466293758723623e+03 0.000000000000000000e+00 2.146916307438925031e+00 6.099999999999999867e-02
6.170771300000000000e+07 0.000000000000000000e+00 6.500000000000000000e+01 1.323095990571245056e+04 3.621999999999998181e+02 7.076590293758723419e+03 0.000000000000000000e+00 1.655877539526749542e+00 2.400000000000000050e-02
6.170637600000000000e+07 1.000000000000000000e+00 6.600000000000000000e+01 1.323282873571245000e+04 3.780899999999992360e+02 7.085283293758723630e+03 0.000000000000000000e+00 4.719625150114372225e+00 8.220000000000000639e+00
6.170637600000000000e+07 1.000000000000000000e+00 6.600000000000000000e+01 1.323282873571245000e+04 3.780899999999992360e+02 7.085283293758723630e+03 0.000000000000000000e+00 4.719625150114372225e+00 1.501230000000000064e+00
6.170756800000000000e+07 1.000000000000000000e+00 6.600000000000000000e+01 1.329464877571244870e+04 4.414200000000000728e+02 7.040833293758723812e+03 0.000000000000000000e+00 7.544700125538556179e+00 6.961149999999999949e+00
6.170876100000000000e+07 0.000000000000000000e+00 6.500000000000000000e+01 1.330634637571245003e+04 4.389699999999993452e+02 7.016885293758723492e+03 0.000000000000000000e+00 1.127610432609566171e+00 2.378530000000000033e+00
