2.158091500000000000e+07 1.000000000000000000e+00 6.500000000000000000e+01 2.391538729273722311e+03 5.475072181464211099e+03 2.431870000000000800e+03 0.000000000000000000e+00 8.608079626294525610e+00 1.605000000000000071e+01
2.158065700000000000e+07 1.000000000000000000e+00 6.600000000000000000e+01 2.438914729273722514e+03 5.478944181464211397e+03 2.498630000000000109e+03 0.000000000000000000e+00 7.998194351196547203e+00 1.605000000000000071e+01
2.158146900000000000e+07 1.000000000000000000e+00 6.600000000000000000e+01 2.457265729273722172e+03 5.480300181464211164e+03 2.522939999999999600e+03 0.000000000000000000e+00 4.310100260391969584e+00 1.605000000000000071e+01
2.363370200000000000e+07 1.000000000000000000e+00 6.600000000000000000e+01 2.637994729273722442e+03 5.510894481464210912e+03 2.793210000000000036e+03 0.000000000000000000e+00 8.571250243735310193e+00 1.078999999999999915e+01
2.929573200000000000e+07 1.000000000000000000e+00 6.500000000000000000e+01 3.222557729273721634e+03 5.533557181464211681e+03 3.480099999999999909e+03 0.000000000000000000e+00 7.241526810346090137e+00 1.605000000000000071e+01
5.239494100000000000e+07 1.000000000000000000e+00 6.600000000000000000e+01 7.921917729273722216e+03 5.960862181464211062e+03 6.021890000000000327e+03 0.000000000000000000e+00 5.242750838571906158e+00 3.229999999999999716e+01
5.239494000000000000e+07 1.000000000000000000e+00 6.500000000000000000e+01 7.934887729273721561e+03 5.976519181464211215e+03 6.012149999999999636e+03 0.000000000000000000e+00 5.278667752386668077e+00 1.078999999999999915e+01
4.938562700000000000e+07 1.000000000000000000e+00 6.600000000000000000e+01 8.371447729273722871e+03 6.191346181464211440e+03 5.705039999999999964e+03 0.000000000000000000e+00 9.720187193650138724e+00 1.078999999999999915e+01
4.938672900000000000e+07 1.000000000000000000e+00 6.600000000000000000e+01 8.413797729273721416e+03 6.278202181464211208e+03 5.696220000000000255e+03 0.000000000000000000e+00 3.311841952191027616e+00 2.400000000000000050e-02
4.938672900000000000e+07 0.000000000000000000e+00 6.600000000000000000e+01 8.418177729273722434e+03 6.284205181464211819e+03 5.693140000000000327e+03 0.000000000000000000e+00 1.015644093228431855e+00 2.400000000000000050e-02
4.938673300000000000e+07 1.000000000000000000e+00 6.600000000000000000e+01 8.426387729273721561e+03 6.295812181464211790e+03 5.696300000000000182e+03 0.000000000000000000e+00 3.314323264691887871e+00 6.099999999999999867e-02
4.938672800000000000e+07 1.000000000000000000e+00 6.500000000000000000e+01 8.422227729273721707e+03 6.302139181464211106e+03 5.698100000000000364e+03 0.000000000000000000e+00 4.430614176215559752e+00 4.169999999999999818e-01
4.938672800000000000e+07 1.000000000000000000e+00 6.500000000000000000e+01 8.422227729273721707e+03 6.302139181464211106e+03 5.698100000000000364e+03 0.000000000000000000e+00 4.430614176215559752e+00 7.174220000000000041e+00
4.938561400000000000e+07 1.000000000000000000e+00 6.600000000000000000e+01 8.373107729273722725e+03 6.233518181464211011e+03 5.730520000000000437e+03 0.000000000000000000e+00 6.999700882577926997e+00 1.078999999999999915e+01
4.938561400000000000e+07 1.000000000000000000e+00 6.600000000000000000e+01 8.373107729273722725e+03 6.233518181464211011e+03 5.730520000000000437e+03 0.000000000000000000e+00 6.999700882577926997e+00 2.794820000000000082e+00
4.938560300000000000e+07 1.000000000000000000e+00 6.600000000000000000e+01 8.401907729273721998e+03 6.244181181464211477e+03 5.746920000000000073e+03 0.000000000000000000e+00 1.262738414560194977e+00 9.199999999999999845e-02
4.938560300000000000e+07 1.000000000000000000e+00 6.600000000000000000e+01 8.402637729273721561e+03 6.241994181464211579e+03 5.747659999999999854e+03 0.000000000000000000e+00 1.265871448567470692e+00 1.000000000000000021e-02
4.938560300000000000e+07 1.000000000000000000e+00 6.600000000000000000e+01 8.399877729273723162e+03 6.242538181464211448e+03 5.749279999999999745e+03 0.000000000000000000e+00 1.212684536909558464e+00 9.199999999999999845e-02
4.938560300000000000e+07 1.000000000000000000e+00 6.600000000000000000e+01 8.405237729273721925e+03 6.246825181464210800e+03 5.751069999999999709e+03 0.000000000000000000e+00 4.752140017138440697e+00 4.169999999999999818e-01
4.938560300000000000e+07 1.000000000000000000e+00 6.600000000000000000e+01 8.404847729273722507e+03 6.253959181464210815e+03 5.748430000000000291e+03 0.000000000000000000e+00 6.987969846672235086e+00 9.199999999999999845e-02
4.938560300000000000e+07 1.000000000000000000e+00 6.600000000000000000e+01 8.404647729273723598e+03 6.253835181464211018e+03 5.748659999999999854e+03 0.000000000000000000e+00 6.925652739301124683e+00 2.400000000000000050e-02
4.938560300000000000e+07 1.000000000000000000e+00 6.600000000000000000e+01 8.398527729273720979e+03 6.249207181464211317e+03 5.742909999999999854e+03 0.000000000000000000e+00 6.094725393636404753e+00 9.199999999999999845e-02
4.938560400000000000e+07 1.000000000000000000e+00 6.600000000000000000e+01 8.397317729273721852e+03 6.248012181464210698e+03 5.740760000000000218e+03 0.000000000000000000e+00 7.058484464266700620e+00 6.099999999999999867e-02
4.938552700000000000e+07 1.000000000000000000e+00 6.600000000000000000e+01 8.393047729273721416e+03 6.250605181464211455e+03 5.735779999999999745e+03 0.000000000000000000e+00 4.244683567611125419e+00 2.400000000000000050e-02
4.938552700000000000e+07 1.000000000000000000e+00 6.600000000000000000e+01 8.395347729273722507e+03 6.249776181464211732e+03 5.737590000000000146e+03 0.000000000000000000e+00 5.329779430765369419e+00 9.199999999999999845e-02
4.938560700000000000e+07 1.000000000000000000e+00 6.500000000000000000e+01 8.393607729273722725e+03 6.246034181464211542e+03 5.738250000000000000e+03 0.000000000000000000e+00 6.603977314632282436e+00 9.199999999999999845e-02
4.938552700000000000e+07 1.000000000000000000e+00 6.600000000000000000e+01 8.392407729273721998e+03 6.247094181464211033e+03 5.733130000000000109e+03 0.000000000000000000e+00 3.445935065710025391e+00 9.199999999999999845e-02
4.938552800000000000e+07 1.000000000000000000e+00 6.600000000000000000e+01 8.392367729273721125e+03 6.239596181464211440e+03 5.726739999999999782e+03 0.000000000000000000e+00 7.095641024518729800e+00 2.400000000000000050e-02
4.938553200000000000e+07 1.000000000000000000e+00 6.500000000000000000e+01 8.389867729273721125e+03 6.234573181464211302e+03 5.716659999999999854e+03 0.000000000000000000e+00 3.356311563351566107e+00 2.400000000000000050e-02
4.938553200000000000e+07 1.000000000000000000e+00 6.500000000000000000e+01 8.391877729273723162e+03 6.235333181464211521e+03 5.715229999999999563e+03 0.000000000000000000e+00 2.475672194829582562e+00 9.199999999999999845e-02
4.938560800000000000e+07 1.000000000000000000e+00 6.500000000000000000e+01 8.390557729273721634e+03 6.240497181464211280e+03 5.728539999999999964e+03 0.000000000000000000e+00 6.450397329281499559e+00 9.199999999999999845e-02
4.938560800000000000e+07 1.000000000000000000e+00 6.500000000000000000e+01 8.393497729273722143e+03 6.241027181464211026e+03 5.731000000000000000e+03 0.000000000000000000e+00 4.609255925542856680e+00 6.099999999999999867e-02
4.938560700000000000e+07 1.000000000000000000e+00 6.500000000000000000e+01 8.395467729273723307e+03 6.239891181464211513e+03 5.732449999999999818e+03 0.000000000000000000e+00 4.450534065787784321e+00 2.400000000000000050e-02
4.938559800000000000e+07 1.000000000000000000e+00 6.500000000000000000e+01 8.412487729273723744e+03 6.248415181464210946e+03 5.745020000000000437e+03 0.000000000000000000e+00 3.996600511814583978e+00 9.199999999999999845e-02
4.938559800000000000e+07 1.000000000000000000e+00 6.500000000000000000e+01 8.411877729273723162e+03 6.251052181464211571e+03 5.747809999999999491e+03 0.000000000000000000e+00 3.603130247348030668e+00 6.099999999999999867e-02
4.938559800000000000e+07 1.000000000000000000e+00 6.500000000000000000e+01 8.412157729273721998e+03 6.250118181464211375e+03 5.750239999999999782e+03 0.000000000000000000e+00 2.760548503913498042e+00 2.039999999999999869e-01
4.938559900000000000e+07 0.000000000000000000e+00 6.500000000000000000e+01 8.407737729273723744e+03 6.240742181464211171e+03 5.753659999999999854e+03 0.000000000000000000e+00 1.855695787796961982e+00 9.199999999999999845e-02
4.938559900000000000e+07 0.000000000000000000e+00 6.600000000000000000e+01 8.404607729273722725e+03 6.238665181464210946e+03 5.758069999999999709e+03 0.000000000000000000e+00 1.722607109319227225e+00 9.199999999999999845e-02
4.938560000000000000e+07 1.000000000000000000e+00 6.500000000000000000e+01 8.397807729273723453e+03 6.251030181464211637e+03 5.769719999999999345e+03 0.000000000000000000e+00 7.675585145071062598e+00 9.199999999999999845e-02
4.938568200000000000e+07 1.000000000000000000e+00 6.500000000000000000e+01 8.412697729273722871e+03 6.230338181464211630e+03 5.775979999999999563e+03 0.000000000000000000e+00 4.163183071754523290e+00 2.400000000000000050e-02
4.938568000000000000e+07 1.000000000000000000e+00 6.600000000000000000e+01 8.411527729273722798e+03 6.230487181464211062e+03 5.772889999999999418e+03 0.000000000000000000e+00 4.724790557781641809e+00 6.099999999999999867e-02
4.938568000000000000e+07 1.000000000000000000e+00 6.600000000000000000e+01 8.411287729273723016e+03 6.229523181464211120e+03 5.772140000000000327e+03 0.000000000000000000e+00 5.933226095515939491e+00 9.199999999999999845e-02
4.938568000000000000e+07 1.000000000000000000e+00 6.600000000000000000e+01 8.406287729273723016e+03 6.242182181464210771e+03 5.774280000000000655e+03 0.000000000000000000e+00 3.155672836494391120e+00 2.400000000000000050e-02
4.938560900000000000e+07 1.000000000000000000e+00 6.500000000000000000e+01 8.376647729273721779e+03 6.246424181464210960e+03 5.742529999999999745e+03 0.000000000000000000e+00 9.676897044661656011e+00 9.199999999999999845e-02
4.938562700000000000e+07 1.000000000000000000e+00 6.600000000000000000e+01 8.372297729273721416e+03 6.190997181464211280e+03 5.705780000000000655e+03 0.000000000000000000e+00 8.725141866063324869e+00 1.339000000000000057e+01
4.938562700000000000e+07 1.000000000000000000e+00 6.600000000000000000e+01 8.375317729273721852e+03 6.188760181464211200e+03 5.708409999999999854e+03 0.000000000000000000e+00 5.452431267363682110e+00 1.339000000000000057e+01
4.938562700000000000e+07 1.000000000000000000e+00 6.600000000000000000e+01 8.376567729273721852e+03 6.181964181464210924e+03 5.700399999999999636e+03 0.000000000000000000e+00 8.911782035489451914e+00 6.099999999999999867e-02
4.938562300000000000e+07 1.000000000000000000e+00 6.500000000000000000e+01 8.373317729273721852e+03 6.185273181464211120e+03 5.713800000000000182e+03 0.000000000000000000e+00 8.741687937754740290e+00 2.400000000000000050e-02
4.938562300000000000e+07 1.000000000000000000e+00 6.500000000000000000e+01 8.373967729273723307e+03 6.185009181464210997e+03 5.715449999999999818e+03 0.000000000000000000e+00 8.331973778392557151e+00 2.039999999999999869e-01
4.938562300000000000e+07 1.000000000000000000e+00 6.500000000000000000e+01 8.377567729273721852e+03 6.185827181464211208e+03 5.720090000000000146e+03 0.000000000000000000e+00 7.890205516339512393e+00 4.169999999999999818e-01
4.938562300000000000e+07 1.000000000000000000e+00 6.500000000000000000e+01 8.378767729273722580e+03 6.186230181464211455e+03 5.723050000000000182e+03 0.000000000000000000e+00 9.411136382348614049e+00 6.099999999999999867e-02
4.938562700000000000e+07 1.000000000000000000e+00 6.600000000000000000e+01 8.375317729273721852e+03 6.188760181464211200e+03 5.708409999999999854e+03 0.000000000000000000e+00 5.452431267363682110e+00 4.666479999999999961e+00
4.938562700000000000e+07 1.000000000000000000e+00 6.600000000000000000e+01 8.372297729273721416e+03 6.190997181464211280e+03 5.705780000000000655e+03 0.000000000000000000e+00 8.725141866063324869e+00 6.075149999999999828e+00
5.239493900000000000e+07 1.000000000000000000e+00 6.500000000000000000e+01 7.943557729273723453e+03 5.974961181464211222e+03 6.013220000000000255e+03 0.000000000000000000e+00 6.857611471546574577e+00 1.078999999999999915e+01
5.239635300000000000e+07 1.000000000000000000e+00 6.500000000000000000e+01 7.949697729273722871e+03 5.931837181464211426e+03 6.048539999999999964e+03 0.000000000000000000e+00 7.533166393063630117e+00 2.400000000000000050e-02
5.239634800000000000e+07 1.000000000000000000e+00 6.600000000000000000e+01 7.961687729273720834e+03 5.927225181464211346e+03 6.056989999999999782e+03 0.000000000000000000e+00 9.453740799380776494e-01 2.400000000000000050e-02
5.239635100000000000e+07 0.000000000000000000e+00 6.500000000000000000e+01 7.947367729273721125e+03 5.921394181464211215e+03 6.065229999999999563e+03 0.000000000000000000e+00 9.458634671687925488e-01 6.099999999999999867e-02
5.239635100000000000e+07 0.000000000000000000e+00 6.600000000000000000e+01 7.949117729273721125e+03 5.920841181464211331e+03 6.063690000000000509e+03 0.000000000000000000e+00 1.334266951839303994e+00 2.039999999999999869e-01
5.239635000000000000e+07 0.000000000000000000e+00 6.600000000000000000e+01 7.951557729273723453e+03 5.917021181464211622e+03 6.064010000000000218e+03 0.000000000000000000e+00 1.352040336519700459e+00 6.099999999999999867e-02
5.239483900000000000e+07 1.000000000000000000e+00 6.500000000000000000e+01 7.951707729273721270e+03 5.910489181464211470e+03 6.065539999999999964e+03 0.000000000000000000e+00 3.959353294368960441e+00 2.039999999999999869e-01
5.239635100000000000e+07 1.000000000000000000e+00 6.600000000000000000e+01 7.951547729273721416e+03 5.910971181464211440e+03 6.064609999999999673e+03 0.000000000000000000e+00 4.052603604273874893e+00 6.099999999999999867e-02
5.239483900000000000e+07 1.000000000000000000e+00 6.500000000000000000e+01 7.954667729273720397e+03 5.914309181464211179e+03 6.065399999999999636e+03 0.000000000000000000e+00 2.434239498995024231e+00 6.099999999999999867e-02
5.239649500000000000e+07 0.000000000000000000e+00 6.600000000000000000e+01 7.972007729273722362e+03 5.919576181464211004e+03 6.071110000000000582e+03 0.000000000000000000e+00 1.074149205943751628e+00 6.099999999999999867e-02
5.239747300000000000e+07 1.000000000000000000e+00 6.500000000000000000e+01 7.975577729273722071e+03 5.911481181464211659e+03 6.072409999999999854e+03 0.000000000000000000e+00 2.481526394790847245e+00 6.099999999999999867e-02
5.239747300000000000e+07 1.000000000000000000e+00 6.500000000000000000e+01 7.976097729273720688e+03 5.910444181464211397e+03 6.072359999999999673e+03 0.000000000000000000e+00 2.943543151378768652e+00 9.199999999999999845e-02
5.239747000000000000e+07 1.000000000000000000e+00 6.600000000000000000e+01 7.976477729273721707e+03 5.909832181464211317e+03 6.071640000000000327e+03 0.000000000000000000e+00 3.418456168178003907e+00 1.078999999999999915e+01
5.239747000000000000e+07 1.000000000000000000e+00 6.600000000000000000e+01 7.976477729273721707e+03 5.909832181464211317e+03 6.071640000000000327e+03 0.000000000000000000e+00 3.418456168178003907e+00 2.740769999999999929e+00
5.239747000000000000e+07 1.000000000000000000e+00 6.600000000000000000e+01 7.976477729273721707e+03 5.909832181464211317e+03 6.071640000000000327e+03 0.000000000000000000e+00 3.418456168178003907e+00 2.044709999999999805e+00
5.239494700000000000e+07 1.000000000000000000e+00 6.500000000000000000e+01 7.933867729273721125e+03 5.975633181464211702e+03 6.034139999999999418e+03 0.000000000000000000e+00 9.781097441558966210e+00 9.199999999999999845e-02
5.239494300000000000e+07 1.000000000000000000e+00 6.600000000000000000e+01 7.940577729273722071e+03 5.974157181464211135e+03 6.020789999999999964e+03 0.000000000000000000e+00 4.941106497460162394e+00 9.036899999999999267e+00
5.239638500000000000e+07 1.000000000000000000e+00 6.500000000000000000e+01 7.943867729273721125e+03 6.013767181464211717e+03 6.056909999999999854e+03 0.000000000000000000e+00 9.294937306366648500e+00 1.000000000000000000e+01
5.239638500000000000e+07 1.000000000000000000e+00 6.500000000000000000e+01 7.943867729273721125e+03 6.013767181464211717e+03 6.056909999999999854e+03 0.000000000000000000e+00 9.294937306366648500e+00 3.119699999999999918e+00
5.239494100000000000e+07 1.000000000000000000e+00 6.600000000000000000e+01 7.921917729273722216e+03 5.960862181464211062e+03 6.021890000000000327e+03 0.000000000000000000e+00 5.242750838571906158e+00 1.528750000000000053e+00
5.239621100000000000e+07 1.000000000000000000e+00 6.500000000000000000e+01 7.899067729273721852e+03 5.955471181464211440e+03 6.019869999999999891e+03 0.000000000000000000e+00 6.574619505965427990e+00 6.099999999999999867e-02
5.239621100000000000e+07 1.000000000000000000e+00 6.500000000000000000e+01 7.903147729273723598e+03 5.955806181464211477e+03 6.018899999999999636e+03 0.000000000000000000e+00 6.302767043275657954e+00 9.199999999999999845e-02
5.239621100000000000e+07 1.000000000000000000e+00 6.500000000000000000e+01 7.903147729273723598e+03 5.955806181464211477e+03 6.018899999999999636e+03 0.000000000000000000e+00 6.302767043275657954e+00 7.345439999999999969e+00
5.239621100000000000e+07 1.000000000000000000e+00 6.500000000000000000e+01 7.904247729273722143e+03 5.955794181464210851e+03 6.017399999999999636e+03 0.000000000000000000e+00 6.652262506008808529e+00 9.199999999999999845e-02
5.239621100000000000e+07 1.000000000000000000e+00 6.500000000000000000e+01 7.903187729273720834e+03 5.956288181464211448e+03 6.016930000000000291e+03 0.000000000000000000e+00 5.778925477559546664e+00 9.199999999999999845e-02
5.239621100000000000e+07 1.000000000000000000e+00 6.500000000000000000e+01 7.902237729273723744e+03 5.958789181464211651e+03 6.018079999999999927e+03 0.000000000000000000e+00 3.099488948054044180e+00 9.199999999999999845e-02
5.239621100000000000e+07 1.000000000000000000e+00 6.500000000000000000e+01 7.903967729273723307e+03 5.960131181464211295e+03 6.016939999999999600e+03 0.000000000000000000e+00 3.392062510646772999e+00 9.199999999999999845e-02
5.239621300000000000e+07 1.000000000000000000e+00 6.500000000000000000e+01 7.906437729273722653e+03 5.969273181464211120e+03 6.019670000000000073e+03 0.000000000000000000e+00 2.402230033630348593e+00 9.199999999999999845e-02
5.239621300000000000e+07 1.000000000000000000e+00 6.500000000000000000e+01 7.910187729273720834e+03 5.971174181464210960e+03 6.015219999999999345e+03 0.000000000000000000e+00 3.099049154840868070e+00 9.199999999999999845e-02
5.239494000000000000e+07 1.000000000000000000e+00 6.600000000000000000e+01 7.914377729273721343e+03 5.972830181464210909e+03 6.016539999999999964e+03 0.000000000000000000e+00 3.289278887841562415e+00 4.169999999999999818e-01
5.239494100000000000e+07 1.000000000000000000e+00 6.600000000000000000e+01 7.920407729273721998e+03 5.965528181464211229e+03 6.018840000000000146e+03 0.000000000000000000e+00 1.443124981304077181e+00 8.349999999999999645e-01
5.239494100000000000e+07 1.000000000000000000e+00 6.600000000000000000e+01 7.920407729273721998e+03 5.965528181464211229e+03 6.018840000000000146e+03 0.000000000000000000e+00 1.443124981304077181e+00 6.648259999999999614e+00
5.239622500000000000e+07 1.000000000000000000e+00 6.600000000000000000e+01 7.895787729273723016e+03 5.936415181464210946e+03 6.049409999999999854e+03 0.000000000000000000e+00 7.922739033346593018e+00 1.339000000000000057e+01
5.239622500000000000e+07 1.000000000000000000e+00 6.600000000000000000e+01 7.896667729273722216e+03 5.939322181464211099e+03 6.048890000000000327e+03 0.000000000000000000e+00 6.619465140415870863e+00 9.199999999999999845e-02
5.239622500000000000e+07 1.000000000000000000e+00 6.600000000000000000e+01 7.896477729273721707e+03 5.940133181464211702e+03 6.049149999999999636e+03 0.000000000000000000e+00 6.000664392891903454e+00 2.400000000000000050e-02
5.239622500000000000e+07 1.000000000000000000e+00 6.600000000000000000e+01 7.896417729273722216e+03 5.940386181464211404e+03 6.049229999999999563e+03 0.000000000000000000e+00 5.821786415196688935e+00 9.199999999999999845e-02
5.239622500000000000e+07 1.000000000000000000e+00 6.600000000000000000e+01 7.895437729273722653e+03 5.934425181464211164e+03 6.048630000000000109e+03 0.000000000000000000e+00 9.944220988661719218e+00 9.199999999999999845e-02
5.239629000000000000e+07 1.000000000000000000e+00 6.500000000000000000e+01 7.855377729273723162e+03 5.956581181464211113e+03 6.042680000000000291e+03 0.000000000000000000e+00 1.385414916743330505e+00 4.169999999999999818e-01
5.239629000000000000e+07 1.000000000000000000e+00 6.500000000000000000e+01 7.855377729273723162e+03 5.956581181464211113e+03 6.042680000000000291e+03 0.000000000000000000e+00 1.385414916743330505e+00 7.383989999999999831e+00
5.239622000000000000e+07 1.000000000000000000e+00 6.500000000000000000e+01 7.890297729273721416e+03 5.944310181464211382e+03 6.043909999999999854e+03 0.000000000000000000e+00 7.251446106217303900e+00 9.199999999999999845e-02
5.239622400000000000e+07 1.000000000000000000e+00 6.600000000000000000e+01 7.883597729273720688e+03 5.939498181464211484e+03 6.051479999999999563e+03 0.000000000000000000e+00 8.470832303683456743e+00 2.039999999999999869e-01
5.239622400000000000e+07 1.000000000000000000e+00 6.600000000000000000e+01 7.883247729273722143e+03 5.939383181464211702e+03 6.051780000000000655e+03 0.000000000000000000e+00 8.493847578614103000e+00 2.400000000000000050e-02
5.239622400000000000e+07 1.000000000000000000e+00 6.600000000000000000e+01 7.882587729273722289e+03 5.939446181464210895e+03 6.057569999999999709e+03 0.000000000000000000e+00 6.884558454390777626e+00 9.199999999999999845e-02
5.239489300000000000e+07 1.000000000000000000e+00 6.500000000000000000e+01 7.879607729273722725e+03 5.929655181464211637e+03 6.080250000000000000e+03 0.000000000000000000e+00 2.793711290860164453e+00 6.099999999999999867e-02
5.239489400000000000e+07 1.000000000000000000e+00 6.500000000000000000e+01 7.879927729273722434e+03 5.927923181464211666e+03 6.078920000000000073e+03 0.000000000000000000e+00 2.644528022531723810e+00 9.199999999999999845e-02
5.239489700000000000e+07 0.000000000000000000e+00 6.600000000000000000e+01 7.873807729273723453e+03 5.916031181464210931e+03 6.081840000000000146e+03 0.000000000000000000e+00 1.158702888656503838e+00 2.400000000000000050e-02
5.239489700000000000e+07 0.000000000000000000e+00 6.600000000000000000e+01 7.873417729273722216e+03 5.914000181464210982e+03 6.081159999999999854e+03 0.000000000000000000e+00 1.130135409166623583e+00 2.039999999999999869e-01
5.239490000000000000e+07 1.000000000000000000e+00 6.500000000000000000e+01 7.879507729273722362e+03 5.903498181464211484e+03 6.074350000000000364e+03 0.000000000000000000e+00 1.981330657509537296e+00 9.199999999999999845e-02
5.239490000000000000e+07 1.000000000000000000e+00 6.500000000000000000e+01 7.880187729273720834e+03 5.903264181464211106e+03 6.074020000000000437e+03 0.000000000000000000e+00 2.323366191841955697e+00 4.169999999999999818e-01
5.239631400000000000e+07 0.000000000000000000e+00 6.500000000000000000e+01 7.887857729273722725e+03 5.896914181464211651e+03 6.077559999999999491e+03 0.000000000000000000e+00 1.024141907290848863e+00 9.199999999999999845e-02
5.239631500000000000e+07 0.000000000000000000e+00 6.500000000000000000e+01 7.885777729273722798e+03 5.896139181464211106e+03 6.079239999999999782e+03 0.000000000000000000e+00 1.357830587183865179e+00 9.199999999999999845e-02
5.239631600000000000e+07 1.000000000000000000e+00 6.600000000000000000e+01 7.888787729273723016e+03 5.887133181464211702e+03 6.084920000000000073e+03 0.000000000000000000e+00 2.461344176665304140e+00 9.199999999999999845e-02
5.239631600000000000e+07 1.000000000000000000e+00 6.600000000000000000e+01 7.889277729273720979e+03 5.885337181464211426e+03 6.085389999999999418e+03 0.000000000000000000e+00 3.002018191950887704e+00 9.199999999999999845e-02
5.239631600000000000e+07 1.000000000000000000e+00 6.600000000000000000e+01 7.889277729273720979e+03 5.885337181464211426e+03 6.085389999999999418e+03 0.000000000000000000e+00 3.002018191950887704e+00 7.365380000000000038e+00
5.572539800000000000e+07 1.000000000000000000e+00 6.500000000000000000e+01 7.459987729273721925e+03 5.306925181464211164e+03 6.490109999999999673e+03 0.000000000000000000e+00 6.326496053673890785e+00 9.199999999999999845e-02
5.572539900000000000e+07 1.000000000000000000e+00 6.500000000000000000e+01 7.465717729273723307e+03 5.303286181464211040e+03 6.493609999999999673e+03 0.000000000000000000e+00 6.709556705172137647e+00 4.169999999999999818e-01
5.572539800000000000e+07 1.000000000000000000e+00 6.500000000000000000e+01 7.455497729273722143e+03 5.305282181464211135e+03 6.492109999999999673e+03 0.000000000000000000e+00 7.109403885588207572e+00 9.199999999999999845e-02
5.572539800000000000e+07 1.000000000000000000e+00 6.500000000000000000e+01 7.456877729273721343e+03 5.303907181464211135e+03 6.497159999999999854e+03 0.000000000000000000e+00 8.691263494940439926e+00 9.199999999999999845e-02
5.572539800000000000e+07 1.000000000000000000e+00 6.500000000000000000e+01 7.456877729273721343e+03 5.303907181464211135e+03 6.497159999999999854e+03 0.000000000000000000e+00 8.691263494940439926e+00 7.388889999999999958e+00
5.572734400000000000e+07 1.000000000000000000e+00 6.600000000000000000e+01 7.438507729273720543e+03 5.109156181464210931e+03 6.563536000000000058e+03 0.000000000000000000e+00 9.832333856356841650e+00 6.099999999999999867e-02
5.572733900000000000e+07 1.000000000000000000e+00 6.500000000000000000e+01 7.460237729273723744e+03 5.117279181464211433e+03 6.572759000000000015e+03 0.000000000000000000e+00 2.115681045768405877e+00 3.229999999999999716e+01
5.572733900000000000e+07 1.000000000000000000e+00 6.500000000000000000e+01 7.455027729273720979e+03 5.118566181464210786e+03 6.577804000000000087e+03 0.000000000000000000e+00 5.954635688832816243e+00 9.199999999999999845e-02
5.572733900000000000e+07 1.000000000000000000e+00 6.500000000000000000e+01 7.454117729273722944e+03 5.117344181464211033e+03 6.578372000000000298e+03 0.000000000000000000e+00 7.066497082006500285e+00 9.199999999999999845e-02
5.572733800000000000e+07 1.000000000000000000e+00 6.500000000000000000e+01 7.462397729273721779e+03 5.125682181464210771e+03 6.570703999999999724e+03 0.000000000000000000e+00 1.236566573819239290e+00 1.124000000000000021e+01
5.572834000000000000e+07 1.000000000000000000e+00 6.500000000000000000e+01 7.459157729273721998e+03 5.137732181464210953e+03 6.570305000000000291e+03 0.000000000000000000e+00 4.181436990150287691e+00 9.199999999999999845e-02
5.572733900000000000e+07 0.000000000000000000e+00 6.500000000000000000e+01 7.462307729273723453e+03 5.121503181464211593e+03 6.569657999999999447e+03 0.000000000000000000e+00 1.549574992816850294e+00 2.400000000000000050e-02
5.572733900000000000e+07 1.000000000000000000e+00 6.500000000000000000e+01 7.460737729273721925e+03 5.117286181464211040e+03 6.575851999999999862e+03 0.000000000000000000e+00 3.214187284781875764e+00 6.099999999999999867e-02
5.572733800000000000e+07 1.000000000000000000e+00 6.500000000000000000e+01 7.463127729273723162e+03 5.122130181464211091e+03 6.571002999999999702e+03 0.000000000000000000e+00 8.875169174340193923e-01 9.199999999999999845e-02
5.572733800000000000e+07 1.000000000000000000e+00 6.600000000000000000e+01 7.479757729273722362e+03 5.118891181464211513e+03 6.568519000000000233e+03 0.000000000000000000e+00 2.166470068388125725e+00 6.099999999999999867e-02
5.572732900000000000e+07 1.000000000000000000e+00 6.600000000000000000e+01 7.491127729273723162e+03 5.137796181464211259e+03 6.557756999999999607e+03 0.000000000000000000e+00 7.551451164020063445e+00 9.199999999999999845e-02
5.572741300000000000e+07 1.000000000000000000e+00 6.600000000000000000e+01 7.497837729273722289e+03 5.130345181464211237e+03 6.564818999999999505e+03 0.000000000000000000e+00 5.296768212468369263e+00 9.199999999999999845e-02
5.572733300000000000e+07 1.000000000000000000e+00 6.500000000000000000e+01 7.491067729273721852e+03 5.129037181464211244e+03 6.568244999999999891e+03 0.000000000000000000e+00 3.343628091041135786e+00 9.199999999999999845e-02
5.572733300000000000e+07 1.000000000000000000e+00 6.500000000000000000e+01 7.488387729273721561e+03 5.133974181464211142e+03 6.568416000000000167e+03 0.000000000000000000e+00 2.599246248928028802e+00 5.000000000000000000e-01
5.572733400000000000e+07 1.000000000000000000e+00 6.500000000000000000e+01 7.489027729273722798e+03 5.130794181464210851e+03 6.564310999999999694e+03 0.000000000000000000e+00 5.254299552065489820e+00 6.099999999999999867e-02
5.572733200000000000e+07 1.000000000000000000e+00 6.500000000000000000e+01 7.487547729273721416e+03 5.138091181464211331e+03 6.569979999999999563e+03 0.000000000000000000e+00 3.188280374826551355e+00 9.199999999999999845e-02
5.572733200000000000e+07 1.000000000000000000e+00 6.500000000000000000e+01 7.487747729273722143e+03 5.137853181464211048e+03 6.571121000000000095e+03 0.000000000000000000e+00 2.122444364647832593e+00 9.199999999999999845e-02
5.572733200000000000e+07 0.000000000000000000e+00 6.500000000000000000e+01 7.483577729273722071e+03 5.138111181464210858e+03 6.571510000000000218e+03 0.000000000000000000e+00 1.025240261851988688e+00 9.199999999999999845e-02
5.572733200000000000e+07 1.000000000000000000e+00 6.500000000000000000e+01 7.489307729273723453e+03 5.132820181464211601e+03 6.576372000000000298e+03 0.000000000000000000e+00 2.783105761758899011e+00 2.400000000000000050e-02
5.572733200000000000e+07 1.000000000000000000e+00 6.500000000000000000e+01 7.491227729273721707e+03 5.131655181464211637e+03 6.576927999999999884e+03 0.000000000000000000e+00 2.953640272697223512e+00 2.400000000000000050e-02
5.572733200000000000e+07 1.000000000000000000e+00 6.500000000000000000e+01 7.491227729273721707e+03 5.131655181464211637e+03 6.576927999999999884e+03 0.000000000000000000e+00 2.953640272697223512e+00 7.387609999999999566e+00
5.572935100000000000e+07 1.000000000000000000e+00 6.500000000000000000e+01 7.442057729273723453e+03 5.077050181464211164e+03 6.542568999999999505e+03 0.000000000000000000e+00 9.472313223075390809e+00 9.199999999999999845e-02
5.571289700000000000e+07 1.000000000000000000e+00 6.600000000000000000e+01 6.244417729273722216e+03 5.377228181464211048e+03 6.391609999999999673e+03 0.000000000000000000e+00 9.393196050916936102e+00 1.078999999999999915e+01
5.571275200000000000e+07 1.000000000000000000e+00 6.600000000000000000e+01 6.244097729273722507e+03 5.382136181464211404e+03 6.380220000000000255e+03 0.000000000000000000e+00 9.137557037438348573e+00 1.339000000000000057e+01
5.571275200000000000e+07 1.000000000000000000e+00 6.600000000000000000e+01 6.243497729273722143e+03 5.382235181464211564e+03 6.382590000000000146e+03 0.000000000000000000e+00 7.976494080351580251e+00 9.199999999999999845e-02
5.571289800000000000e+07 1.000000000000000000e+00 6.600000000000000000e+01 6.241267729273722580e+03 5.383022181464210917e+03 6.395609999999999673e+03 0.000000000000000000e+00 6.960468713182427436e+00 6.099999999999999867e-02
5.571387900000000000e+07 1.000000000000000000e+00 6.500000000000000000e+01 6.259567729273721852e+03 5.381635181464211200e+03 6.400750000000000000e+03 0.000000000000000000e+00 4.493103662117497343e+00 6.099999999999999867e-02
5.571387900000000000e+07 1.000000000000000000e+00 6.500000000000000000e+01 6.258267729273722580e+03 5.385485181464211564e+03 6.397880000000000109e+03 0.000000000000000000e+00 3.475032852153659979e-01 6.099999999999999867e-02
5.571274900000000000e+07 1.000000000000000000e+00 6.500000000000000000e+01 6.257637729273721561e+03 5.394854181464211251e+03 6.386039999999999964e+03 0.000000000000000000e+00 6.869115676833901674e+00 1.339000000000000057e+01
5.571388900000000000e+07 1.000000000000000000e+00 6.500000000000000000e+01 6.280237729273721925e+03 5.371322181464211099e+03 6.394590000000000146e+03 0.000000000000000000e+00 6.592072108211649351e+00 6.099999999999999867e-02
5.571388600000000000e+07 1.000000000000000000e+00 6.600000000000000000e+01 6.267787729273723016e+03 5.359257181464211499e+03 6.398779999999999745e+03 0.000000000000000000e+00 8.842327765384462523e+00 2.400000000000000050e-02
5.571389200000000000e+07 1.000000000000000000e+00 6.500000000000000000e+01 6.286307729273723453e+03 5.358121181464211077e+03 6.409270000000000437e+03 0.000000000000000000e+00 4.283370788308704213e+00 6.099999999999999867e-02
5.571389200000000000e+07 1.000000000000000000e+00 6.500000000000000000e+01 6.292647729273723598e+03 5.357719181464211033e+03 6.405840000000000146e+03 0.000000000000000000e+00 6.179461999537012140e+00 9.199999999999999845e-02
5.571389200000000000e+07 1.000000000000000000e+00 6.500000000000000000e+01 6.292707729273721270e+03 5.357603181464211048e+03 6.405829999999999927e+03 0.000000000000000000e+00 6.298276591009042136e+00 6.099999999999999867e-02
5.571389200000000000e+07 1.000000000000000000e+00 6.500000000000000000e+01 6.293787729273723016e+03 5.355675181464211164e+03 6.405789999999999964e+03 0.000000000000000000e+00 8.346066110576305874e+00 9.199999999999999845e-02
5.571389000000000000e+07 1.000000000000000000e+00 6.500000000000000000e+01 6.272657729273721998e+03 5.358576181464211004e+03 6.402819999999999709e+03 0.000000000000000000e+00 8.799388245235922668e+00 9.199999999999999845e-02
5.571389000000000000e+07 1.000000000000000000e+00 6.500000000000000000e+01 6.274807729273723453e+03 5.357731181464211659e+03 6.402569999999999709e+03 0.000000000000000000e+00 7.988242027684348656e+00 4.169999999999999818e-01
5.571389200000000000e+07 1.000000000000000000e+00 6.500000000000000000e+01 6.282107729273722725e+03 5.356306181464211477e+03 6.413300000000000182e+03 0.000000000000000000e+00 9.804741796487121519e+00 9.199999999999999845e-02
5.571389300000000000e+07 1.000000000000000000e+00 6.500000000000000000e+01 6.292657729273721998e+03 5.359719181464211033e+03 6.421920000000000073e+03 0.000000000000000000e+00 9.700846913346053313e+00 9.199999999999999845e-02
5.571389500000000000e+07 0.000000000000000000e+00 6.600000000000000000e+01 6.298557729273721634e+03 5.364744181464211579e+03 6.411149999999999636e+03 0.000000000000000000e+00 4.498518698066338750e+00 9.199999999999999845e-02
5.571389600000000000e+07 0.000000000000000000e+00 6.600000000000000000e+01 6.300937729273720834e+03 5.367116181464210968e+03 6.414229999999999563e+03 0.000000000000000000e+00 3.301865106997335708e+00 4.169999999999999818e-01
5.571389600000000000e+07 0.000000000000000000e+00 6.600000000000000000e+01 6.301157729273721998e+03 5.366977181464210844e+03 6.414260000000000218e+03 0.000000000000000000e+00 3.339563417303962556e+00 6.099999999999999867e-02
5.571389700000000000e+07 1.000000000000000000e+00 6.600000000000000000e+01 6.306997729273722143e+03 5.368803181464210866e+03 6.409500000000000000e+03 0.000000000000000000e+00 1.247132417583225683e+00 9.199999999999999845e-02
5.571389700000000000e+07 1.000000000000000000e+00 6.600000000000000000e+01 6.303987729273721925e+03 5.368083181464211521e+03 6.409500000000000000e+03 0.000000000000000000e+00 2.759624996752282344e-01 8.349999999999999645e-01
5.571389700000000000e+07 1.000000000000000000e+00 6.600000000000000000e+01 6.303987729273721925e+03 5.368083181464211521e+03 6.409500000000000000e+03 0.000000000000000000e+00 2.759624996752282344e-01 7.115789999999999615e+00
5.571274900000000000e+07 1.000000000000000000e+00 6.500000000000000000e+01 6.257637729273721561e+03 5.394854181464211251e+03 6.386039999999999964e+03 0.000000000000000000e+00 6.869115676833901674e+00 4.225740000000000052e+00
5.571289700000000000e+07 1.000000000000000000e+00 6.600000000000000000e+01 6.248047729273721416e+03 5.382238181464211266e+03 6.388010000000000218e+03 0.000000000000000000e+00 4.923858735745263893e+00 4.169999999999999818e-01
5.571388000000000000e+07 0.000000000000000000e+00 6.500000000000000000e+01 6.250807729273723453e+03 5.388541181464211149e+03 6.406619999999999891e+03 0.000000000000000000e+00 3.037953300622119546e+00 4.169999999999999818e-01
5.571290000000000000e+07 1.000000000000000000e+00 6.500000000000000000e+01 6.267897729273723598e+03 5.392489181464211470e+03 6.399139999999999418e+03 0.000000000000000000e+00 6.249631578979930602e+00 2.400000000000000050e-02
5.571134700000000000e+07 1.000000000000000000e+00 6.600000000000000000e+01 6.197437729273720834e+03 5.366353181464211048e+03 6.356550000000000182e+03 0.000000000000000000e+00 6.455169419954012611e+00 9.199999999999999845e-02
5.571134700000000000e+07 1.000000000000000000e+00 6.600000000000000000e+01 6.197357729273722725e+03 5.366265181464211310e+03 6.356520000000000437e+03 0.000000000000000000e+00 6.388063589135080100e+00 2.400000000000000050e-02
5.571134700000000000e+07 1.000000000000000000e+00 6.600000000000000000e+01 6.197167729273722216e+03 5.366075181464210800e+03 6.356470000000000255e+03 0.000000000000000000e+00 6.244361964077147498e+00 2.400000000000000050e-02
3.272333600000000000e+07 1.000000000000000000e+00 6.600000000000000000e+01 3.448187729273722653e+03 5.611533981464211138e+03 3.891639999999999873e+03 0.000000000000000000e+00 9.282929461176063768e+00 4.169999999999999818e-01
3.272333600000000000e+07 1.000000000000000000e+00 6.600000000000000000e+01 3.448087729273722289e+03 5.612147881464211423e+03 3.892679999999999836e+03 0.000000000000000000e+00 9.574828031878201529e+00 4.169999999999999818e-01
3.272333500000000000e+07 1.000000000000000000e+00 6.600000000000000000e+01 3.441917729273722216e+03 5.619635981464211000e+03 3.883470000000000255e+03 0.000000000000000000e+00 8.981950099042144586e+00 2.400000000000000050e-02
3.272333700000000000e+07 1.000000000000000000e+00 6.600000000000000000e+01 3.436287729273723016e+03 5.606493581464211275e+03 3.888660000000000309e+03 0.000000000000000000e+00 6.828151677324071356e-01 9.199999999999999845e-02
3.272334000000000000e+07 1.000000000000000000e+00 6.500000000000000000e+01 3.441007729273722362e+03 5.604136181464211404e+03 3.896200000000000273e+03 0.000000000000000000e+00 3.214385363041316612e+00 9.199999999999999845e-02
3.272333700000000000e+07 1.000000000000000000e+00 6.600000000000000000e+01 3.443657729273721998e+03 5.607236481464211465e+03 3.891440000000000055e+03 0.000000000000000000e+00 4.400033526115922911e+00 4.169999999999999818e-01
3.272237500000000000e+07 1.000000000000000000e+00 6.600000000000000000e+01 3.332097729273722507e+03 5.581252551464211137e+03 3.738019999999999982e+03 0.000000000000000000e+00 7.873706041790294208e+00 1.078999999999999915e+01
3.272237600000000000e+07 1.000000000000000000e+00 6.600000000000000000e+01 3.325607729273722725e+03 5.582172531464210806e+03 3.737789999999999964e+03 0.000000000000000000e+00 7.740814727489236269e+00 1.078999999999999915e+01
3.272237900000000000e+07 1.000000000000000000e+00 6.500000000000000000e+01 3.323857729273722725e+03 5.583472771464211291e+03 3.735350000000000364e+03 0.000000000000000000e+00 9.385830412256229494e+00 1.124000000000000021e+01
3.272302300000000000e+07 1.000000000000000000e+00 6.500000000000000000e+01 3.314347729273722507e+03 5.585403031464211381e+03 3.730740000000000236e+03 0.000000000000000000e+00 8.040432450776810569e+00 4.600000000000000200e-01
3.272302300000000000e+07 1.000000000000000000e+00 6.500000000000000000e+01 3.305497729273722143e+03 5.584304241464211373e+03 3.727740000000000236e+03 0.000000000000000000e+00 1.445531152159331034e+00 2.400000000000000050e-02
3.272302100000000000e+07 1.000000000000000000e+00 6.600000000000000000e+01 3.294267729273722580e+03 5.581266861464211615e+03 3.717400000000000091e+03 0.000000000000000000e+00 4.391598090445208769e+00 4.169999999999999818e-01
3.272302100000000000e+07 1.000000000000000000e+00 6.600000000000000000e+01 3.294467729273721488e+03 5.581216761464211231e+03 3.717219999999999800e+03 0.000000000000000000e+00 4.611524926613211228e+00 9.199999999999999845e-02
3.272302100000000000e+07 1.000000000000000000e+00 6.600000000000000000e+01 3.294467729273721488e+03 5.581216761464211231e+03 3.717219999999999800e+03 0.000000000000000000e+00 4.611524926613211228e+00 7.368789999999999729e+00
3.272237600000000000e+07 1.000000000000000000e+00 6.600000000000000000e+01 3.327987729273721925e+03 5.583076851464211359e+03 3.742410000000000309e+03 0.000000000000000000e+00 2.695637561332032917e+00 2.400000000000000050e-02
3.272237600000000000e+07 1.000000000000000000e+00 6.600000000000000000e+01 3.328587729273722289e+03 5.583831841464210811e+03 3.743809999999999945e+03 0.000000000000000000e+00 1.751862035823971819e+00 6.099999999999999867e-02
3.272237700000000000e+07 1.000000000000000000e+00 6.600000000000000000e+01 3.330977729273721707e+03 5.590736291464210808e+03 3.744090000000000146e+03 0.000000000000000000e+00 4.685036758892088926e+00 2.039999999999999869e-01
3.272246100000000000e+07 1.000000000000000000e+00 6.600000000000000000e+01 3.332577729273722071e+03 5.591982591464211509e+03 3.742599999999999909e+03 0.000000000000000000e+00 6.212045925105400990e+00 2.400000000000000050e-02
3.272245600000000000e+07 1.000000000000000000e+00 6.500000000000000000e+01 3.336587729273722289e+03 5.590207351464211570e+03 3.743340000000000146e+03 0.000000000000000000e+00 3.159388465694716874e+00 2.400000000000000050e-02
3.272245600000000000e+07 1.000000000000000000e+00 6.500000000000000000e+01 3.335797729273721416e+03 5.591652191464211683e+03 3.745479999999999563e+03 0.000000000000000000e+00 3.504820475486895681e+00 6.099999999999999867e-02
3.272237200000000000e+07 1.000000000000000000e+00 6.500000000000000000e+01 3.342357729273722725e+03 5.591195831464211551e+03 3.753590000000000146e+03 0.000000000000000000e+00 2.951349207083507231e+00 9.199999999999999845e-02
3.272245500000000000e+07 1.000000000000000000e+00 6.500000000000000000e+01 3.347417729273722216e+03 5.591403141464211330e+03 3.753369999999999891e+03 0.000000000000000000e+00 6.832102859674282769e+00 6.099999999999999867e-02
3.272245400000000000e+07 1.000000000000000000e+00 6.500000000000000000e+01 3.350307729273721634e+03 5.592111901464210860e+03 3.753900000000000091e+03 0.000000000000000000e+00 6.345073287561703523e+00 9.199999999999999845e-02
3.272245300000000000e+07 1.000000000000000000e+00 6.500000000000000000e+01 3.356437729273722653e+03 5.600119181464211579e+03 3.749289999999999964e+03 0.000000000000000000e+00 2.120111342879496874e+00 2.400000000000000050e-02
3.272245400000000000e+07 1.000000000000000000e+00 6.500000000000000000e+01 3.354637729273721561e+03 5.604574081464211304e+03 3.749719999999999800e+03 0.000000000000000000e+00 1.123350020273405026e+00 4.169999999999999818e-01
3.272245300000000000e+07 1.000000000000000000e+00 6.500000000000000000e+01 3.355307729273721634e+03 5.605561281464210879e+03 3.749320000000000164e+03 0.000000000000000000e+00 1.125979337346113773e+00 9.199999999999999845e-02
3.272244500000000000e+07 1.000000000000000000e+00 6.500000000000000000e+01 3.361577729273722071e+03 5.602802081464211369e+03 3.770540000000000418e+03 0.000000000000000000e+00 9.615336995451265523e+00 6.099999999999999867e-02
3.272235900000000000e+07 0.000000000000000000e+00 6.600000000000000000e+01 3.368727729273721707e+03 5.591256311464211649e+03 3.785349999999999909e+03 0.000000000000000000e+00 1.609579949813471744e+00 4.169999999999999818e-01
3.272235900000000000e+07 0.000000000000000000e+00 6.600000000000000000e+01 3.368727729273721707e+03 5.591256311464211649e+03 3.785349999999999909e+03 0.000000000000000000e+00 1.609579949813471744e+00 7.266130000000000422e+00
3.272237500000000000e+07 1.000000000000000000e+00 6.600000000000000000e+01 3.340827729273722071e+03 5.582042961464211658e+03 3.742689999999999600e+03 0.000000000000000000e+00 6.722713640151021686e+00 9.199999999999999845e-02
3.272237600000000000e+07 1.000000000000000000e+00 6.600000000000000000e+01 3.338597729273722507e+03 5.583483931464211310e+03 3.747759999999999764e+03 0.000000000000000000e+00 5.655404013128936924e+00 9.199999999999999845e-02
3.272237100000000000e+07 1.000000000000000000e+00 6.500000000000000000e+01 3.340727729273721707e+03 5.582426561464210863e+03 3.749800000000000182e+03 0.000000000000000000e+00 5.408868877360677452e+00 4.169999999999999818e-01
3.272245400000000000e+07 1.000000000000000000e+00 6.600000000000000000e+01 3.356067729273721852e+03 5.589248861464211586e+03 3.736660000000000309e+03 0.000000000000000000e+00 2.234173787185782079e+00 1.078999999999999915e+01
3.272245400000000000e+07 1.000000000000000000e+00 6.600000000000000000e+01 3.356067729273721852e+03 5.589248861464211586e+03 3.736660000000000309e+03 0.000000000000000000e+00 2.234173787185782079e+00 2.359570000000000167e+00
3.272245400000000000e+07 1.000000000000000000e+00 6.600000000000000000e+01 3.356067729273721852e+03 5.589248861464211586e+03 3.736660000000000309e+03 0.000000000000000000e+00 2.234173787185782079e+00 9.490549999999999820e-01
2.929573200000000000e+07 1.000000000000000000e+00 6.500000000000000000e+01 3.222557729273721634e+03 5.533557181464211681e+03 3.480099999999999909e+03 0.000000000000000000e+00 7.241526810346090137e+00 7.269829999999999792e+00
2.929716800000000000e+07 1.000000000000000000e+00 6.500000000000000000e+01 3.194317729273721852e+03 5.549828081464211209e+03 3.426469999999999800e+03 0.000000000000000000e+00 7.964812628397023531e+00 9.199999999999999845e-02
2.929716800000000000e+07 1.000000000000000000e+00 6.500000000000000000e+01 3.194217729273721488e+03 5.549972081464211442e+03 3.426789999999999964e+03 0.000000000000000000e+00 8.009633662809955368e+00 9.199999999999999845e-02
2.929716800000000000e+07 1.000000000000000000e+00 6.500000000000000000e+01 3.195637729273721561e+03 5.549725481464211043e+03 3.428470000000000255e+03 0.000000000000000000e+00 9.627356724025478485e+00 1.078999999999999915e+01
2.929716800000000000e+07 1.000000000000000000e+00 6.500000000000000000e+01 3.195637729273721561e+03 5.549725481464211043e+03 3.428470000000000255e+03 0.000000000000000000e+00 9.627356724025478485e+00 2.228920000000000012e+00
2.929716800000000000e+07 1.000000000000000000e+00 6.500000000000000000e+01 3.195637729273721561e+03 5.549725481464211043e+03 3.428470000000000255e+03 0.000000000000000000e+00 9.627356724025478485e+00 2.027239999999999931e+00
2.363370200000000000e+07 1.000000000000000000e+00 6.600000000000000000e+01 2.637994729273722442e+03 5.510894481464210912e+03 2.793210000000000036e+03 0.000000000000000000e+00 8.571250243735310193e+00 5.865800000000000125e+00
2.158157000000000000e+07 1.000000000000000000e+00 6.500000000000000000e+01 2.510308729273721838e+03 5.464166181464211149e+03 2.544789999999999964e+03 0.000000000000000000e+00 6.783985343907080967e+00 4.169999999999999818e-01
2.158157400000000000e+07 1.000000000000000000e+00 6.600000000000000000e+01 2.515534729273722405e+03 5.460249181464211688e+03 2.546729999999999563e+03 0.000000000000000000e+00 5.031292473959098288e+00 9.199999999999999845e-02
2.158157400000000000e+07 1.000000000000000000e+00 6.600000000000000000e+01 2.515830729273722682e+03 5.460109181464211360e+03 2.546770000000000437e+03 0.000000000000000000e+00 5.095147189099523466e+00 9.199999999999999845e-02
2.158157400000000000e+07 1.000000000000000000e+00 6.600000000000000000e+01 2.518691729273721648e+03 5.456747181464211280e+03 2.545629999999999200e+03 0.000000000000000000e+00 5.469250718639689701e+00 9.199999999999999845e-02
2.158157500000000000e+07 0.000000000000000000e+00 6.600000000000000000e+01 2.514243729273722238e+03 5.446598181464210938e+03 2.547569999999999709e+03 0.000000000000000000e+00 3.169038586981665073e+00 4.169999999999999818e-01
2.158157800000000000e+07 1.000000000000000000e+00 6.500000000000000000e+01 2.516221729273722303e+03 5.447534181464211542e+03 2.553339999999999236e+03 0.000000000000000000e+00 3.614665947030374582e+00 4.169999999999999818e-01
2.158158500000000000e+07 1.000000000000000000e+00 6.600000000000000000e+01 2.528511729273722267e+03 5.446602181464210844e+03 2.568000000000000909e+03 0.000000000000000000e+00 6.035230858798597886e+00 2.400000000000000050e-02
2.158158100000000000e+07 1.000000000000000000e+00 6.500000000000000000e+01 2.520065729273722354e+03 5.444859181464211360e+03 2.574979999999999563e+03 0.000000000000000000e+00 7.173627273892248191e+00 6.099999999999999867e-02
2.158157700000000000e+07 1.000000000000000000e+00 6.600000000000000000e+01 2.509575729273721663e+03 5.444288181464211448e+03 2.567840000000000146e+03 0.000000000000000000e+00 7.693562728117160354e+00 4.169999999999999818e-01
2.158146900000000000e+07 1.000000000000000000e+00 6.600000000000000000e+01 2.462798729273722529e+03 5.479635181464211200e+03 2.522849999999999454e+03 0.000000000000000000e+00 6.468562657209224298e+00 3.229999999999999716e+01
2.158146800000000000e+07 1.000000000000000000e+00 6.600000000000000000e+01 2.464498729273722347e+03 5.478849181464211142e+03 2.522600000000000364e+03 0.000000000000000000e+00 7.310154410563247218e+00 1.078999999999999915e+01
2.158146800000000000e+07 1.000000000000000000e+00 6.600000000000000000e+01 2.464498729273722347e+03 5.478849181464211142e+03 2.522600000000000364e+03 0.000000000000000000e+00 7.310154410563247218e+00 5.616769999999999818e+00
2.158146900000000000e+07 1.000000000000000000e+00 6.600000000000000000e+01 2.461478729273721910e+03 5.481729181464211251e+03 2.523640000000000327e+03 0.000000000000000000e+00 5.052887247874372711e+00 1.124000000000000021e+01
2.158147000000000000e+07 1.000000000000000000e+00 6.600000000000000000e+01 2.460299729273721823e+03 5.488235581464211464e+03 2.525980000000000473e+03 0.000000000000000000e+00 4.460899942387972494e+00 2.400000000000000050e-02
2.158147100000000000e+07 1.000000000000000000e+00 6.600000000000000000e+01 2.467046729273722121e+03 5.494096581464211340e+03 2.525430000000000291e+03 0.000000000000000000e+00 7.247135577784382221e+00 6.099999999999999867e-02
2.158147100000000000e+07 1.000000000000000000e+00 6.600000000000000000e+01 2.468170729273721918e+03 5.500131281464211497e+03 2.526019999999999527e+03 0.000000000000000000e+00 9.472198322899007650e+00 1.078999999999999915e+01
2.158147100000000000e+07 1.000000000000000000e+00 6.600000000000000000e+01 2.468845729273722100e+03 5.501290681464211048e+03 2.511699999999999818e+03 0.000000000000000000e+00 3.459199256271641598e+00 9.199999999999999845e-02
2.158059300000000000e+07 1.000000000000000000e+00 6.500000000000000000e+01 2.476246729273721940e+03 5.498673281464210959e+03 2.525580000000000837e+03 0.000000000000000000e+00 5.989144181629675323e+00 2.400000000000000050e-02
2.158059500000000000e+07 1.000000000000000000e+00 6.500000000000000000e+01 2.478517729273722580e+03 5.504907381464211539e+03 2.515860000000000582e+03 0.000000000000000000e+00 4.643865796471309260e+00 1.078999999999999915e+01
2.158059500000000000e+07 1.000000000000000000e+00 6.500000000000000000e+01 2.477036729273721903e+03 5.505364081464211267e+03 2.515139999999999418e+03 0.000000000000000000e+00 5.079807266648239228e+00 2.400000000000000050e-02
2.158059400000000000e+07 1.000000000000000000e+00 6.500000000000000000e+01 2.479583729273722383e+03 5.501581781464211417e+03 2.526329999999999927e+03 0.000000000000000000e+00 2.869360441801777295e+00 6.099999999999999867e-02
2.158059300000000000e+07 1.000000000000000000e+00 6.500000000000000000e+01 2.479347729273722507e+03 5.501545481464211662e+03 2.526520000000000437e+03 0.000000000000000000e+00 2.997145913529826178e+00 2.400000000000000050e-02
2.158059300000000000e+07 1.000000000000000000e+00 6.500000000000000000e+01 2.479347729273722507e+03 5.501545481464211662e+03 2.526520000000000437e+03 0.000000000000000000e+00 2.997145913529826178e+00 7.385329999999999728e+00
2.158059500000000000e+07 1.000000000000000000e+00 6.500000000000000000e+01 2.478517729273722580e+03 5.504907381464211539e+03 2.515860000000000582e+03 0.000000000000000000e+00 4.643865796471309260e+00 2.144260000000000055e+00
2.158147100000000000e+07 1.000000000000000000e+00 6.600000000000000000e+01 2.468170729273721918e+03 5.500131281464211497e+03 2.526019999999999527e+03 0.000000000000000000e+00 9.472198322899007650e+00 3.114050000000000207e+00
2.158065700000000000e+07 1.000000000000000000e+00 6.600000000000000000e+01 2.438913729273722311e+03 5.479055181464211273e+03 2.499810000000000400e+03 0.000000000000000000e+00 9.030778925550142944e+00 4.169999999999999818e-01
2.158065800000000000e+07 1.000000000000000000e+00 6.600000000000000000e+01 2.432368729273722238e+03 5.475354181464211251e+03 2.492390000000000327e+03 0.000000000000000000e+00 6.489204550608152822e+00 2.039999999999999869e-01
2.158065800000000000e+07 1.000000000000000000e+00 6.600000000000000000e+01 2.432442729273721852e+03 5.478682181464211681e+03 2.488289999999999964e+03 0.000000000000000000e+00 6.853143764575623464e+00 6.099999999999999867e-02
2.158065400000000000e+07 1.000000000000000000e+00 6.500000000000000000e+01 2.431052729273722434e+03 5.480832181464211317e+03 2.485859999999999673e+03 0.000000000000000000e+00 6.958060117784238940e+00 2.039999999999999869e-01
2.158065800000000000e+07 1.000000000000000000e+00 6.600000000000000000e+01 2.434739729273722332e+03 5.480685181464211382e+03 2.490850000000000364e+03 0.000000000000000000e+00 6.277612005137372719e+00 9.199999999999999845e-02
2.158065900000000000e+07 1.000000000000000000e+00 6.600000000000000000e+01 2.439804729273721932e+03 5.469467181464211535e+03 2.487920000000000073e+03 0.000000000000000000e+00 2.650595478433756202e+00 6.099999999999999867e-02
2.158065900000000000e+07 1.000000000000000000e+00 6.600000000000000000e+01 2.439475729273722209e+03 5.468539181464211651e+03 2.489210000000000036e+03 0.000000000000000000e+00 4.000172737595941719e+00 6.099999999999999867e-02
2.158074400000000000e+07 1.000000000000000000e+00 6.600000000000000000e+01 2.445965729273721990e+03 5.463657181464211135e+03 2.474659999999999854e+03 0.000000000000000000e+00 3.644863283130243659e+00 6.099999999999999867e-02
2.158074400000000000e+07 1.000000000000000000e+00 6.600000000000000000e+01 2.446058729273721838e+03 5.463573181464211302e+03 2.474569999999999709e+03 0.000000000000000000e+00 3.505467688003581994e+00 2.400000000000000050e-02
2.158074400000000000e+07 1.000000000000000000e+00 6.600000000000000000e+01 2.448271729273722485e+03 5.462804181464211069e+03 2.471909999999999854e+03 0.000000000000000000e+00 2.783213535676748229e+00 4.169999999999999818e-01
2.158074500000000000e+07 1.000000000000000000e+00 6.600000000000000000e+01 2.452114729273722332e+03 5.456780181464211637e+03 2.473149999999999636e+03 0.000000000000000000e+00 3.981214684401335191e+00 9.199999999999999845e-02
2.158075300000000000e+07 1.000000000000000000e+00 6.600000000000000000e+01 2.468964729273721787e+03 5.448437181464210880e+03 2.457270000000000437e+03 0.000000000000000000e+00 7.412141785512173620e+00 2.400000000000000050e-02
2.158227000000000000e+07 1.000000000000000000e+00 6.600000000000000000e+01 2.453267729273722580e+03 5.440102181464210844e+03 2.443609999999999673e+03 0.000000000000000000e+00 6.508739745597146964e+00 1.078999999999999915e+01
2.158227000000000000e+07 1.000000000000000000e+00 6.600000000000000000e+01 2.453267729273722580e+03 5.440102181464210844e+03 2.443609999999999673e+03 0.000000000000000000e+00 6.508739745597146964e+00 6.701920000000000099e-01
2.158227000000000000e+07 1.000000000000000000e+00 6.600000000000000000e+01 2.453267729273722580e+03 5.440102181464210844e+03 2.443609999999999673e+03 0.000000000000000000e+00 6.508739745597146964e+00 1.053469999999999962e-01
2.158091900000000000e+07 1.000000000000000000e+00 6.600000000000000000e+01 2.397818729273722056e+03 5.469635181464211200e+03 2.428569999999999709e+03 0.000000000000000000e+00 6.016376661503671563e+00 1.078999999999999915e+01
2.158091700000000000e+07 1.000000000000000000e+00 6.500000000000000000e+01 2.378604729273722114e+03 5.475488181464211266e+03 2.415720000000000255e+03 0.000000000000000000e+00 5.230800628281467191e+00 1.078999999999999915e+01
2.158091700000000000e+07 1.000000000000000000e+00 6.500000000000000000e+01 2.378604729273722114e+03 5.475488181464211266e+03 2.415720000000000255e+03 0.000000000000000000e+00 5.230800628281467191e+00 1.109159999999999924e+00
2.158091900000000000e+07 1.000000000000000000e+00 6.600000000000000000e+01 2.398516729273722376e+03 5.470440181464211491e+03 2.428119999999999891e+03 0.000000000000000000e+00 5.929201763862141483e+00 2.039999999999999869e-01
2.158091900000000000e+07 1.000000000000000000e+00 6.600000000000000000e+01 2.395957729273722180e+03 5.464497181464211280e+03 2.430350000000000364e+03 0.000000000000000000e+00 9.479735505280022068e+00 9.199999999999999845e-02
2.158091900000000000e+07 1.000000000000000000e+00 6.600000000000000000e+01 2.398678729273721729e+03 5.467650181464211528e+03 2.427619999999999891e+03 0.000000000000000000e+00 6.593080317345447305e+00 4.169999999999999818e-01
2.158091800000000000e+07 1.000000000000000000e+00 6.600000000000000000e+01 2.406154729273722296e+03 5.470235181464211564e+03 2.424260000000000218e+03 0.000000000000000000e+00 7.803800420313143249e+00 6.099999999999999867e-02
2.158084100000000000e+07 1.000000000000000000e+00 6.600000000000000000e+01 2.414446729273721758e+03 5.459974181464211142e+03 2.408380000000000109e+03 0.000000000000000000e+00 7.614263189756306005e+00 6.099999999999999867e-02
2.158084100000000000e+07 1.000000000000000000e+00 6.600000000000000000e+01 2.414446729273721758e+03 5.459974181464211142e+03 2.408380000000000109e+03 0.000000000000000000e+00 7.614263189756306005e+00 7.394569999999999865e+00
1.214216000000000000e+06 1.000000000000000000e+00 6.500000000000000000e+01 1.989011309273721963e+03 5.580375831464210933e+03 7.106999999999970896e+01 0.000000000000000000e+00 8.554962047592853835e+00 9.199999999999999845e-02
5.532502500000000000e+07 0.000000000000000000e+00 6.600000000000000000e+01 3.689737729273721925e+03 5.973234181464211360e+03 6.355630000000000109e+03 1.000000000000000000e+00 2.697562610268537053e+00 3.240000000000000000e+02
6.318960200000000000e+07 1.000000000000000000e+00 6.500000000000000000e+01 5.349107729273722725e+03 5.527794581464211660e+03 7.361497999999999593e+03 1.000000000000000000e+00 5.501736945337575291e-01 3.240000000000000000e+02
5.522165800000000000e+07 0.000000000000000000e+00 6.600000000000000000e+01 4.044917729273722216e+03 6.135702181464211208e+03 6.547265000000000327e+03 1.000000000000000000e+00 1.358096049176618969e+00 3.240000000000000000e+02
5.532256700000000000e+07 0.000000000000000000e+00 6.600000000000000000e+01 3.645387729273721561e+03 5.968572181464211099e+03 6.354440000000000509e+03 1.000000000000000000e+00 2.460772490699133286e+00 3.240000000000000000e+02
5.532503500000000000e+07 1.000000000000000000e+00 6.600000000000000000e+01 3.674437729273722653e+03 5.967815181464211491e+03 6.374319999999999709e+03 1.000000000000000000e+00 4.466990135739115075e-01 3.240000000000000000e+02
1.595403200000000000e+07 1.000000000000000000e+00 6.600000000000000000e+01 2.225467729273722398e+03 5.424717181464211535e+03 1.724209999999999127e+03 1.000000000000000000e+00 6.729088379367622608e-01 3.240000000000000000e+02
5.216477700000000000e+07 0.000000000000000000e+00 6.600000000000000000e+01 3.009147729273721779e+03 5.638581381464211518e+03 6.025699999999999818e+03 1.000000000000000000e+00 1.361923170778287284e+00 3.240000000000000000e+02
6.086150900000000000e+07 0.000000000000000000e+00 6.500000000000000000e+01 4.582407729273721998e+03 6.349378181464210684e+03 7.114118000000000393e+03 1.000000000000000000e+00 2.809799189335215441e+00 3.240000000000000000e+02
6.318960600000000000e+07 1.000000000000000000e+00 6.600000000000000000e+01 5.344137729273721561e+03 5.549854181464211251e+03 7.347913999999999760e+03 1.000000000000000000e+00 4.864852124905040820e-01 3.240000000000000000e+02
3.289977300000000000e+07 0.000000000000000000e+00 6.500000000000000000e+01 2.645750729273721845e+03 5.058780181464211637e+03 3.825849999999999909e+03 1.000000000000000000e+00 2.212411498148757705e+00 3.240000000000000000e+02
6.086144500000000000e+07 0.000000000000000000e+00 6.500000000000000000e+01 4.539977729273721707e+03 6.326212181464211426e+03 7.059439999999999600e+03 1.000000000000000000e+00 3.022314993571019182e-01 3.240000000000000000e+02
6.085984900000000000e+07 1.000000000000000000e+00 6.500000000000000000e+01 4.667337729273722289e+03 6.332180181464210364e+03 7.149217999999999847e+03 1.000000000000000000e+00 4.635196752299163836e-01 3.240000000000000000e+02
5.532503700000000000e+07 0.000000000000000000e+00 6.600000000000000000e+01 3.670167729273722216e+03 5.976500181464210982e+03 6.381659999999999854e+03 1.000000000000000000e+00 2.645402132619282920e+00 3.240000000000000000e+02
