7.645706300000000000e+07 1.000000000000000000e+00 6.600000000000000000e+01 1.041392000000000007e+04 1.205286092100690803e+04 9.065631447833751736e+03 0.000000000000000000e+00 8.895352973540347818e+00 3.229999999999999716e+01
7.645858500000000000e+07 1.000000000000000000e+00 6.500000000000000000e+01 1.042242000000000007e+04 1.204435572100690842e+04 9.061527547833751669e+03 0.000000000000000000e+00 6.302627924609820909e+00 6.099999999999999867e-02
7.645858500000000000e+07 1.000000000000000000e+00 6.500000000000000000e+01 1.042359000000000015e+04 1.204458092100690919e+04 9.070634547833753459e+03 0.000000000000000000e+00 2.540739266607443980e+00 1.078999999999999915e+01
7.645858900000000000e+07 0.000000000000000000e+00 6.500000000000000000e+01 1.042740999999999985e+04 1.204357702100690949e+04 9.077185247833753238e+03 0.000000000000000000e+00 1.703831724192087282e+00 8.220000000000000639e+00
7.645859200000000000e+07 1.000000000000000000e+00 6.600000000000000000e+01 1.042295000000000073e+04 1.203162412100690926e+04 9.078899547833752877e+03 0.000000000000000000e+00 6.176733572915978243e+00 1.339000000000000057e+01
7.645858700000000000e+07 1.000000000000000000e+00 6.600000000000000000e+01 1.043331999999999971e+04 1.205744712100690776e+04 9.072435247833753238e+03 0.000000000000000000e+00 1.870470453175159697e+00 9.199999999999999845e-02
7.645861200000000000e+07 1.000000000000000000e+00 6.500000000000000000e+01 1.047451000000000022e+04 1.207058872100690860e+04 9.076735447833751095e+03 0.000000000000000000e+00 6.753360233114284128e+00 9.199999999999999845e-02
7.645861200000000000e+07 1.000000000000000000e+00 6.500000000000000000e+01 1.047856999999999971e+04 1.206916732100690933e+04 9.074601247833752495e+03 0.000000000000000000e+00 5.733106542371297465e+00 2.400000000000000050e-02
7.645861600000000000e+07 0.000000000000000000e+00 6.500000000000000000e+01 1.049113000000000102e+04 1.207268082100690845e+04 9.078554947833752522e+03 0.000000000000000000e+00 2.731153777603273269e+00 1.078999999999999915e+01
7.645861600000000000e+07 0.000000000000000000e+00 6.500000000000000000e+01 1.049113000000000102e+04 1.207268082100690845e+04 9.078554947833752522e+03 0.000000000000000000e+00 2.731153777603273269e+00 1.115259999999999918e+00
7.645861600000000000e+07 0.000000000000000000e+00 6.500000000000000000e+01 1.049113000000000102e+04 1.207268082100690845e+04 9.078554947833752522e+03 0.000000000000000000e+00 2.731153777603273269e+00 9.174799999999999622e-02
7.645859200000000000e+07 1.000000000000000000e+00 6.600000000000000000e+01 1.042295000000000073e+04 1.203162412100690926e+04 9.078899547833752877e+03 0.000000000000000000e+00 6.176733572915978243e+00 4.181199999999999584e+00
7.645858500000000000e+07 1.000000000000000000e+00 6.500000000000000000e+01 1.042359000000000015e+04 1.204458092100690919e+04 9.070634547833753459e+03 0.000000000000000000e+00 2.540739266607443980e+00 2.360040000000000138e+00
