6.550316400000000000e+07 1.000000000000000000e+00 6.500000000000000000e+01 3.601052619901523030e+03 1.365850527999108454e+04 7.818802999999999884e+03 0.000000000000000000e+00 2.408180248241891253e+00 1.339000000000000057e+01
6.550308400000000000e+07 1.000000000000000000e+00 6.600000000000000000e+01 3.598646619901523081e+03 1.365910527999108308e+04 7.822713999999999942e+03 0.000000000000000000e+00 4.129929447720686042e+00 2.400000000000000050e-02
6.550308300000000000e+07 1.000000000000000000e+00 6.600000000000000000e+01 3.604040619901523314e+03 1.366475027999108352e+04 7.834180999999999585e+03 0.000000000000000000e+00 9.274828759553571444e+00 6.099999999999999867e-02
6.550316600000000000e+07 1.000000000000000000e+00 6.500000000000000000e+01 3.615323619901522761e+03 1.366938127999108474e+04 7.831935999999999694e+03 0.000000000000000000e+00 6.873908553397274801e+00 6.099999999999999867e-02
6.550316600000000000e+07 1.000000000000000000e+00 6.500000000000000000e+01 3.619938619901523452e+03 1.367067727999108320e+04 7.832516999999999825e+03 0.000000000000000000e+00 6.565659085606916356e+00 2.400000000000000050e-02
6.550316600000000000e+07 1.000000000000000000e+00 6.500000000000000000e+01 3.621471619901522899e+03 1.367052127999108416e+04 7.831336999999999534e+03 0.000000000000000000e+00 5.830311268642822675e+00 8.349999999999999645e-01
6.550316600000000000e+07 1.000000000000000000e+00 6.500000000000000000e+01 3.621869619901523038e+03 1.367077127999108416e+04 7.830872999999999593e+03 0.000000000000000000e+00 5.683880094303511044e+00 2.400000000000000050e-02
6.550316300000000000e+07 1.000000000000000000e+00 6.600000000000000000e+01 3.611719619901523401e+03 1.368042027999108541e+04 7.823779999999999745e+03 0.000000000000000000e+00 6.550815339937898329e+00 9.199999999999999845e-02
6.550316200000000000e+07 1.000000000000000000e+00 6.600000000000000000e+01 3.601127619901522849e+03 1.367791427999108419e+04 7.820751000000000204e+03 0.000000000000000000e+00 2.350027351990467306e+00 4.169999999999999818e-01
6.550316100000000000e+07 1.000000000000000000e+00 6.600000000000000000e+01 3.595306619901522936e+03 1.367444427999108302e+04 7.815474000000000160e+03 0.000000000000000000e+00 1.433598907811492573e+00 4.169999999999999818e-01
6.550316100000000000e+07 1.000000000000000000e+00 6.600000000000000000e+01 3.595306619901522936e+03 1.367444427999108302e+04 7.815474000000000160e+03 0.000000000000000000e+00 1.433598907811492573e+00 7.176009999999999778e+00
7.027374700000000000e+07 0.000000000000000000e+00 6.600000000000000000e+01 3.670032619901523503e+03 1.350354837999108349e+04 8.190847999999999956e+03 1.000000000000000000e+00 2.830147362700889957e+00 1.100000000000000000e+01
1.211827530000000000e+08 1.000000000000000000e+00 6.600000000000000000e+01 3.570716619901522790e+03 1.349217497999108309e+04 1.417268000000000029e+04 1.000000000000000000e+00 7.802544122867101084e-01 1.100000000000000000e+01
