2.630096700000000000e+07 1.000000000000000000e+00 6.600000000000000000e+01 6.448992807254386207e+03 1.098709482746272261e+04 3.118449999999999818e+03 0.000000000000000000e+00 8.524357030042342132e+00 1.339000000000000057e+01
6.985117800000000000e+07 1.000000000000000000e+00 6.600000000000000000e+01 6.054205607254385541e+03 1.083313072746272155e+04 8.213618000000000393e+03 0.000000000000000000e+00 4.460507907330503841e+00 1.078999999999999915e+01
7.154727000000000000e+07 1.000000000000000000e+00 6.600000000000000000e+01 6.005844607254385664e+03 1.083398072746272010e+04 8.488486999999999171e+03 0.000000000000000000e+00 9.209143245397687139e+00 1.078999999999999915e+01
9.411102500000000000e+07 1.000000000000000000e+00 6.500000000000000000e+01 5.522404607254386065e+03 1.081686072746272112e+04 1.120764999999999964e+04 0.000000000000000000e+00 8.307254369448418885e+00 1.605000000000000071e+01
9.411003600000000000e+07 1.000000000000000000e+00 6.500000000000000000e+01 5.515322607254385730e+03 1.081642972746272062e+04 1.125017000000000007e+04 0.000000000000000000e+00 3.552181246710760743e+00 1.605000000000000071e+01
1.111029190000000000e+08 1.000000000000000000e+00 6.600000000000000000e+01 5.091340607254385759e+03 1.085021672746272088e+04 1.313924000000000160e+04 0.000000000000000000e+00 8.772554455882696445e+00 6.099999999999999867e-02
9.411003500000000000e+07 0.000000000000000000e+00 6.600000000000000000e+01 5.524911607254385672e+03 1.081316072746272039e+04 1.124227999999999884e+04 0.000000000000000000e+00 5.317068895189424049e-01 9.199999999999999845e-02
9.411003300000000000e+07 1.000000000000000000e+00 6.600000000000000000e+01 5.526540607254385577e+03 1.082380372746272042e+04 1.124835000000000036e+04 0.000000000000000000e+00 3.487164116341843645e+00 9.199999999999999845e-02
9.411103400000000000e+07 1.000000000000000000e+00 6.600000000000000000e+01 5.530139607254385737e+03 1.082280472746272062e+04 1.124831999999999971e+04 0.000000000000000000e+00 2.016325849111974211e+00 6.099999999999999867e-02
9.411103600000000000e+07 1.000000000000000000e+00 6.600000000000000000e+01 5.533302607254386203e+03 1.081783672746272168e+04 1.124986000000000058e+04 0.000000000000000000e+00 1.263328850944723358e+00 4.169999999999999818e-01
9.411012100000000000e+07 1.000000000000000000e+00 6.600000000000000000e+01 5.540099607254385774e+03 1.080611472746272193e+04 1.125072999999999956e+04 0.000000000000000000e+00 6.616878221705801977e+00 1.000000000000000000e+01
9.411012100000000000e+07 1.000000000000000000e+00 6.600000000000000000e+01 5.540099607254385774e+03 1.080611472746272193e+04 1.125072999999999956e+04 0.000000000000000000e+00 6.616878221705801977e+00 4.316230000000000011e+00
9.411102500000000000e+07 1.000000000000000000e+00 6.500000000000000000e+01 5.522404607254386065e+03 1.081686072746272112e+04 1.120764999999999964e+04 0.000000000000000000e+00 8.307254369448418885e+00 6.563839999999999897e+00
8.116273100000000000e+07 1.000000000000000000e+00 6.500000000000000000e+01 5.881872607254385912e+03 1.076514372746272056e+04 9.387520000000000437e+03 0.000000000000000000e+00 4.918334875794370120e+00 6.099999999999999867e-02
8.116273100000000000e+07 1.000000000000000000e+00 6.500000000000000000e+01 5.882346607254386072e+03 1.076427972746272098e+04 9.387409999999999854e+03 0.000000000000000000e+00 4.180377180593986886e+00 4.169999999999999818e-01
8.116273100000000000e+07 1.000000000000000000e+00 6.500000000000000000e+01 5.883573607254385934e+03 1.076203972746272120e+04 9.387129999999999200e+03 0.000000000000000000e+00 3.040023246836293769e+00 5.000000000000000000e-01
8.116273200000000000e+07 1.000000000000000000e+00 6.500000000000000000e+01 5.884797607254386094e+03 1.075980572746272082e+04 9.386860000000000582e+03 0.000000000000000000e+00 1.478977873670001886e+00 6.099999999999999867e-02
7.154727000000000000e+07 1.000000000000000000e+00 6.600000000000000000e+01 6.005588607254385352e+03 1.082979472746272222e+04 8.492020000000000437e+03 0.000000000000000000e+00 8.096727133978502522e+00 4.169999999999999818e-01
7.154621100000000000e+07 1.000000000000000000e+00 6.500000000000000000e+01 6.003571607254385526e+03 1.082165772746272160e+04 8.497639999999999418e+03 0.000000000000000000e+00 7.393333829057424644e+00 9.199999999999999845e-02
7.154621100000000000e+07 1.000000000000000000e+00 6.500000000000000000e+01 6.002650607254386159e+03 1.082238372746272216e+04 8.498529000000000451e+03 0.000000000000000000e+00 6.362877872565626092e+00 2.400000000000000050e-02
7.154726500000000000e+07 1.000000000000000000e+00 6.500000000000000000e+01 6.009553607254385497e+03 1.082428072746272119e+04 8.504670000000000073e+03 0.000000000000000000e+00 3.325341172376749199e+00 9.199999999999999845e-02
7.154803300000000000e+07 0.000000000000000000e+00 6.500000000000000000e+01 6.012345607254385868e+03 1.083361172746272132e+04 8.504459999999999127e+03 0.000000000000000000e+00 5.565822394592085942e-01 2.039999999999999869e-01
7.154803200000000000e+07 0.000000000000000000e+00 6.500000000000000000e+01 6.014430607254385905e+03 1.083575272746272094e+04 8.502920000000000073e+03 0.000000000000000000e+00 7.012955231151707380e-01 2.400000000000000050e-02
7.154718900000000000e+07 0.000000000000000000e+00 6.500000000000000000e+01 6.026571607254385526e+03 1.083977672746272219e+04 8.498877000000000407e+03 0.000000000000000000e+00 6.022401489497957172e-01 8.349999999999999645e-01
7.154718900000000000e+07 0.000000000000000000e+00 6.500000000000000000e+01 6.026571607254385526e+03 1.083977672746272219e+04 8.498877000000000407e+03 0.000000000000000000e+00 6.022401489497957172e-01 6.650190000000000268e+00
6.985118000000000000e+07 1.000000000000000000e+00 6.600000000000000000e+01 6.062184607254385810e+03 1.082042472746272142e+04 8.220781999999999243e+03 0.000000000000000000e+00 2.523589743763200222e+00 9.199999999999999845e-02
6.985118100000000000e+07 1.000000000000000000e+00 6.600000000000000000e+01 6.065753607254386225e+03 1.082107372746272085e+04 8.225779000000000451e+03 0.000000000000000000e+00 5.357123531762313817e+00 9.199999999999999845e-02
6.985017900000000000e+07 1.000000000000000000e+00 6.600000000000000000e+01 6.066273607254385752e+03 1.083584672746272190e+04 8.235058999999999287e+03 0.000000000000000000e+00 5.323064039944562786e+00 2.400000000000000050e-02
6.985017400000000000e+07 1.000000000000000000e+00 6.500000000000000000e+01 6.065266607254386145e+03 1.084035372746272151e+04 8.237333000000000538e+03 0.000000000000000000e+00 5.682085761841555893e+00 6.099999999999999867e-02
6.985017400000000000e+07 1.000000000000000000e+00 6.500000000000000000e+01 6.063661607254385672e+03 1.084018872746272245e+04 8.239176999999999680e+03 0.000000000000000000e+00 4.262524962465649381e+00 9.199999999999999845e-02
6.985017900000000000e+07 1.000000000000000000e+00 6.600000000000000000e+01 6.068315607254386123e+03 1.083117772746272021e+04 8.239159999999999854e+03 0.000000000000000000e+00 9.174780517995046125e+00 9.199999999999999845e-02
6.985018000000000000e+07 1.000000000000000000e+00 6.600000000000000000e+01 6.071700607254385432e+03 1.084234172746272088e+04 8.237415000000000873e+03 0.000000000000000000e+00 5.573562761826743817e+00 9.199999999999999845e-02
6.985018000000000000e+07 1.000000000000000000e+00 6.600000000000000000e+01 6.071716607254385963e+03 1.084157172746272045e+04 8.236916999999999462e+03 0.000000000000000000e+00 5.006250393214268790e+00 9.199999999999999845e-02
6.985109800000000000e+07 1.000000000000000000e+00 6.500000000000000000e+01 6.069321607254385526e+03 1.080652772746272240e+04 8.207582000000000335e+03 0.000000000000000000e+00 3.822443239874627086e+00 6.099999999999999867e-02
6.985109300000000000e+07 1.000000000000000000e+00 6.600000000000000000e+01 6.045144607254385846e+03 1.080692772746272021e+04 8.226013000000000829e+03 0.000000000000000000e+00 7.469587251466236921e+00 9.199999999999999845e-02
6.984917300000000000e+07 1.000000000000000000e+00 6.500000000000000000e+01 6.030703607254386043e+03 1.080076072746272257e+04 8.216674000000000888e+03 0.000000000000000000e+00 5.504698188487381572e+00 2.039999999999999869e-01
6.985108900000000000e+07 0.000000000000000000e+00 6.600000000000000000e+01 6.033315607254386123e+03 1.079697372746272231e+04 8.209594999999999345e+03 0.000000000000000000e+00 3.128679386516986849e+00 4.169999999999999818e-01
6.985109000000000000e+07 0.000000000000000000e+00 6.600000000000000000e+01 6.036397607254385548e+03 1.079891772746272181e+04 8.213079999999999927e+03 0.000000000000000000e+00 2.393504550632545413e+00 9.199999999999999845e-02
6.985108900000000000e+07 0.000000000000000000e+00 6.600000000000000000e+01 6.035015607254385941e+03 1.079636572746272213e+04 8.211346999999999753e+03 0.000000000000000000e+00 2.920033351497584917e+00 9.199999999999999845e-02
6.985108900000000000e+07 1.000000000000000000e+00 6.600000000000000000e+01 6.041206607254385744e+03 1.080030372746272042e+04 8.200530000000000655e+03 0.000000000000000000e+00 3.789836772435683621e+00 5.000000000000000000e-01
6.985109200000000000e+07 1.000000000000000000e+00 6.500000000000000000e+01 6.045361607254385490e+03 1.080744672746272045e+04 8.189475000000000364e+03 0.000000000000000000e+00 8.938735138942162095e+00 2.400000000000000050e-02
6.984918100000000000e+07 1.000000000000000000e+00 6.600000000000000000e+01 6.039861607254385490e+03 1.080212472746272033e+04 8.190447000000000116e+03 0.000000000000000000e+00 5.062835677969545145e+00 9.199999999999999845e-02
6.984918200000000000e+07 1.000000000000000000e+00 6.600000000000000000e+01 6.037849607254385774e+03 1.081379672746272263e+04 8.189057999999999993e+03 0.000000000000000000e+00 8.588063987975678160e+00 9.199999999999999845e-02
6.985029300000000000e+07 1.000000000000000000e+00 6.500000000000000000e+01 6.033014607254385737e+03 1.081387772746272094e+04 8.176641999999999825e+03 0.000000000000000000e+00 8.884732889118536647e+00 6.099999999999999867e-02
6.985029600000000000e+07 1.000000000000000000e+00 6.600000000000000000e+01 6.031791607254385781e+03 1.081324272746272254e+04 8.169140000000000327e+03 0.000000000000000000e+00 5.044522150022990203e+00 4.169999999999999818e-01
6.985029600000000000e+07 1.000000000000000000e+00 6.600000000000000000e+01 6.031791607254385781e+03 1.081324272746272254e+04 8.169140000000000327e+03 0.000000000000000000e+00 5.044522150022990203e+00 7.060590000000000366e+00
4.327054600000000000e+07 1.000000000000000000e+00 6.600000000000000000e+01 6.374218207254385561e+03 1.093915412746272159e+04 5.057030000000000655e+03 0.000000000000000000e+00 9.752516595034769864e+00 6.099999999999999867e-02
4.327054700000000000e+07 1.000000000000000000e+00 6.600000000000000000e+01 6.375319507254385826e+03 1.094423812746272233e+04 5.069829999999999927e+03 0.000000000000000000e+00 3.978114082371033255e+00 2.400000000000000050e-02
4.327054600000000000e+07 1.000000000000000000e+00 6.600000000000000000e+01 6.376810007254385710e+03 1.094132352746272227e+04 5.057470000000000255e+03 0.000000000000000000e+00 8.580092207867929588e+00 4.169999999999999818e-01
3.192603500000000000e+07 1.000000000000000000e+00 6.600000000000000000e+01 6.448521307254385647e+03 1.096068022746272254e+04 3.857039999999999964e+03 0.000000000000000000e+00 9.427820075943348144e+00 1.078999999999999915e+01
3.192603500000000000e+07 1.000000000000000000e+00 6.600000000000000000e+01 6.446075807254385836e+03 1.096531412746272144e+04 3.859530000000000200e+03 0.000000000000000000e+00 7.148589875086605261e+00 1.339000000000000057e+01
3.192603500000000000e+07 1.000000000000000000e+00 6.600000000000000000e+01 6.446421707254386092e+03 1.096338022746272145e+04 3.857179999999999836e+03 0.000000000000000000e+00 7.354071135123511738e+00 1.078999999999999915e+01
3.192608500000000000e+07 1.000000000000000000e+00 6.500000000000000000e+01 6.441163607254386079e+03 1.094698162746272101e+04 3.869619999999999891e+03 0.000000000000000000e+00 9.719920921911793243e+00 4.169999999999999818e-01
3.192608500000000000e+07 1.000000000000000000e+00 6.500000000000000000e+01 6.441163607254386079e+03 1.094698162746272101e+04 3.869619999999999891e+03 0.000000000000000000e+00 9.719920921911793243e+00 7.385799999999999699e+00
3.192603500000000000e+07 1.000000000000000000e+00 6.600000000000000000e+01 6.446421707254386092e+03 1.096338022746272145e+04 3.857179999999999836e+03 0.000000000000000000e+00 7.354071135123511738e+00 3.084960000000000147e+00
3.192603500000000000e+07 1.000000000000000000e+00 6.600000000000000000e+01 6.446438007254385411e+03 1.096381332746272165e+04 3.858940000000000055e+03 0.000000000000000000e+00 7.730764235517835203e+00 4.600000000000000200e-01
3.192603400000000000e+07 1.000000000000000000e+00 6.600000000000000000e+01 6.451019407254385442e+03 1.096304882746272051e+04 3.859809999999999945e+03 0.000000000000000000e+00 7.950140948514441419e+00 9.199999999999999845e-02
3.192603900000000000e+07 1.000000000000000000e+00 6.500000000000000000e+01 6.448598207254385670e+03 1.095376362746272207e+04 3.844619999999999891e+03 0.000000000000000000e+00 3.044822806778069157e+00 1.000000000000000021e-02
3.192604200000000000e+07 0.000000000000000000e+00 6.600000000000000000e+01 6.447054907254385398e+03 1.095221542746272098e+04 3.832349999999999909e+03 0.000000000000000000e+00 6.664728146656345942e+00 6.099999999999999867e-02
3.192589300000000000e+07 1.000000000000000000e+00 6.500000000000000000e+01 6.451464007254386161e+03 1.095363602746272227e+04 3.827750000000000000e+03 0.000000000000000000e+00 5.564671814747586431e+00 1.078999999999999915e+01
3.192589300000000000e+07 1.000000000000000000e+00 6.500000000000000000e+01 6.451464007254386161e+03 1.095363602746272227e+04 3.827750000000000000e+03 0.000000000000000000e+00 5.564671814747586431e+00 1.494010000000000060e+00
3.192589300000000000e+07 1.000000000000000000e+00 6.500000000000000000e+01 6.451464007254386161e+03 1.095363602746272227e+04 3.827750000000000000e+03 0.000000000000000000e+00 5.564671814747586431e+00 5.028839999999999977e-01
3.192604000000000000e+07 1.000000000000000000e+00 6.500000000000000000e+01 6.444407307254386069e+03 1.096107752746272126e+04 3.851000000000000000e+03 0.000000000000000000e+00 7.201480456504686600e+00 2.400000000000000050e-02
3.192603900000000000e+07 1.000000000000000000e+00 6.500000000000000000e+01 6.452613717254385847e+03 1.095908252746272046e+04 3.847629999999999654e+03 0.000000000000000000e+00 5.332254676917231428e+00 9.199999999999999845e-02
3.192603800000000000e+07 1.000000000000000000e+00 6.500000000000000000e+01 6.453710137254385700e+03 1.096037022746272123e+04 3.849529999999999745e+03 0.000000000000000000e+00 6.414293652955867842e+00 6.099999999999999867e-02
3.192603500000000000e+07 1.000000000000000000e+00 6.600000000000000000e+01 6.451333207254386252e+03 1.096370142746272177e+04 3.852739999999999782e+03 0.000000000000000000e+00 5.972234886320162417e+00 6.099999999999999867e-02
3.192603900000000000e+07 1.000000000000000000e+00 6.500000000000000000e+01 6.455513057254385785e+03 1.095712072746272133e+04 3.849009999999999764e+03 0.000000000000000000e+00 8.022592048011388144e+00 9.199999999999999845e-02
2.630096700000000000e+07 1.000000000000000000e+00 6.600000000000000000e+01 6.448588607254386261e+03 1.098714172746272016e+04 3.118220000000000255e+03 0.000000000000000000e+00 8.074638266647495399e+00 6.099999999999999867e-02
2.630096000000000000e+07 0.000000000000000000e+00 6.500000000000000000e+01 6.418164107254386181e+03 1.097917162746272152e+04 3.110710000000000036e+03 0.000000000000000000e+00 2.094355499951630950e+00 5.000000000000000000e-01
2.630096800000000000e+07 1.000000000000000000e+00 6.500000000000000000e+01 6.433714707254385758e+03 1.099841752746272141e+04 3.102000000000000000e+03 0.000000000000000000e+00 7.763268215334692357e+00 9.199999999999999845e-02
2.630096300000000000e+07 1.000000000000000000e+00 6.600000000000000000e+01 6.419678407254386002e+03 1.100144552746272166e+04 3.117769999999999527e+03 0.000000000000000000e+00 4.638200333886234539e+00 9.199999999999999845e-02
2.630096300000000000e+07 1.000000000000000000e+00 6.500000000000000000e+01 6.422845207254385969e+03 1.099141342746272130e+04 3.124590000000000146e+03 0.000000000000000000e+00 4.141192015437475504e+00 9.199999999999999845e-02
2.630015400000000000e+07 1.000000000000000000e+00 6.500000000000000000e+01 6.423505007254385418e+03 1.099171372746272027e+04 3.127710000000000036e+03 0.000000000000000000e+00 4.851637754303993688e+00 9.199999999999999845e-02
2.630015400000000000e+07 1.000000000000000000e+00 6.500000000000000000e+01 6.424533607254385970e+03 1.099045702746272218e+04 3.130699999999999818e+03 0.000000000000000000e+00 2.593569572597118622e+00 9.199999999999999845e-02
2.630015300000000000e+07 1.000000000000000000e+00 6.500000000000000000e+01 6.427741707254385801e+03 1.098695462746272096e+04 3.137220000000000255e+03 0.000000000000000000e+00 2.274121159902892764e+00 2.400000000000000050e-02
2.457339700000000000e+07 1.000000000000000000e+00 6.500000000000000000e+01 6.489573807254385429e+03 1.099495872746272107e+04 2.767840000000000146e+03 0.000000000000000000e+00 8.392249609898138729e+00 6.099999999999999867e-02
2.457339800000000000e+07 1.000000000000000000e+00 6.500000000000000000e+01 6.491994707254385503e+03 1.099128242746272008e+04 2.770500000000000000e+03 0.000000000000000000e+00 4.633112027210795070e+00 8.349999999999999645e-01
2.457339500000000000e+07 1.000000000000000000e+00 6.500000000000000000e+01 6.488497407254385507e+03 1.098095892746272148e+04 2.758189999999999600e+03 0.000000000000000000e+00 2.986316156744867278e+00 9.199999999999999845e-02
2.457339500000000000e+07 1.000000000000000000e+00 6.500000000000000000e+01 6.491122507254385710e+03 1.097688922746272146e+04 2.760300000000000182e+03 0.000000000000000000e+00 1.727307445183150048e+00 4.169999999999999818e-01
2.457339500000000000e+07 1.000000000000000000e+00 6.500000000000000000e+01 6.491122507254385710e+03 1.097688922746272146e+04 2.760300000000000182e+03 0.000000000000000000e+00 1.727307445183150048e+00 7.277759999999999785e+00
5.458440800000000000e+07 0.000000000000000000e+00 6.600000000000000000e+01 6.529966207254386063e+03 1.103885200746272130e+04 6.370949999999999818e+03 1.000000000000000000e+00 1.979657432436725317e+00 4.400000000000000000e+01
