1.101714410000000000e+08 1.000000000000000000e+00 6.500000000000000000e+01 9.775591691211317084e+03 1.154513422286190325e+04 1.280555999999999949e+04 0.000000000000000000e+00 9.567072261947814127e+00 3.229999999999999716e+01
1.101730650000000000e+08 1.000000000000000000e+00 6.500000000000000000e+01 9.785035091211317194e+03 1.155389822286190429e+04 1.280136999999999898e+04 0.000000000000000000e+00 9.605967809135625757e+00 1.339000000000000057e+01
1.101730660000000000e+08 1.000000000000000000e+00 6.500000000000000000e+01 9.785871291211315111e+03 1.155990602286190551e+04 1.279760000000000036e+04 0.000000000000000000e+00 3.783003069911602623e+00 6.099999999999999867e-02
1.101730660000000000e+08 1.000000000000000000e+00 6.500000000000000000e+01 9.784434491211315617e+03 1.156312012286190475e+04 1.279612000000000080e+04 0.000000000000000000e+00 1.225509980794318388e+00 9.199999999999999845e-02
1.101730660000000000e+08 1.000000000000000000e+00 6.500000000000000000e+01 9.782177991211316112e+03 1.156362942286190446e+04 1.279539999999999964e+04 0.000000000000000000e+00 8.446116002454417959e-01 6.099999999999999867e-02
1.101714320000000000e+08 1.000000000000000000e+00 6.500000000000000000e+01 9.766023191211315861e+03 1.155332362286190437e+04 1.281669000000000051e+04 0.000000000000000000e+00 2.961749974666932239e+00 2.400000000000000050e-02
1.101714320000000000e+08 1.000000000000000000e+00 6.500000000000000000e+01 9.775001391211317241e+03 1.155701062286190427e+04 1.281436000000000058e+04 0.000000000000000000e+00 8.720779081518520215e+00 4.169999999999999818e-01
1.101729580000000000e+08 1.000000000000000000e+00 6.500000000000000000e+01 9.739443691211316036e+03 1.156520622286190337e+04 1.281315999999999985e+04 0.000000000000000000e+00 9.251905745644229739e+00 4.169999999999999818e-01
1.101729550000000000e+08 1.000000000000000000e+00 6.600000000000000000e+01 9.751706791211316158e+03 1.156847982286190381e+04 1.279454999999999927e+04 0.000000000000000000e+00 5.638143473767121883e+00 4.169999999999999818e-01
1.101729550000000000e+08 1.000000000000000000e+00 6.600000000000000000e+01 9.752005091211314721e+03 1.157008692286190490e+04 1.279706000000000131e+04 0.000000000000000000e+00 2.981138713673620710e+00 4.169999999999999818e-01
1.101714230000000000e+08 1.000000000000000000e+00 6.500000000000000000e+01 9.762738391211316411e+03 1.157488382286190426e+04 1.282611999999999898e+04 0.000000000000000000e+00 2.747854828558577100e+00 9.199999999999999845e-02
1.101714250000000000e+08 0.000000000000000000e+00 6.500000000000000000e+01 9.752254491211315326e+03 1.157080822286190414e+04 1.282618000000000029e+04 0.000000000000000000e+00 6.438912553625187885e-01 9.199999999999999845e-02
1.101714270000000000e+08 1.000000000000000000e+00 6.500000000000000000e+01 9.742942091211316438e+03 1.156581352286190304e+04 1.282700000000000000e+04 0.000000000000000000e+00 3.202993999961033733e+00 9.199999999999999845e-02
1.101714270000000000e+08 1.000000000000000000e+00 6.500000000000000000e+01 9.742788091211315987e+03 1.156598682286190524e+04 1.282710000000000036e+04 0.000000000000000000e+00 3.328384557806908894e+00 6.099999999999999867e-02
1.101714230000000000e+08 1.000000000000000000e+00 6.600000000000000000e+01 9.745446091211317253e+03 1.157830872286190424e+04 1.283367000000000007e+04 0.000000000000000000e+00 6.375607420974238160e+00 9.199999999999999845e-02
1.101714230000000000e+08 1.000000000000000000e+00 6.600000000000000000e+01 9.744012591211316249e+03 1.157900072286190334e+04 1.283404999999999927e+04 0.000000000000000000e+00 6.554178977903844405e+00 4.169999999999999818e-01
1.101714230000000000e+08 1.000000000000000000e+00 6.600000000000000000e+01 9.744012591211316249e+03 1.157900072286190334e+04 1.283404999999999927e+04 0.000000000000000000e+00 6.554178977903844405e+00 7.333020000000000316e+00
1.101714370000000000e+08 1.000000000000000000e+00 6.600000000000000000e+01 9.779225091211315885e+03 1.155186472286190474e+04 1.281011999999999898e+04 0.000000000000000000e+00 9.929726770751765130e+00 9.199999999999999845e-02
1.101714370000000000e+08 1.000000000000000000e+00 6.600000000000000000e+01 9.779225091211315885e+03 1.155186472286190474e+04 1.281011999999999898e+04 0.000000000000000000e+00 9.929726770751765130e+00 7.345390000000000086e+00
1.101714310000000000e+08 1.000000000000000000e+00 6.500000000000000000e+01 9.764444591211315128e+03 1.156067532286190544e+04 1.281395999999999913e+04 0.000000000000000000e+00 8.586035753359537281e+00 6.099999999999999867e-02
1.101714270000000000e+08 1.000000000000000000e+00 6.600000000000000000e+01 9.758850391211315582e+03 1.156307872286190468e+04 1.281202000000000044e+04 0.000000000000000000e+00 8.165059589476117097e+00 2.400000000000000050e-02
1.101714270000000000e+08 1.000000000000000000e+00 6.600000000000000000e+01 9.756964091211317282e+03 1.156405442286190373e+04 1.281322999999999956e+04 0.000000000000000000e+00 7.030320606388786864e+00 9.199999999999999845e-02
1.101714260000000000e+08 1.000000000000000000e+00 6.600000000000000000e+01 9.756650891211316775e+03 1.156458582286190358e+04 1.281392000000000007e+04 0.000000000000000000e+00 6.216146439190138651e+00 5.000000000000000000e-01
1.101714270000000000e+08 1.000000000000000000e+00 6.600000000000000000e+01 9.758210291211315052e+03 1.156422632286190492e+04 1.281497000000000116e+04 0.000000000000000000e+00 5.091042843426698994e+00 9.199999999999999845e-02
1.101714320000000000e+08 1.000000000000000000e+00 6.500000000000000000e+01 9.772292091211314983e+03 1.155892352286190362e+04 1.282018000000000029e+04 0.000000000000000000e+00 7.483353472612443547e+00 2.400000000000000050e-02
1.101714320000000000e+08 1.000000000000000000e+00 6.500000000000000000e+01 9.773711991211315762e+03 1.155975322286190385e+04 1.281967000000000007e+04 0.000000000000000000e+00 8.763473624939233986e+00 6.099999999999999867e-02
1.101714300000000000e+08 1.000000000000000000e+00 6.500000000000000000e+01 9.761272091211316365e+03 1.156063002286190385e+04 1.281818999999999869e+04 0.000000000000000000e+00 4.672017158506060142e+00 4.600000000000000200e-01
1.101714300000000000e+08 1.000000000000000000e+00 6.500000000000000000e+01 9.761272091211316365e+03 1.156063002286190385e+04 1.281818999999999869e+04 0.000000000000000000e+00 4.672017158506060142e+00 7.323010000000000019e+00
1.101730660000000000e+08 1.000000000000000000e+00 6.500000000000000000e+01 9.777014691211315949e+03 1.155792642286190312e+04 1.279231999999999971e+04 0.000000000000000000e+00 4.145147181166593420e+00 9.199999999999999845e-02
1.101730660000000000e+08 1.000000000000000000e+00 6.500000000000000000e+01 9.777998291211315518e+03 1.155709792286190350e+04 1.279274000000000160e+04 0.000000000000000000e+00 3.861053052245419170e+00 1.078999999999999915e+01
1.101730660000000000e+08 1.000000000000000000e+00 6.500000000000000000e+01 9.777998291211315518e+03 1.155709792286190350e+04 1.279274000000000160e+04 0.000000000000000000e+00 3.861053052245419170e+00 5.977710000000000079e+00
1.101730660000000000e+08 1.000000000000000000e+00 6.500000000000000000e+01 9.777998291211315518e+03 1.155709792286190350e+04 1.279274000000000160e+04 0.000000000000000000e+00 3.861053052245419170e+00 6.556610000000000493e-01
7.623106000000000000e+07 1.000000000000000000e+00 6.500000000000000000e+01 9.745356191211316400e+03 1.174524772286190455e+04 8.737979999999999563e+03 1.000000000000000000e+00 4.367366879459340656e-01 6.600000000000000000e+01
7.623120800000000000e+07 0.000000000000000000e+00 6.600000000000000000e+01 9.747523391211316266e+03 1.174397772286190411e+04 8.715119999999998981e+03 1.000000000000000000e+00 1.048931435963625036e+00 6.600000000000000000e+01
7.623120800000000000e+07 0.000000000000000000e+00 6.600000000000000000e+01 9.752108791211316202e+03 1.174465472286190561e+04 8.715700000000000728e+03 1.000000000000000000e+00 8.420206372953099594e-01 6.600000000000000000e+01
7.623106300000000000e+07 0.000000000000000000e+00 6.600000000000000000e+01 9.735248991211316024e+03 1.174866272286190360e+04 8.733959999999999127e+03 1.000000000000000000e+00 1.751246327934717462e+00 6.600000000000000000e+01
7.623331200000000000e+07 1.000000000000000000e+00 6.500000000000000000e+01 9.816230091211316903e+03 1.156703452286190441e+04 8.723469999999999345e+03 1.000000000000000000e+00 1.002534791321710167e-01 6.600000000000000000e+01
7.622984100000000000e+07 0.000000000000000000e+00 6.600000000000000000e+01 9.796337291211315460e+03 1.174481072286190465e+04 8.760850000000000364e+03 1.000000000000000000e+00 1.568244353650517287e+00 6.600000000000000000e+01
7.623106100000000000e+07 0.000000000000000000e+00 6.500000000000000000e+01 9.739040391211316091e+03 1.174624572286190414e+04 8.739530000000000655e+03 1.000000000000000000e+00 1.418261562281808885e+00 6.600000000000000000e+01
