5.867525500000000000e+07 0.000000000000000000e+00 6.500000000000000000e+01 2.544964633198338561e+03 1.083872591090618153e+04 6.744306000000000495e+03 0.000000000000000000e+00 1.756550808181175372e+00 1.339000000000000057e+01
5.867525600000000000e+07 0.000000000000000000e+00 6.500000000000000000e+01 2.545400633198339165e+03 1.083945291090618230e+04 6.743970999999999549e+03 0.000000000000000000e+00 2.136219268546386996e+00 1.339000000000000057e+01
5.867525800000000000e+07 1.000000000000000000e+00 6.500000000000000000e+01 2.549232633198338590e+03 1.084739291090618281e+04 6.740515000000000327e+03 0.000000000000000000e+00 4.545582365267065050e+00 1.605000000000000071e+01
5.867529200000000000e+07 1.000000000000000000e+00 6.600000000000000000e+01 2.583430633198338910e+03 1.091400991090618118e+04 6.718095999999999549e+03 0.000000000000000000e+00 5.981985877374662586e+00 1.078999999999999915e+01
5.867529200000000000e+07 1.000000000000000000e+00 6.600000000000000000e+01 2.585631633198338932e+03 1.091699591090618196e+04 6.717109999999999673e+03 0.000000000000000000e+00 8.151512768997800862e+00 1.078999999999999915e+01
5.867395300000000000e+07 1.000000000000000000e+00 6.500000000000000000e+01 2.588858633198338794e+03 1.092119891090618330e+04 6.715278000000000247e+03 0.000000000000000000e+00 6.769060331621489013e+00 1.339000000000000057e+01
5.867395100000000000e+07 1.000000000000000000e+00 6.500000000000000000e+01 2.602449633198339143e+03 1.093337191090618217e+04 6.713171000000000276e+03 0.000000000000000000e+00 1.784928491462961953e+00 3.229999999999999716e+01
5.867427300000000000e+07 1.000000000000000000e+00 6.500000000000000000e+01 2.628578633198339048e+03 1.096023991090618256e+04 6.726920000000000073e+03 0.000000000000000000e+00 8.251046897121147694e+00 4.600000000000000200e-01
5.867427200000000000e+07 1.000000000000000000e+00 6.500000000000000000e+01 2.632623633198339121e+03 1.095928091090618182e+04 6.723206000000000131e+03 0.000000000000000000e+00 7.730314552616517787e+00 9.199999999999999845e-02
5.867427300000000000e+07 1.000000000000000000e+00 6.500000000000000000e+01 2.638565633198339128e+03 1.096485691090618275e+04 6.725100999999999658e+03 0.000000000000000000e+00 3.231667079868644432e+00 4.169999999999999818e-01
5.867426900000000000e+07 1.000000000000000000e+00 6.500000000000000000e+01 2.642933633198338612e+03 1.094855391090618286e+04 6.736685999999999694e+03 0.000000000000000000e+00 1.114016258954589667e+00 9.199999999999999845e-02
5.867426900000000000e+07 1.000000000000000000e+00 6.500000000000000000e+01 2.645016633198339150e+03 1.094567891090618286e+04 6.734904999999999745e+03 0.000000000000000000e+00 1.357717100864248350e+00 1.000000000000000000e+01
5.867426900000000000e+07 1.000000000000000000e+00 6.500000000000000000e+01 2.645016633198339150e+03 1.094567891090618286e+04 6.734904999999999745e+03 0.000000000000000000e+00 1.357717100864248350e+00 1.315069999999999961e+00
5.867394600000000000e+07 1.000000000000000000e+00 6.600000000000000000e+01 2.613651633198339368e+03 1.093684391090618192e+04 6.694550999999999476e+03 0.000000000000000000e+00 3.511345647732332154e+00 2.400000000000000050e-02
5.867394600000000000e+07 1.000000000000000000e+00 6.600000000000000000e+01 2.619266633198339150e+03 1.093377391090618221e+04 6.694480999999999767e+03 0.000000000000000000e+00 1.470046874425573025e+00 8.220000000000000639e+00
5.867394600000000000e+07 1.000000000000000000e+00 6.600000000000000000e+01 2.619266633198339150e+03 1.093377391090618221e+04 6.694480999999999767e+03 0.000000000000000000e+00 1.470046874425573025e+00 2.996379999999999821e+00
5.867395100000000000e+07 1.000000000000000000e+00 6.500000000000000000e+01 2.602449633198339143e+03 1.093337191090618217e+04 6.713171000000000276e+03 0.000000000000000000e+00 1.784928491462961953e+00 6.572949999999999626e+00
5.867402300000000000e+07 1.000000000000000000e+00 6.500000000000000000e+01 2.575245633198338510e+03 1.092734891090618112e+04 6.683024000000000342e+03 0.000000000000000000e+00 2.653728817636791248e+00 1.339000000000000057e+01
5.867402300000000000e+07 1.000000000000000000e+00 6.500000000000000000e+01 2.575245633198338510e+03 1.092734891090618112e+04 6.683024000000000342e+03 0.000000000000000000e+00 2.653728817636791248e+00 2.508970000000000145e+00
5.867529200000000000e+07 1.000000000000000000e+00 6.600000000000000000e+01 2.585631633198338932e+03 1.091699591090618196e+04 6.717109999999999673e+03 0.000000000000000000e+00 8.151512768997800862e+00 7.048110000000000319e+00
5.867529500000000000e+07 1.000000000000000000e+00 6.500000000000000000e+01 2.601994633198339216e+03 1.091400591090618218e+04 6.720787000000000262e+03 0.000000000000000000e+00 5.323672919263789716e+00 2.400000000000000050e-02
5.867529500000000000e+07 1.000000000000000000e+00 6.500000000000000000e+01 2.597114633198339106e+03 1.091036791090618135e+04 6.720469000000000051e+03 0.000000000000000000e+00 1.821003549683465783e+00 4.169999999999999818e-01
5.867529500000000000e+07 1.000000000000000000e+00 6.500000000000000000e+01 2.597124633198339325e+03 1.090805291090618266e+04 6.717264000000000124e+03 0.000000000000000000e+00 1.406532812948965594e+00 6.099999999999999867e-02
5.867529400000000000e+07 0.000000000000000000e+00 6.500000000000000000e+01 2.600421633198338895e+03 1.090329791090618164e+04 6.712220999999999549e+03 0.000000000000000000e+00 1.569072221629385089e+00 2.039999999999999869e-01
5.867530000000000000e+07 1.000000000000000000e+00 6.500000000000000000e+01 2.603075633198339347e+03 1.088879191090618224e+04 6.722229999999999563e+03 0.000000000000000000e+00 5.564698369014368318e+00 6.099999999999999867e-02
5.867530100000000000e+07 1.000000000000000000e+00 6.500000000000000000e+01 2.603417633198338990e+03 1.087931691090618187e+04 6.731831000000000131e+03 0.000000000000000000e+00 6.687479456897533758e+00 9.199999999999999845e-02
5.867522300000000000e+07 1.000000000000000000e+00 6.600000000000000000e+01 2.606230633198339092e+03 1.087578191090618202e+04 6.724942000000000007e+03 0.000000000000000000e+00 8.746200459083190992e+00 1.376999999999999957e+01
5.867522300000000000e+07 1.000000000000000000e+00 6.600000000000000000e+01 2.606230633198339092e+03 1.087578191090618202e+04 6.724942000000000007e+03 0.000000000000000000e+00 8.746200459083190992e+00 5.268159999999999954e+00
5.867525800000000000e+07 1.000000000000000000e+00 6.500000000000000000e+01 2.549232633198338590e+03 1.084739291090618281e+04 6.740515000000000327e+03 0.000000000000000000e+00 4.545582365267065050e+00 4.000960000000000072e+00
5.867525400000000000e+07 0.000000000000000000e+00 6.500000000000000000e+01 2.552913633198339085e+03 1.083123291090618295e+04 6.739292000000000371e+03 0.000000000000000000e+00 4.603167003513270572e+00 8.175499999999999545e+00
5.867525300000000000e+07 0.000000000000000000e+00 6.600000000000000000e+01 2.548928633198339412e+03 1.083609491090618212e+04 6.748484000000000378e+03 0.000000000000000000e+00 9.546838505526902274e-01 6.099999999999999867e-02
5.867525400000000000e+07 1.000000000000000000e+00 6.500000000000000000e+01 2.542824633198339143e+03 1.082971191090618231e+04 6.744046999999999571e+03 0.000000000000000000e+00 2.593791823242658001e+00 2.400000000000000050e-02
5.867525500000000000e+07 1.000000000000000000e+00 6.500000000000000000e+01 2.532850633198338983e+03 1.082597991090618234e+04 6.743993000000000393e+03 0.000000000000000000e+00 8.369188909315017355e+00 6.099999999999999867e-02
5.867525500000000000e+07 1.000000000000000000e+00 6.500000000000000000e+01 2.532659633198339179e+03 1.082620791090618150e+04 6.744002000000000407e+03 0.000000000000000000e+00 8.276401941137487839e+00 2.400000000000000050e-02
5.867526000000000000e+07 1.000000000000000000e+00 6.600000000000000000e+01 2.529443633198338830e+03 1.083161791090618135e+04 6.737167000000000371e+03 0.000000000000000000e+00 9.903550096534154079e+00 6.099999999999999867e-02
5.867525500000000000e+07 1.000000000000000000e+00 6.500000000000000000e+01 2.535764633198338743e+03 1.083101091090618138e+04 6.748800999999999476e+03 0.000000000000000000e+00 2.575573803588779409e+00 9.199999999999999845e-02
5.867525500000000000e+07 1.000000000000000000e+00 6.500000000000000000e+01 2.533753633198339230e+03 1.082765891090618243e+04 6.748885000000000218e+03 0.000000000000000000e+00 6.119241993822785552e+00 6.099999999999999867e-02
5.867525500000000000e+07 1.000000000000000000e+00 6.500000000000000000e+01 2.530136633198339041e+03 1.083034091090618313e+04 6.753256999999999607e+03 0.000000000000000000e+00 9.320681140503380036e+00 6.099999999999999867e-02
5.867398000000000000e+07 1.000000000000000000e+00 6.500000000000000000e+01 2.533575633198339347e+03 1.085961991090618176e+04 6.758065999999999804e+03 0.000000000000000000e+00 8.983539127287420101e+00 6.099999999999999867e-02
5.867398000000000000e+07 1.000000000000000000e+00 6.500000000000000000e+01 2.534272633198338553e+03 1.086023491090618336e+04 6.758047000000000480e+03 0.000000000000000000e+00 8.330894834566002771e+00 2.039999999999999869e-01
5.867525200000000000e+07 1.000000000000000000e+00 6.600000000000000000e+01 2.543872633198338917e+03 1.084311991090618176e+04 6.756962999999999738e+03 0.000000000000000000e+00 4.783883877815214625e+00 2.400000000000000050e-02
5.867525200000000000e+07 1.000000000000000000e+00 6.600000000000000000e+01 2.547727633198339390e+03 1.084394591090618269e+04 6.759362000000000080e+03 0.000000000000000000e+00 6.570381384108524792e+00 2.039999999999999869e-01
5.867398100000000000e+07 1.000000000000000000e+00 6.500000000000000000e+01 2.535769633198338852e+03 1.085596491090618292e+04 6.746893000000000029e+03 0.000000000000000000e+00 2.715336294230706660e+00 9.199999999999999845e-02
5.867398100000000000e+07 1.000000000000000000e+00 6.500000000000000000e+01 2.533381633198338932e+03 1.085762391090618257e+04 6.749298999999999978e+03 0.000000000000000000e+00 2.796482759148627650e+00 9.199999999999999845e-02
5.867526100000000000e+07 1.000000000000000000e+00 6.600000000000000000e+01 2.525357633198338590e+03 1.084331791090618208e+04 6.738841000000000349e+03 0.000000000000000000e+00 5.594400240550979397e+00 9.199999999999999845e-02
