1.064218880000000000e+08 0.000000000000000000e+00 6.600000000000000000e+01 1.497399999999999636e+03 2.823202632430709855e+03 1.236653464330907809e+04 0.000000000000000000e+00 9.027545361520260547e-01 1.078999999999999915e+01
1.064218850000000000e+08 0.000000000000000000e+00 6.600000000000000000e+01 1.504869999999999891e+03 2.823938482430709882e+03 1.236437564330907662e+04 0.000000000000000000e+00 4.147058691602936720e-01 1.339000000000000057e+01
1.066609030000000000e+08 0.000000000000000000e+00 6.500000000000000000e+01 7.050055000000000291e+03 3.015383232430710450e+03 1.244002464330907605e+04 0.000000000000000000e+00 5.276428016226339945e-01 3.229999999999999716e+01
1.123643970000000000e+08 1.000000000000000000e+00 6.600000000000000000e+01 8.653700000000000728e+03 2.896378832430709735e+03 1.305965364330907687e+04 0.000000000000000000e+00 2.658650707605289210e+00 3.229999999999999716e+01
1.183339210000000000e+08 1.000000000000000000e+00 6.500000000000000000e+01 9.846059999999999491e+03 2.375479232430709999e+03 1.382865664330907748e+04 0.000000000000000000e+00 8.633258830092436220e-01 1.339000000000000057e+01
1.249130230000000000e+08 1.000000000000000000e+00 6.500000000000000000e+01 1.066763000000000102e+04 1.492120232430710530e+03 1.485622664330907719e+04 0.000000000000000000e+00 7.089641514164975789e+00 1.078999999999999915e+01
1.249130130000000000e+08 1.000000000000000000e+00 6.500000000000000000e+01 1.068213999999999942e+04 1.468350232430710093e+03 1.488468664330907814e+04 0.000000000000000000e+00 6.474916335067722351e+00 1.078999999999999915e+01
1.249130140000000000e+08 0.000000000000000000e+00 6.500000000000000000e+01 1.069040999999999985e+04 1.469560232430710130e+03 1.488168664330907632e+04 0.000000000000000000e+00 2.172679976081160813e+00 9.199999999999999845e-02
1.249130120000000000e+08 1.000000000000000000e+00 6.500000000000000000e+01 1.069382999999999993e+04 1.464480232430710203e+03 1.488492664330907610e+04 0.000000000000000000e+00 2.198269637825701395e+00 9.199999999999999845e-02
1.249130120000000000e+08 1.000000000000000000e+00 6.500000000000000000e+01 1.069345000000000073e+04 1.458850232430710093e+03 1.488542664330907610e+04 0.000000000000000000e+00 2.720512864677547604e+00 9.199999999999999845e-02
1.249130110000000000e+08 1.000000000000000000e+00 6.500000000000000000e+01 1.069079000000000087e+04 1.458520232430710166e+03 1.488210664330907639e+04 0.000000000000000000e+00 1.605468568581821964e+00 9.199999999999999845e-02
1.249130110000000000e+08 1.000000000000000000e+00 6.500000000000000000e+01 1.069010000000000036e+04 1.458480232430710203e+03 1.488112664330907683e+04 0.000000000000000000e+00 1.641655823994899732e+00 9.199999999999999845e-02
1.249130120000000000e+08 0.000000000000000000e+00 6.500000000000000000e+01 1.069325000000000000e+04 1.460070232430709439e+03 1.487493664330907632e+04 0.000000000000000000e+00 3.328518511526231016e+00 2.400000000000000050e-02
1.249130120000000000e+08 0.000000000000000000e+00 6.500000000000000000e+01 1.069297999999999956e+04 1.459140232430710057e+03 1.487501664330907624e+04 0.000000000000000000e+00 3.740145998474379674e+00 4.169999999999999818e-01
1.249130120000000000e+08 0.000000000000000000e+00 6.500000000000000000e+01 1.069297999999999956e+04 1.459140232430710057e+03 1.487501664330907624e+04 0.000000000000000000e+00 3.740145998474379674e+00 7.148049999999999571e+00
1.249130230000000000e+08 1.000000000000000000e+00 6.500000000000000000e+01 1.066763000000000102e+04 1.492120232430710530e+03 1.485622664330907719e+04 0.000000000000000000e+00 7.089641514164975789e+00 7.212360000000000326e+00
1.183339210000000000e+08 1.000000000000000000e+00 6.500000000000000000e+01 9.846059999999999491e+03 2.375479232430709999e+03 1.382865664330907748e+04 0.000000000000000000e+00 8.633258830092436220e-01 1.344540000000000068e+00
1.123642060000000000e+08 1.000000000000000000e+00 6.500000000000000000e+01 8.735329999999999927e+03 2.891140432430710462e+03 1.308846164330907777e+04 0.000000000000000000e+00 8.634371930214744140e+00 1.078999999999999915e+01
1.123642130000000000e+08 1.000000000000000000e+00 6.500000000000000000e+01 8.709670000000000073e+03 2.909772632430709564e+03 1.307862664330907683e+04 0.000000000000000000e+00 5.247222608776844766e+00 2.400000000000000050e-02
1.123655860000000000e+08 1.000000000000000000e+00 6.500000000000000000e+01 8.704619999999998981e+03 2.913838632430710277e+03 1.306650564330907582e+04 0.000000000000000000e+00 8.200526434965530242e+00 9.199999999999999845e-02
1.123655860000000000e+08 1.000000000000000000e+00 6.500000000000000000e+01 8.705600000000000364e+03 2.912199332430710456e+03 1.306622164330907617e+04 0.000000000000000000e+00 6.503865619282210631e+00 1.078999999999999915e+01
1.123655850000000000e+08 1.000000000000000000e+00 6.500000000000000000e+01 8.707780000000000655e+03 2.904784632430710190e+03 1.305849364330907702e+04 0.000000000000000000e+00 1.154463061492328357e+00 2.400000000000000050e-02
1.123655850000000000e+08 1.000000000000000000e+00 6.500000000000000000e+01 8.707659999999999854e+03 2.904658232430710086e+03 1.305824164330907661e+04 0.000000000000000000e+00 1.141995750339683591e+00 4.169999999999999818e-01
1.123655840000000000e+08 1.000000000000000000e+00 6.500000000000000000e+01 8.705620000000000800e+03 2.901325032430710053e+03 1.305144564330907815e+04 0.000000000000000000e+00 3.708006852209941417e+00 1.339000000000000057e+01
1.123655840000000000e+08 1.000000000000000000e+00 6.500000000000000000e+01 8.705620000000000800e+03 2.901325032430710053e+03 1.305144564330907815e+04 0.000000000000000000e+00 3.708006852209941417e+00 4.010130000000000194e+00
1.123655840000000000e+08 1.000000000000000000e+00 6.500000000000000000e+01 8.705620000000000800e+03 2.901325032430710053e+03 1.305144564330907815e+04 0.000000000000000000e+00 3.708006852209941417e+00 3.093100000000000183e+00
1.123655860000000000e+08 1.000000000000000000e+00 6.500000000000000000e+01 8.704799999999999272e+03 2.916163232430710195e+03 1.306573464330907700e+04 0.000000000000000000e+00 9.555434899827217166e+00 9.199999999999999845e-02
1.123646190000000000e+08 1.000000000000000000e+00 6.500000000000000000e+01 8.688780000000000655e+03 2.933725232430710093e+03 1.308413764330907725e+04 0.000000000000000000e+00 2.193119985418205076e+00 2.400000000000000050e-02
1.123647660000000000e+08 1.000000000000000000e+00 6.500000000000000000e+01 8.697200000000000728e+03 2.932167232430710101e+03 1.308451964330907686e+04 0.000000000000000000e+00 7.384944614061521584e+00 6.099999999999999867e-02
1.123647660000000000e+08 1.000000000000000000e+00 6.500000000000000000e+01 8.697090000000000146e+03 2.934694232430710144e+03 1.308398264330907659e+04 0.000000000000000000e+00 5.117523125850649279e+00 6.099999999999999867e-02
1.123647660000000000e+08 0.000000000000000000e+00 6.500000000000000000e+01 8.696299999999999272e+03 2.947741232430709715e+03 1.307728164330907748e+04 0.000000000000000000e+00 2.681543505122182758e+00 1.339000000000000057e+01
1.123647660000000000e+08 0.000000000000000000e+00 6.500000000000000000e+01 8.696299999999999272e+03 2.947741232430709715e+03 1.307728164330907748e+04 0.000000000000000000e+00 2.681543505122182758e+00 2.147879999999999789e+00
1.123647660000000000e+08 0.000000000000000000e+00 6.500000000000000000e+01 8.696299999999999272e+03 2.947741232430709715e+03 1.307728164330907748e+04 0.000000000000000000e+00 2.681543505122182758e+00 1.747880000000000100e+00
1.123655970000000000e+08 1.000000000000000000e+00 6.500000000000000000e+01 8.732909999999999854e+03 2.879645032430709762e+03 1.309920364330907614e+04 0.000000000000000000e+00 6.161683806123178009e+00 2.400000000000000050e-02
1.123655970000000000e+08 1.000000000000000000e+00 6.500000000000000000e+01 8.729530000000000655e+03 2.881445032430709944e+03 1.310291864330907629e+04 0.000000000000000000e+00 9.123438298056024465e+00 1.339000000000000057e+01
1.123642120000000000e+08 1.000000000000000000e+00 6.600000000000000000e+01 8.719270000000000437e+03 2.894560432430709625e+03 1.310264864330907585e+04 0.000000000000000000e+00 9.262474886352736192e+00 9.199999999999999845e-02
1.123642110000000000e+08 1.000000000000000000e+00 6.600000000000000000e+01 8.722899999999999636e+03 2.897751032430710438e+03 1.308952364330907585e+04 0.000000000000000000e+00 1.036083906534606802e+00 2.039999999999999869e-01
1.123642110000000000e+08 1.000000000000000000e+00 6.600000000000000000e+01 8.725899999999999636e+03 2.894005332430710041e+03 1.308776964330907686e+04 0.000000000000000000e+00 3.693956098062955995e+00 9.199999999999999845e-02
1.123655930000000000e+08 1.000000000000000000e+00 6.600000000000000000e+01 8.726170000000000073e+03 2.891223632430709586e+03 1.308529664330907690e+04 0.000000000000000000e+00 5.732433461636833982e+00 1.078999999999999915e+01
1.123655930000000000e+08 1.000000000000000000e+00 6.600000000000000000e+01 8.726170000000000073e+03 2.891223632430709586e+03 1.308529664330907690e+04 0.000000000000000000e+00 5.732433461636833982e+00 9.570950000000000291e-01
1.123655930000000000e+08 1.000000000000000000e+00 6.600000000000000000e+01 8.726170000000000073e+03 2.891223632430709586e+03 1.308529664330907690e+04 0.000000000000000000e+00 5.732433461636833982e+00 7.829329999999999901e-01
1.123655970000000000e+08 1.000000000000000000e+00 6.500000000000000000e+01 8.729530000000000655e+03 2.881445032430709944e+03 1.310291864330907629e+04 0.000000000000000000e+00 9.123438298056024465e+00 3.976240000000000219e+00
1.123643940000000000e+08 0.000000000000000000e+00 6.500000000000000000e+01 8.644360000000000582e+03 2.890737932430710316e+03 1.304896664330907697e+04 0.000000000000000000e+00 1.263847309394606988e+00 2.400000000000000050e-02
1.123643900000000000e+08 1.000000000000000000e+00 6.600000000000000000e+01 8.649819999999999709e+03 2.898775032430709871e+03 1.303296464330907656e+04 0.000000000000000000e+00 1.616464021631274894e+00 2.400000000000000050e-02
1.066609010000000000e+08 0.000000000000000000e+00 6.600000000000000000e+01 7.050965000000000146e+03 3.009468232430710486e+03 1.243340164330907646e+04 0.000000000000000000e+00 3.614054291929612805e+00 6.099999999999999867e-02
1.066608990000000000e+08 1.000000000000000000e+00 6.500000000000000000e+01 7.051128999999999905e+03 3.006283232430710086e+03 1.243093464330907591e+04 0.000000000000000000e+00 3.581863390708882378e+00 2.400000000000000050e-02
1.066607330000000000e+08 1.000000000000000000e+00 6.600000000000000000e+01 7.061373999999999796e+03 3.001559232430709926e+03 1.241388164330907603e+04 0.000000000000000000e+00 6.645719577843377301e+00 4.169999999999999818e-01
1.066608120000000000e+08 1.000000000000000000e+00 6.500000000000000000e+01 7.075292000000000371e+03 3.000014232430709853e+03 1.242042964330907671e+04 0.000000000000000000e+00 7.377003395670966412e+00 9.199999999999999845e-02
1.066608150000000000e+08 1.000000000000000000e+00 6.500000000000000000e+01 7.076807999999999993e+03 2.980754232430709635e+03 1.242471664330907697e+04 0.000000000000000000e+00 3.548578410599974031e+00 4.169999999999999818e-01
1.066608140000000000e+08 1.000000000000000000e+00 6.500000000000000000e+01 7.076766999999999825e+03 2.980468232430710486e+03 1.242160864330907680e+04 0.000000000000000000e+00 3.977459713923798823e+00 9.199999999999999845e-02
1.066608140000000000e+08 1.000000000000000000e+00 6.500000000000000000e+01 7.073761000000000422e+03 2.981974232430709890e+03 1.241538564330907684e+04 0.000000000000000000e+00 7.951125846847788559e+00 5.000000000000000000e-01
1.066608140000000000e+08 1.000000000000000000e+00 6.500000000000000000e+01 7.075261000000000422e+03 2.981964232430709671e+03 1.241441964330907649e+04 0.000000000000000000e+00 8.973949270564590464e+00 2.400000000000000050e-02
1.026340390000000000e+08 1.000000000000000000e+00 6.500000000000000000e+01 6.559862000000000080e+03 3.058475232430710093e+03 1.218385764330907659e+04 0.000000000000000000e+00 9.380615630172838948e+00 1.339000000000000057e+01
1.026340440000000000e+08 1.000000000000000000e+00 6.600000000000000000e+01 6.555676000000000386e+03 3.057483232430709904e+03 1.216263464330907664e+04 0.000000000000000000e+00 2.532314278509525618e+00 1.339000000000000057e+01
1.026340430000000000e+08 1.000000000000000000e+00 6.600000000000000000e+01 6.555069000000000415e+03 3.055942232430709737e+03 1.216036664330907661e+04 0.000000000000000000e+00 3.412807492398983289e+00 1.339000000000000057e+01
1.026338660000000000e+08 1.000000000000000000e+00 6.500000000000000000e+01 6.554663999999999760e+03 3.029376232430709933e+03 1.208837464330907824e+04 0.000000000000000000e+00 4.707343374861496343e+00 9.199999999999999845e-02
1.026338660000000000e+08 1.000000000000000000e+00 6.500000000000000000e+01 6.554706000000000131e+03 3.029378232430710341e+03 1.208787064330907742e+04 0.000000000000000000e+00 4.997027848935021055e+00 1.078999999999999915e+01
1.026338660000000000e+08 1.000000000000000000e+00 6.500000000000000000e+01 6.554706000000000131e+03 3.029378232430710341e+03 1.208787064330907742e+04 0.000000000000000000e+00 4.997027848935021055e+00 5.464529999999999887e+00
1.026338660000000000e+08 1.000000000000000000e+00 6.500000000000000000e+01 6.554706000000000131e+03 3.029378232430710341e+03 1.208787064330907742e+04 0.000000000000000000e+00 4.997027848935021055e+00 2.743110000000000159e+00
1.026338670000000000e+08 1.000000000000000000e+00 6.500000000000000000e+01 6.545552999999999884e+03 3.025733232430709904e+03 1.211102464330907605e+04 0.000000000000000000e+00 8.216813658423355093e+00 9.199999999999999845e-02
1.026338670000000000e+08 1.000000000000000000e+00 6.500000000000000000e+01 6.543481999999999971e+03 3.027880232430709839e+03 1.211007364330907694e+04 0.000000000000000000e+00 6.338002680724283522e+00 9.199999999999999845e-02
1.026338710000000000e+08 1.000000000000000000e+00 6.600000000000000000e+01 6.546713999999999942e+03 3.046087232430710174e+03 1.209586864330907702e+04 0.000000000000000000e+00 6.125844329715801173e+00 9.199999999999999845e-02
1.026340440000000000e+08 1.000000000000000000e+00 6.600000000000000000e+01 6.557574999999999818e+03 3.058639232430709853e+03 1.216065764330907768e+04 0.000000000000000000e+00 3.992375475935117102e+00 9.199999999999999845e-02
1.026340440000000000e+08 1.000000000000000000e+00 6.600000000000000000e+01 6.556257999999999811e+03 3.061543232430710304e+03 1.216031064330907611e+04 0.000000000000000000e+00 3.989696083903892632e+00 9.199999999999999845e-02
1.026340480000000000e+08 1.000000000000000000e+00 6.500000000000000000e+01 6.549983000000000175e+03 3.068031232430709679e+03 1.215419464330907795e+04 0.000000000000000000e+00 2.863353309176371653e+00 4.169999999999999818e-01
1.026340530000000000e+08 1.000000000000000000e+00 6.600000000000000000e+01 6.535886999999999716e+03 3.073339232430709671e+03 1.214368564330907611e+04 0.000000000000000000e+00 1.884604381470882162e+00 2.400000000000000050e-02
1.026340560000000000e+08 0.000000000000000000e+00 6.500000000000000000e+01 6.523037000000000262e+03 3.073309232430709926e+03 1.215262164330907763e+04 0.000000000000000000e+00 1.487353236092082254e+00 4.169999999999999818e-01
1.026340540000000000e+08 1.000000000000000000e+00 6.500000000000000000e+01 6.520600000000000364e+03 3.070379232430709635e+03 1.216191364330907709e+04 0.000000000000000000e+00 2.056767800203090690e+00 2.400000000000000050e-02
1.026339810000000000e+08 1.000000000000000000e+00 6.600000000000000000e+01 6.516222999999999956e+03 3.101120232430709621e+03 1.215713364330907643e+04 0.000000000000000000e+00 1.432989931692005170e+00 9.199999999999999845e-02
1.026339810000000000e+08 1.000000000000000000e+00 6.600000000000000000e+01 6.516172999999999774e+03 3.101358232430709904e+03 1.215718064330907691e+04 0.000000000000000000e+00 1.602320583529347697e+00 4.169999999999999818e-01
1.026341520000000000e+08 1.000000000000000000e+00 6.500000000000000000e+01 6.518902000000000044e+03 3.112963232430710377e+03 1.215238064330907582e+04 0.000000000000000000e+00 3.876096092022996320e+00 9.199999999999999845e-02
1.026340400000000000e+08 1.000000000000000000e+00 6.500000000000000000e+01 6.547011999999999716e+03 3.063647232430709664e+03 1.218245464330907635e+04 0.000000000000000000e+00 1.922561772175275463e+00 6.099999999999999867e-02
1.026340460000000000e+08 1.000000000000000000e+00 6.600000000000000000e+01 6.538435999999999694e+03 3.074162232430709992e+03 1.217987164330907763e+04 0.000000000000000000e+00 4.830199380775424878e+00 9.199999999999999845e-02
1.026341260000000000e+08 1.000000000000000000e+00 6.500000000000000000e+01 6.537502999999999702e+03 3.075975232430710093e+03 1.218088864330907745e+04 0.000000000000000000e+00 4.944734711588868237e+00 1.000000000000000021e-02
1.026340450000000000e+08 1.000000000000000000e+00 6.600000000000000000e+01 6.549628999999999905e+03 3.075794232430709599e+03 1.216879564330907670e+04 0.000000000000000000e+00 8.154101423988141306e+00 2.400000000000000050e-02
1.026340460000000000e+08 1.000000000000000000e+00 6.600000000000000000e+01 6.548684000000000196e+03 3.076691232430710443e+03 1.216741264330907688e+04 0.000000000000000000e+00 8.120215110811452419e+00 6.099999999999999867e-02
1.026340440000000000e+08 1.000000000000000000e+00 6.600000000000000000e+01 6.557712999999999738e+03 3.060595232430709984e+03 1.217470564330907655e+04 0.000000000000000000e+00 8.558550040754603572e+00 9.199999999999999845e-02
1.026340380000000000e+08 1.000000000000000000e+00 6.500000000000000000e+01 6.559916999999999462e+03 3.042305232430710021e+03 1.217040964330907809e+04 0.000000000000000000e+00 7.022129825109089118e+00 6.099999999999999867e-02
1.026340370000000000e+08 1.000000000000000000e+00 6.500000000000000000e+01 6.559545000000000073e+03 3.034075232430710457e+03 1.216814864330907585e+04 0.000000000000000000e+00 8.072118012630690842e+00 9.199999999999999845e-02
1.026340420000000000e+08 1.000000000000000000e+00 6.600000000000000000e+01 6.558882999999999811e+03 3.041729232430709999e+03 1.215977864330907687e+04 0.000000000000000000e+00 5.599883494993486366e+00 9.199999999999999845e-02
1.026340390000000000e+08 1.000000000000000000e+00 6.500000000000000000e+01 6.559862000000000080e+03 3.058475232430710093e+03 1.218385764330907659e+04 0.000000000000000000e+00 9.380615630172838948e+00 5.294529999999999514e-01
1.008127430000000000e+08 1.000000000000000000e+00 6.500000000000000000e+01 3.330130000000000109e+03 2.949558232430709722e+03 1.192758764330907798e+04 0.000000000000000000e+00 9.539125835329208769e+00 1.078999999999999915e+01
1.008137430000000000e+08 1.000000000000000000e+00 6.500000000000000000e+01 3.292670000000000073e+03 2.947014232430709853e+03 1.190373764330907579e+04 0.000000000000000000e+00 5.884399051444093587e+00 1.339000000000000057e+01
1.008136570000000000e+08 1.000000000000000000e+00 6.500000000000000000e+01 3.285680000000000291e+03 2.945541232430709897e+03 1.190041164330907668e+04 0.000000000000000000e+00 8.172807174183711609e+00 1.339000000000000057e+01
1.008117410000000000e+08 1.000000000000000000e+00 6.500000000000000000e+01 3.270109999999999673e+03 2.942889232430709853e+03 1.189460364330907760e+04 0.000000000000000000e+00 6.287347010892266219e+00 1.078999999999999915e+01
1.008116900000000000e+08 1.000000000000000000e+00 6.500000000000000000e+01 3.199599999999999454e+03 2.930846232430710188e+03 1.182731564330907713e+04 0.000000000000000000e+00 6.462811602402490863e+00 1.078999999999999915e+01
1.008124900000000000e+08 1.000000000000000000e+00 6.600000000000000000e+01 3.189269999999999527e+03 2.931349232430709890e+03 1.180636164330907741e+04 0.000000000000000000e+00 3.631455699718912022e+00 1.605000000000000071e+01
1.008124900000000000e+08 1.000000000000000000e+00 6.600000000000000000e+01 3.186279999999999745e+03 2.934673232430710414e+03 1.180099164330907661e+04 0.000000000000000000e+00 1.410883195602622653e+00 1.078999999999999915e+01
1.008124900000000000e+08 1.000000000000000000e+00 6.600000000000000000e+01 3.186449999999999818e+03 2.935338232430710377e+03 1.180050864330907643e+04 0.000000000000000000e+00 8.795457952551991587e-01 1.605000000000000071e+01
1.008124920000000000e+08 1.000000000000000000e+00 6.600000000000000000e+01 3.186920000000000073e+03 2.946600232430710093e+03 1.178999964330907824e+04 0.000000000000000000e+00 2.904891238356179795e+00 1.078999999999999915e+01
1.008124920000000000e+08 1.000000000000000000e+00 6.600000000000000000e+01 3.186180000000000291e+03 2.948312232430709628e+03 1.178892064330907670e+04 0.000000000000000000e+00 2.940154464641374865e+00 1.339000000000000057e+01
1.008124880000000000e+08 1.000000000000000000e+00 6.500000000000000000e+01 3.181720000000000255e+03 2.954591232430710079e+03 1.178533764330907798e+04 0.000000000000000000e+00 1.813889052906529242e+00 1.339000000000000057e+01
1.008124880000000000e+08 1.000000000000000000e+00 6.500000000000000000e+01 3.180039999999999964e+03 2.956448232430710050e+03 1.178387364330907803e+04 0.000000000000000000e+00 1.099937092302891273e+00 1.339000000000000057e+01
1.008124880000000000e+08 1.000000000000000000e+00 6.500000000000000000e+01 3.183270000000000437e+03 2.955465232430709875e+03 1.178312964330907744e+04 0.000000000000000000e+00 2.944604936282931185e+00 2.039999999999999869e-01
1.008124930000000000e+08 1.000000000000000000e+00 6.600000000000000000e+01 3.191439999999999600e+03 2.952979232430709999e+03 1.178124764330907783e+04 0.000000000000000000e+00 3.467492017279159011e+00 1.078999999999999915e+01
1.008107660000000000e+08 1.000000000000000000e+00 6.600000000000000000e+01 3.185920000000000073e+03 2.953654232430710181e+03 1.176603164330907748e+04 0.000000000000000000e+00 2.535385728473719791e+00 2.039999999999999869e-01
1.008124180000000000e+08 1.000000000000000000e+00 6.600000000000000000e+01 3.212579999999999927e+03 2.949972232430710392e+03 1.177816964330907649e+04 0.000000000000000000e+00 1.700910912966401067e+00 2.400000000000000050e-02
1.008124180000000000e+08 1.000000000000000000e+00 6.600000000000000000e+01 3.211350000000000364e+03 2.947314232430710035e+03 1.178042064330907670e+04 0.000000000000000000e+00 1.724269022580539490e+00 4.169999999999999818e-01
1.008124960000000000e+08 0.000000000000000000e+00 6.500000000000000000e+01 3.205810000000000400e+03 2.939492232430709919e+03 1.179886164330907741e+04 0.000000000000000000e+00 4.118333360144095789e-01 4.169999999999999818e-01
1.008135630000000000e+08 1.000000000000000000e+00 6.500000000000000000e+01 3.211449999999999818e+03 2.920582232430710064e+03 1.179887464330907824e+04 0.000000000000000000e+00 7.913557062237020823e+00 2.400000000000000050e-02
1.008135630000000000e+08 1.000000000000000000e+00 6.500000000000000000e+01 3.217750000000000000e+03 2.919731232430710406e+03 1.179832764330907594e+04 0.000000000000000000e+00 3.656254826611928799e+00 9.199999999999999845e-02
1.008125310000000000e+08 1.000000000000000000e+00 6.500000000000000000e+01 3.217350000000000364e+03 2.916416232430709897e+03 1.180963064330907582e+04 0.000000000000000000e+00 1.458627697320495464e+00 6.099999999999999867e-02
1.008125310000000000e+08 1.000000000000000000e+00 6.500000000000000000e+01 3.215980000000000473e+03 2.917776232430709570e+03 1.180410564330907800e+04 0.000000000000000000e+00 4.359109819066719460e+00 9.199999999999999845e-02
1.008125310000000000e+08 1.000000000000000000e+00 6.500000000000000000e+01 3.215229999999999563e+03 2.917003232430710341e+03 1.180371764330907718e+04 0.000000000000000000e+00 4.733888704750857990e+00 4.169999999999999818e-01
1.008125310000000000e+08 1.000000000000000000e+00 6.500000000000000000e+01 3.208079999999999927e+03 2.920597232430710392e+03 1.179929764330907710e+04 0.000000000000000000e+00 7.660061575606879281e+00 4.169999999999999818e-01
1.008124960000000000e+08 0.000000000000000000e+00 6.500000000000000000e+01 3.208109999999999673e+03 2.935100232430710093e+03 1.179887864330907723e+04 0.000000000000000000e+00 4.041438280926889171e+00 9.199999999999999845e-02
1.008126790000000000e+08 1.000000000000000000e+00 6.600000000000000000e+01 3.212899999999999636e+03 2.929628232430710341e+03 1.180027164330907726e+04 0.000000000000000000e+00 4.367192164054944037e+00 6.099999999999999867e-02
1.008126790000000000e+08 1.000000000000000000e+00 6.600000000000000000e+01 3.214859999999999673e+03 2.930010232430709948e+03 1.180029864330907731e+04 0.000000000000000000e+00 4.090945650278358769e+00 4.169999999999999818e-01
1.008135680000000000e+08 1.000000000000000000e+00 6.600000000000000000e+01 3.221340000000000146e+03 2.933342232430710283e+03 1.179608564330907757e+04 0.000000000000000000e+00 1.706637785401741159e+00 4.169999999999999818e-01
1.008135660000000000e+08 0.000000000000000000e+00 6.600000000000000000e+01 3.221170000000000073e+03 2.932299232430709708e+03 1.179114664330907726e+04 0.000000000000000000e+00 4.046942813536076322e+00 9.199999999999999845e-02
1.008107530000000000e+08 1.000000000000000000e+00 6.600000000000000000e+01 3.219849999999999454e+03 2.927691232430710443e+03 1.178865064330907626e+04 0.000000000000000000e+00 3.232990723255676713e+00 9.199999999999999845e-02
1.008124960000000000e+08 1.000000000000000000e+00 6.500000000000000000e+01 3.201439999999999600e+03 2.934065232430710239e+03 1.178639564330907706e+04 0.000000000000000000e+00 8.804004708863734763e+00 9.199999999999999845e-02
1.008108580000000000e+08 1.000000000000000000e+00 6.500000000000000000e+01 3.160579999999999927e+03 2.896399232430710072e+03 1.176628864330907709e+04 0.000000000000000000e+00 2.464653959695137786e+00 2.400000000000000050e-02
1.008108580000000000e+08 1.000000000000000000e+00 6.500000000000000000e+01 3.160680000000000291e+03 2.894388532430710256e+03 1.176601964330907686e+04 0.000000000000000000e+00 1.729585618684537529e+00 9.199999999999999845e-02
1.008108580000000000e+08 1.000000000000000000e+00 6.500000000000000000e+01 3.161880000000000109e+03 2.886717632430710182e+03 1.176641164330907668e+04 0.000000000000000000e+00 5.124250105186746396e+00 2.400000000000000050e-02
1.008108580000000000e+08 1.000000000000000000e+00 6.500000000000000000e+01 3.162230000000000473e+03 2.887232532430710307e+03 1.176623964330907620e+04 0.000000000000000000e+00 4.645592402409951305e+00 9.199999999999999845e-02
1.008108580000000000e+08 0.000000000000000000e+00 6.500000000000000000e+01 3.162550000000000182e+03 2.889729832430710303e+03 1.176483664330907777e+04 0.000000000000000000e+00 2.926685913297719654e+00 9.199999999999999845e-02
1.008122290000000000e+08 1.000000000000000000e+00 6.500000000000000000e+01 3.153789999999999964e+03 2.886670732430709904e+03 1.175498964330907620e+04 0.000000000000000000e+00 6.292445410307005105e+00 9.199999999999999845e-02
1.008123710000000000e+08 1.000000000000000000e+00 6.500000000000000000e+01 3.149460000000000036e+03 2.889013632430710459e+03 1.175970364330907614e+04 0.000000000000000000e+00 3.871180888887270743e+00 2.400000000000000050e-02
1.008123720000000000e+08 1.000000000000000000e+00 6.500000000000000000e+01 3.147679999999999382e+03 2.889189432430710440e+03 1.175860564330907800e+04 0.000000000000000000e+00 2.899651413123543353e+00 9.199999999999999845e-02
1.008110430000000000e+08 1.000000000000000000e+00 6.500000000000000000e+01 3.145649999999999636e+03 2.884747732430710130e+03 1.175663264330907623e+04 0.000000000000000000e+00 5.297464670246065488e+00 2.400000000000000050e-02
1.008107100000000000e+08 1.000000000000000000e+00 6.500000000000000000e+01 3.156630000000000109e+03 2.884949932430709850e+03 1.175986764330907681e+04 0.000000000000000000e+00 7.122999775403159539e+00 2.400000000000000050e-02
1.008123710000000000e+08 1.000000000000000000e+00 6.500000000000000000e+01 3.150699999999999818e+03 2.893565732430710341e+03 1.175707864330907614e+04 0.000000000000000000e+00 1.492455502317427296e+00 9.199999999999999845e-02
1.008123710000000000e+08 1.000000000000000000e+00 6.500000000000000000e+01 3.150699999999999818e+03 2.893565732430710341e+03 1.175707864330907614e+04 0.000000000000000000e+00 1.492455502317427296e+00 7.392830000000000013e+00
1.008124130000000000e+08 1.000000000000000000e+00 6.500000000000000000e+01 3.190880000000000109e+03 2.951598232430709686e+03 1.177535364330907760e+04 0.000000000000000000e+00 5.909291068046989004e+00 9.199999999999999845e-02
1.008107650000000000e+08 1.000000000000000000e+00 6.600000000000000000e+01 3.187779999999999745e+03 2.950457232430710064e+03 1.177177064330907706e+04 0.000000000000000000e+00 4.280247892478101335e+00 9.199999999999999845e-02
1.008124130000000000e+08 1.000000000000000000e+00 6.500000000000000000e+01 3.191720000000000255e+03 2.952314232430710035e+03 1.177396764330907718e+04 0.000000000000000000e+00 4.382984886456911866e+00 4.169999999999999818e-01
1.008124120000000000e+08 1.000000000000000000e+00 6.500000000000000000e+01 3.194949999999999818e+03 2.963665232430709693e+03 1.177819664330907653e+04 0.000000000000000000e+00 5.218194456798193492e+00 9.199999999999999845e-02
1.008124130000000000e+08 1.000000000000000000e+00 6.500000000000000000e+01 3.192670000000000073e+03 2.953565232430710239e+03 1.177808964330907656e+04 0.000000000000000000e+00 5.850268061927055285e+00 4.169999999999999818e-01
1.008124930000000000e+08 1.000000000000000000e+00 6.600000000000000000e+01 3.191239999999999782e+03 2.950674232430709708e+03 1.177798564330907720e+04 0.000000000000000000e+00 7.333273405233820874e+00 6.099999999999999867e-02
1.008107590000000000e+08 1.000000000000000000e+00 6.500000000000000000e+01 3.200789999999999964e+03 2.942196232430709642e+03 1.177688464330907664e+04 0.000000000000000000e+00 4.286684859897142985e+00 9.199999999999999845e-02
1.008124190000000000e+08 1.000000000000000000e+00 6.600000000000000000e+01 3.201979999999999563e+03 2.944090232430709875e+03 1.177963364330907643e+04 0.000000000000000000e+00 4.693399610370365238e+00 9.199999999999999845e-02
1.008124180000000000e+08 1.000000000000000000e+00 6.600000000000000000e+01 3.206840000000000146e+03 2.945382232430710246e+03 1.178670164330907573e+04 0.000000000000000000e+00 6.592631002228136694e+00 2.400000000000000050e-02
1.008124960000000000e+08 1.000000000000000000e+00 6.500000000000000000e+01 3.207519999999999527e+03 2.941411232430709788e+03 1.179012664330907683e+04 0.000000000000000000e+00 6.426081446575059530e+00 2.039999999999999869e-01
1.008124950000000000e+08 0.000000000000000000e+00 6.600000000000000000e+01 3.204319999999999709e+03 2.946771232430710370e+03 1.179802464330907605e+04 0.000000000000000000e+00 1.669389548769262488e+00 4.169999999999999818e-01
1.008124950000000000e+08 0.000000000000000000e+00 6.600000000000000000e+01 3.205090000000000146e+03 2.948034232430710290e+03 1.180095864330907716e+04 0.000000000000000000e+00 3.592035891196653008e+00 4.169999999999999818e-01
1.008124880000000000e+08 1.000000000000000000e+00 6.500000000000000000e+01 3.180039999999999964e+03 2.956448232430710050e+03 1.178387364330907803e+04 0.000000000000000000e+00 1.099937092302891273e+00 3.184540000000000148e+00
1.008124880000000000e+08 1.000000000000000000e+00 6.500000000000000000e+01 3.181720000000000255e+03 2.954591232430710079e+03 1.178533764330907798e+04 0.000000000000000000e+00 1.813889052906529242e+00 1.225170000000000092e+00
1.008124930000000000e+08 1.000000000000000000e+00 6.600000000000000000e+01 3.191880000000000109e+03 2.949436232430710334e+03 1.178773264330907659e+04 0.000000000000000000e+00 7.197409885545809072e-01 5.000000000000000000e-01
1.008124950000000000e+08 1.000000000000000000e+00 6.600000000000000000e+01 3.203840000000000146e+03 2.955037232430709992e+03 1.179408264330907696e+04 0.000000000000000000e+00 3.365632880858759002e+00 2.400000000000000050e-02
1.008124910000000000e+08 1.000000000000000000e+00 6.500000000000000000e+01 3.198930000000000291e+03 2.948951232430709751e+03 1.180178864330907709e+04 0.000000000000000000e+00 3.747779153671602081e+00 2.400000000000000050e-02
1.008124910000000000e+08 1.000000000000000000e+00 6.500000000000000000e+01 3.198930000000000291e+03 2.948951232430709751e+03 1.180178864330907709e+04 0.000000000000000000e+00 3.747779153671602081e+00 7.397840000000000416e+00
1.008124920000000000e+08 1.000000000000000000e+00 6.600000000000000000e+01 3.186920000000000073e+03 2.946600232430710093e+03 1.178999964330907824e+04 0.000000000000000000e+00 2.904891238356179795e+00 3.874789999999999957e+00
1.008124900000000000e+08 1.000000000000000000e+00 6.600000000000000000e+01 3.186449999999999818e+03 2.935338232430710377e+03 1.180050864330907643e+04 0.000000000000000000e+00 8.795457952551991587e-01 6.860920000000000130e+00
1.008124850000000000e+08 1.000000000000000000e+00 6.500000000000000000e+01 3.178569999999999709e+03 2.933091232430710079e+03 1.179658264330907696e+04 0.000000000000000000e+00 4.763177450024781656e+00 1.078999999999999915e+01
1.008114220000000000e+08 1.000000000000000000e+00 6.600000000000000000e+01 3.165329999999999927e+03 2.931706232430709861e+03 1.178930664330907712e+04 0.000000000000000000e+00 4.061889222912471453e+00 1.339000000000000057e+01
1.008114210000000000e+08 1.000000000000000000e+00 6.600000000000000000e+01 3.159720000000000255e+03 2.926616232430709715e+03 1.178736064330907720e+04 0.000000000000000000e+00 1.412734861155974020e+00 1.078999999999999915e+01
1.008114210000000000e+08 1.000000000000000000e+00 6.600000000000000000e+01 3.160199999999999818e+03 2.925915232430709693e+03 1.178810764330907659e+04 0.000000000000000000e+00 1.865529100236534843e+00 1.078999999999999915e+01
1.008124800000000000e+08 1.000000000000000000e+00 6.600000000000000000e+01 3.159960000000000036e+03 2.927410232430709584e+03 1.179661464330907620e+04 0.000000000000000000e+00 6.668759139805489067e-01 1.078999999999999915e+01
1.008124800000000000e+08 1.000000000000000000e+00 6.600000000000000000e+01 3.159850000000000364e+03 2.927897232430709664e+03 1.179703964330907729e+04 0.000000000000000000e+00 3.622621769839042827e-01 2.039999999999999869e-01
1.008124800000000000e+08 1.000000000000000000e+00 6.600000000000000000e+01 3.159170000000000073e+03 2.930971232430710188e+03 1.179970664330907675e+04 0.000000000000000000e+00 1.601621174881567855e+00 9.199999999999999845e-02
1.008124800000000000e+08 1.000000000000000000e+00 6.600000000000000000e+01 3.159239999999999782e+03 2.931553232430709613e+03 1.179993464330907591e+04 0.000000000000000000e+00 1.622094783331997192e+00 1.078999999999999915e+01
1.008124800000000000e+08 1.000000000000000000e+00 6.600000000000000000e+01 3.159239999999999782e+03 2.931553232430709613e+03 1.179993464330907591e+04 0.000000000000000000e+00 1.622094783331997192e+00 6.643309999999999604e+00
1.008124800000000000e+08 1.000000000000000000e+00 6.600000000000000000e+01 3.159239999999999782e+03 2.931553232430709613e+03 1.179993464330907591e+04 0.000000000000000000e+00 1.622094783331997192e+00 1.787519999999999998e+00
1.008124800000000000e+08 1.000000000000000000e+00 6.600000000000000000e+01 3.159960000000000036e+03 2.927410232430709584e+03 1.179661464330907620e+04 0.000000000000000000e+00 6.668759139805489067e-01 1.264580000000000037e+00
1.008124800000000000e+08 1.000000000000000000e+00 6.600000000000000000e+01 3.160659999999999854e+03 2.928597232430710392e+03 1.179624564330907742e+04 0.000000000000000000e+00 1.476662486017565001e+00 9.199999999999999845e-02
1.008124800000000000e+08 1.000000000000000000e+00 6.600000000000000000e+01 3.157779999999999745e+03 2.929468232430709577e+03 1.179705164330907792e+04 0.000000000000000000e+00 1.699395482559313608e+00 2.400000000000000050e-02
1.008114240000000000e+08 1.000000000000000000e+00 6.500000000000000000e+01 3.158179999999999382e+03 2.921880232430709839e+03 1.180467864330907651e+04 0.000000000000000000e+00 1.049375673733860648e+00 8.220000000000000639e+00
1.008116000000000000e+08 1.000000000000000000e+00 6.600000000000000000e+01 3.173940000000000509e+03 2.923084232430710472e+03 1.182343464330907591e+04 0.000000000000000000e+00 8.917458489081980799e-01 9.199999999999999845e-02
1.008116000000000000e+08 1.000000000000000000e+00 6.600000000000000000e+01 3.174510000000000218e+03 2.923124232430710435e+03 1.182430864330907571e+04 0.000000000000000000e+00 1.495808596634540022e+00 7.799890000000000434e+00
1.008114220000000000e+08 1.000000000000000000e+00 6.600000000000000000e+01 3.163079999999999927e+03 2.923738232430710013e+03 1.178967264330907710e+04 0.000000000000000000e+00 5.031507030727802032e+00 1.124000000000000021e+01
1.008114220000000000e+08 1.000000000000000000e+00 6.600000000000000000e+01 3.163079999999999927e+03 2.923738232430710013e+03 1.178967264330907710e+04 0.000000000000000000e+00 5.031507030727802032e+00 1.324389999999999956e+00
1.008114220000000000e+08 1.000000000000000000e+00 6.600000000000000000e+01 3.165329999999999927e+03 2.931706232430709861e+03 1.178930664330907712e+04 0.000000000000000000e+00 4.061889222912471453e+00 5.571970000000000312e+00
1.008124850000000000e+08 1.000000000000000000e+00 6.500000000000000000e+01 3.178569999999999709e+03 2.933091232430710079e+03 1.179658264330907696e+04 0.000000000000000000e+00 4.763177450024781656e+00 6.933939999999999770e+00
1.008116060000000000e+08 1.000000000000000000e+00 6.600000000000000000e+01 3.190689999999999600e+03 2.921007232430710246e+03 1.180538064330907582e+04 0.000000000000000000e+00 3.775067367644367344e+00 1.339000000000000057e+01
1.008124850000000000e+08 1.000000000000000000e+00 6.500000000000000000e+01 3.180210000000000036e+03 2.926053232430709613e+03 1.179728164330907748e+04 0.000000000000000000e+00 9.139980200845155167e+00 2.400000000000000050e-02
1.008124850000000000e+08 1.000000000000000000e+00 6.500000000000000000e+01 3.179909999999999854e+03 2.926910232430709584e+03 1.179688464330907664e+04 0.000000000000000000e+00 8.489154249433580546e+00 1.078999999999999915e+01
1.008124850000000000e+08 1.000000000000000000e+00 6.500000000000000000e+01 3.179060000000000400e+03 2.930926232430710115e+03 1.179797064330907597e+04 0.000000000000000000e+00 4.714125074863325437e+00 2.039999999999999869e-01
1.008124880000000000e+08 1.000000000000000000e+00 6.600000000000000000e+01 3.179460000000000036e+03 2.938136232430710152e+03 1.180521764330907718e+04 0.000000000000000000e+00 2.996365519745033623e+00 6.099999999999999867e-02
1.008124820000000000e+08 1.000000000000000000e+00 6.500000000000000000e+01 3.165090000000000146e+03 2.945377232430710137e+03 1.180682464330907715e+04 0.000000000000000000e+00 6.485667827737769287e+00 6.099999999999999867e-02
1.008115060000000000e+08 1.000000000000000000e+00 6.600000000000000000e+01 3.161100000000000364e+03 2.951245232430709621e+03 1.180790464330907707e+04 0.000000000000000000e+00 3.865773614261533986e+00 9.199999999999999845e-02
1.008115060000000000e+08 1.000000000000000000e+00 6.600000000000000000e+01 3.165789999999999964e+03 2.951160232430709584e+03 1.181090064330907626e+04 0.000000000000000000e+00 4.335130045341852423e+00 4.169999999999999818e-01
1.008115060000000000e+08 1.000000000000000000e+00 6.600000000000000000e+01 3.161210000000000036e+03 2.950600232430710093e+03 1.181039064330907786e+04 0.000000000000000000e+00 1.553133005841466074e+00 9.199999999999999845e-02
1.008115050000000000e+08 0.000000000000000000e+00 6.600000000000000000e+01 3.162329999999999927e+03 2.949499232430710435e+03 1.181641264330907688e+04 0.000000000000000000e+00 1.108235901918248612e+00 6.099999999999999867e-02
1.008114290000000000e+08 1.000000000000000000e+00 6.500000000000000000e+01 3.164119999999999891e+03 2.939336232430709970e+03 1.181122664330907719e+04 0.000000000000000000e+00 2.703211170240619854e+00 1.078999999999999915e+01
1.008114290000000000e+08 1.000000000000000000e+00 6.500000000000000000e+01 3.164119999999999891e+03 2.939336232430709970e+03 1.181122664330907719e+04 0.000000000000000000e+00 2.703211170240619854e+00 3.623470000000000191e+00
1.008114290000000000e+08 1.000000000000000000e+00 6.500000000000000000e+01 3.164119999999999891e+03 2.939336232430709970e+03 1.181122664330907719e+04 0.000000000000000000e+00 2.703211170240619854e+00 3.445050000000000168e+00
1.008114280000000000e+08 1.000000000000000000e+00 6.500000000000000000e+01 3.173229999999999563e+03 2.936050232430709912e+03 1.181059564330907597e+04 0.000000000000000000e+00 2.764945694243940544e+00 4.169999999999999818e-01
1.008124840000000000e+08 1.000000000000000000e+00 6.500000000000000000e+01 3.170659999999999854e+03 2.933841232430710079e+03 1.180586564330907640e+04 0.000000000000000000e+00 1.215017016214875012e+00 2.400000000000000050e-02
1.008114260000000000e+08 1.000000000000000000e+00 6.500000000000000000e+01 3.169010000000000218e+03 2.929000232430709730e+03 1.180424664330907763e+04 0.000000000000000000e+00 2.254076361905842152e+00 2.039999999999999869e-01
1.008124850000000000e+08 1.000000000000000000e+00 6.500000000000000000e+01 3.173970000000000255e+03 2.934683232430709722e+03 1.179912664330907683e+04 0.000000000000000000e+00 1.516629544474013436e+00 9.199999999999999845e-02
1.008124840000000000e+08 1.000000000000000000e+00 6.500000000000000000e+01 3.171899999999999636e+03 2.931867232430709919e+03 1.179833664330907777e+04 0.000000000000000000e+00 3.786889001883444905e+00 2.400000000000000050e-02
1.008115060000000000e+08 1.000000000000000000e+00 6.600000000000000000e+01 3.170529999999999745e+03 2.957154232430710181e+03 1.181713364330907643e+04 0.000000000000000000e+00 9.216483129409178687e+00 9.199999999999999845e-02
1.008115010000000000e+08 1.000000000000000000e+00 6.500000000000000000e+01 3.168069999999999709e+03 2.958772232430709664e+03 1.181649064330907640e+04 0.000000000000000000e+00 8.035742667732280964e+00 6.099999999999999867e-02
1.008115010000000000e+08 1.000000000000000000e+00 6.500000000000000000e+01 3.167319999999999709e+03 2.959037232430709992e+03 1.181669964330907715e+04 0.000000000000000000e+00 7.215849257951441054e+00 2.400000000000000050e-02
1.008105830000000000e+08 0.000000000000000000e+00 6.500000000000000000e+01 3.154329999999999927e+03 2.955376232430709933e+03 1.184111264330907579e+04 0.000000000000000000e+00 8.549598993939245828e-01 2.400000000000000050e-02
1.008114940000000000e+08 1.000000000000000000e+00 6.500000000000000000e+01 3.149710000000000036e+03 2.951015232430710057e+03 1.184752664330907646e+04 0.000000000000000000e+00 2.583948781227729974e+00 9.199999999999999845e-02
1.008105810000000000e+08 1.000000000000000000e+00 6.600000000000000000e+01 3.144510000000000218e+03 2.948850232430710093e+03 1.185534364330907738e+04 0.000000000000000000e+00 7.482050858762731238e+00 9.199999999999999845e-02
1.008105770000000000e+08 1.000000000000000000e+00 6.500000000000000000e+01 3.147600000000000364e+03 2.963902232430709773e+03 1.186018164330907712e+04 0.000000000000000000e+00 4.031221766438360277e+00 9.199999999999999845e-02
1.008115730000000000e+08 1.000000000000000000e+00 6.600000000000000000e+01 3.147039999999999964e+03 2.956492232430709919e+03 1.186393364330907571e+04 0.000000000000000000e+00 4.075056668496839229e+00 2.400000000000000050e-02
1.008105770000000000e+08 1.000000000000000000e+00 6.500000000000000000e+01 3.145020000000000437e+03 2.958332232430710064e+03 1.186156164330907632e+04 0.000000000000000000e+00 6.343897709359014314e+00 4.169999999999999818e-01
1.008105780000000000e+08 1.000000000000000000e+00 6.500000000000000000e+01 3.144970000000000255e+03 2.970803232430709613e+03 1.185982064330907815e+04 0.000000000000000000e+00 8.441158869431628631e+00 9.199999999999999845e-02
1.008116060000000000e+08 1.000000000000000000e+00 6.600000000000000000e+01 3.190689999999999600e+03 2.921007232430710246e+03 1.180538064330907582e+04 0.000000000000000000e+00 3.775067367644367344e+00 6.889380000000000059e+00
1.008116900000000000e+08 1.000000000000000000e+00 6.500000000000000000e+01 3.195960000000000036e+03 2.937680232430710021e+03 1.182741864330907629e+04 0.000000000000000000e+00 9.011147362725347776e+00 2.400000000000000050e-02
1.008116910000000000e+08 1.000000000000000000e+00 6.500000000000000000e+01 3.195119999999999891e+03 2.936781232430709679e+03 1.182141564330907750e+04 0.000000000000000000e+00 9.918309958001948701e+00 1.078999999999999915e+01
1.008116910000000000e+08 1.000000000000000000e+00 6.500000000000000000e+01 3.195630000000000109e+03 2.936578232430710159e+03 1.182082564330907735e+04 0.000000000000000000e+00 9.340167040873685878e+00 6.099999999999999867e-02
1.008124860000000000e+08 1.000000000000000000e+00 6.600000000000000000e+01 3.174409999999999854e+03 2.951037232430709992e+03 1.180069564330907815e+04 0.000000000000000000e+00 2.996107369140822652e+00 9.199999999999999845e-02
1.008124870000000000e+08 1.000000000000000000e+00 6.600000000000000000e+01 3.182480000000000473e+03 2.951869232430710326e+03 1.180532864330907614e+04 0.000000000000000000e+00 7.477282042803301110e+00 9.199999999999999845e-02
1.008124920000000000e+08 1.000000000000000000e+00 6.500000000000000000e+01 3.192640000000000327e+03 2.940667232430710101e+03 1.180819264330907754e+04 0.000000000000000000e+00 2.787057669611435085e+00 9.199999999999999845e-02
1.008124960000000000e+08 0.000000000000000000e+00 6.500000000000000000e+01 3.205100000000000364e+03 2.934650232430710275e+03 1.180057064330907815e+04 0.000000000000000000e+00 1.405668544068689352e+00 8.349999999999999645e-01
1.008124960000000000e+08 0.000000000000000000e+00 6.500000000000000000e+01 3.205840000000000146e+03 2.934729232430709999e+03 1.180141264330907688e+04 0.000000000000000000e+00 1.701279669050326904e+00 6.099999999999999867e-02
1.008124960000000000e+08 0.000000000000000000e+00 6.600000000000000000e+01 3.208359999999999673e+03 2.934992232430709919e+03 1.180419164330907734e+04 0.000000000000000000e+00 1.834749938183204199e+00 6.099999999999999867e-02
1.008124930000000000e+08 1.000000000000000000e+00 6.500000000000000000e+01 3.206039999999999964e+03 2.937691232430710443e+03 1.181258364330907716e+04 0.000000000000000000e+00 5.836057277997872994e+00 2.400000000000000050e-02
1.008124920000000000e+08 1.000000000000000000e+00 6.500000000000000000e+01 3.201829999999999927e+03 2.944278232430709977e+03 1.181028664330907668e+04 0.000000000000000000e+00 3.294560995917642732e+00 2.400000000000000050e-02
1.008124920000000000e+08 1.000000000000000000e+00 6.500000000000000000e+01 3.200890000000000327e+03 2.946724232430709890e+03 1.181330864330907571e+04 0.000000000000000000e+00 6.068977357587344024e+00 8.349999999999999645e-01
1.008124920000000000e+08 1.000000000000000000e+00 6.500000000000000000e+01 3.200760000000000218e+03 2.946752232430710137e+03 1.181314064330907786e+04 0.000000000000000000e+00 6.002742359221517887e+00 9.199999999999999845e-02
1.008116880000000000e+08 1.000000000000000000e+00 6.600000000000000000e+01 3.207650000000000546e+03 2.942724232430709890e+03 1.181277164330907726e+04 0.000000000000000000e+00 5.415968746458274197e+00 9.199999999999999845e-02
1.008116870000000000e+08 1.000000000000000000e+00 6.600000000000000000e+01 3.217560000000000400e+03 2.945039232430710399e+03 1.181328964330907729e+04 0.000000000000000000e+00 4.179958626363167618e+00 2.400000000000000050e-02
1.008116870000000000e+08 1.000000000000000000e+00 6.600000000000000000e+01 3.216710000000000036e+03 2.944568232430709941e+03 1.181430064330907771e+04 0.000000000000000000e+00 3.646014007012515989e+00 2.400000000000000050e-02
1.008116860000000000e+08 0.000000000000000000e+00 6.600000000000000000e+01 3.215689999999999600e+03 2.946440232430710239e+03 1.181551864330907665e+04 0.000000000000000000e+00 1.910193562444472581e+00 9.199999999999999845e-02
1.008116860000000000e+08 0.000000000000000000e+00 6.600000000000000000e+01 3.214269999999999527e+03 2.948922232430710210e+03 1.181755164330907792e+04 0.000000000000000000e+00 2.447405751071045188e+00 9.199999999999999845e-02
1.008116870000000000e+08 1.000000000000000000e+00 6.600000000000000000e+01 3.211190000000000509e+03 2.948592232430710283e+03 1.181696664330907697e+04 0.000000000000000000e+00 1.468303279400471784e+00 9.199999999999999845e-02
1.008116860000000000e+08 1.000000000000000000e+00 6.600000000000000000e+01 3.209739999999999782e+03 2.946962232430710174e+03 1.181941164330907668e+04 0.000000000000000000e+00 2.003167443658741664e+00 2.400000000000000050e-02
1.008116870000000000e+08 0.000000000000000000e+00 6.600000000000000000e+01 3.214500000000000000e+03 2.941173232430710414e+03 1.181844464330907795e+04 0.000000000000000000e+00 1.584130628357821591e+00 9.199999999999999845e-02
1.008116860000000000e+08 0.000000000000000000e+00 6.600000000000000000e+01 3.215210000000000036e+03 2.945790232430709693e+03 1.181570564330907655e+04 0.000000000000000000e+00 1.726908533674451185e+00 2.400000000000000050e-02
1.008116850000000000e+08 1.000000000000000000e+00 6.600000000000000000e+01 3.201009999999999309e+03 2.955453232430710159e+03 1.182408764330907798e+04 0.000000000000000000e+00 8.884183458981892656e+00 6.099999999999999867e-02
1.008116860000000000e+08 1.000000000000000000e+00 6.600000000000000000e+01 3.201470000000000255e+03 2.951619232430710326e+03 1.182506164330907632e+04 0.000000000000000000e+00 9.615825630156265902e+00 9.199999999999999845e-02
1.008116870000000000e+08 1.000000000000000000e+00 6.600000000000000000e+01 3.202609999999999673e+03 2.945888232430709650e+03 1.181864064330907786e+04 0.000000000000000000e+00 7.193132772718549006e+00 9.199999999999999845e-02
1.008116870000000000e+08 1.000000000000000000e+00 6.600000000000000000e+01 3.202609999999999673e+03 2.945888232430709650e+03 1.181864064330907786e+04 0.000000000000000000e+00 7.193132772718549006e+00 7.314739999999999576e+00
1.008116910000000000e+08 1.000000000000000000e+00 6.500000000000000000e+01 3.195119999999999891e+03 2.936781232430709679e+03 1.182141564330907750e+04 0.000000000000000000e+00 9.918309958001948701e+00 4.901760000000000006e-01
1.008117410000000000e+08 1.000000000000000000e+00 6.500000000000000000e+01 3.270109999999999673e+03 2.942889232430709853e+03 1.189460364330907760e+04 0.000000000000000000e+00 6.287347010892266219e+00 6.178350000000000009e+00
1.008136570000000000e+08 1.000000000000000000e+00 6.500000000000000000e+01 3.285680000000000291e+03 2.945541232430709897e+03 1.190041164330907668e+04 0.000000000000000000e+00 8.172807174183711609e+00 5.743140000000000356e+00
1.008137440000000000e+08 1.000000000000000000e+00 6.500000000000000000e+01 3.292850000000000364e+03 2.954408232430710086e+03 1.190806064330907611e+04 0.000000000000000000e+00 8.290624094470976146e+00 2.400000000000000050e-02
1.008127430000000000e+08 1.000000000000000000e+00 6.500000000000000000e+01 3.330720000000000255e+03 2.949029232430710181e+03 1.192750964330907664e+04 0.000000000000000000e+00 9.707600395273550120e+00 4.169999999999999818e-01
1.008127420000000000e+08 1.000000000000000000e+00 6.600000000000000000e+01 3.338000000000000000e+03 2.945105232430710203e+03 1.192172164330907617e+04 0.000000000000000000e+00 7.896531588401384028e+00 1.078999999999999915e+01
1.008127420000000000e+08 1.000000000000000000e+00 6.600000000000000000e+01 3.338000000000000000e+03 2.945105232430710203e+03 1.192172164330907617e+04 0.000000000000000000e+00 7.896531588401384028e+00 3.660979999999999901e+00
1.008127420000000000e+08 1.000000000000000000e+00 6.600000000000000000e+01 3.338000000000000000e+03 2.945105232430710203e+03 1.192172164330907617e+04 0.000000000000000000e+00 7.896531588401384028e+00 2.642370000000000108e+00
1.008137400000000000e+08 1.000000000000000000e+00 6.600000000000000000e+01 3.303970000000000255e+03 2.927555232430710021e+03 1.193045964330907736e+04 0.000000000000000000e+00 9.988047176996838417e+00 1.339000000000000057e+01
1.008137390000000000e+08 1.000000000000000000e+00 6.600000000000000000e+01 3.301489999999999782e+03 2.923560232430710130e+03 1.192379864330907731e+04 0.000000000000000000e+00 8.470733377669420250e+00 2.400000000000000050e-02
1.008127250000000000e+08 0.000000000000000000e+00 6.500000000000000000e+01 3.303909999999999854e+03 2.905914632430710299e+03 1.189694764330907674e+04 0.000000000000000000e+00 5.244926137162579938e-01 6.099999999999999867e-02
1.008127260000000000e+08 0.000000000000000000e+00 6.600000000000000000e+01 3.298800000000000182e+03 2.907622032430709623e+03 1.190068464330907591e+04 0.000000000000000000e+00 3.982205175032794475e+00 9.199999999999999845e-02
1.008127260000000000e+08 0.000000000000000000e+00 6.600000000000000000e+01 3.295170000000000073e+03 2.912418532430710002e+03 1.190075464330907744e+04 0.000000000000000000e+00 3.277369679043086848e+00 9.199999999999999845e-02
1.008127260000000000e+08 0.000000000000000000e+00 6.600000000000000000e+01 3.295850000000000364e+03 2.914288332430710398e+03 1.190036564330907640e+04 0.000000000000000000e+00 2.076101114235452183e+00 1.078999999999999915e+01
1.008127260000000000e+08 0.000000000000000000e+00 6.600000000000000000e+01 3.295850000000000364e+03 2.914288332430710398e+03 1.190036564330907640e+04 0.000000000000000000e+00 2.076101114235452183e+00 6.679929999999999701e+00
1.008127260000000000e+08 0.000000000000000000e+00 6.600000000000000000e+01 3.295850000000000364e+03 2.914288332430710398e+03 1.190036564330907640e+04 0.000000000000000000e+00 2.076101114235452183e+00 1.834850000000000092e+00
1.008137400000000000e+08 1.000000000000000000e+00 6.600000000000000000e+01 3.303970000000000255e+03 2.927555232430710021e+03 1.193045964330907736e+04 0.000000000000000000e+00 9.988047176996838417e+00 4.504129999999999967e+00
1.064218850000000000e+08 0.000000000000000000e+00 6.600000000000000000e+01 1.504869999999999891e+03 2.823938482430709882e+03 1.236437564330907662e+04 0.000000000000000000e+00 4.147058691602936720e-01 7.195100000000000051e+00
1.064218880000000000e+08 0.000000000000000000e+00 6.600000000000000000e+01 1.497399999999999636e+03 2.823202632430709855e+03 1.236653464330907809e+04 0.000000000000000000e+00 9.027545361520260547e-01 3.018679999999999808e+00
1.074394230000000000e+08 1.000000000000000000e+00 6.600000000000000000e+01 1.421380000000000109e+03 2.720733232430709904e+03 1.241983964330907656e+04 0.000000000000000000e+00 1.811801113003315145e+00 1.339000000000000057e+01
1.074394240000000000e+08 1.000000000000000000e+00 6.600000000000000000e+01 1.423529999999999745e+03 2.715002532430709834e+03 1.241788764330907725e+04 0.000000000000000000e+00 2.616937585292114399e+00 9.199999999999999845e-02
1.074394240000000000e+08 1.000000000000000000e+00 6.600000000000000000e+01 1.425429999999999382e+03 2.713386232430710152e+03 1.241586964330907722e+04 0.000000000000000000e+00 1.604451320086220711e+00 1.078999999999999915e+01
1.074394240000000000e+08 1.000000000000000000e+00 6.600000000000000000e+01 1.424550000000000182e+03 2.713036232430709788e+03 1.241410964330907700e+04 0.000000000000000000e+00 2.832651691946490580e+00 1.078999999999999915e+01
1.074394240000000000e+08 1.000000000000000000e+00 6.600000000000000000e+01 1.423779999999999745e+03 2.713724232430709890e+03 1.241723264330907659e+04 0.000000000000000000e+00 2.029582553394467581e+00 9.199999999999999845e-02
1.074394240000000000e+08 1.000000000000000000e+00 6.600000000000000000e+01 1.427329999999999927e+03 2.719481932430710003e+03 1.241403564330907830e+04 0.000000000000000000e+00 4.159359398275769948e+00 8.349999999999999645e-01
1.074394280000000000e+08 1.000000000000000000e+00 6.500000000000000000e+01 1.430640000000000327e+03 2.722761432430709647e+03 1.240578464330907809e+04 0.000000000000000000e+00 1.740773174146420299e+00 2.400000000000000050e-02
1.074394280000000000e+08 1.000000000000000000e+00 6.500000000000000000e+01 1.426399999999999636e+03 2.726615032430710016e+03 1.240080364330907651e+04 0.000000000000000000e+00 8.946626445134361560e+00 9.199999999999999845e-02
1.074407130000000000e+08 0.000000000000000000e+00 6.500000000000000000e+01 1.430140000000000327e+03 2.744974832430710194e+03 1.238781164330907632e+04 0.000000000000000000e+00 3.138342813678364429e+00 2.400000000000000050e-02
1.074407100000000000e+08 0.000000000000000000e+00 6.500000000000000000e+01 1.440250000000000000e+03 2.744787832430710296e+03 1.239159864330907658e+04 0.000000000000000000e+00 7.002714424568071694e-01 1.078999999999999915e+01
1.074407100000000000e+08 0.000000000000000000e+00 6.500000000000000000e+01 1.440250000000000000e+03 2.744787832430710296e+03 1.239159864330907658e+04 0.000000000000000000e+00 7.002714424568071694e-01 3.556560000000000277e-01
1.074407100000000000e+08 0.000000000000000000e+00 6.500000000000000000e+01 1.440250000000000000e+03 2.744787832430710296e+03 1.239159864330907658e+04 0.000000000000000000e+00 7.002714424568071694e-01 3.696200000000000180e-03
1.074394200000000000e+08 1.000000000000000000e+00 6.500000000000000000e+01 1.424359999999999673e+03 2.707523232430709868e+03 1.242185364330907760e+04 0.000000000000000000e+00 2.767340033355336182e+00 9.199999999999999845e-02
1.074394210000000000e+08 0.000000000000000000e+00 6.500000000000000000e+01 1.427250000000000000e+03 2.709105232430710203e+03 1.242306564330907713e+04 0.000000000000000000e+00 3.098280574962080980e+00 4.169999999999999818e-01
1.074394000000000000e+08 1.000000000000000000e+00 6.500000000000000000e+01 1.396000000000000000e+03 2.660943232430709941e+03 1.240603464330907809e+04 0.000000000000000000e+00 4.037772105435624148e+00 9.199999999999999845e-02
1.074381820000000000e+08 1.000000000000000000e+00 6.500000000000000000e+01 1.406109999999999673e+03 2.661551232430710115e+03 1.242618264330907732e+04 0.000000000000000000e+00 2.929959022170756544e+00 8.349999999999999645e-01
1.074392130000000000e+08 1.000000000000000000e+00 6.500000000000000000e+01 1.411049999999999272e+03 2.624492232430709919e+03 1.242481664330907734e+04 0.000000000000000000e+00 8.452920342318066105e+00 9.199999999999999845e-02
1.074392920000000000e+08 1.000000000000000000e+00 6.500000000000000000e+01 1.416190000000000509e+03 2.627691232430710443e+03 1.242194264330907754e+04 0.000000000000000000e+00 6.536914037963429180e+00 2.400000000000000050e-02
1.074392920000000000e+08 1.000000000000000000e+00 6.500000000000000000e+01 1.416300000000000182e+03 2.628083232430710268e+03 1.242179764330907710e+04 0.000000000000000000e+00 6.467228433089800888e+00 9.199999999999999845e-02
1.074392930000000000e+08 1.000000000000000000e+00 6.500000000000000000e+01 1.417929999999999382e+03 2.631949232430710254e+03 1.241948464330907700e+04 0.000000000000000000e+00 5.225441865491931459e+00 9.199999999999999845e-02
1.074392960000000000e+08 1.000000000000000000e+00 6.600000000000000000e+01 1.417640000000000327e+03 2.633136232430710152e+03 1.242170864330907716e+04 0.000000000000000000e+00 5.115110918258815254e+00 9.199999999999999845e-02
1.074392140000000000e+08 1.000000000000000000e+00 6.500000000000000000e+01 1.406989999999999782e+03 2.635018232430709759e+03 1.243136964330907722e+04 0.000000000000000000e+00 7.516768543902216493e+00 9.199999999999999845e-02
1.074408140000000000e+08 1.000000000000000000e+00 6.500000000000000000e+01 1.403720000000000255e+03 2.640990232430710421e+03 1.242957064330907815e+04 0.000000000000000000e+00 5.521571309409398332e+00 9.199999999999999845e-02
1.074391450000000000e+08 1.000000000000000000e+00 6.500000000000000000e+01 1.404630000000000109e+03 2.645343232430709577e+03 1.243654364330907629e+04 0.000000000000000000e+00 2.079501034245094804e+00 6.099999999999999867e-02
1.074398590000000000e+08 1.000000000000000000e+00 6.500000000000000000e+01 1.394490000000000691e+03 2.616096232430710188e+03 1.244946564330907677e+04 0.000000000000000000e+00 1.216356074839159085e+00 5.000000000000000000e-01
1.074398590000000000e+08 1.000000000000000000e+00 6.500000000000000000e+01 1.394840000000000146e+03 2.611558232430709722e+03 1.244733764330907798e+04 0.000000000000000000e+00 2.184668715112942472e+00 2.400000000000000050e-02
1.074409170000000000e+08 1.000000000000000000e+00 6.500000000000000000e+01 1.396710000000000946e+03 2.612725232430710093e+03 1.244883664330907777e+04 0.000000000000000000e+00 8.580822002646241176e-01 6.099999999999999867e-02
1.074409170000000000e+08 1.000000000000000000e+00 6.500000000000000000e+01 1.392210000000000036e+03 2.616323232430710050e+03 1.244979764330907710e+04 0.000000000000000000e+00 1.632699446161696155e+00 9.199999999999999845e-02
1.074409190000000000e+08 1.000000000000000000e+00 6.500000000000000000e+01 1.390799999999999272e+03 2.607830232430709657e+03 1.245450364330907723e+04 0.000000000000000000e+00 8.683776940869091243e-01 2.400000000000000050e-02
1.074409200000000000e+08 1.000000000000000000e+00 6.500000000000000000e+01 1.396640000000000327e+03 2.602897232430709664e+03 1.245847464330907678e+04 0.000000000000000000e+00 3.824886808065339316e+00 6.099999999999999867e-02
1.074409210000000000e+08 1.000000000000000000e+00 6.500000000000000000e+01 1.398210000000000036e+03 2.600682232430710428e+03 1.246060864330907680e+04 0.000000000000000000e+00 5.248648100378230374e+00 6.099999999999999867e-02
1.074409230000000000e+08 0.000000000000000000e+00 6.600000000000000000e+01 1.399250000000000000e+03 2.599164232430710399e+03 1.246127664330907646e+04 0.000000000000000000e+00 5.851262902589302151e+00 8.349999999999999645e-01
1.074409230000000000e+08 0.000000000000000000e+00 6.600000000000000000e+01 1.399250000000000000e+03 2.599164232430710399e+03 1.246127664330907646e+04 0.000000000000000000e+00 5.851262902589302151e+00 7.142149999999999999e+00
1.074394240000000000e+08 1.000000000000000000e+00 6.600000000000000000e+01 1.425429999999999382e+03 2.713386232430710152e+03 1.241586964330907722e+04 0.000000000000000000e+00 1.604451320086220711e+00 2.253839999999999844e+00
1.074394230000000000e+08 1.000000000000000000e+00 6.600000000000000000e+01 1.421380000000000109e+03 2.720733232430709904e+03 1.241983964330907656e+04 0.000000000000000000e+00 1.811801113003315145e+00 4.198850000000000193e+00
1.028046740000000000e+08 0.000000000000000000e+00 6.500000000000000000e+01 2.685369999999999891e+03 4.067080232430709657e+03 1.217344164330907734e+04 1.000000000000000000e+00 1.325171682920749161e+00 1.440000000000000000e+02
1.028046740000000000e+08 1.000000000000000000e+00 6.500000000000000000e+01 2.689649999999999636e+03 4.065090232430709875e+03 1.217140064330907626e+04 1.000000000000000000e+00 8.064380423841430723e-01 1.440000000000000000e+02
1.028045240000000000e+08 0.000000000000000000e+00 6.600000000000000000e+01 2.689590000000000146e+03 4.059560232430711039e+03 1.220219964330907715e+04 1.000000000000000000e+00 2.007670171409814408e+00 1.440000000000000000e+02
1.028045220000000000e+08 0.000000000000000000e+00 6.500000000000000000e+01 2.691159999999999854e+03 4.060900232430709366e+03 1.219471764330907718e+04 1.000000000000000000e+00 2.474707772309317377e+00 1.440000000000000000e+02
1.006012380000000000e+08 1.000000000000000000e+00 6.500000000000000000e+01 3.356110000000000582e+03 5.662940232430710239e+03 1.175825264330907703e+04 1.000000000000000000e+00 5.102161599119866553e-01 1.440000000000000000e+02
1.008436560000000000e+08 1.000000000000000000e+00 6.600000000000000000e+01 3.335970000000000255e+03 5.502550232430710821e+03 1.175921964330907576e+04 1.000000000000000000e+00 7.621696205870340801e-01 1.440000000000000000e+02
9.742870600000000000e+07 0.000000000000000000e+00 6.500000000000000000e+01 3.676250000000000000e+03 6.400500232430709730e+03 1.157858364330907716e+04 1.000000000000000000e+00 1.539446348811400078e+00 1.440000000000000000e+02
1.028046760000000000e+08 0.000000000000000000e+00 6.500000000000000000e+01 2.688149999999999636e+03 4.074550232430709002e+03 1.216716064330907830e+04 1.000000000000000000e+00 1.574217667442557644e+00 1.440000000000000000e+02
1.028044840000000000e+08 1.000000000000000000e+00 6.500000000000000000e+01 2.712039999999999964e+03 4.064150232430709366e+03 1.219129064330907568e+04 1.000000000000000000e+00 6.498651788218895442e-01 1.440000000000000000e+02
1.028044310000000000e+08 0.000000000000000000e+00 6.600000000000000000e+01 2.692899999999999636e+03 4.003160232430709584e+03 1.220182864330907614e+04 1.000000000000000000e+00 9.541350664604711929e-01 1.440000000000000000e+02
1.028039770000000000e+08 0.000000000000000000e+00 6.600000000000000000e+01 2.661000000000000000e+03 3.915710232430710676e+03 1.207263964330907766e+04 1.000000000000000000e+00 1.913691677808669001e+00 1.440000000000000000e+02
9.742870600000000000e+07 1.000000000000000000e+00 6.600000000000000000e+01 3.675100000000000364e+03 6.403910232430709584e+03 1.156813164330907603e+04 1.000000000000000000e+00 2.896431624079905398e-01 1.440000000000000000e+02
1.028047660000000000e+08 0.000000000000000000e+00 6.500000000000000000e+01 2.689869999999999891e+03 4.125270232430710166e+03 1.210175664330907603e+04 1.000000000000000000e+00 2.785150925047175097e+00 1.440000000000000000e+02
1.028045940000000000e+08 0.000000000000000000e+00 6.500000000000000000e+01 2.686270000000000437e+03 4.086810232430711039e+03 1.216140164330907646e+04 1.000000000000000000e+00 5.270084962856602662e-01 1.440000000000000000e+02
1.028045010000000000e+08 1.000000000000000000e+00 6.600000000000000000e+01 2.708619999999999891e+03 4.059490232430709511e+03 1.215653664330907668e+04 1.000000000000000000e+00 7.420788769646440297e-01 1.440000000000000000e+02
1.028045210000000000e+08 1.000000000000000000e+00 6.500000000000000000e+01 2.697929999999999382e+03 4.055080232430709657e+03 1.219091064330907830e+04 1.000000000000000000e+00 5.664650394860432092e-01 1.440000000000000000e+02
1.028044830000000000e+08 1.000000000000000000e+00 6.600000000000000000e+01 2.728100000000000364e+03 4.061230232430709293e+03 1.217902164330907726e+04 1.000000000000000000e+00 7.757285251391875525e-01 1.440000000000000000e+02
1.028043320000000000e+08 1.000000000000000000e+00 6.600000000000000000e+01 2.716800000000000182e+03 4.064370232430710530e+03 1.215287564330907662e+04 1.000000000000000000e+00 7.553380544728367507e-01 1.440000000000000000e+02
1.028045770000000000e+08 0.000000000000000000e+00 6.600000000000000000e+01 2.719270000000000437e+03 4.128600232430710093e+03 1.216678464330907809e+04 1.000000000000000000e+00 1.892123828596140811e+00 1.440000000000000000e+02
