6.077732000000000000e+07 1.000000000000000000e+00 6.600000000000000000e+01 6.526338999999999942e+03 5.970809608904521156e+03 7.047313227381487195e+03 0.000000000000000000e+00 2.936054738701016742e+00 1.078999999999999915e+01
5.587305200000000000e+07 1.000000000000000000e+00 6.500000000000000000e+01 9.962420000000000073e+03 5.385641608904520581e+03 6.379381227381487406e+03 0.000000000000000000e+00 2.295377754442095242e+00 1.078999999999999915e+01
5.587305300000000000e+07 1.000000000000000000e+00 6.500000000000000000e+01 9.961770000000000437e+03 5.396439608904520355e+03 6.379231227381487770e+03 0.000000000000000000e+00 1.539512974909441834e+00 2.400000000000000050e-02
5.587305300000000000e+07 1.000000000000000000e+00 6.500000000000000000e+01 9.961459999999999127e+03 5.396406608904520908e+03 6.379061227381487697e+03 0.000000000000000000e+00 1.721089045492351310e+00 9.199999999999999845e-02
5.587305200000000000e+07 1.000000000000000000e+00 6.500000000000000000e+01 9.958840000000000146e+03 5.388853608904521025e+03 6.375751227381487297e+03 0.000000000000000000e+00 3.857798995786034801e+00 6.099999999999999867e-02
5.587183900000000000e+07 0.000000000000000000e+00 6.600000000000000000e+01 9.949159999999999854e+03 5.391674608904520937e+03 6.371201227381488025e+03 0.000000000000000000e+00 1.852528879878785339e+00 9.199999999999999845e-02
5.587183700000000000e+07 0.000000000000000000e+00 6.600000000000000000e+01 9.944219999999999345e+03 5.395024608904521301e+03 6.377131227381488316e+03 0.000000000000000000e+00 1.606502890318814325e+00 6.099999999999999867e-02
5.587183800000000000e+07 1.000000000000000000e+00 6.600000000000000000e+01 9.942159999999999854e+03 5.395412608904521221e+03 6.373131227381487406e+03 0.000000000000000000e+00 1.009354511437132951e+00 2.400000000000000050e-02
5.587192600000000000e+07 1.000000000000000000e+00 6.500000000000000000e+01 9.936489999999999782e+03 5.386947608904521076e+03 6.352061227381487697e+03 0.000000000000000000e+00 4.607207484820062149e+00 2.400000000000000050e-02
5.587184200000000000e+07 1.000000000000000000e+00 6.500000000000000000e+01 9.936940000000000509e+03 5.389431608904520544e+03 6.362691227381487806e+03 0.000000000000000000e+00 3.934830271696458048e+00 8.349999999999999645e-01
5.587184100000000000e+07 1.000000000000000000e+00 6.500000000000000000e+01 9.934209999999999127e+03 5.391095608904521214e+03 6.361691227381487806e+03 0.000000000000000000e+00 5.424643189482051042e+00 5.000000000000000000e-01
5.587184100000000000e+07 1.000000000000000000e+00 6.500000000000000000e+01 9.934209999999999127e+03 5.391095608904521214e+03 6.361691227381487806e+03 0.000000000000000000e+00 5.424643189482051042e+00 7.075289999999999857e+00
6.661281800000000000e+07 1.000000000000000000e+00 6.500000000000000000e+01 2.022140000000000327e+03 6.313427308904520942e+03 7.760907327381487448e+03 0.000000000000000000e+00 6.784747903406789682e+00 9.199999999999999845e-02
6.661281800000000000e+07 1.000000000000000000e+00 6.500000000000000000e+01 2.022179999999999382e+03 6.313043108904520523e+03 7.760173527381487474e+03 0.000000000000000000e+00 6.409917191780688306e+00 1.078999999999999915e+01
6.661281800000000000e+07 1.000000000000000000e+00 6.500000000000000000e+01 2.022179999999999382e+03 6.313043108904520523e+03 7.760173527381487474e+03 0.000000000000000000e+00 6.409917191780688306e+00 3.682679999999999954e+00
6.661281800000000000e+07 1.000000000000000000e+00 6.500000000000000000e+01 2.022179999999999382e+03 6.313043108904520523e+03 7.760173527381487474e+03 0.000000000000000000e+00 6.409917191780688306e+00 1.660919999999999952e+00
8.065772800000000000e+07 1.000000000000000000e+00 6.500000000000000000e+01 8.530329999999999927e+03 6.299716008904521004e+03 9.489671227381488279e+03 1.000000000000000000e+00 5.627906748751395627e-01 6.300000000000000000e+01
