3.958937600000000000e+07 1.000000000000000000e+00 6.600000000000000000e+01 1.199165979792913276e+03 2.416799999999993815e+02 4.388834953837203102e+03 0.000000000000000000e+00 6.618495852280878111e+00 1.078999999999999915e+01
3.958239900000000000e+07 1.000000000000000000e+00 6.600000000000000000e+01 1.123093579792913260e+03 8.846000000000003638e+02 4.403907953837203422e+03 0.000000000000000000e+00 4.785605013689618659e+00 1.078999999999999915e+01
3.850301700000000000e+07 1.000000000000000000e+00 6.500000000000000000e+01 6.760179797929131382e+02 2.917890000000000327e+03 4.499063953837203371e+03 0.000000000000000000e+00 6.757551631530123615e+00 1.078999999999999915e+01
3.847653800000000000e+07 1.000000000000000000e+00 6.500000000000000000e+01 6.956359797929135311e+02 4.933829999999999927e+03 4.377144653837202895e+03 0.000000000000000000e+00 9.387998049915626808e+00 1.078999999999999915e+01
3.843211900000000000e+07 1.000000000000000000e+00 6.500000000000000000e+01 1.563561979792913007e+03 8.154375000000000000e+03 4.511272953837203204e+03 0.000000000000000000e+00 5.306600562967269674e+00 5.390000000000000000e+02
3.843120400000000000e+07 1.000000000000000000e+00 6.500000000000000000e+01 1.566328979792913742e+03 8.171905999999999949e+03 4.509857953837203240e+03 0.000000000000000000e+00 2.705544623675971039e+00 1.339000000000000057e+01
3.843120400000000000e+07 1.000000000000000000e+00 6.500000000000000000e+01 1.567237979792913393e+03 8.177752999999999702e+03 4.509194953837202775e+03 0.000000000000000000e+00 1.603137854807884954e+00 1.078999999999999915e+01
3.738198200000000000e+07 1.000000000000000000e+00 6.600000000000000000e+01 1.693602979792913175e+03 8.653700000000000728e+03 4.470283553837202817e+03 0.000000000000000000e+00 2.315642711749701821e+00 3.229999999999999716e+01
3.738306600000000000e+07 1.000000000000000000e+00 6.600000000000000000e+01 1.721212979792913757e+03 8.744479999999999563e+03 4.464759153837203485e+03 0.000000000000000000e+00 7.717840471155961168e+00 1.339000000000000057e+01
3.177390300000000000e+07 0.000000000000000000e+00 6.600000000000000000e+01 2.658435979792913713e+03 1.004670999999999913e+04 3.769846953837202818e+03 0.000000000000000000e+00 3.038971506272721612e+00 1.339000000000000057e+01
1.902636200000000000e+07 1.000000000000000000e+00 6.600000000000000000e+01 4.410905979792913058e+03 1.105011999999999898e+04 2.169114953837203757e+03 0.000000000000000000e+00 3.766391783623751710e+00 1.339000000000000057e+01
3.435755000000000000e+06 1.000000000000000000e+00 6.600000000000000000e+01 1.063474979792913473e+03 1.101629000000000087e+04 5.127749538372031566e+02 0.000000000000000000e+00 2.061990755716494927e+00 1.078999999999999915e+01
3.435755000000000000e+06 1.000000000000000000e+00 6.600000000000000000e+01 1.063277979792913357e+03 1.101931999999999971e+04 5.154049538372028110e+02 0.000000000000000000e+00 3.711497380223845344e+00 1.078999999999999915e+01
7.959110000000000000e+06 1.000000000000000000e+00 6.600000000000000000e+01 8.975039797929130145e+02 1.128875000000000000e+04 7.493549538372030838e+02 0.000000000000000000e+00 2.178720222276585350e+00 3.229999999999999716e+01
7.959110000000000000e+06 1.000000000000000000e+00 6.600000000000000000e+01 8.975039797929130145e+02 1.128875000000000000e+04 7.493549538372030838e+02 0.000000000000000000e+00 2.178720222276585350e+00 2.562040000000000095e+00
7.961694000000000000e+06 0.000000000000000000e+00 6.500000000000000000e+01 1.009302979792912993e+03 1.118343000000000029e+04 6.979249538372032475e+02 0.000000000000000000e+00 2.697258168834845815e+00 2.400000000000000050e-02
7.961694000000000000e+06 1.000000000000000000e+00 6.500000000000000000e+01 9.955979797929130655e+02 1.116959000000000015e+04 6.983949538372030474e+02 0.000000000000000000e+00 9.558083755517047919e+00 4.169999999999999818e-01
3.435759000000000000e+06 1.000000000000000000e+00 6.500000000000000000e+01 1.067436979792913007e+03 1.102254999999999927e+04 5.117549538372031748e+02 0.000000000000000000e+00 7.479933787685317803e+00 1.078999999999999915e+01
3.435759000000000000e+06 1.000000000000000000e+00 6.500000000000000000e+01 1.067436979792913007e+03 1.102254999999999927e+04 5.117549538372031748e+02 0.000000000000000000e+00 7.479933787685317803e+00 5.692940000000000111e+00
3.435759000000000000e+06 1.000000000000000000e+00 6.500000000000000000e+01 1.067436979792913007e+03 1.102254999999999927e+04 5.117549538372031748e+02 0.000000000000000000e+00 7.479933787685317803e+00 3.088540000000000063e+00
3.435757000000000000e+06 1.000000000000000000e+00 6.500000000000000000e+01 1.067681979792912898e+03 1.101021999999999935e+04 5.059749538372029747e+02 0.000000000000000000e+00 5.189613396553924396e+00 9.199999999999999845e-02
1.902781700000000000e+07 1.000000000000000000e+00 6.600000000000000000e+01 4.489695979792912112e+03 1.109936000000000058e+04 2.069514953837203393e+03 0.000000000000000000e+00 6.944432600626083918e+00 1.078999999999999915e+01
1.902914700000000000e+07 1.000000000000000000e+00 6.500000000000000000e+01 4.505125979792912403e+03 1.108770999999999913e+04 2.055794953837203138e+03 0.000000000000000000e+00 5.049137372015475300e+00 2.400000000000000050e-02
1.902914700000000000e+07 1.000000000000000000e+00 6.500000000000000000e+01 4.504405979792913058e+03 1.109209000000000015e+04 2.056464953837203211e+03 0.000000000000000000e+00 7.343673360149407081e+00 2.400000000000000050e-02
1.902914200000000000e+07 1.000000000000000000e+00 6.600000000000000000e+01 4.495395979792912840e+03 1.108320000000000073e+04 2.042134953837203284e+03 0.000000000000000000e+00 1.242810339737091763e+00 2.400000000000000050e-02
1.902914100000000000e+07 0.000000000000000000e+00 6.600000000000000000e+01 4.493505979792913422e+03 1.108088000000000102e+04 2.042814953837202665e+03 0.000000000000000000e+00 2.081309953046647898e+00 1.075789999999999935e+01
1.902781700000000000e+07 1.000000000000000000e+00 6.600000000000000000e+01 4.489695979792912112e+03 1.109936000000000058e+04 2.069514953837203393e+03 0.000000000000000000e+00 6.944432600626083918e+00 9.208699999999999664e-01
1.902635900000000000e+07 0.000000000000000000e+00 6.500000000000000000e+01 4.405975979792912767e+03 1.104010000000000036e+04 2.157344953837203320e+03 0.000000000000000000e+00 2.991885463649133214e+00 9.199999999999999845e-02
1.902635500000000000e+07 1.000000000000000000e+00 6.500000000000000000e+01 4.417275979792913859e+03 1.103390999999999985e+04 2.152704953837202993e+03 0.000000000000000000e+00 6.186531186876742971e+00 2.039999999999999869e-01
1.902636200000000000e+07 1.000000000000000000e+00 6.600000000000000000e+01 4.409775979792913859e+03 1.104769000000000051e+04 2.166854953837203539e+03 0.000000000000000000e+00 1.639769509876731979e+00 2.400000000000000050e-02
1.902636400000000000e+07 0.000000000000000000e+00 6.500000000000000000e+01 4.404065979792912913e+03 1.105695999999999913e+04 2.173934953837203466e+03 0.000000000000000000e+00 3.303874604675166360e+00 9.199999999999999845e-02
1.902636500000000000e+07 0.000000000000000000e+00 6.500000000000000000e+01 4.399875979792912403e+03 1.105827999999999884e+04 2.175894953837202593e+03 0.000000000000000000e+00 1.166247370824254004e+00 9.199999999999999845e-02
1.902720200000000000e+07 1.000000000000000000e+00 6.600000000000000000e+01 4.396915979792913276e+03 1.104056999999999971e+04 2.167414953837203029e+03 0.000000000000000000e+00 3.380038429645435549e-01 9.199999999999999845e-02
1.902635900000000000e+07 1.000000000000000000e+00 6.500000000000000000e+01 4.396885979792914441e+03 1.103423999999999978e+04 2.158584953837203102e+03 0.000000000000000000e+00 8.353390490876130281e-01 2.400000000000000050e-02
1.902636000000000000e+07 1.000000000000000000e+00 6.500000000000000000e+01 4.396285979792912258e+03 1.103654999999999927e+04 2.158104953837203539e+03 0.000000000000000000e+00 1.091475483640924393e+00 6.099999999999999867e-02
1.902720400000000000e+07 0.000000000000000000e+00 6.600000000000000000e+01 4.382325979792913131e+03 1.103960000000000036e+04 2.164874953837203066e+03 0.000000000000000000e+00 4.982476593190760639e+00 2.400000000000000050e-02
1.902720400000000000e+07 0.000000000000000000e+00 6.600000000000000000e+01 4.384685979792913713e+03 1.104075000000000000e+04 2.166284953837202920e+03 0.000000000000000000e+00 4.254542655295750819e+00 4.169999999999999818e-01
1.902720100000000000e+07 1.000000000000000000e+00 6.600000000000000000e+01 4.407925979792913495e+03 1.104319000000000051e+04 2.164224953837202520e+03 0.000000000000000000e+00 4.289430091420144642e+00 2.039999999999999869e-01
1.902636300000000000e+07 1.000000000000000000e+00 6.600000000000000000e+01 4.405945979792913931e+03 1.103729000000000087e+04 2.176204953837202993e+03 0.000000000000000000e+00 8.371488572433722908e+00 4.169999999999999818e-01
1.902720100000000000e+07 1.000000000000000000e+00 6.600000000000000000e+01 4.402265979792913640e+03 1.104161000000000058e+04 2.164904953837202811e+03 0.000000000000000000e+00 4.975941148281815551e-01 5.000000000000000000e-01
1.902635800000000000e+07 1.000000000000000000e+00 6.500000000000000000e+01 4.405295979792912476e+03 1.103827999999999884e+04 2.162474953837203429e+03 0.000000000000000000e+00 2.932422784761671952e+00 6.099999999999999867e-02
1.902635800000000000e+07 0.000000000000000000e+00 6.500000000000000000e+01 4.401145979792912840e+03 1.103570999999999913e+04 2.155684953837203466e+03 0.000000000000000000e+00 1.006248322531146711e+00 9.199999999999999845e-02
1.902643800000000000e+07 1.000000000000000000e+00 6.600000000000000000e+01 4.387735979792912985e+03 1.104018000000000029e+04 2.147724953837202520e+03 0.000000000000000000e+00 3.583753800930742806e+00 9.199999999999999845e-02
1.902643800000000000e+07 1.000000000000000000e+00 6.600000000000000000e+01 4.386525979792913859e+03 1.103927999999999884e+04 2.148314953837202665e+03 0.000000000000000000e+00 3.757521754391199842e+00 9.199999999999999845e-02
1.902643300000000000e+07 1.000000000000000000e+00 6.600000000000000000e+01 4.391245979792913204e+03 1.101621999999999935e+04 2.148084953837203102e+03 0.000000000000000000e+00 4.036582125125606879e+00 9.199999999999999845e-02
1.902643100000000000e+07 1.000000000000000000e+00 6.600000000000000000e+01 4.384885979792912622e+03 1.101404000000000087e+04 2.153844953837203320e+03 0.000000000000000000e+00 2.665008940492195055e+00 9.199999999999999845e-02
1.902643100000000000e+07 1.000000000000000000e+00 6.600000000000000000e+01 4.384985979792912985e+03 1.101422999999999956e+04 2.151944953837203684e+03 0.000000000000000000e+00 4.051489112674056869e+00 9.199999999999999845e-02
1.902643200000000000e+07 1.000000000000000000e+00 6.600000000000000000e+01 4.388335979792913349e+03 1.101538999999999942e+04 2.149474953837202520e+03 0.000000000000000000e+00 4.697570849088338107e+00 9.199999999999999845e-02
1.902643200000000000e+07 1.000000000000000000e+00 6.600000000000000000e+01 4.385345979792913568e+03 1.101743000000000029e+04 2.148214953837203211e+03 0.000000000000000000e+00 4.673865668707775534e+00 5.000000000000000000e-01
1.902719500000000000e+07 1.000000000000000000e+00 6.600000000000000000e+01 4.393905979792913058e+03 1.102329000000000087e+04 2.130734953837202738e+03 0.000000000000000000e+00 3.198157932972400364e+00 2.400000000000000050e-02
1.902626600000000000e+07 1.000000000000000000e+00 6.600000000000000000e+01 4.392205979792914150e+03 1.102320000000000073e+04 2.124364953837202847e+03 0.000000000000000000e+00 6.362589592385127446e+00 9.199999999999999845e-02
1.902715500000000000e+07 1.000000000000000000e+00 6.500000000000000000e+01 4.397505979792913422e+03 1.101086000000000058e+04 2.115334953837203102e+03 0.000000000000000000e+00 6.250156920809282646e+00 9.199999999999999845e-02
1.902719100000000000e+07 1.000000000000000000e+00 6.500000000000000000e+01 4.400845979792913568e+03 1.101548999999999978e+04 2.113884953837203284e+03 0.000000000000000000e+00 9.038050014948336042e+00 6.099999999999999867e-02
1.902719100000000000e+07 1.000000000000000000e+00 6.500000000000000000e+01 4.402495979792913204e+03 1.101644000000000051e+04 2.113704953837202993e+03 0.000000000000000000e+00 8.439600820413973636e+00 2.400000000000000050e-02
1.902719100000000000e+07 1.000000000000000000e+00 6.500000000000000000e+01 4.403365979792914004e+03 1.101975000000000000e+04 2.120354953837203539e+03 0.000000000000000000e+00 1.812223234873510336e+00 8.349999999999999645e-01
1.902719100000000000e+07 1.000000000000000000e+00 6.500000000000000000e+01 4.403365979792914004e+03 1.101975000000000000e+04 2.120354953837203539e+03 0.000000000000000000e+00 1.812223234873510336e+00 6.714310000000000223e+00
2.055844500000000000e+07 0.000000000000000000e+00 6.500000000000000000e+01 4.145975979792912767e+03 1.093001000000000022e+04 2.523464953837203211e+03 0.000000000000000000e+00 3.201105462508092803e+00 9.199999999999999845e-02
2.055844100000000000e+07 1.000000000000000000e+00 6.500000000000000000e+01 4.151815979792912913e+03 1.093822999999999956e+04 2.512804953837203357e+03 0.000000000000000000e+00 2.238612515393038294e+00 9.199999999999999845e-02
2.055935500000000000e+07 1.000000000000000000e+00 6.600000000000000000e+01 4.161935979792913713e+03 1.095086000000000058e+04 2.504854953837203539e+03 0.000000000000000000e+00 5.828347558035576803e+00 1.078999999999999915e+01
2.055935500000000000e+07 1.000000000000000000e+00 6.600000000000000000e+01 4.164495979792913204e+03 1.095438999999999942e+04 2.503694953837202775e+03 0.000000000000000000e+00 6.697591126268275907e+00 1.339000000000000057e+01
2.055935700000000000e+07 1.000000000000000000e+00 6.500000000000000000e+01 4.161765979792913640e+03 1.094529000000000087e+04 2.510824953837202884e+03 0.000000000000000000e+00 2.696695910739690838e+00 1.376999999999999957e+01
2.055935700000000000e+07 0.000000000000000000e+00 6.600000000000000000e+01 4.164355979792913786e+03 1.094631999999999971e+04 2.515364953837202847e+03 0.000000000000000000e+00 1.658067036264246452e+00 9.199999999999999845e-02
2.055935700000000000e+07 1.000000000000000000e+00 6.600000000000000000e+01 4.170235979792912985e+03 1.094651000000000022e+04 2.518204953837202993e+03 0.000000000000000000e+00 1.452962729709687428e+00 2.400000000000000050e-02
2.055935700000000000e+07 1.000000000000000000e+00 6.600000000000000000e+01 4.174285979792912258e+03 1.094668999999999869e+04 2.521284953837202920e+03 0.000000000000000000e+00 4.414694012039288573e+00 9.199999999999999845e-02
2.055935700000000000e+07 1.000000000000000000e+00 6.600000000000000000e+01 4.176125979792912403e+03 1.094785000000000036e+04 2.520104953837203539e+03 0.000000000000000000e+00 4.775685270415006123e+00 2.400000000000000050e-02
2.055935700000000000e+07 1.000000000000000000e+00 6.600000000000000000e+01 4.176735979792912985e+03 1.094817000000000007e+04 2.519244953837202956e+03 0.000000000000000000e+00 4.940971822366988953e+00 6.099999999999999867e-02
2.055935200000000000e+07 1.000000000000000000e+00 6.500000000000000000e+01 4.183995979792913204e+03 1.094584000000000015e+04 2.509524953837203611e+03 0.000000000000000000e+00 5.296424497919703711e+00 2.039999999999999869e-01
2.055935100000000000e+07 1.000000000000000000e+00 6.500000000000000000e+01 4.178695979792913931e+03 1.094396999999999935e+04 2.502844953837203320e+03 0.000000000000000000e+00 2.401599869264426701e+00 4.169999999999999818e-01
2.055935500000000000e+07 1.000000000000000000e+00 6.600000000000000000e+01 4.164495979792913204e+03 1.095438999999999942e+04 2.503694953837202775e+03 0.000000000000000000e+00 6.697591126268275907e+00 7.301619999999999777e+00
2.055935700000000000e+07 1.000000000000000000e+00 6.500000000000000000e+01 4.157625979792912403e+03 1.094992000000000007e+04 2.502964953837203211e+03 0.000000000000000000e+00 9.942229419443526339e+00 1.124000000000000021e+01
2.055935700000000000e+07 1.000000000000000000e+00 6.500000000000000000e+01 4.157625979792912403e+03 1.094992000000000007e+04 2.502964953837203211e+03 0.000000000000000000e+00 9.942229419443526339e+00 5.065590000000000259e+00
3.177390300000000000e+07 0.000000000000000000e+00 6.600000000000000000e+01 2.659035979792914077e+03 1.004900000000000000e+04 3.769217953837202913e+03 0.000000000000000000e+00 6.432911006903516693e-01 2.400000000000000050e-02
3.177390300000000000e+07 0.000000000000000000e+00 6.600000000000000000e+01 2.657985979792912985e+03 1.005227000000000044e+04 3.769487953837203349e+03 0.000000000000000000e+00 1.197666081488287348e+00 4.169999999999999818e-01
3.177390300000000000e+07 1.000000000000000000e+00 6.500000000000000000e+01 2.667695979792913931e+03 1.004836000000000058e+04 3.769986953837203146e+03 0.000000000000000000e+00 1.691259681289265515e+00 9.199999999999999845e-02
3.177390200000000000e+07 1.000000000000000000e+00 6.500000000000000000e+01 2.665515979792913640e+03 1.003925000000000000e+04 3.774586953837203509e+03 0.000000000000000000e+00 4.234681108644307024e+00 9.199999999999999845e-02
3.177390200000000000e+07 1.000000000000000000e+00 6.500000000000000000e+01 2.665905979792913058e+03 1.003954000000000087e+04 3.771540953837203233e+03 0.000000000000000000e+00 3.338364023609881492e+00 2.400000000000000050e-02
3.177372900000000000e+07 1.000000000000000000e+00 6.500000000000000000e+01 2.681085979792913349e+03 1.004077999999999884e+04 3.771614953837202847e+03 0.000000000000000000e+00 8.976857749259224306e+00 6.099999999999999867e-02
3.177372900000000000e+07 1.000000000000000000e+00 6.500000000000000000e+01 2.680595979792913568e+03 1.004054000000000087e+04 3.770541953837203437e+03 0.000000000000000000e+00 7.840888069521396275e+00 9.199999999999999845e-02
3.177372900000000000e+07 1.000000000000000000e+00 6.500000000000000000e+01 2.684855979792913786e+03 1.003553000000000065e+04 3.763343953837203117e+03 0.000000000000000000e+00 5.421981216453746200e+00 6.099999999999999867e-02
3.177372900000000000e+07 1.000000000000000000e+00 6.500000000000000000e+01 2.687125979792912403e+03 1.003694000000000051e+04 3.764566953837203073e+03 0.000000000000000000e+00 7.328402449347930059e+00 9.199999999999999845e-02
3.738306600000000000e+07 1.000000000000000000e+00 6.600000000000000000e+01 1.722019979792913546e+03 8.740750000000000000e+03 4.464704853837202791e+03 0.000000000000000000e+00 4.831029733634793821e+00 1.339000000000000057e+01
3.738306500000000000e+07 1.000000000000000000e+00 6.600000000000000000e+01 1.722410979792913167e+03 8.735329999999999927e+03 4.465045153837203543e+03 0.000000000000000000e+00 3.881969561337033081e+00 1.078999999999999915e+01
3.738191300000000000e+07 1.000000000000000000e+00 6.500000000000000000e+01 1.712575979792913131e+03 8.709670000000000073e+03 4.483677353837202645e+03 0.000000000000000000e+00 5.884922638437142695e+00 2.400000000000000050e-02
3.738191200000000000e+07 1.000000000000000000e+00 6.500000000000000000e+01 1.708762979792913029e+03 8.702119999999998981e+03 4.490378953837202971e+03 0.000000000000000000e+00 7.344472811526090439e+00 6.099999999999999867e-02
3.738190800000000000e+07 1.000000000000000000e+00 6.600000000000000000e+01 1.703637979792913029e+03 8.691559999999999491e+03 4.498780953837203015e+03 0.000000000000000000e+00 7.574848212686227988e+00 6.099999999999999867e-02
3.738190800000000000e+07 1.000000000000000000e+00 6.600000000000000000e+01 1.702479979792913582e+03 8.694270000000000437e+03 4.498700953837203087e+03 0.000000000000000000e+00 7.457929989866517673e+00 9.199999999999999845e-02
3.738191100000000000e+07 1.000000000000000000e+00 6.500000000000000000e+01 1.701754979792913218e+03 8.700110000000000582e+03 4.495267953837203095e+03 0.000000000000000000e+00 7.174730250565942491e+00 1.339000000000000057e+01
3.738191200000000000e+07 1.000000000000000000e+00 6.500000000000000000e+01 1.700454979792913036e+03 8.704619999999998981e+03 4.487743353837203358e+03 0.000000000000000000e+00 1.891173315487684636e+00 9.199999999999999845e-02
3.738191200000000000e+07 1.000000000000000000e+00 6.500000000000000000e+01 1.700170979792913386e+03 8.705600000000000364e+03 4.486104053837203537e+03 0.000000000000000000e+00 1.402729356000013805e+00 1.078999999999999915e+01
3.738191300000000000e+07 0.000000000000000000e+00 6.600000000000000000e+01 1.692442979792913320e+03 8.707780000000000655e+03 4.478689353837203271e+03 0.000000000000000000e+00 1.081566373640963308e+00 2.400000000000000050e-02
3.738191300000000000e+07 0.000000000000000000e+00 6.600000000000000000e+01 1.692190979792912913e+03 8.707659999999999854e+03 4.478562953837203167e+03 0.000000000000000000e+00 1.024314635420561004e+00 4.169999999999999818e-01
3.738191300000000000e+07 1.000000000000000000e+00 6.600000000000000000e+01 1.685394979792913546e+03 8.705620000000000800e+03 4.475229753837203134e+03 0.000000000000000000e+00 1.556250602440546915e+00 1.339000000000000057e+01
3.738191300000000000e+07 1.000000000000000000e+00 6.600000000000000000e+01 1.685394979792913546e+03 8.705620000000000800e+03 4.475229753837203134e+03 0.000000000000000000e+00 1.556250602440546915e+00 4.010130000000000194e+00
3.738191300000000000e+07 1.000000000000000000e+00 6.600000000000000000e+01 1.685394979792913546e+03 8.705620000000000800e+03 4.475229753837203134e+03 0.000000000000000000e+00 1.556250602440546915e+00 3.093100000000000183e+00
3.738191100000000000e+07 1.000000000000000000e+00 6.500000000000000000e+01 1.699683979792913306e+03 8.704799999999999272e+03 4.490067953837203277e+03 0.000000000000000000e+00 1.833312128152490006e+00 9.199999999999999845e-02
3.738288900000000000e+07 1.000000000000000000e+00 6.600000000000000000e+01 1.711230979792912876e+03 8.696299999999999272e+03 4.521645953837202796e+03 0.000000000000000000e+00 5.294629067960058499e+00 1.339000000000000057e+01
3.738288900000000000e+07 1.000000000000000000e+00 6.600000000000000000e+01 1.711230979792912876e+03 8.696299999999999272e+03 4.521645953837202796e+03 0.000000000000000000e+00 5.294629067960058499e+00 2.147879999999999789e+00
3.738288900000000000e+07 1.000000000000000000e+00 6.600000000000000000e+01 1.711230979792912876e+03 8.696299999999999272e+03 4.521645953837202796e+03 0.000000000000000000e+00 5.294629067960058499e+00 1.747880000000000100e+00
3.738288400000000000e+07 1.000000000000000000e+00 6.500000000000000000e+01 1.702651979792913153e+03 8.706729999999999563e+03 4.501498953837202862e+03 0.000000000000000000e+00 8.588897379862917347e+00 1.078999999999999915e+01
3.738288400000000000e+07 1.000000000000000000e+00 6.500000000000000000e+01 1.702651979792913153e+03 8.706729999999999563e+03 4.501498953837202862e+03 0.000000000000000000e+00 8.588897379862917347e+00 4.356589999999999741e+00
3.738288400000000000e+07 1.000000000000000000e+00 6.500000000000000000e+01 1.702651979792913153e+03 8.706729999999999563e+03 4.501498953837202862e+03 0.000000000000000000e+00 8.588897379862917347e+00 3.249750000000000139e+00
3.738460400000000000e+07 1.000000000000000000e+00 6.600000000000000000e+01 1.733152979792913357e+03 8.732909999999999854e+03 4.453549753837202843e+03 0.000000000000000000e+00 7.114350523260539738e+00 2.400000000000000050e-02
3.738460500000000000e+07 1.000000000000000000e+00 6.600000000000000000e+01 1.736867979792913502e+03 8.729530000000000655e+03 4.455349753837203025e+03 0.000000000000000000e+00 3.643002735172400364e+00 1.339000000000000057e+01
3.738461000000000000e+07 1.000000000000000000e+00 6.500000000000000000e+01 1.736597979792913065e+03 8.719270000000000437e+03 4.468465153837202706e+03 0.000000000000000000e+00 1.836297089478932776e+00 9.199999999999999845e-02
3.738306600000000000e+07 0.000000000000000000e+00 6.500000000000000000e+01 1.723472979792913065e+03 8.722899999999999636e+03 4.471655753837203520e+03 0.000000000000000000e+00 3.735262326727849747e+00 2.039999999999999869e-01
3.738306600000000000e+07 0.000000000000000000e+00 6.500000000000000000e+01 1.721718979792913160e+03 8.725899999999999636e+03 4.467910053837203122e+03 0.000000000000000000e+00 1.377609699445390357e+00 9.199999999999999845e-02
3.738306500000000000e+07 0.000000000000000000e+00 6.500000000000000000e+01 1.719245979792913204e+03 8.726170000000000073e+03 4.465128353837202667e+03 0.000000000000000000e+00 1.225478116267906703e+00 1.078999999999999915e+01
3.738306500000000000e+07 0.000000000000000000e+00 6.500000000000000000e+01 1.719245979792913204e+03 8.726170000000000073e+03 4.465128353837202667e+03 0.000000000000000000e+00 1.225478116267906703e+00 9.570950000000000291e-01
3.738306500000000000e+07 0.000000000000000000e+00 6.500000000000000000e+01 1.719245979792913204e+03 8.726170000000000073e+03 4.465128353837202667e+03 0.000000000000000000e+00 1.225478116267906703e+00 7.829329999999999901e-01
3.738460500000000000e+07 1.000000000000000000e+00 6.600000000000000000e+01 1.736867979792913502e+03 8.729530000000000655e+03 4.455349753837203025e+03 0.000000000000000000e+00 3.643002735172400364e+00 3.976240000000000219e+00
3.738306600000000000e+07 1.000000000000000000e+00 6.600000000000000000e+01 1.722019979792913546e+03 8.740750000000000000e+03 4.464704853837202791e+03 0.000000000000000000e+00 4.831029733634793821e+00 4.126159999999999606e+00
3.738197500000000000e+07 1.000000000000000000e+00 6.500000000000000000e+01 1.682915979792913276e+03 8.644360000000000582e+03 4.464642653837203397e+03 0.000000000000000000e+00 4.132638698949900657e+00 2.400000000000000050e-02
3.738197500000000000e+07 0.000000000000000000e+00 6.600000000000000000e+01 1.666913979792912869e+03 8.649819999999999709e+03 4.472679753837202952e+03 0.000000000000000000e+00 1.049137208046529768e+00 2.400000000000000050e-02
3.738197500000000000e+07 1.000000000000000000e+00 6.600000000000000000e+01 1.657607979792913284e+03 8.652700000000000728e+03 4.472169253837203541e+03 0.000000000000000000e+00 4.310568572311383129e+00 8.349999999999999645e-01
3.738197500000000000e+07 1.000000000000000000e+00 6.600000000000000000e+01 1.657607979792913284e+03 8.652700000000000728e+03 4.472169253837203541e+03 0.000000000000000000e+00 4.310568572311383129e+00 6.610190000000000232e+00
3.843120400000000000e+07 1.000000000000000000e+00 6.500000000000000000e+01 1.567237979792913393e+03 8.177752999999999702e+03 4.509194953837202775e+03 0.000000000000000000e+00 1.603137854807884954e+00 3.594310000000000116e+00
3.843120400000000000e+07 1.000000000000000000e+00 6.500000000000000000e+01 1.566328979792913742e+03 8.171905999999999949e+03 4.509857953837203240e+03 0.000000000000000000e+00 2.705544623675971039e+00 6.789360000000000284e+00
3.843211700000000000e+07 0.000000000000000000e+00 6.500000000000000000e+01 1.578668979792912978e+03 8.151413000000000466e+03 4.503837953837202804e+03 0.000000000000000000e+00 1.486291508722193289e+00 3.229999999999999716e+01
3.843211100000000000e+07 1.000000000000000000e+00 6.600000000000000000e+01 1.577655979792913058e+03 8.124131999999999607e+03 4.500666953837203437e+03 0.000000000000000000e+00 9.307326976139620456e+00 1.078999999999999915e+01
3.843202300000000000e+07 1.000000000000000000e+00 6.600000000000000000e+01 1.571215979792913458e+03 8.110286000000000058e+03 4.478622853837203365e+03 0.000000000000000000e+00 2.763022676966315760e+00 1.078999999999999915e+01
3.843308100000000000e+07 1.000000000000000000e+00 6.600000000000000000e+01 1.569776979792913153e+03 8.098216000000000349e+03 4.460655853837202812e+03 0.000000000000000000e+00 4.302127651509804807e+00 1.078999999999999915e+01
3.843219400000000000e+07 1.000000000000000000e+00 6.500000000000000000e+01 1.569160979792913167e+03 8.100886000000000422e+03 4.463581453837203298e+03 0.000000000000000000e+00 4.730306844861632776e+00 1.339000000000000057e+01
3.843202400000000000e+07 0.000000000000000000e+00 6.500000000000000000e+01 1.561546979792913589e+03 8.105734999999999673e+03 4.477757953837202876e+03 0.000000000000000000e+00 4.587829254819849600e-01 1.078999999999999915e+01
3.843218800000000000e+07 0.000000000000000000e+00 6.500000000000000000e+01 1.565184979792913509e+03 8.120603000000000065e+03 4.472152953837203313e+03 0.000000000000000000e+00 2.488000313162491428e-01 1.078999999999999915e+01
3.843218900000000000e+07 0.000000000000000000e+00 6.500000000000000000e+01 1.566549979792913291e+03 8.119448999999999614e+03 4.472060553837202860e+03 0.000000000000000000e+00 1.347436181110625242e+00 1.078999999999999915e+01
3.843218900000000000e+07 0.000000000000000000e+00 6.500000000000000000e+01 1.566549979792913291e+03 8.119448999999999614e+03 4.472060553837202860e+03 0.000000000000000000e+00 1.347436181110625242e+00 1.635480000000000045e+00
3.843218900000000000e+07 0.000000000000000000e+00 6.500000000000000000e+01 1.566549979792913291e+03 8.119448999999999614e+03 4.472060553837202860e+03 0.000000000000000000e+00 1.347436181110625242e+00 1.557109999999999994e+00
3.843218800000000000e+07 0.000000000000000000e+00 6.500000000000000000e+01 1.565184979792913509e+03 8.120603000000000065e+03 4.472152953837203313e+03 0.000000000000000000e+00 2.488000313162491428e-01 4.554429999999999978e+00
3.843202400000000000e+07 0.000000000000000000e+00 6.500000000000000000e+01 1.561460979792913349e+03 8.106332000000000335e+03 4.479071153837203383e+03 0.000000000000000000e+00 7.815984768714482334e-01 9.199999999999999845e-02
3.843203000000000000e+07 1.000000000000000000e+00 6.500000000000000000e+01 1.579159979792912964e+03 8.090773000000000138e+03 4.489690953837202869e+03 0.000000000000000000e+00 2.687884886880272717e+00 2.400000000000000050e-02
3.843203000000000000e+07 1.000000000000000000e+00 6.500000000000000000e+01 1.579655979792913058e+03 8.086886000000000422e+03 4.490622953837202658e+03 0.000000000000000000e+00 3.658073522071927819e+00 2.400000000000000050e-02
3.843203000000000000e+07 1.000000000000000000e+00 6.500000000000000000e+01 1.579977979792913175e+03 8.084630000000000109e+03 4.493636953837202782e+03 0.000000000000000000e+00 5.459334044567894395e+00 1.078999999999999915e+01
3.843203000000000000e+07 1.000000000000000000e+00 6.500000000000000000e+01 1.579977979792913175e+03 8.084630000000000109e+03 4.493636953837202782e+03 0.000000000000000000e+00 5.459334044567894395e+00 3.017939999999999845e+00
3.843203000000000000e+07 1.000000000000000000e+00 6.500000000000000000e+01 1.579977979792913175e+03 8.084630000000000109e+03 4.493636953837202782e+03 0.000000000000000000e+00 5.459334044567894395e+00 1.247189999999999965e-01
3.843307600000000000e+07 1.000000000000000000e+00 6.500000000000000000e+01 1.566019979792913546e+03 8.097431999999999789e+03 4.458949453837202782e+03 0.000000000000000000e+00 3.778657183344684256e+00 2.400000000000000050e-02
3.843307600000000000e+07 1.000000000000000000e+00 6.500000000000000000e+01 1.563748979792912905e+03 8.100515000000000327e+03 4.459836153837202801e+03 0.000000000000000000e+00 8.953638672194356163e-01 2.400000000000000050e-02
3.843308200000000000e+07 1.000000000000000000e+00 6.600000000000000000e+01 1.575711979792913553e+03 8.090742000000000189e+03 4.461207853837203402e+03 0.000000000000000000e+00 3.640828921622505376e+00 6.099999999999999867e-02
3.843301000000000000e+07 1.000000000000000000e+00 6.600000000000000000e+01 1.586326979792913335e+03 8.061564999999999600e+03 4.432628453837202869e+03 0.000000000000000000e+00 4.101902359235711337e+00 6.099999999999999867e-02
3.843308700000000000e+07 1.000000000000000000e+00 6.600000000000000000e+01 1.578526979792913153e+03 8.063604000000000269e+03 4.441450753837202683e+03 0.000000000000000000e+00 4.852900127230428851e+00 9.199999999999999845e-02
3.843308700000000000e+07 1.000000000000000000e+00 6.600000000000000000e+01 1.569294979792913182e+03 8.061033999999999651e+03 4.450810753837203265e+03 0.000000000000000000e+00 7.203473033941003578e+00 4.169999999999999818e-01
3.843308300000000000e+07 1.000000000000000000e+00 6.500000000000000000e+01 1.574118979792912796e+03 8.074146999999999935e+03 4.456842053837202911e+03 0.000000000000000000e+00 3.157076006544633717e+00 9.199999999999999845e-02
3.843308400000000000e+07 1.000000000000000000e+00 6.500000000000000000e+01 1.574397979792913247e+03 8.074481999999999971e+03 4.457616853837203053e+03 0.000000000000000000e+00 3.350090231477618641e+00 9.199999999999999845e-02
3.843308600000000000e+07 0.000000000000000000e+00 6.600000000000000000e+01 1.575158979792913669e+03 8.069625000000000000e+03 4.449233753837203039e+03 0.000000000000000000e+00 1.165140847566017213e+00 1.078999999999999915e+01
3.843308600000000000e+07 0.000000000000000000e+00 6.600000000000000000e+01 1.575158979792913669e+03 8.069625000000000000e+03 4.449233753837203039e+03 0.000000000000000000e+00 1.165140847566017213e+00 4.374349999999999739e+00
3.843308600000000000e+07 0.000000000000000000e+00 6.600000000000000000e+01 1.575158979792913669e+03 8.069625000000000000e+03 4.449233753837203039e+03 0.000000000000000000e+00 1.165140847566017213e+00 5.873019999999999907e-01
3.843308300000000000e+07 1.000000000000000000e+00 6.600000000000000000e+01 1.569304979792913400e+03 8.086197000000000116e+03 4.448481453837202935e+03 0.000000000000000000e+00 1.090326259569220468e+00 2.400000000000000050e-02
3.843308300000000000e+07 1.000000000000000000e+00 6.600000000000000000e+01 1.570693979792913524e+03 8.083679000000000087e+03 4.444787353837203227e+03 0.000000000000000000e+00 2.145117059132616077e+00 4.169999999999999818e-01
3.843308400000000000e+07 1.000000000000000000e+00 6.600000000000000000e+01 1.570728979792913378e+03 8.083565000000000509e+03 4.444826753837202887e+03 0.000000000000000000e+00 2.182097724104296699e+00 1.078999999999999915e+01
3.843308400000000000e+07 1.000000000000000000e+00 6.600000000000000000e+01 1.570728979792913378e+03 8.083565000000000509e+03 4.444826753837202887e+03 0.000000000000000000e+00 2.182097724104296699e+00 1.480629999999999891e+00
3.843308400000000000e+07 1.000000000000000000e+00 6.600000000000000000e+01 1.570728979792913378e+03 8.083565000000000509e+03 4.444826753837202887e+03 0.000000000000000000e+00 2.182097724104296699e+00 1.058110000000000106e+00
3.843202300000000000e+07 1.000000000000000000e+00 6.600000000000000000e+01 1.571215979792913458e+03 8.110286000000000058e+03 4.478622853837203365e+03 0.000000000000000000e+00 2.763022676966315760e+00 4.322720000000000340e+00
3.843211100000000000e+07 1.000000000000000000e+00 6.600000000000000000e+01 1.577655979792913058e+03 8.124131999999999607e+03 4.500666953837203437e+03 0.000000000000000000e+00 9.307326976139620456e+00 6.424820000000000420e+00
3.843211700000000000e+07 1.000000000000000000e+00 6.500000000000000000e+01 1.573756979792913626e+03 8.146195999999999913e+03 4.516349953837203429e+03 0.000000000000000000e+00 6.771458769523974297e+00 6.099999999999999867e-02
3.843211300000000000e+07 1.000000000000000000e+00 6.600000000000000000e+01 1.567063979792913415e+03 8.136149999999999636e+03 4.505019953837203502e+03 0.000000000000000000e+00 9.757811618119767161e+00 4.169999999999999818e-01
3.843211000000000000e+07 0.000000000000000000e+00 6.600000000000000000e+01 1.568047979792912884e+03 8.132854999999999563e+03 4.488790953837203233e+03 0.000000000000000000e+00 3.622584192082293431e+00 9.199999999999999845e-02
3.843145200000000000e+07 1.000000000000000000e+00 6.500000000000000000e+01 1.575328979792913742e+03 8.129685999999999694e+03 4.468424053837203246e+03 0.000000000000000000e+00 5.525282940493161377e+00 9.199999999999999845e-02
3.843303600000000000e+07 1.000000000000000000e+00 6.500000000000000000e+01 1.605366979792913298e+03 8.128583999999999833e+03 4.448403253837203010e+03 0.000000000000000000e+00 7.465684107783531864e+00 6.099999999999999867e-02
3.843131000000000000e+07 1.000000000000000000e+00 6.500000000000000000e+01 1.603316979792913116e+03 8.127725999999999658e+03 4.484143553837203399e+03 0.000000000000000000e+00 1.967756659714037237e+00 6.099999999999999867e-02
3.843131000000000000e+07 1.000000000000000000e+00 6.500000000000000000e+01 1.603244979792913000e+03 8.131240999999999985e+03 4.488791853837203234e+03 0.000000000000000000e+00 2.514763350091256733e+00 6.099999999999999867e-02
3.843130900000000000e+07 1.000000000000000000e+00 6.600000000000000000e+01 1.602985979792912985e+03 8.143007999999999811e+03 4.498527953837203313e+03 0.000000000000000000e+00 4.707940614771116472e+00 4.169999999999999818e-01
3.843130900000000000e+07 1.000000000000000000e+00 6.600000000000000000e+01 1.597525979792912949e+03 8.148708999999999833e+03 4.499328953837202789e+03 0.000000000000000000e+00 3.333687051406144075e+00 2.400000000000000050e-02
3.843130900000000000e+07 1.000000000000000000e+00 6.600000000000000000e+01 1.597968979792913160e+03 8.150467999999999847e+03 4.501570953837202978e+03 0.000000000000000000e+00 5.507047235974247279e+00 4.169999999999999818e-01
3.843211800000000000e+07 1.000000000000000000e+00 6.600000000000000000e+01 1.598524979792913655e+03 8.157463999999999942e+03 4.503199953837202884e+03 0.000000000000000000e+00 9.618237274163977446e+00 2.400000000000000050e-02
3.843211800000000000e+07 1.000000000000000000e+00 6.600000000000000000e+01 1.599067979792913320e+03 8.157207000000000335e+03 4.504610953837202942e+03 0.000000000000000000e+00 9.988544711107806506e+00 9.199999999999999845e-02
3.843212000000000000e+07 1.000000000000000000e+00 6.600000000000000000e+01 1.590508979792913124e+03 8.161448000000000320e+03 4.515780953837203015e+03 0.000000000000000000e+00 2.175043276540454151e+00 9.199999999999999845e-02
3.843212200000000000e+07 1.000000000000000000e+00 6.500000000000000000e+01 1.588314979792913618e+03 8.171382999999999811e+03 4.521435953837202760e+03 0.000000000000000000e+00 2.492283210103282798e+00 9.199999999999999845e-02
3.843212000000000000e+07 0.000000000000000000e+00 6.600000000000000000e+01 1.585677979792912993e+03 8.164587999999999738e+03 4.516073953837202680e+03 0.000000000000000000e+00 3.753015790097712578e+00 9.199999999999999845e-02
3.843212000000000000e+07 1.000000000000000000e+00 6.600000000000000000e+01 1.590940979792912913e+03 8.161115999999999985e+03 4.520187953837203167e+03 0.000000000000000000e+00 1.244512195178568259e+00 2.400000000000000050e-02
3.843212000000000000e+07 1.000000000000000000e+00 6.600000000000000000e+01 1.590640979792913640e+03 8.161266999999999825e+03 4.521069953837202775e+03 0.000000000000000000e+00 1.788058750999425461e+00 9.199999999999999845e-02
3.843212000000000000e+07 1.000000000000000000e+00 6.600000000000000000e+01 1.598015979792913640e+03 8.155021999999999935e+03 4.518530953837203015e+03 0.000000000000000000e+00 6.602462127460581698e+00 4.169999999999999818e-01
3.843212000000000000e+07 1.000000000000000000e+00 6.600000000000000000e+01 1.598015979792913640e+03 8.155021999999999935e+03 4.518530953837203015e+03 0.000000000000000000e+00 6.602462127460581698e+00 7.282919999999999838e+00
3.843217300000000000e+07 1.000000000000000000e+00 6.600000000000000000e+01 1.559324979792912927e+03 8.102131000000000313e+03 4.507114953837202847e+03 0.000000000000000000e+00 1.929211285925921837e+00 9.199999999999999845e-02
3.843217000000000000e+07 1.000000000000000000e+00 6.600000000000000000e+01 1.566077979792913538e+03 8.093122000000000298e+03 4.523927953837202949e+03 0.000000000000000000e+00 1.901509390621107576e+00 9.199999999999999845e-02
3.843216700000000000e+07 1.000000000000000000e+00 6.500000000000000000e+01 1.563079979792913036e+03 8.104561999999999898e+03 4.524965953837203415e+03 0.000000000000000000e+00 3.572572971841292855e+00 9.199999999999999845e-02
3.843216600000000000e+07 1.000000000000000000e+00 6.500000000000000000e+01 1.564855979792912876e+03 8.103002000000000407e+03 4.526595953837203524e+03 0.000000000000000000e+00 3.616162370490862088e+00 9.199999999999999845e-02
3.843216600000000000e+07 1.000000000000000000e+00 6.500000000000000000e+01 1.565006979792913626e+03 8.102523000000000138e+03 4.528695953837202978e+03 0.000000000000000000e+00 2.199217429785109257e+00 9.199999999999999845e-02
3.843115500000000000e+07 1.000000000000000000e+00 6.500000000000000000e+01 1.572848979792913269e+03 8.107578999999999724e+03 4.558132953837202876e+03 0.000000000000000000e+00 8.299354174803735162e+00 9.199999999999999845e-02
3.843124000000000000e+07 1.000000000000000000e+00 6.500000000000000000e+01 1.567995979792913204e+03 8.103802999999999884e+03 4.547734953837202738e+03 0.000000000000000000e+00 4.835224698909940777e+00 2.400000000000000050e-02
3.843116000000000000e+07 1.000000000000000000e+00 6.600000000000000000e+01 1.567809979792913509e+03 8.104711999999999534e+03 4.545642953837203095e+03 0.000000000000000000e+00 4.061481757690854622e+00 2.400000000000000050e-02
3.843124000000000000e+07 1.000000000000000000e+00 6.500000000000000000e+01 1.571170979792913386e+03 8.108086000000000240e+03 4.544066953837203073e+03 0.000000000000000000e+00 2.579415713728099302e+00 9.199999999999999845e-02
3.843123900000000000e+07 1.000000000000000000e+00 6.500000000000000000e+01 1.572806979792912898e+03 8.117422000000000480e+03 4.542030953837203015e+03 0.000000000000000000e+00 5.460859731994539779e+00 9.199999999999999845e-02
3.843123900000000000e+07 1.000000000000000000e+00 6.500000000000000000e+01 1.574171979792913589e+03 8.116136000000000422e+03 4.541724953837203429e+03 0.000000000000000000e+00 4.531049028514322785e+00 2.400000000000000050e-02
3.843124200000000000e+07 1.000000000000000000e+00 6.600000000000000000e+01 1.587244979792913000e+03 8.122579999999999927e+03 4.538938953837203371e+03 0.000000000000000000e+00 6.137774368244009793e+00 9.199999999999999845e-02
3.843123700000000000e+07 1.000000000000000000e+00 6.500000000000000000e+01 1.591087979792913757e+03 8.122092999999999847e+03 4.541749953837203066e+03 0.000000000000000000e+00 5.356316695546630591e+00 2.400000000000000050e-02
3.843124200000000000e+07 1.000000000000000000e+00 6.600000000000000000e+01 1.587809979792913509e+03 8.116957000000000335e+03 4.539578953837202789e+03 0.000000000000000000e+00 1.505666919703496420e+00 2.400000000000000050e-02
3.843123700000000000e+07 1.000000000000000000e+00 6.500000000000000000e+01 1.589491979792913298e+03 8.127591000000000349e+03 4.543581953837203400e+03 0.000000000000000000e+00 5.984297009969109737e+00 2.400000000000000050e-02
3.843123600000000000e+07 1.000000000000000000e+00 6.500000000000000000e+01 1.596973979792913269e+03 8.129230999999999767e+03 4.545002953837202767e+03 0.000000000000000000e+00 8.376051245321482597e+00 6.099999999999999867e-02
3.843314400000000000e+07 1.000000000000000000e+00 6.500000000000000000e+01 1.600681979792912898e+03 8.126217999999999847e+03 4.537291953837203437e+03 0.000000000000000000e+00 4.563508692836845348e+00 9.199999999999999845e-02
3.843314400000000000e+07 1.000000000000000000e+00 6.500000000000000000e+01 1.607296979792913589e+03 8.127020999999999731e+03 4.535088953837203007e+03 0.000000000000000000e+00 7.577166823438631127e+00 2.400000000000000050e-02
3.843222000000000000e+07 1.000000000000000000e+00 6.600000000000000000e+01 1.612912979792913575e+03 8.123390000000000327e+03 4.534291953837203437e+03 0.000000000000000000e+00 3.919499321008844905e+00 6.099999999999999867e-02
3.843222000000000000e+07 1.000000000000000000e+00 6.600000000000000000e+01 1.614191979792913116e+03 8.123421000000000276e+03 4.534818953837203480e+03 0.000000000000000000e+00 3.908819563765243643e+00 1.078999999999999915e+01
3.843222000000000000e+07 1.000000000000000000e+00 6.600000000000000000e+01 1.614191979792913116e+03 8.123421000000000276e+03 4.534818953837203480e+03 0.000000000000000000e+00 3.908819563765243643e+00 2.203590000000000160e+00
3.843222000000000000e+07 1.000000000000000000e+00 6.600000000000000000e+01 1.614191979792913116e+03 8.123421000000000276e+03 4.534818953837203480e+03 0.000000000000000000e+00 3.908819563765243643e+00 8.492629999999999624e-02
3.843120200000000000e+07 1.000000000000000000e+00 6.600000000000000000e+01 1.557147979792913247e+03 8.160863999999999578e+03 4.504540953837203233e+03 0.000000000000000000e+00 4.175732447923762858e-01 2.400000000000000050e-02
3.843120200000000000e+07 1.000000000000000000e+00 6.600000000000000000e+01 1.556925979792913495e+03 8.160804000000000087e+03 4.504590953837203415e+03 0.000000000000000000e+00 4.375469922569352188e-01 4.169999999999999818e-01
3.843120200000000000e+07 1.000000000000000000e+00 6.600000000000000000e+01 1.556925979792913495e+03 8.160804000000000087e+03 4.504590953837203415e+03 0.000000000000000000e+00 4.375469922569352188e-01 7.302290000000000170e+00
4.074238700000000000e+07 1.000000000000000000e+00 6.600000000000000000e+01 7.863299797929130364e+02 6.518902000000000044e+03 4.686867953837203459e+03 0.000000000000000000e+00 3.523570714081649680e+00 9.199999999999999845e-02
3.847653800000000000e+07 1.000000000000000000e+00 6.500000000000000000e+01 6.956359797929135311e+02 4.933829999999999927e+03 4.377144653837202895e+03 0.000000000000000000e+00 9.387998049915626808e+00 7.295449999999999768e+00
3.847645600000000000e+07 1.000000000000000000e+00 6.600000000000000000e+01 7.042439797929127963e+02 4.927590000000000146e+03 4.361774853837203409e+03 0.000000000000000000e+00 9.561085175319529839e+00 9.199999999999999845e-02
3.850301700000000000e+07 1.000000000000000000e+00 6.500000000000000000e+01 6.760179797929131382e+02 2.917890000000000327e+03 4.499063953837203371e+03 0.000000000000000000e+00 6.757551631530123615e+00 6.580199999999999605e+00
3.958239900000000000e+07 1.000000000000000000e+00 6.600000000000000000e+01 1.123093579792913260e+03 8.846000000000003638e+02 4.403907953837203422e+03 0.000000000000000000e+00 4.785605013689618659e+00 6.065629999999999633e+00
3.959033200000000000e+07 1.000000000000000000e+00 6.500000000000000000e+01 1.215589779792912850e+03 2.506200000000008004e+02 4.371646553837203101e+03 0.000000000000000000e+00 8.474587922252117878e+00 9.199999999999999845e-02
3.959033200000000000e+07 1.000000000000000000e+00 6.500000000000000000e+01 1.214728479792913276e+03 2.509400000000005093e+02 4.372639853837203191e+03 0.000000000000000000e+00 9.349533858631010830e+00 9.199999999999999845e-02
3.959041300000000000e+07 1.000000000000000000e+00 6.600000000000000000e+01 1.229286979792913371e+03 2.573199999999997090e+02 4.374485853837202740e+03 0.000000000000000000e+00 3.737357710675219380e+00 1.078999999999999915e+01
3.959041300000000000e+07 1.000000000000000000e+00 6.600000000000000000e+01 1.229240079792913093e+03 2.604600000000000364e+02 4.373718653837203419e+03 0.000000000000000000e+00 1.908286035991979102e+00 6.099999999999999867e-02
3.959040700000000000e+07 1.000000000000000000e+00 6.500000000000000000e+01 1.242385579792913632e+03 2.658200000000006185e+02 4.367864753837203352e+03 0.000000000000000000e+00 9.732468177503642792e+00 9.199999999999999845e-02
3.959033500000000000e+07 1.000000000000000000e+00 6.500000000000000000e+01 1.243617079792913501e+03 2.487100000000000364e+02 4.373685153837202961e+03 0.000000000000000000e+00 8.438545322741269672e+00 9.199999999999999845e-02
3.959040700000000000e+07 1.000000000000000000e+00 6.500000000000000000e+01 1.234924479792913189e+03 2.691700000000000728e+02 4.359415753837202828e+03 0.000000000000000000e+00 6.349254836663533297e+00 9.199999999999999845e-02
3.959040700000000000e+07 1.000000000000000000e+00 6.500000000000000000e+01 1.237661079792913370e+03 2.678699999999998909e+02 4.361346753837203323e+03 0.000000000000000000e+00 7.344646662100420720e+00 6.099999999999999867e-02
3.959041200000000000e+07 1.000000000000000000e+00 6.600000000000000000e+01 1.239776179792913354e+03 2.653800000000001091e+02 4.371543553837203035e+03 0.000000000000000000e+00 7.307585180759212484e+00 4.169999999999999818e-01
3.959041300000000000e+07 1.000000000000000000e+00 6.600000000000000000e+01 1.241770679792913143e+03 2.641599999999998545e+02 4.379356613837203440e+03 0.000000000000000000e+00 8.833158214368346250e+00 6.099999999999999867e-02
3.959041200000000000e+07 1.000000000000000000e+00 6.600000000000000000e+01 1.241718179792913361e+03 2.664300000000002910e+02 4.376785453837203022e+03 0.000000000000000000e+00 7.890276793204655803e+00 6.099999999999999867e-02
3.959041200000000000e+07 1.000000000000000000e+00 6.600000000000000000e+01 1.242076779792912930e+03 2.670999999999994543e+02 4.374229853837203336e+03 0.000000000000000000e+00 8.743277125205603184e+00 9.199999999999999845e-02
3.959041100000000000e+07 1.000000000000000000e+00 6.600000000000000000e+01 1.239910979792913167e+03 2.685999999999994543e+02 4.376958753837203403e+03 0.000000000000000000e+00 5.384040152773235555e+00 6.099999999999999867e-02
3.959041100000000000e+07 1.000000000000000000e+00 6.600000000000000000e+01 1.245620279792913607e+03 2.698200000000006185e+02 4.378399553837202802e+03 0.000000000000000000e+00 8.890514373110026014e+00 4.169999999999999818e-01
3.959041100000000000e+07 1.000000000000000000e+00 6.600000000000000000e+01 1.245620279792913607e+03 2.698200000000006185e+02 4.378399553837202802e+03 0.000000000000000000e+00 8.890514373110026014e+00 7.348309999999999675e+00
3.959041300000000000e+07 1.000000000000000000e+00 6.600000000000000000e+01 1.229286979792913371e+03 2.573199999999997090e+02 4.374485853837202740e+03 0.000000000000000000e+00 3.737357710675219380e+00 4.314799999999999969e+00
3.959033200000000000e+07 1.000000000000000000e+00 6.500000000000000000e+01 1.216380879792913220e+03 2.505100000000002183e+02 4.373374753837202661e+03 0.000000000000000000e+00 7.797398005310828495e+00 1.078999999999999915e+01
3.959033200000000000e+07 1.000000000000000000e+00 6.500000000000000000e+01 1.216380879792913220e+03 2.505100000000002183e+02 4.373374753837202661e+03 0.000000000000000000e+00 7.797398005310828495e+00 4.975279999999999703e+00
3.959033200000000000e+07 1.000000000000000000e+00 6.500000000000000000e+01 1.216380879792913220e+03 2.505100000000002183e+02 4.373374753837202661e+03 0.000000000000000000e+00 7.797398005310828495e+00 3.494499999999999940e+00
3.958896400000000000e+07 1.000000000000000000e+00 6.500000000000000000e+01 1.224215079792913457e+03 2.350000000000000000e+02 4.401100553837202824e+03 0.000000000000000000e+00 2.414560419441290851e+00 2.039999999999999869e-01
3.958896300000000000e+07 0.000000000000000000e+00 6.500000000000000000e+01 1.226666079792913479e+03 2.346300000000001091e+02 4.401678153837203354e+03 0.000000000000000000e+00 1.950029043832893549e+00 6.099999999999999867e-02
3.958896300000000000e+07 0.000000000000000000e+00 6.600000000000000000e+01 1.234081879792913242e+03 2.374799999999995634e+02 4.406576853837203089e+03 0.000000000000000000e+00 1.126081616848804812e+00 2.400000000000000050e-02
3.958895800000000000e+07 1.000000000000000000e+00 6.500000000000000000e+01 1.248095479792913466e+03 2.239099999999998545e+02 4.412841453837203517e+03 0.000000000000000000e+00 6.601386834379914248e+00 1.078999999999999915e+01
3.958895800000000000e+07 1.000000000000000000e+00 6.500000000000000000e+01 1.248095479792913466e+03 2.239099999999998545e+02 4.412841453837203517e+03 0.000000000000000000e+00 6.601386834379914248e+00 7.136919999999999931e+00
3.958895800000000000e+07 1.000000000000000000e+00 6.500000000000000000e+01 1.248095479792913466e+03 2.239099999999998545e+02 4.412841453837203517e+03 0.000000000000000000e+00 6.601386834379914248e+00 2.691920000000000091e+00
3.958937600000000000e+07 0.000000000000000000e+00 6.600000000000000000e+01 1.191936449792913663e+03 2.392399999999997817e+02 4.397944083837202925e+03 0.000000000000000000e+00 1.630940035893817086e+00 9.199999999999999845e-02
3.958937500000000000e+07 0.000000000000000000e+00 6.500000000000000000e+01 1.191242429792912844e+03 2.386099999999996726e+02 4.398732913837203341e+03 0.000000000000000000e+00 1.913888215581413865e+00 9.199999999999999845e-02
3.958937600000000000e+07 1.000000000000000000e+00 6.600000000000000000e+01 1.192682339792912899e+03 2.449200000000000728e+02 4.389323754837203523e+03 0.000000000000000000e+00 6.595793319075949235e+00 6.099999999999999867e-02
3.958937700000000000e+07 0.000000000000000000e+00 6.600000000000000000e+01 1.193917269792913430e+03 2.463299999999999272e+02 4.401196353837202878e+03 0.000000000000000000e+00 6.072753336778474731e-01 8.388149999999999551e+00
4.981329500000000000e+07 1.000000000000000000e+00 6.600000000000000000e+01 4.913849797929133274e+02 2.924210000000000036e+03 5.791064953837202665e+03 1.000000000000000000e+00 6.099189000275000438e-01 1.440000000000000000e+02
4.981584300000000000e+07 0.000000000000000000e+00 6.500000000000000000e+01 6.027539797929130145e+02 2.848380000000000109e+03 5.756014953837203393e+03 1.000000000000000000e+00 1.226522807131852799e+00 1.440000000000000000e+02
3.958937400000000000e+07 0.000000000000000000e+00 6.600000000000000000e+01 1.190304389792912843e+03 2.322699999999995271e+02 4.393135633837203386e+03 1.000000000000000000e+00 1.120912984630936915e+00 1.440000000000000000e+02
3.958277500000000000e+07 0.000000000000000000e+00 6.500000000000000000e+01 1.152385579792913632e+03 1.085710000000000036e+03 4.406030453837202913e+03 1.000000000000000000e+00 2.637995754790882774e+00 1.440000000000000000e+02
4.981324700000000000e+07 0.000000000000000000e+00 6.500000000000000000e+01 5.808049797929134002e+02 2.902750000000000000e+03 5.803694953837203684e+03 1.000000000000000000e+00 1.502921078005596378e+00 1.440000000000000000e+02
4.981391200000000000e+07 0.000000000000000000e+00 6.600000000000000000e+01 4.894129797929135748e+02 2.975199999999999818e+03 5.797624953837203975e+03 1.000000000000000000e+00 2.304840445681359817e+00 1.440000000000000000e+02
4.981355300000000000e+07 1.000000000000000000e+00 6.600000000000000000e+01 4.826429797929131382e+02 2.907340000000000146e+03 5.765674953837203248e+03 1.000000000000000000e+00 7.618200009504874082e-01 1.440000000000000000e+02
4.981486900000000000e+07 0.000000000000000000e+00 6.500000000000000000e+01 5.348319797929134438e+02 2.921779999999999745e+03 5.739624953837203975e+03 1.000000000000000000e+00 2.754582927442098761e+00 1.440000000000000000e+02
4.981590000000000000e+07 1.000000000000000000e+00 6.500000000000000000e+01 5.402279797929131746e+02 2.874149999999999636e+03 5.724594953837203320e+03 1.000000000000000000e+00 5.188974840193981697e-01 1.440000000000000000e+02
4.981323000000000000e+07 0.000000000000000000e+00 6.500000000000000000e+01 5.312339797929134875e+02 2.894699999999999818e+03 5.828964953837202302e+03 1.000000000000000000e+00 9.902955483844095852e-01 1.440000000000000000e+02
4.981393500000000000e+07 0.000000000000000000e+00 6.600000000000000000e+01 5.209149797929130727e+02 2.958149999999999636e+03 5.796894953837202593e+03 1.000000000000000000e+00 1.562735968632754213e+00 1.440000000000000000e+02
3.958226800000000000e+07 1.000000000000000000e+00 6.600000000000000000e+01 1.131082279792913141e+03 9.687899999999999636e+02 4.418381153837202874e+03 1.000000000000000000e+00 5.302999847585906368e-01 1.440000000000000000e+02
3.958243400000000000e+07 1.000000000000000000e+00 6.600000000000000000e+01 1.132488679792912990e+03 9.785300000000006548e+02 4.432422353837203445e+03 1.000000000000000000e+00 7.826552893136737854e-01 1.440000000000000000e+02
3.958906900000000000e+07 0.000000000000000000e+00 6.600000000000000000e+01 1.202639979792913437e+03 2.790799999999999272e+02 4.387075143837203541e+03 1.000000000000000000e+00 1.354427152018599978e+00 1.440000000000000000e+02
