2.797723600000000000e+07 1.000000000000000000e+00 6.600000000000000000e+01 6.541742574433846130e+03 1.326165586163629087e+03 3.157229999999999563e+03 0.000000000000000000e+00 5.287080367200121422e+00 1.605000000000000071e+01
1.247226990000000000e+08 1.000000000000000000e+00 6.600000000000000000e+01 6.116157774433845589e+03 8.591945616362863802e+01 1.474372999999999956e+04 0.000000000000000000e+00 9.169843038717976569e+00 1.339000000000000057e+01
1.247226990000000000e+08 1.000000000000000000e+00 6.600000000000000000e+01 6.118951774433846367e+03 8.398945616362834699e+01 1.474281999999999971e+04 0.000000000000000000e+00 7.712683171208323252e+00 9.199999999999999845e-02
1.247226990000000000e+08 1.000000000000000000e+00 6.600000000000000000e+01 6.120511774433845858e+03 9.225945616362878354e+01 1.474397999999999956e+04 0.000000000000000000e+00 5.462703074436856987e+00 2.400000000000000050e-02
1.247227000000000000e+08 1.000000000000000000e+00 6.600000000000000000e+01 6.127282774433845589e+03 9.861945616362936562e+01 1.474240999999999985e+04 0.000000000000000000e+00 3.538481155993363547e+00 1.605000000000000071e+01
1.247227000000000000e+08 1.000000000000000000e+00 6.600000000000000000e+01 6.127282774433845589e+03 9.861945616362936562e+01 1.474240999999999985e+04 0.000000000000000000e+00 3.538481155993363547e+00 6.073489999999999611e+00
1.247227000000000000e+08 1.000000000000000000e+00 6.600000000000000000e+01 6.127282774433845589e+03 9.861945616362936562e+01 1.474240999999999985e+04 0.000000000000000000e+00 3.538481155993363547e+00 3.620280000000000165e+00
1.247226990000000000e+08 1.000000000000000000e+00 6.600000000000000000e+01 6.116157774433845589e+03 8.591945616362863802e+01 1.474372999999999956e+04 0.000000000000000000e+00 9.169843038717976569e+00 4.911489999999999689e+00
2.797627700000000000e+07 1.000000000000000000e+00 6.600000000000000000e+01 6.564267664433846221e+03 1.285848956163628827e+03 3.154819999999999709e+03 0.000000000000000000e+00 2.991585307050831588e+00 1.078999999999999915e+01
2.797612700000000000e+07 1.000000000000000000e+00 6.600000000000000000e+01 6.559507160433846366e+03 1.278609256163628743e+03 3.146949999999999818e+03 0.000000000000000000e+00 2.867274727297817627e+00 1.339000000000000057e+01
2.797612700000000000e+07 1.000000000000000000e+00 6.600000000000000000e+01 6.559507160433846366e+03 1.278609256163628743e+03 3.146949999999999818e+03 0.000000000000000000e+00 2.867274727297817627e+00 3.994250000000000078e+00
2.797612700000000000e+07 1.000000000000000000e+00 6.600000000000000000e+01 6.559507160433846366e+03 1.278609256163628743e+03 3.146949999999999818e+03 0.000000000000000000e+00 2.867274727297817627e+00 5.504200000000000204e-01
2.797627700000000000e+07 1.000000000000000000e+00 6.600000000000000000e+01 6.564267664433846221e+03 1.285848956163628827e+03 3.154819999999999709e+03 0.000000000000000000e+00 2.991585307050831588e+00 2.064719999999999889e+00
2.797723200000000000e+07 0.000000000000000000e+00 6.500000000000000000e+01 6.530050174433846223e+03 1.330130906163628424e+03 3.155779999999999745e+03 1.000000000000000000e+00 8.460588855005171105e-01 1.400000000000000000e+01
2.797636800000000000e+07 1.000000000000000000e+00 6.500000000000000000e+01 6.547536374433845594e+03 1.336082256163628699e+03 3.158350000000000364e+03 1.000000000000000000e+00 6.006436735745431799e-01 1.400000000000000000e+01
