1.228891250000000000e+08 1.000000000000000000e+00 6.600000000000000000e+01 1.108365999999999985e+04 6.700716691321594226e+03 1.443828853054807405e+04 0.000000000000000000e+00 2.999496196123000225e+00 1.339000000000000057e+01
1.228891250000000000e+08 1.000000000000000000e+00 6.600000000000000000e+01 1.108365999999999985e+04 6.700716691321594226e+03 1.443828853054807405e+04 0.000000000000000000e+00 2.999496196123000225e+00 6.362770000000000259e+00
1.231318850000000000e+08 1.000000000000000000e+00 6.600000000000000000e+01 5.170470000000000255e+03 6.700211391321594419e+03 1.440519233054807410e+04 0.000000000000000000e+00 4.072254930964423814e+00 9.199999999999999845e-02
1.231317390000000000e+08 1.000000000000000000e+00 6.600000000000000000e+01 5.184159999999999854e+03 6.691363981321594110e+03 1.440906993054807390e+04 0.000000000000000000e+00 9.888816644970029657e+00 2.400000000000000050e-02
1.231317390000000000e+08 1.000000000000000000e+00 6.600000000000000000e+01 5.187090000000000146e+03 6.696172561321594003e+03 1.441444893054807471e+04 0.000000000000000000e+00 7.974649560656065894e+00 2.400000000000000050e-02
1.231318090000000000e+08 1.000000000000000000e+00 6.600000000000000000e+01 5.180029999999999745e+03 6.702387091321594198e+03 1.443554143054807355e+04 0.000000000000000000e+00 9.558530127638610097e+00 9.199999999999999845e-02
1.231318080000000000e+08 1.000000000000000000e+00 6.600000000000000000e+01 5.181069999999999709e+03 6.699806891321594776e+03 1.444093673054807368e+04 0.000000000000000000e+00 9.392489944936290414e+00 9.199999999999999845e-02
1.231318870000000000e+08 1.000000000000000000e+00 6.600000000000000000e+01 5.180309999999999491e+03 6.705764591321594708e+03 1.442549773054807520e+04 0.000000000000000000e+00 4.386494771048283781e+00 9.199999999999999845e-02
1.231318870000000000e+08 1.000000000000000000e+00 6.600000000000000000e+01 5.180710000000000036e+03 6.705762891321593997e+03 1.442192373054807467e+04 0.000000000000000000e+00 1.934368744228105674e+00 4.169999999999999818e-01
1.231318870000000000e+08 1.000000000000000000e+00 6.600000000000000000e+01 5.180710000000000036e+03 6.705762891321593997e+03 1.442192373054807467e+04 0.000000000000000000e+00 1.934368744228105674e+00 7.185060000000000002e+00
1.228085220000000000e+08 0.000000000000000000e+00 6.600000000000000000e+01 1.291147999999999956e+04 6.687215089321593950e+03 1.442341863054807254e+04 1.000000000000000000e+00 1.504820515191856556e+00 1.200000000000000000e+01
1.227712130000000000e+08 0.000000000000000000e+00 6.500000000000000000e+01 1.181002000000000044e+04 6.655964991321594425e+03 1.437592793054807407e+04 1.000000000000000000e+00 2.392639243583389863e+00 1.200000000000000000e+01
