6.748995000000000000e+07 1.000000000000000000e+00 6.600000000000000000e+01 8.410438300163064923e+03 1.802380000000000109e+03 7.791553721409608443e+03 0.000000000000000000e+00 2.910288039519850489e+00 1.078999999999999915e+01
6.711005100000000000e+07 1.000000000000000000e+00 6.600000000000000000e+01 8.419896590163065412e+03 5.486789999999999964e+03 7.785853571409608776e+03 0.000000000000000000e+00 4.534754705908423666e+00 1.339000000000000057e+01
6.711004900000000000e+07 0.000000000000000000e+00 6.600000000000000000e+01 8.429429200163063797e+03 5.477869999999999891e+03 7.780969921409608105e+03 0.000000000000000000e+00 3.935756199323197979e+00 9.199999999999999845e-02
6.710920300000000000e+07 1.000000000000000000e+00 6.500000000000000000e+01 8.408002940163063613e+03 5.464430000000000291e+03 7.809546521409608431e+03 0.000000000000000000e+00 7.646796068944923697e+00 9.199999999999999845e-02
6.710832700000000000e+07 1.000000000000000000e+00 6.600000000000000000e+01 8.402521640163064149e+03 5.476680000000000291e+03 7.825417021409608424e+03 0.000000000000000000e+00 8.646604806564187840e+00 6.099999999999999867e-02
6.710832700000000000e+07 1.000000000000000000e+00 6.600000000000000000e+01 8.402652400163064158e+03 5.476210000000000036e+03 7.826787421409608214e+03 0.000000000000000000e+00 9.265935195186806084e+00 9.199999999999999845e-02
6.710832900000000000e+07 1.000000000000000000e+00 6.600000000000000000e+01 8.412295940163065097e+03 5.481170000000000073e+03 7.839289121409608015e+03 0.000000000000000000e+00 8.921850064253517232e+00 6.099999999999999867e-02
6.710832900000000000e+07 1.000000000000000000e+00 6.600000000000000000e+01 8.413015270163064997e+03 5.483949999999999818e+03 7.841365121409608037e+03 0.000000000000000000e+00 8.255784574927437447e+00 9.199999999999999845e-02
6.710832700000000000e+07 1.000000000000000000e+00 6.500000000000000000e+01 8.404784020163064270e+03 5.518409999999999854e+03 7.840096321409608208e+03 0.000000000000000000e+00 8.129687699772944143e+00 4.169999999999999818e-01
6.710832700000000000e+07 1.000000000000000000e+00 6.500000000000000000e+01 8.404784020163064270e+03 5.518409999999999854e+03 7.840096321409608208e+03 0.000000000000000000e+00 8.129687699772944143e+00 7.369640000000000413e+00
6.748995000000000000e+07 1.000000000000000000e+00 6.600000000000000000e+01 8.410438300163064923e+03 1.802380000000000109e+03 7.791553721409608443e+03 0.000000000000000000e+00 2.910288039519850489e+00 2.702080000000000037e+00
6.595810300000000000e+07 1.000000000000000000e+00 6.500000000000000000e+01 8.422712600163064053e+03 9.830209999999999127e+03 7.865887321409608376e+03 1.000000000000000000e+00 4.178922668887046776e-01 2.000000000000000000e+01
