5.611698000000000000e+06 1.000000000000000000e+00 6.500000000000000000e+01 3.935999999999994543e+02 2.711508039638783885e+03 3.910483462738893650e+02 0.000000000000000000e+00 7.371234355385988479e+00 1.078999999999999915e+01
5.619067000000000000e+06 1.000000000000000000e+00 6.600000000000000000e+01 1.180849999999999454e+03 2.711327477638784330e+03 3.912394442738896032e+02 0.000000000000000000e+00 2.154723186937082424e+00 1.078999999999999915e+01
5.454250000000000000e+06 1.000000000000000000e+00 6.600000000000000000e+01 4.722869999999999891e+03 2.694309539638783463e+03 3.963074062738896828e+02 0.000000000000000000e+00 1.364042063589574472e+00 1.376999999999999957e+01
5.619066000000000000e+06 1.000000000000000000e+00 6.600000000000000000e+01 1.181430000000000291e+03 2.712206737638784034e+03 3.910112284738897870e+02 0.000000000000000000e+00 2.646561052526162250e+00 2.400000000000000050e-02
5.619232000000000000e+06 1.000000000000000000e+00 6.500000000000000000e+01 1.181479999999999563e+03 2.722888539638784096e+03 4.072770462738890274e+02 0.000000000000000000e+00 3.994671738980970943e+00 2.400000000000000050e-02
5.619066000000000000e+06 1.000000000000000000e+00 6.600000000000000000e+01 1.183930000000000291e+03 2.715894839638784106e+03 3.942271162738898056e+02 0.000000000000000000e+00 4.110992406932464149e+00 9.199999999999999845e-02
5.620480000000000000e+06 0.000000000000000000e+00 6.500000000000000000e+01 1.202550000000000182e+03 2.719593809638783569e+03 3.859726662738894447e+02 0.000000000000000000e+00 1.032499332767552014e+00 2.400000000000000050e-02
5.620480000000000000e+06 0.000000000000000000e+00 6.500000000000000000e+01 1.201280000000000655e+03 2.716955579638784002e+03 3.853015162738893196e+02 0.000000000000000000e+00 1.178859870316235403e+00 2.400000000000000050e-02
5.620480000000000000e+06 1.000000000000000000e+00 6.600000000000000000e+01 1.197109999999999673e+03 2.713253659638783574e+03 3.883149862738891898e+02 0.000000000000000000e+00 1.879215396553379547e+00 6.099999999999999867e-02
5.620480000000000000e+06 1.000000000000000000e+00 6.600000000000000000e+01 1.197890000000000327e+03 2.709927749638784007e+03 3.872272362738895026e+02 0.000000000000000000e+00 1.816109405454503944e+00 1.000000000000000000e+01
5.620480000000000000e+06 1.000000000000000000e+00 6.600000000000000000e+01 1.197609999999999673e+03 2.710026409638783662e+03 3.874536062738898181e+02 0.000000000000000000e+00 2.043634890690612327e+00 6.099999999999999867e-02
5.620482000000000000e+06 1.000000000000000000e+00 6.500000000000000000e+01 1.212550000000000182e+03 2.710764713638784087e+03 3.898810162738891449e+02 0.000000000000000000e+00 2.517100528863459807e+00 2.039999999999999869e-01
5.620481000000000000e+06 1.000000000000000000e+00 6.500000000000000000e+01 1.203670000000000073e+03 2.709395569638783854e+03 3.834755162738892977e+02 0.000000000000000000e+00 4.341161037115478294e+00 9.199999999999999845e-02
5.620477000000000000e+06 0.000000000000000000e+00 6.500000000000000000e+01 1.191630000000000109e+03 2.719117179638783455e+03 3.819201862738891577e+02 0.000000000000000000e+00 3.266701690631223620e+00 9.199999999999999845e-02
5.620476000000000000e+06 1.000000000000000000e+00 6.500000000000000000e+01 1.188340000000000146e+03 2.721041809638783889e+03 3.815187462738895192e+02 0.000000000000000000e+00 1.536134707695281376e+00 9.199999999999999845e-02
5.620477000000000000e+06 0.000000000000000000e+00 6.500000000000000000e+01 1.191340000000000146e+03 2.720537539638783528e+03 3.828537962738892020e+02 0.000000000000000000e+00 3.420126033986161662e+00 9.199999999999999845e-02
5.620477000000000000e+06 0.000000000000000000e+00 6.500000000000000000e+01 1.192789999999999964e+03 2.720248359638783768e+03 3.837087362738893717e+02 0.000000000000000000e+00 3.826391416421091929e+00 9.199999999999999845e-02
5.620479000000000000e+06 0.000000000000000000e+00 6.600000000000000000e+01 1.194749999999999091e+03 2.716103989638783787e+03 3.850184462738889124e+02 0.000000000000000000e+00 2.293535167967653887e+00 4.169999999999999818e-01
5.620480000000000000e+06 1.000000000000000000e+00 6.600000000000000000e+01 1.194039999999999964e+03 2.716507659638783480e+03 3.889658462738889284e+02 0.000000000000000000e+00 1.182355926891320408e+00 9.199999999999999845e-02
5.620481000000000000e+06 1.000000000000000000e+00 6.600000000000000000e+01 1.190659999999999854e+03 2.725999339638783567e+03 3.921569562738895911e+02 0.000000000000000000e+00 4.728844603282539971e+00 5.000000000000000000e-01
5.620482000000000000e+06 1.000000000000000000e+00 6.600000000000000000e+01 1.194829999999999927e+03 2.725943939638784286e+03 4.000907662738891304e+02 0.000000000000000000e+00 2.987099558394573862e+00 6.099999999999999867e-02
5.620482000000000000e+06 1.000000000000000000e+00 6.600000000000000000e+01 1.194829999999999927e+03 2.725943939638784286e+03 4.000907662738891304e+02 0.000000000000000000e+00 2.987099558394573862e+00 7.357000000000000206e+00
5.611698000000000000e+06 1.000000000000000000e+00 6.500000000000000000e+01 3.935999999999994543e+02 2.711508039638783885e+03 3.910483462738893650e+02 0.000000000000000000e+00 7.371234355385988479e+00 7.781340000000000479e-02
5.611699000000000000e+06 0.000000000000000000e+00 6.500000000000000000e+01 3.897500000000000000e+02 2.707660289638783979e+03 3.960504262738895704e+02 1.000000000000000000e+00 2.587016660190406103e+00 7.000000000000000000e+00
5.454328000000000000e+06 0.000000000000000000e+00 6.500000000000000000e+01 4.733690000000000509e+03 2.709203569638783847e+03 4.091656462738892515e+02 1.000000000000000000e+00 1.886531756654481917e+00 7.000000000000000000e+00
5.538270000000000000e+06 0.000000000000000000e+00 6.500000000000000000e+01 3.174130000000000109e+03 2.723174039638784052e+03 4.014458462738894013e+02 1.000000000000000000e+00 1.389502182138367070e+00 7.000000000000000000e+00
5.289199000000000000e+06 0.000000000000000000e+00 6.600000000000000000e+01 8.309266999999999825e+03 2.742306139638783861e+03 4.708718462738897870e+02 1.000000000000000000e+00 1.968143148783905838e+00 7.000000000000000000e+00
