2.810204500000000000e+07 1.000000000000000000e+00 6.500000000000000000e+01 5.176247141387189004e+03 1.578350000000000364e+03 3.156948794239526251e+03 0.000000000000000000e+00 5.195190977202214455e+00 3.229999999999999716e+01
2.810204500000000000e+07 1.000000000000000000e+00 6.500000000000000000e+01 5.178332091387189394e+03 1.578649999999999636e+03 3.158764374239525750e+03 0.000000000000000000e+00 6.736996919083885871e+00 6.099999999999999867e-02
2.810100200000000000e+07 1.000000000000000000e+00 6.500000000000000000e+01 5.186714971387188598e+03 1.576960000000000036e+03 3.153753234239526137e+03 0.000000000000000000e+00 2.723285109061535980e+00 1.078999999999999915e+01
2.810100200000000000e+07 1.000000000000000000e+00 6.500000000000000000e+01 5.187156771387189110e+03 1.576430000000000291e+03 3.153379004239525784e+03 0.000000000000000000e+00 2.943517401500759689e+00 1.339000000000000057e+01
2.810100200000000000e+07 1.000000000000000000e+00 6.500000000000000000e+01 5.186226171387188515e+03 1.579879999999999200e+03 3.157668484239526151e+03 0.000000000000000000e+00 5.375854563902459304e+00 2.400000000000000050e-02
2.810100200000000000e+07 1.000000000000000000e+00 6.500000000000000000e+01 5.186171971387188933e+03 1.580089999999999236e+03 3.157918194239526201e+03 0.000000000000000000e+00 5.658100588082799476e+00 3.229999999999999716e+01
2.810100200000000000e+07 1.000000000000000000e+00 6.500000000000000000e+01 5.188639871387188578e+03 1.580150000000000546e+03 3.160626824239526286e+03 0.000000000000000000e+00 8.183779635343739756e+00 9.199999999999999845e-02
2.810100200000000000e+07 1.000000000000000000e+00 6.500000000000000000e+01 5.182577241387189133e+03 1.580649999999999636e+03 3.160746074239526024e+03 0.000000000000000000e+00 9.766307059014771141e+00 9.199999999999999845e-02
2.810204100000000000e+07 1.000000000000000000e+00 6.600000000000000000e+01 5.173093467387188866e+03 1.590869999999999891e+03 3.164833984239526217e+03 0.000000000000000000e+00 2.710154970251259954e+00 9.199999999999999845e-02
2.810204200000000000e+07 1.000000000000000000e+00 6.600000000000000000e+01 5.167397781387188843e+03 1.597130000000000109e+03 3.166463374239526274e+03 0.000000000000000000e+00 4.895508068984053551e+00 2.400000000000000050e-02
2.810204200000000000e+07 1.000000000000000000e+00 6.600000000000000000e+01 5.167397781387188843e+03 1.597130000000000109e+03 3.166463374239526274e+03 0.000000000000000000e+00 4.895508068984053551e+00 7.381770000000000387e+00
2.810204500000000000e+07 1.000000000000000000e+00 6.500000000000000000e+01 5.172706847487189407e+03 1.573120000000000800e+03 3.158497784239525572e+03 0.000000000000000000e+00 4.810754750587240558e+00 9.199999999999999845e-02
2.810197300000000000e+07 1.000000000000000000e+00 6.500000000000000000e+01 5.175315331387188962e+03 1.571759999999999309e+03 3.161792544239526251e+03 0.000000000000000000e+00 5.722953340612968454e+00 2.400000000000000050e-02
2.810197200000000000e+07 1.000000000000000000e+00 6.500000000000000000e+01 5.171535761387189268e+03 1.572010000000000218e+03 3.159892934239525857e+03 0.000000000000000000e+00 5.473989799628649955e+00 1.000000000000000021e-02
2.810204500000000000e+07 1.000000000000000000e+00 6.500000000000000000e+01 5.174094411387189211e+03 1.575159999999999854e+03 3.162145914239526064e+03 0.000000000000000000e+00 4.502855921553783780e+00 9.199999999999999845e-02
2.810204300000000000e+07 1.000000000000000000e+00 6.500000000000000000e+01 5.167117951387189350e+03 1.571820000000000618e+03 3.172177274239526014e+03 0.000000000000000000e+00 3.829690856371676944e+00 2.039999999999999869e-01
2.810204300000000000e+07 1.000000000000000000e+00 6.500000000000000000e+01 5.165225731387188716e+03 1.571339999999999236e+03 3.175188974239526033e+03 0.000000000000000000e+00 5.936933424960185945e+00 9.199999999999999845e-02
2.810197600000000000e+07 1.000000000000000000e+00 6.600000000000000000e+01 5.160413571387189222e+03 1.565569999999999709e+03 3.175419074239525798e+03 0.000000000000000000e+00 5.961177243219175637e+00 2.400000000000000050e-02
2.810100200000000000e+07 1.000000000000000000e+00 6.500000000000000000e+01 5.191104771387188521e+03 1.577630000000000109e+03 3.150746384239526378e+03 0.000000000000000000e+00 2.537900084743516249e+00 6.099999999999999867e-02
2.810100200000000000e+07 1.000000000000000000e+00 6.500000000000000000e+01 5.184500571387188756e+03 1.581819999999999709e+03 3.152668594239526101e+03 0.000000000000000000e+00 4.101279111708143077e+00 2.400000000000000050e-02
2.810178900000000000e+07 1.000000000000000000e+00 6.600000000000000000e+01 5.178322921387189126e+03 1.597800000000000182e+03 3.150995164239526275e+03 0.000000000000000000e+00 6.359288705813303189e+00 6.099999999999999867e-02
2.810178900000000000e+07 1.000000000000000000e+00 6.600000000000000000e+01 5.178225081387188766e+03 1.597840000000000146e+03 3.151309864239526178e+03 0.000000000000000000e+00 6.527231901411181703e+00 2.400000000000000050e-02
2.810178900000000000e+07 1.000000000000000000e+00 6.600000000000000000e+01 5.177782321387188858e+03 1.597399999999999636e+03 3.148651634239526174e+03 0.000000000000000000e+00 6.419889998936786135e+00 2.400000000000000050e-02
2.810179000000000000e+07 1.000000000000000000e+00 6.600000000000000000e+01 5.188111371387189138e+03 1.602010000000000218e+03 3.155712996239525637e+03 0.000000000000000000e+00 1.940348179218103208e+00 9.199999999999999845e-02
2.810179000000000000e+07 1.000000000000000000e+00 6.600000000000000000e+01 5.186284771387188812e+03 1.601109999999999673e+03 3.155928844239526370e+03 0.000000000000000000e+00 1.258797531199358222e+00 9.199999999999999845e-02
2.810179000000000000e+07 1.000000000000000000e+00 6.600000000000000000e+01 5.179184291387188750e+03 1.596819999999999709e+03 3.159550654239526011e+03 0.000000000000000000e+00 8.835793047642106046e+00 1.078999999999999915e+01
2.810179000000000000e+07 1.000000000000000000e+00 6.600000000000000000e+01 5.179184291387188750e+03 1.596819999999999709e+03 3.159550654239526011e+03 0.000000000000000000e+00 8.835793047642106046e+00 3.074509999999999743e-01
2.810179000000000000e+07 1.000000000000000000e+00 6.600000000000000000e+01 5.179184291387188750e+03 1.596819999999999709e+03 3.159550654239526011e+03 0.000000000000000000e+00 8.835793047642106046e+00 4.348799999999999888e-02
