5.293775700000000000e+07 1.000000000000000000e+00 6.500000000000000000e+01 4.543670000000000073e+03 8.707942222111196315e+03 6.042898104913761927e+03 0.000000000000000000e+00 1.882191571630208671e+00 1.605000000000000071e+01
5.286570700000000000e+07 1.000000000000000000e+00 6.500000000000000000e+01 6.494859999999999673e+03 9.625964222111197159e+03 6.107583004913761215e+03 0.000000000000000000e+00 7.120256275309617244e+00 3.229999999999999716e+01
5.290855500000000000e+07 1.000000000000000000e+00 6.500000000000000000e+01 7.174722999999999956e+03 1.014298422211119760e+04 6.086640004913761913e+03 0.000000000000000000e+00 7.767970644075067099e+00 5.390000000000000000e+02
5.290849600000000000e+07 1.000000000000000000e+00 6.500000000000000000e+01 7.224204999999999927e+03 1.009914422211119745e+04 6.072518004913761615e+03 0.000000000000000000e+00 1.067932080426725383e+00 1.605000000000000071e+01
5.290849600000000000e+07 1.000000000000000000e+00 6.500000000000000000e+01 7.228350999999999658e+03 1.009467422211119811e+04 6.071161004913761644e+03 0.000000000000000000e+00 5.587844853677584211e+00 1.078999999999999915e+01
5.290953900000000000e+07 1.000000000000000000e+00 6.600000000000000000e+01 7.257207999999999629e+03 1.007039422211119745e+04 6.058751204913761285e+03 0.000000000000000000e+00 3.369304195881095865e+00 1.078999999999999915e+01
5.290954000000000000e+07 1.000000000000000000e+00 6.600000000000000000e+01 7.257561999999999898e+03 1.007056422211119752e+04 6.060445004913761295e+03 0.000000000000000000e+00 3.700487400830896778e+00 9.199999999999999845e-02
5.290698200000000000e+07 1.000000000000000000e+00 6.600000000000000000e+01 7.264720000000000255e+03 1.007868422211119832e+04 6.076438004913761688e+03 0.000000000000000000e+00 9.057243462334538364e+00 1.124000000000000021e+01
5.290698200000000000e+07 1.000000000000000000e+00 6.600000000000000000e+01 7.264720000000000255e+03 1.007868422211119832e+04 6.076438004913761688e+03 0.000000000000000000e+00 9.057243462334538364e+00 3.508840000000000181e+00
5.290849600000000000e+07 1.000000000000000000e+00 6.500000000000000000e+01 7.230387999999999920e+03 1.009246422211119716e+04 6.075102004913761448e+03 0.000000000000000000e+00 6.098316333838104342e+00 4.600000000000000200e-01
5.290850100000000000e+07 1.000000000000000000e+00 6.600000000000000000e+01 7.239685000000000400e+03 1.009983422211119796e+04 6.072627004913761084e+03 0.000000000000000000e+00 2.336452850573369933e+00 9.199999999999999845e-02
5.290850100000000000e+07 0.000000000000000000e+00 6.600000000000000000e+01 7.241296000000000276e+03 1.010608422211119796e+04 6.065848004913761542e+03 0.000000000000000000e+00 4.725587799694537239e+00 4.169999999999999818e-01
5.290850300000000000e+07 1.000000000000000000e+00 6.500000000000000000e+01 7.241791000000000167e+03 1.010825422211119803e+04 6.064732004913761557e+03 0.000000000000000000e+00 3.884163915720619364e+00 4.169999999999999818e-01
5.290850200000000000e+07 1.000000000000000000e+00 6.600000000000000000e+01 7.243449999999999818e+03 1.010706422211119752e+04 6.077049004913761564e+03 0.000000000000000000e+00 1.619324704646056601e+00 2.400000000000000050e-02
5.290850100000000000e+07 1.000000000000000000e+00 6.600000000000000000e+01 7.243108000000000175e+03 1.010066422211119789e+04 6.078825004913761404e+03 0.000000000000000000e+00 2.187258969877535542e+00 9.199999999999999845e-02
5.290850200000000000e+07 1.000000000000000000e+00 6.600000000000000000e+01 7.241922999999999774e+03 1.010382422211119774e+04 6.080558004913761579e+03 0.000000000000000000e+00 1.141698104243607403e+00 2.400000000000000050e-02
5.290850100000000000e+07 1.000000000000000000e+00 6.600000000000000000e+01 7.247118000000000393e+03 1.009956422211119752e+04 6.072461004913761826e+03 0.000000000000000000e+00 6.827668091670852313e+00 9.199999999999999845e-02
5.290849700000000000e+07 1.000000000000000000e+00 6.500000000000000000e+01 7.233877999999999702e+03 1.009924422211119781e+04 6.076410004913761441e+03 0.000000000000000000e+00 4.396252871011164132e+00 9.199999999999999845e-02
5.290850200000000000e+07 1.000000000000000000e+00 6.600000000000000000e+01 7.241762999999999920e+03 1.010315422211119767e+04 6.080637004913761302e+03 0.000000000000000000e+00 1.788831995633717753e+00 9.199999999999999845e-02
5.290808700000000000e+07 1.000000000000000000e+00 6.500000000000000000e+01 7.227216999999999643e+03 1.008401422211119825e+04 6.074783004913761943e+03 0.000000000000000000e+00 9.608187537146243296e-01 6.099999999999999867e-02
5.290808800000000000e+07 1.000000000000000000e+00 6.500000000000000000e+01 7.234542000000000371e+03 1.008639422211119745e+04 6.062777004913761630e+03 0.000000000000000000e+00 9.206515971382243535e+00 4.169999999999999818e-01
5.290946100000000000e+07 1.000000000000000000e+00 6.600000000000000000e+01 7.235458999999999833e+03 1.007814422211119745e+04 6.055087004913761120e+03 0.000000000000000000e+00 7.000090240272514919e+00 9.199999999999999845e-02
5.290946100000000000e+07 1.000000000000000000e+00 6.600000000000000000e+01 7.236090000000000146e+03 1.007741422211119789e+04 6.053886104913761301e+03 0.000000000000000000e+00 6.481928351790444687e+00 6.099999999999999867e-02
5.290945800000000000e+07 1.000000000000000000e+00 6.500000000000000000e+01 7.239483000000000175e+03 1.006560422211119840e+04 6.043412004913761848e+03 0.000000000000000000e+00 1.837367586327148805e+00 4.169999999999999818e-01
5.290945800000000000e+07 1.000000000000000000e+00 6.500000000000000000e+01 7.242484999999999673e+03 1.006202422211119665e+04 6.041814004913761892e+03 0.000000000000000000e+00 6.492156531286960686e+00 9.199999999999999845e-02
5.290953600000000000e+07 1.000000000000000000e+00 6.600000000000000000e+01 7.257346999999999753e+03 1.006722422211119738e+04 6.045167704913761554e+03 0.000000000000000000e+00 2.151682657782796326e+00 1.078999999999999915e+01
5.290953600000000000e+07 1.000000000000000000e+00 6.600000000000000000e+01 7.257346999999999753e+03 1.006722422211119738e+04 6.045167704913761554e+03 0.000000000000000000e+00 2.151682657782796326e+00 2.861240000000000006e+00
5.290953600000000000e+07 1.000000000000000000e+00 6.600000000000000000e+01 7.257346999999999753e+03 1.006722422211119738e+04 6.045167704913761554e+03 0.000000000000000000e+00 2.151682657782796326e+00 1.104610000000000092e+00
5.286570700000000000e+07 1.000000000000000000e+00 6.500000000000000000e+01 6.494630000000000109e+03 9.626514222111198251e+03 6.107880004913761695e+03 0.000000000000000000e+00 7.549143399564932189e+00 1.339000000000000057e+01
5.286570700000000000e+07 1.000000000000000000e+00 6.500000000000000000e+01 6.495390000000000327e+03 9.627744222111197814e+03 6.108562004913761484e+03 0.000000000000000000e+00 9.063313166999602544e+00 1.078999999999999915e+01
5.286437800000000000e+07 1.000000000000000000e+00 6.600000000000000000e+01 6.491449999999999818e+03 9.626864222111196796e+03 6.118333004913761215e+03 0.000000000000000000e+00 4.555611391941367216e+00 6.099999999999999867e-02
5.286437800000000000e+07 1.000000000000000000e+00 6.600000000000000000e+01 6.490940000000000509e+03 9.626644222111197450e+03 6.118376004913761790e+03 0.000000000000000000e+00 4.950808221698077105e+00 2.039999999999999869e-01
5.286437800000000000e+07 1.000000000000000000e+00 6.600000000000000000e+01 6.491979999999999563e+03 9.629344222111198178e+03 6.120399004913761928e+03 0.000000000000000000e+00 2.287867463290161218e+00 4.169999999999999818e-01
5.286438000000000000e+07 0.000000000000000000e+00 6.500000000000000000e+01 6.496069999999999709e+03 9.645654222111197669e+03 6.114534004913761237e+03 0.000000000000000000e+00 3.548052546003492846e-01 6.099999999999999867e-02
5.286438000000000000e+07 0.000000000000000000e+00 6.500000000000000000e+01 6.496250000000000000e+03 9.646114222111196796e+03 6.113659004913761237e+03 0.000000000000000000e+00 1.342670291587023224e+00 6.099999999999999867e-02
5.286552400000000000e+07 1.000000000000000000e+00 6.500000000000000000e+01 6.498050000000000182e+03 9.647014222111198251e+03 6.107860004913761259e+03 0.000000000000000000e+00 3.802092941098172751e+00 2.400000000000000050e-02
5.286438200000000000e+07 0.000000000000000000e+00 6.500000000000000000e+01 6.500399000000000342e+03 9.646964222111197159e+03 6.110348004913761542e+03 0.000000000000000000e+00 1.851935820321744419e+00 6.099999999999999867e-02
5.286438200000000000e+07 0.000000000000000000e+00 6.500000000000000000e+01 6.500920000000000073e+03 9.646914222111197887e+03 6.110886004913761099e+03 0.000000000000000000e+00 1.931223228598685449e+00 6.099999999999999867e-02
5.286438200000000000e+07 1.000000000000000000e+00 6.500000000000000000e+01 6.502503999999999905e+03 9.639734222111197596e+03 6.109650004913761222e+03 0.000000000000000000e+00 1.382715248744362357e+00 1.078999999999999915e+01
5.286438200000000000e+07 1.000000000000000000e+00 6.500000000000000000e+01 6.502503999999999905e+03 9.639734222111197596e+03 6.109650004913761222e+03 0.000000000000000000e+00 1.382715248744362357e+00 9.687670000000000448e-01
5.286438200000000000e+07 1.000000000000000000e+00 6.500000000000000000e+01 6.502503999999999905e+03 9.639734222111197596e+03 6.109650004913761222e+03 0.000000000000000000e+00 1.382715248744362357e+00 3.218420000000000170e-01
5.286570700000000000e+07 1.000000000000000000e+00 6.500000000000000000e+01 6.495390000000000327e+03 9.627744222111197814e+03 6.108562004913761484e+03 0.000000000000000000e+00 9.063313166999602544e+00 1.711910000000000043e+00
5.286570600000000000e+07 1.000000000000000000e+00 6.500000000000000000e+01 6.484029999999999745e+03 9.627834222111197960e+03 6.110343004913761433e+03 0.000000000000000000e+00 8.994894635630261703e+00 1.124000000000000021e+01
5.286570600000000000e+07 1.000000000000000000e+00 6.500000000000000000e+01 6.484029999999999745e+03 9.627834222111197960e+03 6.110343004913761433e+03 0.000000000000000000e+00 8.994894635630261703e+00 7.068360000000000198e+00
5.293775700000000000e+07 1.000000000000000000e+00 6.500000000000000000e+01 4.542479999999999563e+03 8.710062222111197116e+03 6.043512104913761505e+03 0.000000000000000000e+00 3.902447859727980362e+00 1.078999999999999915e+01
5.293775800000000000e+07 1.000000000000000000e+00 6.500000000000000000e+01 4.539819999999999709e+03 8.714095222111198382e+03 6.040198704913761503e+03 0.000000000000000000e+00 9.004077475015881404e+00 1.078999999999999915e+01
5.293901100000000000e+07 1.000000000000000000e+00 6.500000000000000000e+01 4.551739999999999782e+03 8.733568222111196519e+03 6.041907204913761234e+03 0.000000000000000000e+00 1.716748990859678914e+00 8.349999999999999645e-01
5.293900600000000000e+07 1.000000000000000000e+00 6.600000000000000000e+01 4.545050000000000182e+03 8.736210222111196344e+03 6.026775304913761829e+03 0.000000000000000000e+00 2.812151437071383153e+00 9.199999999999999845e-02
5.293901000000000000e+07 1.000000000000000000e+00 6.500000000000000000e+01 4.545460000000000036e+03 8.730380222111198236e+03 6.032867504913761877e+03 0.000000000000000000e+00 5.277172590295446497e+00 9.199999999999999845e-02
5.293901000000000000e+07 1.000000000000000000e+00 6.500000000000000000e+01 4.545180000000000291e+03 8.728187222111197116e+03 6.032821504913761601e+03 0.000000000000000000e+00 6.752964978802881824e+00 9.199999999999999845e-02
5.293900500000000000e+07 1.000000000000000000e+00 6.600000000000000000e+01 4.536309999999999491e+03 8.731330222111197145e+03 6.029625604913761890e+03 0.000000000000000000e+00 4.358058095022927958e+00 2.400000000000000050e-02
5.293900600000000000e+07 1.000000000000000000e+00 6.600000000000000000e+01 4.534329999999999927e+03 8.732340222111197363e+03 6.034682404913761275e+03 0.000000000000000000e+00 4.151993302348295778e+00 6.099999999999999867e-02
5.293900600000000000e+07 1.000000000000000000e+00 6.600000000000000000e+01 4.534229999999999563e+03 8.728031222111196257e+03 6.033718004913761433e+03 0.000000000000000000e+00 8.548366975674456469e+00 6.099999999999999867e-02
5.293900600000000000e+07 1.000000000000000000e+00 6.600000000000000000e+01 4.534189999999999600e+03 8.728545222111197290e+03 6.034013904913761507e+03 0.000000000000000000e+00 7.999216170291878036e+00 2.400000000000000050e-02
5.293775200000000000e+07 1.000000000000000000e+00 6.600000000000000000e+01 4.548360000000000582e+03 8.706564222111197523e+03 6.025301104913761264e+03 0.000000000000000000e+00 3.951719254414773896e+00 5.000000000000000000e-01
5.293775200000000000e+07 1.000000000000000000e+00 6.600000000000000000e+01 4.548500000000000000e+03 8.705467222111197771e+03 6.020573604913761301e+03 0.000000000000000000e+00 5.455377397039870679e+00 9.199999999999999845e-02
5.293775200000000000e+07 1.000000000000000000e+00 6.600000000000000000e+01 4.550139999999999418e+03 8.706134222111197232e+03 6.018674104913761767e+03 0.000000000000000000e+00 6.212769070477997424e+00 9.199999999999999845e-02
5.293775200000000000e+07 1.000000000000000000e+00 6.600000000000000000e+01 4.550139999999999418e+03 8.706134222111197232e+03 6.018674104913761767e+03 0.000000000000000000e+00 6.212769070477997424e+00 7.311209999999999987e+00
5.293775700000000000e+07 1.000000000000000000e+00 6.500000000000000000e+01 4.540819999999999709e+03 8.712598222111197174e+03 6.038487004913761666e+03 0.000000000000000000e+00 8.686359099852966281e+00 9.199999999999999845e-02
5.293775700000000000e+07 1.000000000000000000e+00 6.500000000000000000e+01 4.541210000000000036e+03 8.712014222111196432e+03 6.037819004913761091e+03 0.000000000000000000e+00 8.607820538378506470e+00 2.039999999999999869e-01
5.293775700000000000e+07 1.000000000000000000e+00 6.500000000000000000e+01 4.542479999999999563e+03 8.710062222111197116e+03 6.043512104913761505e+03 0.000000000000000000e+00 3.902447859727980362e+00 5.558679999999999843e+00
7.536990200000000000e+07 0.000000000000000000e+00 6.500000000000000000e+01 1.124335000000000036e+04 9.187648222111198265e+03 8.753628004913760378e+03 1.000000000000000000e+00 1.299655771662122872e+00 4.900000000000000000e+01
