6.629314300000000000e+07 1.000000000000000000e+00 6.500000000000000000e+01 9.795069999999999709e+03 6.087961826978106728e+03 7.736011637940387118e+03 0.000000000000000000e+00 8.956352348713321199e-01 1.605000000000000071e+01
6.629314300000000000e+07 1.000000000000000000e+00 6.500000000000000000e+01 9.795360000000000582e+03 6.087303626978106877e+03 7.734747337940387297e+03 0.000000000000000000e+00 8.746997742948381394e-01 8.220000000000000639e+00
6.629314400000000000e+07 1.000000000000000000e+00 6.500000000000000000e+01 9.798549999999999272e+03 6.086989026978106267e+03 7.729549467940387331e+03 0.000000000000000000e+00 1.979159163412408384e+00 1.078999999999999915e+01
6.629314200000000000e+07 1.000000000000000000e+00 6.600000000000000000e+01 9.802049999999999272e+03 6.086297626978106564e+03 7.725824257940387724e+03 0.000000000000000000e+00 3.958346300112651761e+00 9.199999999999999845e-02
6.629314500000000000e+07 1.000000000000000000e+00 6.500000000000000000e+01 9.795399999999999636e+03 6.089547326978106867e+03 7.721013867940387172e+03 0.000000000000000000e+00 3.831023737142166485e+00 6.099999999999999867e-02
6.629314600000000000e+07 1.000000000000000000e+00 6.500000000000000000e+01 9.792069999999999709e+03 6.089425826978106670e+03 7.717188067940387555e+03 0.000000000000000000e+00 7.589747855725671677e+00 9.199999999999999845e-02
6.629314600000000000e+07 1.000000000000000000e+00 6.500000000000000000e+01 9.793000000000000000e+03 6.090313626978106186e+03 7.720691867940387056e+03 0.000000000000000000e+00 4.537375281058543486e+00 9.199999999999999845e-02
6.629314300000000000e+07 1.000000000000000000e+00 6.500000000000000000e+01 9.800309999999999491e+03 6.087351926978106349e+03 7.729952237940387022e+03 0.000000000000000000e+00 1.569739637495897400e+00 6.099999999999999867e-02
6.629155700000000000e+07 1.000000000000000000e+00 6.600000000000000000e+01 9.804079999999999927e+03 6.108893786978106618e+03 7.741661877940387058e+03 0.000000000000000000e+00 9.741844289296265558e+00 9.199999999999999845e-02
6.629156300000000000e+07 1.000000000000000000e+00 6.500000000000000000e+01 9.786600000000000364e+03 6.113816326978106190e+03 7.760754567940387460e+03 0.000000000000000000e+00 2.849366844211460137e+00 9.199999999999999845e-02
6.629156200000000000e+07 1.000000000000000000e+00 6.500000000000000000e+01 9.785700000000000728e+03 6.112755926978106800e+03 7.759267967940387280e+03 0.000000000000000000e+00 4.524813725671441134e+00 9.199999999999999845e-02
6.629156300000000000e+07 1.000000000000000000e+00 6.500000000000000000e+01 9.780940000000000509e+03 6.115938026978106791e+03 7.759830367940387077e+03 0.000000000000000000e+00 2.712485966322266240e+00 9.199999999999999845e-02
6.629149300000000000e+07 1.000000000000000000e+00 6.500000000000000000e+01 9.780639999999999418e+03 6.125974826978106648e+03 7.758423767940387734e+03 0.000000000000000000e+00 7.685874402737517208e+00 4.169999999999999818e-01
6.629149300000000000e+07 1.000000000000000000e+00 6.500000000000000000e+01 9.780469999999999345e+03 6.126144226978106417e+03 7.758415567940387518e+03 0.000000000000000000e+00 7.519089003371157709e+00 2.400000000000000050e-02
6.629316200000000000e+07 1.000000000000000000e+00 6.500000000000000000e+01 9.772270000000000437e+03 6.131024826978106830e+03 7.757098767940387006e+03 0.000000000000000000e+00 4.302899009629546079e+00 9.199999999999999845e-02
6.629316200000000000e+07 1.000000000000000000e+00 6.500000000000000000e+01 9.771569999999999709e+03 6.129310326978106787e+03 7.755566767940387763e+03 0.000000000000000000e+00 2.061200247380052808e+00 9.199999999999999845e-02
6.629316200000000000e+07 1.000000000000000000e+00 6.500000000000000000e+01 9.772729999999999563e+03 6.129751926978106894e+03 7.757413667940387313e+03 0.000000000000000000e+00 3.952565882444429857e+00 9.199999999999999845e-02
6.629149200000000000e+07 1.000000000000000000e+00 6.500000000000000000e+01 9.773600000000000364e+03 6.131766626978106615e+03 7.759502867940387659e+03 0.000000000000000000e+00 5.123532128976993505e+00 6.099999999999999867e-02
6.629316600000000000e+07 1.000000000000000000e+00 6.600000000000000000e+01 9.771729999999999563e+03 6.140658926978106138e+03 7.751795067940387526e+03 0.000000000000000000e+00 7.107367094322992740e-01 9.199999999999999845e-02
6.629316600000000000e+07 1.000000000000000000e+00 6.600000000000000000e+01 9.771729999999999563e+03 6.140658926978106138e+03 7.751795067940387526e+03 0.000000000000000000e+00 7.107367094322992740e-01 7.399359999999999715e+00
6.629314400000000000e+07 1.000000000000000000e+00 6.500000000000000000e+01 9.798549999999999272e+03 6.086989026978106267e+03 7.729549467940387331e+03 0.000000000000000000e+00 1.979159163412408384e+00 3.089999999999999858e+00
