3.870057600000000000e+07 1.000000000000000000e+00 6.600000000000000000e+01 5.037420000000000073e+03 5.305394666621019496e+03 4.424047672093734946e+03 0.000000000000000000e+00 3.927891081619755642e+00 1.339000000000000057e+01
5.161149900000000000e+07 1.000000000000000000e+00 6.500000000000000000e+01 1.130761999999999898e+04 4.807369666621018951e+03 6.233648672093733694e+03 0.000000000000000000e+00 8.560679176077149677e+00 1.078999999999999915e+01
3.870057600000000000e+07 1.000000000000000000e+00 6.600000000000000000e+01 5.037489999999999782e+03 5.305353666621019329e+03 4.424112672093735455e+03 0.000000000000000000e+00 3.908676190215793156e+00 1.078999999999999915e+01
3.870057600000000000e+07 1.000000000000000000e+00 6.600000000000000000e+01 5.037489999999999782e+03 5.305353666621019329e+03 4.424112672093735455e+03 0.000000000000000000e+00 3.908676190215793156e+00 5.966739999999999711e+00
3.870057600000000000e+07 1.000000000000000000e+00 6.600000000000000000e+01 5.037489999999999782e+03 5.305353666621019329e+03 4.424112672093735455e+03 0.000000000000000000e+00 3.908676190215793156e+00 1.342670000000000030e+00
2.937524900000000000e+07 1.000000000000000000e+00 6.500000000000000000e+01 1.109609999999999673e+03 5.496832966621019295e+03 3.506042172093734735e+03 0.000000000000000000e+00 9.249383859644911610e+00 6.099999999999999867e-02
2.937524500000000000e+07 1.000000000000000000e+00 6.600000000000000000e+01 1.104409999999999854e+03 5.494445766621019175e+03 3.495385272093734784e+03 0.000000000000000000e+00 8.577057659002113255e+00 9.199999999999999845e-02
2.937534900000000000e+07 1.000000000000000000e+00 6.500000000000000000e+01 1.123479999999999563e+03 5.495967666621019816e+03 3.490242372093734957e+03 0.000000000000000000e+00 6.309325337172795756e+00 1.124000000000000021e+01
2.937534900000000000e+07 1.000000000000000000e+00 6.500000000000000000e+01 1.123479999999999563e+03 5.495967666621019816e+03 3.490242372093734957e+03 0.000000000000000000e+00 6.309325337172795756e+00 3.757680000000000131e+00
2.930584200000000000e+07 1.000000000000000000e+00 6.500000000000000000e+01 3.725079999999999927e+03 5.029721666621019722e+03 3.340435872093734361e+03 1.000000000000000000e+00 6.348572611884673034e-01 1.350000000000000000e+02
