2.871070000000000000e+07 1.000000000000000000e+00 6.600000000000000000e+01 9.872902976048208075e+03 1.702960000000000036e+03 3.359861905714888053e+03 0.000000000000000000e+00 8.220393423194161997e+00 1.339000000000000057e+01
2.896532100000000000e+07 1.000000000000000000e+00 6.500000000000000000e+01 1.001873897604820922e+04 5.396090000000000146e+03 3.391756995714888035e+03 0.000000000000000000e+00 2.291489763741429542e+00 1.078999999999999915e+01
2.984002300000000000e+07 1.000000000000000000e+00 6.500000000000000000e+01 1.013318197604821034e+04 6.701997000000000298e+03 3.396386235714888244e+03 0.000000000000000000e+00 5.133618162827891851e+00 1.078999999999999915e+01
2.982789200000000000e+07 1.000000000000000000e+00 6.500000000000000000e+01 1.026322797604820880e+04 7.948847999999999956e+03 3.410592805714888527e+03 0.000000000000000000e+00 2.398833815490102772e+00 1.339000000000000057e+01
2.982550000000000000e+07 1.000000000000000000e+00 6.600000000000000000e+01 1.027596497604820979e+04 8.141143000000000029e+03 3.397274325714888619e+03 0.000000000000000000e+00 2.387253293615549055e+00 3.229999999999999716e+01
3.006717800000000000e+07 1.000000000000000000e+00 6.500000000000000000e+01 1.029979797604820851e+04 8.431756999999999607e+03 3.399891432714888651e+03 0.000000000000000000e+00 5.439097924735440515e+00 5.390000000000000000e+02
3.006780000000000000e+07 1.000000000000000000e+00 6.500000000000000000e+01 1.031833997604820979e+04 8.692149999999999636e+03 3.409865195714888614e+03 0.000000000000000000e+00 1.808833013126813327e+00 1.339000000000000057e+01
3.006893900000000000e+07 1.000000000000000000e+00 6.600000000000000000e+01 1.031699097604820781e+04 8.708129999999999200e+03 3.410555805714888265e+03 0.000000000000000000e+00 5.129031833398834728e+00 1.078999999999999915e+01
3.008015000000000000e+07 0.000000000000000000e+00 6.600000000000000000e+01 1.020993697604820954e+04 9.765069999999999709e+03 3.383080505714888204e+03 0.000000000000000000e+00 5.605106809264610135e+00 1.078999999999999915e+01
3.008100900000000000e+07 1.000000000000000000e+00 6.500000000000000000e+01 1.014309197604821020e+04 1.002693000000000029e+04 3.347497705714888070e+03 0.000000000000000000e+00 8.827615547261371987e+00 6.099999999999999867e-02
3.008100900000000000e+07 1.000000000000000000e+00 6.500000000000000000e+01 1.014145697604820816e+04 1.002662999999999920e+04 3.345236205714888456e+03 0.000000000000000000e+00 7.187623026714898167e+00 6.099999999999999867e-02
3.008100900000000000e+07 1.000000000000000000e+00 6.500000000000000000e+01 1.014149597604820883e+04 1.002667000000000007e+04 3.345283705714888129e+03 0.000000000000000000e+00 7.239264893540052981e+00 9.199999999999999845e-02
3.008015000000000000e+07 0.000000000000000000e+00 6.600000000000000000e+01 1.020993697604820954e+04 9.765069999999999709e+03 3.383080505714888204e+03 0.000000000000000000e+00 5.605106809264610135e+00 1.882540000000000102e+00
3.006893800000000000e+07 0.000000000000000000e+00 6.600000000000000000e+01 1.031483497604820877e+04 8.719590000000000146e+03 3.414296605714887846e+03 0.000000000000000000e+00 9.120690329752100256e-01 4.169999999999999818e-01
3.006894100000000000e+07 0.000000000000000000e+00 6.500000000000000000e+01 1.031154197604820911e+04 8.713649999999999636e+03 3.407172675714888101e+03 0.000000000000000000e+00 2.155212757596493667e+00 9.199999999999999845e-02
3.006909500000000000e+07 1.000000000000000000e+00 6.600000000000000000e+01 1.031603797604821011e+04 8.704369999999998981e+03 3.386115205714888361e+03 0.000000000000000000e+00 3.075763508388916545e+00 2.400000000000000050e-02
3.006909500000000000e+07 1.000000000000000000e+00 6.600000000000000000e+01 1.031724997604820965e+04 8.705239999999999782e+03 3.383718505714888124e+03 0.000000000000000000e+00 1.115158677790271113e+00 9.199999999999999845e-02
3.006909500000000000e+07 1.000000000000000000e+00 6.600000000000000000e+01 1.031772497604820819e+04 8.705569999999999709e+03 3.382779405714888526e+03 0.000000000000000000e+00 1.532285149292907489e+00 9.199999999999999845e-02
3.006894600000000000e+07 1.000000000000000000e+00 6.500000000000000000e+01 1.031552097604821029e+04 8.714579999999999927e+03 3.379380005714888284e+03 0.000000000000000000e+00 5.236607791276036927e+00 9.199999999999999845e-02
3.006894600000000000e+07 1.000000000000000000e+00 6.500000000000000000e+01 1.031619097604820854e+04 8.715630000000001019e+03 3.379246505714888372e+03 0.000000000000000000e+00 6.140010161911967579e+00 2.400000000000000050e-02
3.006894600000000000e+07 1.000000000000000000e+00 6.500000000000000000e+01 1.031377097604821029e+04 8.717760000000000218e+03 3.385504505714888182e+03 0.000000000000000000e+00 4.547120302223166100e+00 2.039999999999999869e-01
3.006902000000000000e+07 1.000000000000000000e+00 6.600000000000000000e+01 1.032005697604821034e+04 8.725719999999999345e+03 3.390054005714888262e+03 0.000000000000000000e+00 4.616038444012319886e+00 9.199999999999999845e-02
3.006902000000000000e+07 1.000000000000000000e+00 6.600000000000000000e+01 1.031832797604820917e+04 8.728530000000000655e+03 3.390420385714888653e+03 0.000000000000000000e+00 3.789118778545558008e+00 9.199999999999999845e-02
3.007035600000000000e+07 1.000000000000000000e+00 6.500000000000000000e+01 1.031936397604820922e+04 8.735459999999999127e+03 3.387986605714888356e+03 0.000000000000000000e+00 4.995883133013804489e+00 1.124000000000000021e+01
3.007035600000000000e+07 1.000000000000000000e+00 6.500000000000000000e+01 1.031936397604820922e+04 8.735459999999999127e+03 3.387986605714888356e+03 0.000000000000000000e+00 4.995883133013804489e+00 2.093379999999999797e+00
3.006780000000000000e+07 1.000000000000000000e+00 6.500000000000000000e+01 1.031833997604820979e+04 8.692149999999999636e+03 3.409865195714888614e+03 0.000000000000000000e+00 1.808833013126813327e+00 5.197619999999999685e+00
3.006717300000000000e+07 1.000000000000000000e+00 6.600000000000000000e+01 1.029369897604821017e+04 8.425769000000000233e+03 3.387013705714888602e+03 0.000000000000000000e+00 6.689727600542890507e+00 6.099999999999999867e-02
3.006717300000000000e+07 1.000000000000000000e+00 6.600000000000000000e+01 1.029078297604820909e+04 8.425629999999999200e+03 3.380879805714887880e+03 0.000000000000000000e+00 9.584507462420830848e+00 1.339000000000000057e+01
3.006717300000000000e+07 1.000000000000000000e+00 6.600000000000000000e+01 1.028987797604821026e+04 8.431296000000000276e+03 3.382869705714888369e+03 0.000000000000000000e+00 9.010099147293157529e+00 1.078999999999999915e+01
3.006717300000000000e+07 1.000000000000000000e+00 6.600000000000000000e+01 1.028987797604821026e+04 8.431296000000000276e+03 3.382869705714888369e+03 0.000000000000000000e+00 9.010099147293157529e+00 6.522489999999999677e-01
3.006717300000000000e+07 1.000000000000000000e+00 6.600000000000000000e+01 1.029078297604820909e+04 8.425629999999999200e+03 3.380879805714887880e+03 0.000000000000000000e+00 9.584507462420830848e+00 3.145550000000000068e+00
2.982550000000000000e+07 1.000000000000000000e+00 6.600000000000000000e+01 1.027592597604820912e+04 8.141240999999999985e+03 3.397041825714888546e+03 0.000000000000000000e+00 2.410197574617698457e+00 1.124000000000000021e+01
2.982549600000000000e+07 1.000000000000000000e+00 6.500000000000000000e+01 1.027354397604820952e+04 8.147250000000000000e+03 3.382825005714887993e+03 0.000000000000000000e+00 3.079463869126330966e+00 1.339000000000000057e+01
2.982549600000000000e+07 1.000000000000000000e+00 6.500000000000000000e+01 1.027328797604821011e+04 8.147930999999999585e+03 3.381491605714888465e+03 0.000000000000000000e+00 3.510449051632177575e+00 1.078999999999999915e+01
2.982549600000000000e+07 1.000000000000000000e+00 6.500000000000000000e+01 1.027327397604820908e+04 8.147975999999999658e+03 3.381442305714887880e+03 0.000000000000000000e+00 3.557187591520512893e+00 1.339000000000000057e+01
2.982549600000000000e+07 1.000000000000000000e+00 6.500000000000000000e+01 1.027401197604820845e+04 8.145765999999999622e+03 3.381651805714887814e+03 0.000000000000000000e+00 1.690058002839619489e+00 1.078999999999999915e+01
2.982549500000000000e+07 1.000000000000000000e+00 6.500000000000000000e+01 1.028139897604820908e+04 8.145605999999999767e+03 3.378770305714888309e+03 0.000000000000000000e+00 1.164423746510329982e+00 4.169999999999999818e-01
2.982549600000000000e+07 1.000000000000000000e+00 6.500000000000000000e+01 1.027740197604820787e+04 8.148702000000000226e+03 3.377067505714888284e+03 0.000000000000000000e+00 5.252685861969450976e+00 4.169999999999999818e-01
2.982549400000000000e+07 1.000000000000000000e+00 6.500000000000000000e+01 1.029144297604820895e+04 8.152077000000000226e+03 3.371208605714888108e+03 0.000000000000000000e+00 6.712001659997353542e+00 8.220000000000000639e+00
2.982549400000000000e+07 1.000000000000000000e+00 6.500000000000000000e+01 1.029144297604820895e+04 8.152077000000000226e+03 3.371208605714888108e+03 0.000000000000000000e+00 6.712001659997353542e+00 2.894719999999999960e+00
2.982549600000000000e+07 1.000000000000000000e+00 6.500000000000000000e+01 1.027155397604820973e+04 8.147951000000000022e+03 3.380554505714888364e+03 0.000000000000000000e+00 3.951619623404185599e+00 2.400000000000000050e-02
2.982549600000000000e+07 1.000000000000000000e+00 6.500000000000000000e+01 1.027642397604820871e+04 8.142564999999999600e+03 3.377163005714888641e+03 0.000000000000000000e+00 1.431806039096782612e+00 2.400000000000000050e-02
2.982549500000000000e+07 1.000000000000000000e+00 6.600000000000000000e+01 1.027861197604820882e+04 8.134347999999999956e+03 3.377203705714888201e+03 0.000000000000000000e+00 3.622182716174426886e+00 2.039999999999999869e-01
2.982549500000000000e+07 1.000000000000000000e+00 6.600000000000000000e+01 1.027654197604820911e+04 8.129788999999999760e+03 3.373262405714887791e+03 0.000000000000000000e+00 5.060897702146313293e+00 6.099999999999999867e-02
2.982549700000000000e+07 1.000000000000000000e+00 6.500000000000000000e+01 1.026974697604820904e+04 8.131784999999999854e+03 3.376189305714888178e+03 0.000000000000000000e+00 5.635201208247926807e+00 9.199999999999999845e-02
2.982549700000000000e+07 1.000000000000000000e+00 6.500000000000000000e+01 1.026603597604820970e+04 8.132451000000000022e+03 3.376118805714888367e+03 0.000000000000000000e+00 7.586041053924093447e+00 2.400000000000000050e-02
2.982549700000000000e+07 1.000000000000000000e+00 6.500000000000000000e+01 1.027093697604820773e+04 8.133855999999999767e+03 3.379174005714888153e+03 0.000000000000000000e+00 1.931723234998142580e+00 6.099999999999999867e-02
2.982549800000000000e+07 1.000000000000000000e+00 6.500000000000000000e+01 1.027312297604820924e+04 8.130773000000000138e+03 3.382357105714888348e+03 0.000000000000000000e+00 6.119895013575020748e-01 9.199999999999999845e-02
2.982549900000000000e+07 1.000000000000000000e+00 6.500000000000000000e+01 1.027643697604820954e+04 8.129729999999999563e+03 3.386873305714888374e+03 0.000000000000000000e+00 1.406087908728965497e+00 9.199999999999999845e-02
2.982549900000000000e+07 1.000000000000000000e+00 6.500000000000000000e+01 1.027643697604820954e+04 8.129729999999999563e+03 3.386873305714888374e+03 0.000000000000000000e+00 1.406087908728965497e+00 7.327569999999999695e+00
2.982549600000000000e+07 1.000000000000000000e+00 6.500000000000000000e+01 1.027280197604820933e+04 8.146364999999999782e+03 3.382243505714888670e+03 0.000000000000000000e+00 2.004169895317474026e+00 4.169999999999999818e-01
2.982549700000000000e+07 1.000000000000000000e+00 6.500000000000000000e+01 1.026773897604820922e+04 8.136262999999999920e+03 3.380093305714888629e+03 0.000000000000000000e+00 2.923668198010889618e+00 1.078999999999999915e+01
2.982557400000000000e+07 1.000000000000000000e+00 6.500000000000000000e+01 1.026056797604820895e+04 8.158202999999999520e+03 3.354726805714888542e+03 0.000000000000000000e+00 9.769959679547856268e+00 6.099999999999999867e-02
2.982557400000000000e+07 1.000000000000000000e+00 6.500000000000000000e+01 1.026140097604820949e+04 8.149788000000000466e+03 3.361274505714888619e+03 0.000000000000000000e+00 1.132008067578157862e+00 6.099999999999999867e-02
2.982557300000000000e+07 0.000000000000000000e+00 6.500000000000000000e+01 1.026332897604820937e+04 8.147208999999999833e+03 3.359591905714888526e+03 0.000000000000000000e+00 1.619853219471886874e+00 9.199999999999999845e-02
2.982557300000000000e+07 0.000000000000000000e+00 6.500000000000000000e+01 1.026310297604820880e+04 8.147077000000000226e+03 3.360579505714888001e+03 0.000000000000000000e+00 1.977646137935441528e+00 9.199999999999999845e-02
2.982557400000000000e+07 1.000000000000000000e+00 6.500000000000000000e+01 1.026091197604820991e+04 8.149909999999999854e+03 3.362154805714888425e+03 0.000000000000000000e+00 1.318832298563539673e+00 9.199999999999999845e-02
2.982557500000000000e+07 1.000000000000000000e+00 6.600000000000000000e+01 1.026016297604821011e+04 8.136859000000000378e+03 3.361907805714888127e+03 0.000000000000000000e+00 4.230212618048374118e+00 9.199999999999999845e-02
2.982557500000000000e+07 1.000000000000000000e+00 6.600000000000000000e+01 1.025495997604820877e+04 8.138637999999999920e+03 3.368227005714888037e+03 0.000000000000000000e+00 1.197293100735099314e+00 2.400000000000000050e-02
2.982557500000000000e+07 0.000000000000000000e+00 6.600000000000000000e+01 1.025430197604820933e+04 8.142737000000000080e+03 3.368190005714888684e+03 0.000000000000000000e+00 1.790064349155645829e+00 9.199999999999999845e-02
2.982557400000000000e+07 0.000000000000000000e+00 6.600000000000000000e+01 1.025745397604820937e+04 8.138881000000000313e+03 3.366319005714888590e+03 0.000000000000000000e+00 1.383858918252178993e+00 2.039999999999999869e-01
2.982558000000000000e+07 0.000000000000000000e+00 6.500000000000000000e+01 1.024681597604820854e+04 8.140224000000000160e+03 3.384515405714888402e+03 0.000000000000000000e+00 5.324857813338906842e-01 9.199999999999999845e-02
2.982543200000000000e+07 0.000000000000000000e+00 6.600000000000000000e+01 1.024509097604821000e+04 8.143896999999999935e+03 3.388178805714887858e+03 0.000000000000000000e+00 6.988527011651616272e-01 4.169999999999999818e-01
2.982543200000000000e+07 0.000000000000000000e+00 6.600000000000000000e+01 1.024415597604820869e+04 8.145887999999999920e+03 3.390164705714888441e+03 0.000000000000000000e+00 1.468305367677461559e+00 9.199999999999999845e-02
2.982558000000000000e+07 1.000000000000000000e+00 6.600000000000000000e+01 1.024346997604820899e+04 8.154755000000000109e+03 3.385788505714887833e+03 0.000000000000000000e+00 3.786627901761914217e+00 9.199999999999999845e-02
2.982557700000000000e+07 1.000000000000000000e+00 6.500000000000000000e+01 1.023676697604820947e+04 8.149061999999999898e+03 3.379966405714888424e+03 0.000000000000000000e+00 5.734078066567655618e+00 4.169999999999999818e-01
2.982557700000000000e+07 1.000000000000000000e+00 6.500000000000000000e+01 1.023693997604820834e+04 8.144215000000000146e+03 3.368064405714888380e+03 0.000000000000000000e+00 6.705683853748968026e+00 2.400000000000000050e-02
2.982562400000000000e+07 1.000000000000000000e+00 6.500000000000000000e+01 1.021323997604820943e+04 8.128595000000000255e+03 3.362622705714888070e+03 0.000000000000000000e+00 7.479341868909867408e+00 8.349999999999999645e-01
2.982549700000000000e+07 1.000000000000000000e+00 6.500000000000000000e+01 1.026773897604820922e+04 8.136262999999999920e+03 3.380093305714888629e+03 0.000000000000000000e+00 2.923668198010889618e+00 3.986660000000000093e+00
2.982549600000000000e+07 1.000000000000000000e+00 6.500000000000000000e+01 1.027328797604821011e+04 8.147930999999999585e+03 3.381491605714888465e+03 0.000000000000000000e+00 3.510449051632177575e+00 6.046529999999999738e+00
2.982556500000000000e+07 1.000000000000000000e+00 6.600000000000000000e+01 1.026829297604820931e+04 8.126396999999999935e+03 3.342317705714887779e+03 0.000000000000000000e+00 3.087569544804733557e-01 9.199999999999999845e-02
2.982556900000000000e+07 1.000000000000000000e+00 6.500000000000000000e+01 1.026820597604820796e+04 8.132179000000000087e+03 3.350780205714888325e+03 0.000000000000000000e+00 2.701951459329017258e+00 2.039999999999999869e-01
2.982556900000000000e+07 1.000000000000000000e+00 6.500000000000000000e+01 1.026683197604820816e+04 8.130471999999999753e+03 3.351363005714888459e+03 0.000000000000000000e+00 2.925171770917196490e+00 6.099999999999999867e-02
2.982557000000000000e+07 1.000000000000000000e+00 6.500000000000000000e+01 1.026637297604820924e+04 8.129426999999999680e+03 3.354800505714888459e+03 0.000000000000000000e+00 4.992545361891814970e+00 9.199999999999999845e-02
2.982682900000000000e+07 1.000000000000000000e+00 6.500000000000000000e+01 1.026497497604820819e+04 8.125318000000000211e+03 3.354076105714888399e+03 0.000000000000000000e+00 6.087296608841821666e+00 9.199999999999999845e-02
2.982683300000000000e+07 1.000000000000000000e+00 6.600000000000000000e+01 1.027347997604820921e+04 8.127164999999999964e+03 3.352336105714888618e+03 0.000000000000000000e+00 6.467331983982667509e+00 2.400000000000000050e-02
2.982549200000000000e+07 1.000000000000000000e+00 6.600000000000000000e+01 1.027837497604820965e+04 8.137170000000000073e+03 3.357570505714887986e+03 0.000000000000000000e+00 5.368802237649231479e+00 2.400000000000000050e-02
2.982549000000000000e+07 0.000000000000000000e+00 6.600000000000000000e+01 1.029089997604820928e+04 8.140073999999999614e+03 3.355184605714888676e+03 0.000000000000000000e+00 3.176057613518221245e+00 9.199999999999999845e-02
2.982549100000000000e+07 1.000000000000000000e+00 6.600000000000000000e+01 1.029392997604820994e+04 8.149306999999999789e+03 3.356953805714888404e+03 0.000000000000000000e+00 5.392430212187059979e+00 2.400000000000000050e-02
2.982788800000000000e+07 1.000000000000000000e+00 6.600000000000000000e+01 1.025943997604820834e+04 7.948188000000000102e+03 3.421208905714887806e+03 0.000000000000000000e+00 9.663932668464410014e+00 9.199999999999999845e-02
2.982661600000000000e+07 1.000000000000000000e+00 6.500000000000000000e+01 1.026893297604820873e+04 7.961000000000000000e+03 3.416865705714888463e+03 0.000000000000000000e+00 7.475350408734475316e+00 2.039999999999999869e-01
2.982788200000000000e+07 1.000000000000000000e+00 6.500000000000000000e+01 1.028457997604820957e+04 7.938413999999999760e+03 3.428882305714888389e+03 0.000000000000000000e+00 2.625891823732715569e+00 4.600000000000000200e-01
2.982787900000000000e+07 1.000000000000000000e+00 6.600000000000000000e+01 1.028997097604820920e+04 7.942015000000000327e+03 3.429823505714888597e+03 0.000000000000000000e+00 3.731895559111966243e+00 8.349999999999999645e-01
2.982788700000000000e+07 1.000000000000000000e+00 6.600000000000000000e+01 1.026667597604820912e+04 7.934006000000000313e+03 3.425048605714888254e+03 0.000000000000000000e+00 4.673188238820746854e+00 9.199999999999999845e-02
2.984002300000000000e+07 1.000000000000000000e+00 6.500000000000000000e+01 1.013318197604821034e+04 6.701997000000000298e+03 3.396386235714888244e+03 0.000000000000000000e+00 5.133618162827891851e+00 2.422349999999999781e+00
2.896532100000000000e+07 1.000000000000000000e+00 6.500000000000000000e+01 1.001873897604820922e+04 5.396090000000000146e+03 3.391756995714888035e+03 0.000000000000000000e+00 2.291489763741429542e+00 6.651519999999999655e+00
2.871070000000000000e+07 1.000000000000000000e+00 6.600000000000000000e+01 9.872902976048208075e+03 1.702960000000000036e+03 3.359861905714888053e+03 0.000000000000000000e+00 8.220393423194161997e+00 4.665910000000000224e+00
2.871070000000000000e+07 1.000000000000000000e+00 6.600000000000000000e+01 9.882431976048210345e+03 1.712299999999999272e+03 3.353722005714887928e+03 0.000000000000000000e+00 2.922995770095654589e+00 9.199999999999999845e-02
2.871070000000000000e+07 1.000000000000000000e+00 6.600000000000000000e+01 9.883354976048209210e+03 1.711899999999999636e+03 3.350152905714888220e+03 0.000000000000000000e+00 5.655978694529981254e+00 1.000000000000000021e-02
2.871070600000000000e+07 0.000000000000000000e+00 6.500000000000000000e+01 9.902580976048207958e+03 1.703460000000000036e+03 3.342511905714888599e+03 0.000000000000000000e+00 3.802330736743132711e+00 8.349999999999999645e-01
2.871070700000000000e+07 1.000000000000000000e+00 6.500000000000000000e+01 9.902573976048210170e+03 1.695680000000000291e+03 3.351828305714888302e+03 0.000000000000000000e+00 4.984099422498176502e+00 2.039999999999999869e-01
2.871070700000000000e+07 1.000000000000000000e+00 6.500000000000000000e+01 9.901028976048208278e+03 1.694590000000000146e+03 3.354391405714888606e+03 0.000000000000000000e+00 7.983098158613561424e+00 6.099999999999999867e-02
2.871078800000000000e+07 1.000000000000000000e+00 6.600000000000000000e+01 9.901385976048208249e+03 1.687700000000000728e+03 3.355978205714888645e+03 0.000000000000000000e+00 4.442359668959436014e+00 6.099999999999999867e-02
2.871079000000000000e+07 1.000000000000000000e+00 6.600000000000000000e+01 9.896777976048208075e+03 1.670739999999999782e+03 3.364369605714888166e+03 0.000000000000000000e+00 2.065035036807564950e+00 4.169999999999999818e-01
2.871079100000000000e+07 1.000000000000000000e+00 6.600000000000000000e+01 9.905657976048209093e+03 1.667699999999999818e+03 3.360284005714887826e+03 0.000000000000000000e+00 2.957791415294404924e+00 5.000000000000000000e-01
2.871079100000000000e+07 1.000000000000000000e+00 6.600000000000000000e+01 9.905657976048209093e+03 1.667699999999999818e+03 3.360284005714887826e+03 0.000000000000000000e+00 2.957791415294404924e+00 7.264230000000000409e+00
5.275430900000000000e+07 0.000000000000000000e+00 6.600000000000000000e+01 1.075025797604820946e+04 9.341569999999999709e+03 6.094228505714889252e+03 1.000000000000000000e+00 2.807090412700230964e+00 1.860000000000000000e+02
2.893409500000000000e+07 0.000000000000000000e+00 6.500000000000000000e+01 1.010254897604820871e+04 2.872689999999999600e+03 3.551335505714888313e+03 1.000000000000000000e+00 2.380836627284223184e+00 1.860000000000000000e+02
5.275556800000000000e+07 0.000000000000000000e+00 6.500000000000000000e+01 1.075370697604820816e+04 9.347319999999999709e+03 6.065178505714888161e+03 1.000000000000000000e+00 9.077962683616822570e-01 1.860000000000000000e+02
5.275413700000000000e+07 1.000000000000000000e+00 6.600000000000000000e+01 1.073447697604820860e+04 9.351959999999999127e+03 6.107158505714887724e+03 1.000000000000000000e+00 6.978708660224645088e-01 1.860000000000000000e+02
