1.035622730000000000e+08 1.000000000000000000e+00 6.500000000000000000e+01 1.302212914093799736e+04 8.544345101270468149e+03 1.219498999999999978e+04 0.000000000000000000e+00 8.368844258073883324e+00 1.078999999999999915e+01
1.035622720000000000e+08 1.000000000000000000e+00 6.500000000000000000e+01 1.301967741093799850e+04 8.546721641270469263e+03 1.219140999999999985e+04 0.000000000000000000e+00 8.391631093866868341e+00 2.039999999999999869e-01
1.035622700000000000e+08 1.000000000000000000e+00 6.600000000000000000e+01 1.301255025093799850e+04 8.545239280270467134e+03 1.218118000000000029e+04 0.000000000000000000e+00 4.007892072161616248e+00 6.099999999999999867e-02
1.035622700000000000e+08 0.000000000000000000e+00 6.500000000000000000e+01 1.302263065993799682e+04 8.543732991270468119e+03 1.217788000000000102e+04 0.000000000000000000e+00 2.067459206851359976e+00 2.400000000000000050e-02
1.035622700000000000e+08 1.000000000000000000e+00 6.500000000000000000e+01 1.303131594093799868e+04 8.534520371270467876e+03 1.218000000000000000e+04 0.000000000000000000e+00 3.230220919272825952e+00 2.400000000000000050e-02
1.035614650000000000e+08 1.000000000000000000e+00 6.600000000000000000e+01 1.303883114093799668e+04 8.532015001270468929e+03 1.217854999999999927e+04 0.000000000000000000e+00 3.105694219188661620e+00 2.039999999999999869e-01
1.035614680000000000e+08 1.000000000000000000e+00 6.500000000000000000e+01 1.305162634093799716e+04 8.542560851270467538e+03 1.218073999999999978e+04 0.000000000000000000e+00 2.932463039947782679e+00 6.099999999999999867e-02
1.035614680000000000e+08 1.000000000000000000e+00 6.500000000000000000e+01 1.305217964093799674e+04 8.543649311270468388e+03 1.218206999999999971e+04 0.000000000000000000e+00 3.646599050616028848e+00 9.199999999999999845e-02
1.035632980000000000e+08 1.000000000000000000e+00 6.500000000000000000e+01 1.304814804093799830e+04 8.565309501270468900e+03 1.220057999999999993e+04 0.000000000000000000e+00 2.166047782070313676e+00 9.199999999999999845e-02
1.035632960000000000e+08 0.000000000000000000e+00 6.500000000000000000e+01 1.305684644093799761e+04 8.566662701270468460e+03 1.220084000000000015e+04 0.000000000000000000e+00 1.309783318203029845e+00 9.199999999999999845e-02
1.035632950000000000e+08 0.000000000000000000e+00 6.500000000000000000e+01 1.305877564093799811e+04 8.571836201270467427e+03 1.219968999999999869e+04 0.000000000000000000e+00 1.503245057088279157e+00 9.199999999999999845e-02
1.035632950000000000e+08 0.000000000000000000e+00 6.500000000000000000e+01 1.306049984093799867e+04 8.568961301270468539e+03 1.219863999999999942e+04 0.000000000000000000e+00 1.104402588178847955e+00 9.199999999999999845e-02
1.035632950000000000e+08 1.000000000000000000e+00 6.600000000000000000e+01 1.305375854093799717e+04 8.561885401270468719e+03 1.219854999999999927e+04 0.000000000000000000e+00 1.051075921297311755e+00 2.039999999999999869e-01
1.035623710000000000e+08 1.000000000000000000e+00 6.500000000000000000e+01 1.304985224093799843e+04 8.560699901270469127e+03 1.219545000000000073e+04 0.000000000000000000e+00 3.199387546309501840e+00 4.169999999999999818e-01
1.035622680000000000e+08 1.000000000000000000e+00 6.600000000000000000e+01 1.301883596093799861e+04 8.554053291270469344e+03 1.218563999999999942e+04 0.000000000000000000e+00 8.715882585950465611e+00 6.099999999999999867e-02
1.035622640000000000e+08 1.000000000000000000e+00 6.500000000000000000e+01 1.300286834093799735e+04 8.559691501270468507e+03 1.217715999999999985e+04 0.000000000000000000e+00 9.939646855333311493e+00 6.099999999999999867e-02
1.035623690000000000e+08 1.000000000000000000e+00 6.500000000000000000e+01 1.302827009093799643e+04 8.564506701270467602e+03 1.219339999999999964e+04 0.000000000000000000e+00 9.057954582197526250e+00 4.169999999999999818e-01
