1.210873160000000000e+08 0.000000000000000000e+00 6.600000000000000000e+01 5.233700000000008004e+02 1.386111065651425088e+04 1.410833058639080627e+04 1.000000000000000000e+00 2.158676508601180100e+00 8.600000000000000000e+01
1.210873160000000000e+08 0.000000000000000000e+00 6.500000000000000000e+01 5.260500000000001819e+02 1.385812765651425070e+04 1.411467458639080724e+04 1.000000000000000000e+00 1.227884246911624011e+00 8.600000000000000000e+01
1.210873210000000000e+08 0.000000000000000000e+00 6.600000000000000000e+01 5.084700000000002547e+02 1.385939265651425012e+04 1.411514358639080820e+04 1.000000000000000000e+00 1.331318423150347874e+00 8.600000000000000000e+01
1.210873190000000000e+08 0.000000000000000000e+00 6.600000000000000000e+01 5.126000000000003638e+02 1.385976565651424971e+04 1.411586258639080734e+04 1.000000000000000000e+00 1.404624115094254444e+00 8.600000000000000000e+01
1.210886970000000000e+08 0.000000000000000000e+00 6.600000000000000000e+01 6.479200000000000728e+02 1.383142565651424957e+04 1.411210858639080834e+04 1.000000000000000000e+00 1.882691975709203769e+00 8.600000000000000000e+01
1.210873180000000000e+08 1.000000000000000000e+00 6.600000000000000000e+01 5.187399999999997817e+02 1.386608565651424942e+04 1.411208058639080627e+04 1.000000000000000000e+00 7.233250738902337051e-01 8.600000000000000000e+01
1.210873200000000000e+08 0.000000000000000000e+00 6.600000000000000000e+01 5.109600000000000364e+02 1.385345165651424941e+04 1.411517458639080724e+04 1.000000000000000000e+00 2.847562330952815746e+00 8.600000000000000000e+01
1.210856620000000000e+08 0.000000000000000000e+00 6.600000000000000000e+01 4.216400000000003274e+02 1.374421765651425085e+04 1.415060798639080713e+04 1.000000000000000000e+00 2.098407284793718297e+00 8.600000000000000000e+01
1.210874080000000000e+08 0.000000000000000000e+00 6.600000000000000000e+01 5.008699999999998909e+02 1.387750665651424970e+04 1.411302858639080659e+04 1.000000000000000000e+00 2.829719182800136679e+00 8.600000000000000000e+01
1.210885070000000000e+08 1.000000000000000000e+00 6.600000000000000000e+01 6.121499999999996362e+02 1.390867665651424977e+04 1.409694958639080869e+04 1.000000000000000000e+00 8.488715801680073447e-01 8.600000000000000000e+01
1.210884130000000000e+08 0.000000000000000000e+00 6.600000000000000000e+01 6.038899999999994179e+02 1.387524365651424887e+04 1.411605858639080725e+04 1.000000000000000000e+00 2.000540414739708339e+00 8.600000000000000000e+01
