5.425341000000000000e+06 1.000000000000000000e+00 6.500000000000000000e+01 4.607117898188846993e+03 6.171060168646044986e+02 5.606900000000005093e+02 0.000000000000000000e+00 4.885965207070834815e+00 1.339000000000000057e+01
7.329713000000000000e+07 1.000000000000000000e+00 6.500000000000000000e+01 4.153756898188847117e+03 1.755701686460452038e+01 8.416296000000000276e+03 0.000000000000000000e+00 1.693622147300839709e+00 1.078999999999999915e+01
1.132223100000000000e+08 1.000000000000000000e+00 6.500000000000000000e+01 2.710927898188846484e+03 6.416566168646040751e+02 1.358578000000000065e+04 0.000000000000000000e+00 7.275631840205423195e+00 1.078999999999999915e+01
1.132223100000000000e+08 1.000000000000000000e+00 6.500000000000000000e+01 2.710927898188846484e+03 6.416566168646040751e+02 1.358578000000000065e+04 0.000000000000000000e+00 7.275631840205423195e+00 5.399449999999999861e+00
1.132223100000000000e+08 1.000000000000000000e+00 6.500000000000000000e+01 2.710927898188846484e+03 6.416566168646040751e+02 1.358578000000000065e+04 0.000000000000000000e+00 7.275631840205423195e+00 1.944870000000000099e+00
7.329713000000000000e+07 1.000000000000000000e+00 6.500000000000000000e+01 4.152465898188846950e+03 1.627501686460436758e+01 8.415319999999999709e+03 0.000000000000000000e+00 7.760143489172792730e-01 2.039999999999999869e-01
7.329713000000000000e+07 1.000000000000000000e+00 6.500000000000000000e+01 4.152408898188847161e+03 1.621901686460478231e+01 8.415278000000000247e+03 0.000000000000000000e+00 7.747851233481125588e-01 1.078999999999999915e+01
7.329713200000000000e+07 0.000000000000000000e+00 6.600000000000000000e+01 4.138834898188846637e+03 2.130701686460452038e+01 8.423127000000000407e+03 0.000000000000000000e+00 3.358592582864532883e+00 9.199999999999999845e-02
7.329713200000000000e+07 0.000000000000000000e+00 6.600000000000000000e+01 4.138715898188846950e+03 2.143101686460431665e+01 8.423695999999999913e+03 0.000000000000000000e+00 3.648131268354778189e+00 9.199999999999999845e-02
7.329713000000000000e+07 0.000000000000000000e+00 6.500000000000000000e+01 4.146160898188846659e+03 2.224601686460482597e+01 8.422108000000000175e+03 0.000000000000000000e+00 1.045698836379878705e+00 2.400000000000000050e-02
7.329713400000000000e+07 0.000000000000000000e+00 6.600000000000000000e+01 4.146223898188846761e+03 1.949601686460482597e+01 8.410222999999999956e+03 0.000000000000000000e+00 4.145115713317733430e+00 6.099999999999999867e-02
7.329713500000000000e+07 1.000000000000000000e+00 6.600000000000000000e+01 4.147548898188846579e+03 1.821301686460446945e+01 8.406875000000000000e+03 0.000000000000000000e+00 4.219686265894432964e+00 6.099999999999999867e-02
7.329713600000000000e+07 1.000000000000000000e+00 6.600000000000000000e+01 4.150234898188847183e+03 1.617501686460400379e+01 8.403018000000000029e+03 0.000000000000000000e+00 2.813152905012618277e+00 6.099999999999999867e-02
7.329713600000000000e+07 1.000000000000000000e+00 6.600000000000000000e+01 4.153761898188847226e+03 1.062101686460482597e+01 8.400259000000000015e+03 0.000000000000000000e+00 7.044250120423074968e+00 9.199999999999999845e-02
7.329713600000000000e+07 1.000000000000000000e+00 6.600000000000000000e+01 4.153761898188847226e+03 1.062101686460482597e+01 8.400259000000000015e+03 0.000000000000000000e+00 7.044250120423074968e+00 7.384500000000000064e+00
7.329713000000000000e+07 1.000000000000000000e+00 6.500000000000000000e+01 4.152408898188847161e+03 1.621901686460478231e+01 8.415278000000000247e+03 0.000000000000000000e+00 7.747851233481125588e-01 2.262710000000000221e+00
5.425341000000000000e+06 1.000000000000000000e+00 6.500000000000000000e+01 4.603031688188846601e+03 6.164554528646049221e+02 5.594799999999995634e+02 0.000000000000000000e+00 4.362873522827615425e+00 2.400000000000000050e-02
5.425343000000000000e+06 1.000000000000000000e+00 6.500000000000000000e+01 4.615151098188846845e+03 6.250538268646041615e+02 5.572300000000004729e+02 0.000000000000000000e+00 3.817513590225996456e+00 2.039999999999999869e-01
5.425344000000000000e+06 0.000000000000000000e+00 6.500000000000000000e+01 4.621365098188846787e+03 6.223178968646043359e+02 5.491999999999998181e+02 0.000000000000000000e+00 7.679260981376048179e-01 6.099999999999999867e-02
5.425344000000000000e+06 0.000000000000000000e+00 6.500000000000000000e+01 4.621365098188846787e+03 6.223178968646043359e+02 5.491999999999998181e+02 0.000000000000000000e+00 7.679260981376048179e-01 7.373420000000000307e+00
3.987753800000000000e+07 0.000000000000000000e+00 6.600000000000000000e+01 6.465047898188847284e+03 1.064850168646044040e+02 4.725130000000000109e+03 1.000000000000000000e+00 2.873347600915432398e+00 4.500000000000000000e+01
3.987753700000000000e+07 0.000000000000000000e+00 6.600000000000000000e+01 6.459857898188846775e+03 1.009460168646046441e+02 4.725289999999999964e+03 1.000000000000000000e+00 1.062459302215556178e+00 4.500000000000000000e+01
3.987744200000000000e+07 1.000000000000000000e+00 6.500000000000000000e+01 6.546877898188847212e+03 9.151001686460494966e+01 4.753229999999999563e+03 1.000000000000000000e+00 8.154058373559379680e-01 4.500000000000000000e+01
