2.361495600000000000e+07 1.000000000000000000e+00 6.500000000000000000e+01 2.525500845785230013e+03 4.280223141336831759e+03 2.875590000000000146e+03 0.000000000000000000e+00 5.074372110818717196e+00 1.339000000000000057e+01
2.361495600000000000e+07 1.000000000000000000e+00 6.500000000000000000e+01 2.525186845785229707e+03 4.280092141336832356e+03 2.874619999999999891e+03 0.000000000000000000e+00 4.843321023396431890e+00 6.099999999999999867e-02
2.361495500000000000e+07 1.000000000000000000e+00 6.500000000000000000e+01 2.534764845785229227e+03 4.280034141336832363e+03 2.872340000000000146e+03 0.000000000000000000e+00 7.736866833788728748e+00 2.039999999999999869e-01
2.361495600000000000e+07 1.000000000000000000e+00 6.500000000000000000e+01 2.525692845785230020e+03 4.280097141336832465e+03 2.871650000000000546e+03 0.000000000000000000e+00 5.272723108231041067e+00 2.400000000000000050e-02
2.361495200000000000e+07 1.000000000000000000e+00 6.600000000000000000e+01 2.524915845785229976e+03 4.280053141336832596e+03 2.851329999999999927e+03 0.000000000000000000e+00 4.131432155474398904e+00 9.199999999999999845e-02
2.361396700000000000e+07 1.000000000000000000e+00 6.500000000000000000e+01 2.546563845785230114e+03 4.239102141336832574e+03 2.826300000000000182e+03 0.000000000000000000e+00 8.202087449285977883e+00 9.199999999999999845e-02
2.361397000000000000e+07 1.000000000000000000e+00 6.600000000000000000e+01 2.567436845785229707e+03 4.253391141336832334e+03 2.834170000000000073e+03 0.000000000000000000e+00 7.478575870751567933e+00 9.199999999999999845e-02
2.361396500000000000e+07 1.000000000000000000e+00 6.500000000000000000e+01 2.571392845785229838e+03 4.246019141336832035e+03 2.835340000000000146e+03 0.000000000000000000e+00 5.408309232909850550e+00 9.199999999999999845e-02
2.361396500000000000e+07 1.000000000000000000e+00 6.500000000000000000e+01 2.571359845785229481e+03 4.246000141336831803e+03 2.835360000000000582e+03 0.000000000000000000e+00 5.420965390606816037e+00 9.199999999999999845e-02
2.361386700000000000e+07 1.000000000000000000e+00 6.500000000000000000e+01 2.566404845785229554e+03 4.201668141336832377e+03 2.872779999999999745e+03 0.000000000000000000e+00 9.580562845310723219e+00 9.199999999999999845e-02
2.361386700000000000e+07 1.000000000000000000e+00 6.500000000000000000e+01 2.567898845785229241e+03 4.201200141336832530e+03 2.875869999999999891e+03 0.000000000000000000e+00 6.847701026471590069e+00 2.400000000000000050e-02
2.361387100000000000e+07 1.000000000000000000e+00 6.600000000000000000e+01 2.567929845785230100e+03 4.193993141336832196e+03 2.888710000000000036e+03 0.000000000000000000e+00 4.059181128437914232e+00 4.169999999999999818e-01
2.361387000000000000e+07 1.000000000000000000e+00 6.600000000000000000e+01 2.569405845785229758e+03 4.190715141336831948e+03 2.891280000000000655e+03 0.000000000000000000e+00 3.909118774698981280e+00 9.199999999999999845e-02
1.229246600000000000e+07 1.000000000000000000e+00 6.600000000000000000e+01 2.650914845785229772e+03 5.126157141336831955e+03 1.375800000000000182e+03 1.000000000000000000e+00 6.421998286259003041e-01 1.500000000000000000e+02
