1.140368890000000000e+08 1.000000000000000000e+00 6.600000000000000000e+01 4.653901240840001265e+03 4.233830276432415303e+03 1.349888999999999942e+04 0.000000000000000000e+00 6.238327047858080121e+00 1.078999999999999915e+01
1.141619560000000000e+08 1.000000000000000000e+00 6.500000000000000000e+01 3.425605240840000988e+03 3.955144276432415609e+03 1.341704999999999927e+04 0.000000000000000000e+00 4.510058460175743633e+00 3.229999999999999716e+01
1.141606090000000000e+08 1.000000000000000000e+00 6.600000000000000000e+01 3.415205240840001352e+03 3.944364276432415863e+03 1.340968000000000029e+04 0.000000000000000000e+00 7.385747467502246977e+00 1.078999999999999915e+01
1.084541790000000000e+08 1.000000000000000000e+00 6.600000000000000000e+01 2.740095240840000770e+03 3.263965276432415521e+03 1.272875000000000000e+04 0.000000000000000000e+00 7.616896050809583762e+00 1.078999999999999915e+01
1.064321680000000000e+08 1.000000000000000000e+00 6.500000000000000000e+01 2.656295240840001497e+03 3.165065276432414976e+03 1.258227999999999884e+04 0.000000000000000000e+00 2.161704587865098670e+00 1.078999999999999915e+01
1.064328610000000000e+08 1.000000000000000000e+00 6.500000000000000000e+01 2.588625240840001425e+03 3.097175276432415558e+03 1.248298999999999978e+04 0.000000000000000000e+00 1.209040286105835138e+00 1.339000000000000057e+01
1.064316000000000000e+08 1.000000000000000000e+00 6.500000000000000000e+01 2.536125240840001425e+03 3.027125276432415376e+03 1.241763000000000102e+04 0.000000000000000000e+00 3.743533207526560158e+00 1.078999999999999915e+01
1.017917800000000000e+08 1.000000000000000000e+00 6.600000000000000000e+01 1.858855240840000988e+03 2.142835276432415412e+03 1.176813999999999942e+04 0.000000000000000000e+00 1.690926053439786525e+00 9.199999999999999845e-02
1.017917810000000000e+08 1.000000000000000000e+00 6.600000000000000000e+01 1.859425240840000697e+03 2.146865276432415158e+03 1.176438999999999942e+04 0.000000000000000000e+00 3.946609439267158237e+00 9.199999999999999845e-02
1.017917800000000000e+08 1.000000000000000000e+00 6.600000000000000000e+01 1.859135240840001643e+03 2.149175276432415558e+03 1.176745999999999913e+04 0.000000000000000000e+00 6.811647578187010943e+00 4.169999999999999818e-01
1.017917800000000000e+08 1.000000000000000000e+00 6.600000000000000000e+01 1.860615240840001206e+03 2.149335276432415412e+03 1.177001000000000022e+04 0.000000000000000000e+00 7.393096901416378763e+00 9.199999999999999845e-02
1.017917800000000000e+08 1.000000000000000000e+00 6.600000000000000000e+01 1.859645240840000952e+03 2.150315276432414976e+03 1.177059000000000015e+04 0.000000000000000000e+00 8.193104928637023221e+00 9.199999999999999845e-02
1.017917800000000000e+08 1.000000000000000000e+00 6.600000000000000000e+01 1.859185240840000915e+03 2.150355276432415849e+03 1.177106999999999971e+04 0.000000000000000000e+00 8.248590237941359149e+00 9.199999999999999845e-02
1.017917810000000000e+08 1.000000000000000000e+00 6.600000000000000000e+01 1.858545240840001497e+03 2.146135276432415594e+03 1.176176000000000022e+04 0.000000000000000000e+00 2.905711446913836316e+00 9.199999999999999845e-02
1.017917810000000000e+08 1.000000000000000000e+00 6.600000000000000000e+01 1.858585240840000552e+03 2.143675276432415558e+03 1.176336999999999898e+04 0.000000000000000000e+00 6.937044155145030144e-01 5.000000000000000000e-01
1.017917810000000000e+08 1.000000000000000000e+00 6.600000000000000000e+01 1.858585240840000552e+03 2.143675276432415558e+03 1.176336999999999898e+04 0.000000000000000000e+00 6.937044155145030144e-01 6.917159999999999975e+00
1.064316000000000000e+08 1.000000000000000000e+00 6.500000000000000000e+01 2.534575240840001243e+03 3.030525276432415922e+03 1.241611999999999898e+04 0.000000000000000000e+00 2.196388731828620600e+00 9.199999999999999845e-02
1.064316050000000000e+08 1.000000000000000000e+00 6.600000000000000000e+01 2.526315240840001024e+03 3.039045276432415449e+03 1.241340999999999985e+04 0.000000000000000000e+00 6.983113644947265719e+00 1.339000000000000057e+01
1.064316050000000000e+08 1.000000000000000000e+00 6.600000000000000000e+01 2.526315240840001024e+03 3.039045276432415449e+03 1.241340999999999985e+04 0.000000000000000000e+00 6.983113644947265719e+00 3.426470000000000127e+00
1.064316050000000000e+08 1.000000000000000000e+00 6.600000000000000000e+01 2.526315240840001024e+03 3.039045276432415449e+03 1.241340999999999985e+04 0.000000000000000000e+00 6.983113644947265719e+00 3.144940000000000069e+00
1.064314190000000000e+08 1.000000000000000000e+00 6.500000000000000000e+01 2.569465240840001570e+03 3.077435276432415776e+03 1.244822000000000116e+04 0.000000000000000000e+00 6.943047971073322167e+00 1.078999999999999915e+01
1.064326900000000000e+08 1.000000000000000000e+00 6.600000000000000000e+01 2.581235240840001097e+03 3.082145276432414903e+03 1.244693999999999869e+04 0.000000000000000000e+00 2.403099991840725647e+00 1.078999999999999915e+01
1.064326870000000000e+08 0.000000000000000000e+00 6.600000000000000000e+01 2.590135240840001643e+03 3.087995276432415267e+03 1.243952999999999884e+04 0.000000000000000000e+00 9.598954630321632209e-01 2.400000000000000050e-02
1.064327660000000000e+08 0.000000000000000000e+00 6.500000000000000000e+01 2.589945240840001134e+03 3.104415276432415340e+03 1.243586000000000058e+04 0.000000000000000000e+00 2.156727852564956915e+00 1.078999999999999915e+01
1.064327660000000000e+08 1.000000000000000000e+00 6.500000000000000000e+01 2.576655240840001170e+03 3.098645276432415812e+03 1.243811000000000058e+04 0.000000000000000000e+00 5.627935230543855916e+00 4.169999999999999818e-01
1.064327660000000000e+08 1.000000000000000000e+00 6.500000000000000000e+01 2.576655240840001170e+03 3.098645276432415812e+03 1.243811000000000058e+04 0.000000000000000000e+00 5.627935230543855916e+00 7.332029999999999603e+00
1.064327650000000000e+08 0.000000000000000000e+00 6.500000000000000000e+01 2.591355240840000988e+03 3.105415276432415340e+03 1.243495000000000073e+04 0.000000000000000000e+00 1.295420393280071636e+00 4.169999999999999818e-01
1.064327650000000000e+08 0.000000000000000000e+00 6.500000000000000000e+01 2.591355240840000988e+03 3.105415276432415340e+03 1.243495000000000073e+04 0.000000000000000000e+00 1.295420393280071636e+00 7.096700000000000230e+00
1.064326900000000000e+08 1.000000000000000000e+00 6.600000000000000000e+01 2.581235240840001097e+03 3.082145276432414903e+03 1.244693999999999869e+04 0.000000000000000000e+00 2.403099991840725647e+00 3.465440000000000076e+00
1.064315070000000000e+08 1.000000000000000000e+00 6.500000000000000000e+01 2.541925240840000697e+03 3.083435276432415776e+03 1.243363000000000102e+04 0.000000000000000000e+00 4.707933005856337338e+00 2.039999999999999869e-01
1.064327890000000000e+08 0.000000000000000000e+00 6.500000000000000000e+01 2.545535240840001279e+03 3.103275276432415922e+03 1.239943999999999869e+04 0.000000000000000000e+00 2.417147787106440848e+00 8.349999999999999645e-01
1.064315150000000000e+08 0.000000000000000000e+00 6.500000000000000000e+01 2.555555240840001716e+03 3.095905276432415121e+03 1.240277000000000044e+04 0.000000000000000000e+00 3.508682520223961099e+00 9.199999999999999845e-02
1.064315090000000000e+08 1.000000000000000000e+00 6.600000000000000000e+01 2.552625240840001425e+03 3.081535276432415230e+03 1.241188999999999942e+04 0.000000000000000000e+00 2.868610145284060220e+00 6.099999999999999867e-02
1.064315090000000000e+08 1.000000000000000000e+00 6.600000000000000000e+01 2.551625240840001425e+03 3.079825276432415194e+03 1.241252000000000044e+04 0.000000000000000000e+00 2.018690504877131975e+00 9.199999999999999845e-02
1.064315090000000000e+08 1.000000000000000000e+00 6.600000000000000000e+01 2.549995240840001316e+03 3.077335276432415412e+03 1.241300000000000000e+04 0.000000000000000000e+00 2.591368056797825670e+00 1.000000000000000021e-02
1.064315090000000000e+08 1.000000000000000000e+00 6.600000000000000000e+01 2.550465240840001570e+03 3.078085276432415412e+03 1.241271999999999935e+04 0.000000000000000000e+00 2.163064826587088874e+00 9.199999999999999845e-02
1.064315090000000000e+08 1.000000000000000000e+00 6.600000000000000000e+01 2.549995240840001316e+03 3.078055276432415667e+03 1.241334000000000015e+04 0.000000000000000000e+00 1.808991561193608488e+00 6.099999999999999867e-02
1.064315090000000000e+08 1.000000000000000000e+00 6.600000000000000000e+01 2.548345240840000770e+03 3.082205276432415303e+03 1.241293000000000029e+04 0.000000000000000000e+00 3.584474031920815484e+00 9.199999999999999845e-02
1.064314930000000000e+08 1.000000000000000000e+00 6.500000000000000000e+01 2.563635240840001643e+03 3.052245276432415267e+03 1.241702000000000044e+04 0.000000000000000000e+00 6.629119324063850627e+00 9.199999999999999845e-02
1.064328610000000000e+08 1.000000000000000000e+00 6.500000000000000000e+01 2.588625240840001425e+03 3.097175276432415558e+03 1.248298999999999978e+04 0.000000000000000000e+00 1.209040286105835138e+00 4.670729999999999826e+00
1.064321680000000000e+08 1.000000000000000000e+00 6.500000000000000000e+01 2.656295240840001497e+03 3.165065276432414976e+03 1.258227999999999884e+04 0.000000000000000000e+00 2.161704587865098670e+00 7.337379999999999569e+00
1.064321720000000000e+08 1.000000000000000000e+00 6.600000000000000000e+01 2.668045240840001497e+03 3.168505276432415485e+03 1.259163999999999942e+04 0.000000000000000000e+00 1.650870464633164891e+00 9.199999999999999845e-02
1.064321720000000000e+08 1.000000000000000000e+00 6.600000000000000000e+01 2.669405240840001170e+03 3.167215276432415521e+03 1.259222000000000116e+04 0.000000000000000000e+00 2.587952797111295666e+00 9.199999999999999845e-02
1.064321720000000000e+08 1.000000000000000000e+00 6.600000000000000000e+01 2.671395240840001861e+03 3.165335276432415412e+03 1.259306999999999971e+04 0.000000000000000000e+00 3.653567686166725448e+00 9.199999999999999845e-02
1.064321720000000000e+08 1.000000000000000000e+00 6.600000000000000000e+01 2.670805240840001716e+03 3.168075276432415194e+03 1.260047000000000116e+04 0.000000000000000000e+00 9.444849735213431074e+00 6.099999999999999867e-02
1.064321670000000000e+08 1.000000000000000000e+00 6.500000000000000000e+01 2.650725240840000879e+03 3.159605276432415849e+03 1.259754000000000087e+04 0.000000000000000000e+00 5.391292452597895135e+00 2.400000000000000050e-02
1.064321720000000000e+08 1.000000000000000000e+00 6.600000000000000000e+01 2.664295240840001497e+03 3.168575276432415194e+03 1.259681999999999971e+04 0.000000000000000000e+00 4.240887314740813707e+00 4.169999999999999818e-01
1.064321720000000000e+08 1.000000000000000000e+00 6.600000000000000000e+01 2.664295240840001497e+03 3.168575276432415194e+03 1.259681999999999971e+04 0.000000000000000000e+00 4.240887314740813707e+00 7.116080000000000183e+00
1.084541810000000000e+08 1.000000000000000000e+00 6.600000000000000000e+01 2.731805240840001716e+03 3.249885276432415594e+03 1.273677000000000044e+04 0.000000000000000000e+00 7.966431873542861197e+00 2.400000000000000050e-02
1.084538660000000000e+08 1.000000000000000000e+00 6.600000000000000000e+01 2.716945240840001134e+03 3.258905276432415121e+03 1.274326000000000022e+04 0.000000000000000000e+00 9.811386781951785707e+00 1.078999999999999915e+01
1.084538660000000000e+08 1.000000000000000000e+00 6.600000000000000000e+01 2.716945240840001134e+03 3.258905276432415121e+03 1.274326000000000022e+04 0.000000000000000000e+00 9.811386781951785707e+00 2.388380000000000170e+00
1.084538660000000000e+08 1.000000000000000000e+00 6.600000000000000000e+01 2.716945240840001134e+03 3.258905276432415121e+03 1.274326000000000022e+04 0.000000000000000000e+00 9.811386781951785707e+00 1.998080000000000078e+00
1.084541750000000000e+08 1.000000000000000000e+00 6.500000000000000000e+01 2.735885240840001643e+03 3.266365276432415158e+03 1.272901000000000022e+04 0.000000000000000000e+00 9.456904932257220509e+00 9.199999999999999845e-02
1.084541750000000000e+08 1.000000000000000000e+00 6.500000000000000000e+01 2.735845240840000770e+03 3.266385276432415594e+03 1.272901000000000022e+04 0.000000000000000000e+00 9.458250508833438985e+00 1.078999999999999915e+01
1.084538610000000000e+08 1.000000000000000000e+00 6.500000000000000000e+01 2.729565240840001024e+03 3.264155276432415121e+03 1.272086999999999898e+04 0.000000000000000000e+00 9.899082535301051422e+00 8.220000000000000639e+00
1.084538610000000000e+08 1.000000000000000000e+00 6.500000000000000000e+01 2.729565240840001024e+03 3.264155276432415121e+03 1.272086999999999898e+04 0.000000000000000000e+00 9.899082535301051422e+00 1.648470000000000102e+00
1.084541750000000000e+08 1.000000000000000000e+00 6.500000000000000000e+01 2.735845240840000770e+03 3.266385276432415594e+03 1.272901000000000022e+04 0.000000000000000000e+00 9.458250508833438985e+00 3.783869999999999845e+00
1.121401410000000000e+08 1.000000000000000000e+00 6.500000000000000000e+01 3.389115240840001206e+03 3.895938276432415478e+03 1.325623999999999978e+04 0.000000000000000000e+00 8.980178137687364170e+00 9.199999999999999845e-02
1.121401410000000000e+08 1.000000000000000000e+00 6.500000000000000000e+01 3.391705240840001352e+03 3.895752276432415783e+03 1.325763999999999942e+04 0.000000000000000000e+00 7.513296513710852054e+00 4.169999999999999818e-01
1.121401420000000000e+08 0.000000000000000000e+00 6.500000000000000000e+01 3.392385240840001643e+03 3.894877276432415783e+03 1.325177999999999884e+04 0.000000000000000000e+00 6.435438185094851882e+00 6.099999999999999867e-02
1.121401430000000000e+08 0.000000000000000000e+00 6.500000000000000000e+01 3.394725240840000879e+03 3.892628276432415078e+03 1.324809000000000015e+04 0.000000000000000000e+00 2.353118825656067781e+00 9.199999999999999845e-02
1.121401400000000000e+08 1.000000000000000000e+00 6.500000000000000000e+01 3.401325240840001243e+03 3.901078276432415805e+03 1.325456000000000131e+04 0.000000000000000000e+00 1.639910495784586253e+00 6.099999999999999867e-02
1.121401390000000000e+08 1.000000000000000000e+00 6.600000000000000000e+01 3.401975240840001788e+03 3.906994276432415063e+03 1.324761000000000058e+04 0.000000000000000000e+00 3.809303755051085538e+00 9.199999999999999845e-02
1.121401390000000000e+08 1.000000000000000000e+00 6.600000000000000000e+01 3.405105240840000988e+03 3.910760276432415594e+03 1.324831999999999971e+04 0.000000000000000000e+00 3.247997112931888530e+00 9.199999999999999845e-02
1.121401410000000000e+08 0.000000000000000000e+00 6.500000000000000000e+01 3.401185240840000915e+03 3.900294276432415245e+03 1.324684000000000015e+04 0.000000000000000000e+00 2.614715504113568123e+00 4.169999999999999818e-01
1.121401420000000000e+08 0.000000000000000000e+00 6.500000000000000000e+01 3.399315240840001024e+03 3.894576276432415398e+03 1.324613000000000102e+04 0.000000000000000000e+00 1.227131566036770316e+00 9.199999999999999845e-02
1.121401410000000000e+08 0.000000000000000000e+00 6.500000000000000000e+01 3.400525240840001061e+03 3.898289276432415136e+03 1.324502000000000044e+04 0.000000000000000000e+00 2.810722970495238560e+00 9.199999999999999845e-02
1.121401450000000000e+08 1.000000000000000000e+00 6.500000000000000000e+01 3.394205240840001352e+03 3.890307276432415165e+03 1.323182999999999993e+04 0.000000000000000000e+00 9.534059650490002147e-01 2.039999999999999869e-01
1.121401450000000000e+08 1.000000000000000000e+00 6.500000000000000000e+01 3.394205240840001352e+03 3.890307276432415165e+03 1.323182999999999993e+04 0.000000000000000000e+00 9.534059650490002147e-01 7.363730000000000331e+00
1.141606100000000000e+08 1.000000000000000000e+00 6.600000000000000000e+01 3.415655240840001170e+03 3.944881276432415689e+03 1.340989999999999964e+04 0.000000000000000000e+00 7.721536520483947008e+00 6.099999999999999867e-02
1.141606090000000000e+08 1.000000000000000000e+00 6.600000000000000000e+01 3.415505240840001534e+03 3.943407276432415529e+03 1.341172000000000116e+04 0.000000000000000000e+00 7.108273705062088332e+00 1.000000000000000000e+01
1.141606090000000000e+08 1.000000000000000000e+00 6.600000000000000000e+01 3.415505240840001534e+03 3.943407276432415529e+03 1.341172000000000116e+04 0.000000000000000000e+00 7.108273705062088332e+00 6.636569999999999858e+00
1.141619590000000000e+08 1.000000000000000000e+00 6.600000000000000000e+01 3.431295240840001497e+03 3.950821276432415289e+03 1.341423999999999978e+04 0.000000000000000000e+00 1.450574119115541682e+00 6.099999999999999867e-02
1.141619600000000000e+08 1.000000000000000000e+00 6.600000000000000000e+01 3.435515240840000843e+03 3.947619276432415063e+03 1.341217000000000007e+04 0.000000000000000000e+00 3.966587541116705307e+00 1.339000000000000057e+01
1.141606890000000000e+08 0.000000000000000000e+00 6.600000000000000000e+01 3.446405240840001170e+03 3.940213276432415114e+03 1.340947999999999956e+04 0.000000000000000000e+00 2.281518315778522599e+00 1.078999999999999915e+01
1.141606890000000000e+08 0.000000000000000000e+00 6.600000000000000000e+01 3.445995240840001316e+03 3.940320276432415085e+03 1.341084000000000015e+04 0.000000000000000000e+00 1.264111661589899294e+00 1.078999999999999915e+01
1.141606050000000000e+08 1.000000000000000000e+00 6.500000000000000000e+01 3.429665240840001388e+03 3.941541276432415543e+03 1.341961999999999898e+04 0.000000000000000000e+00 6.110938737947309463e+00 6.099999999999999867e-02
1.141606050000000000e+08 1.000000000000000000e+00 6.500000000000000000e+01 3.429215240840001570e+03 3.935495276432415267e+03 1.342376000000000022e+04 0.000000000000000000e+00 4.084720852534827529e+00 1.078999999999999915e+01
1.141606910000000000e+08 1.000000000000000000e+00 6.500000000000000000e+01 3.431925240840000697e+03 3.932059276432415572e+03 1.340365000000000146e+04 0.000000000000000000e+00 5.567474745041343098e+00 6.099999999999999867e-02
1.141606910000000000e+08 1.000000000000000000e+00 6.500000000000000000e+01 3.432935240840000915e+03 3.932258276432415187e+03 1.340442000000000007e+04 0.000000000000000000e+00 5.166882653357683708e+00 2.039999999999999869e-01
1.141606900000000000e+08 1.000000000000000000e+00 6.500000000000000000e+01 3.439235240840001097e+03 3.933597276432415129e+03 1.340651000000000022e+04 0.000000000000000000e+00 1.671645407172518416e+00 2.400000000000000050e-02
1.141606900000000000e+08 1.000000000000000000e+00 6.500000000000000000e+01 3.439195240840001134e+03 3.933509276432415390e+03 1.340535000000000036e+04 0.000000000000000000e+00 1.382715895625229674e+00 9.199999999999999845e-02
1.141606070000000000e+08 1.000000000000000000e+00 6.500000000000000000e+01 3.429945240840001134e+03 3.938373276432415878e+03 1.340456999999999971e+04 0.000000000000000000e+00 6.655797003844331705e+00 9.199999999999999845e-02
1.141606110000000000e+08 1.000000000000000000e+00 6.600000000000000000e+01 3.429235240840001097e+03 3.937942276432415383e+03 1.340436999999999898e+04 0.000000000000000000e+00 6.324821886333377385e+00 9.199999999999999845e-02
1.141606090000000000e+08 1.000000000000000000e+00 6.500000000000000000e+01 3.419005240840000624e+03 3.919247276432415674e+03 1.340188999999999942e+04 0.000000000000000000e+00 2.929605151216346570e+00 2.400000000000000050e-02
1.141606050000000000e+08 1.000000000000000000e+00 6.600000000000000000e+01 3.411065240840001024e+03 3.910236276432415252e+03 1.340668000000000029e+04 0.000000000000000000e+00 7.859436877806643018e+00 6.099999999999999867e-02
1.141606100000000000e+08 1.000000000000000000e+00 6.500000000000000000e+01 3.410305240840001716e+03 3.918186276432415070e+03 1.339547999999999956e+04 0.000000000000000000e+00 1.706839394215613481e+00 8.349999999999999645e-01
1.141606100000000000e+08 1.000000000000000000e+00 6.500000000000000000e+01 3.408895240840000952e+03 3.911738276432415660e+03 1.339750000000000000e+04 0.000000000000000000e+00 5.573523160836201029e+00 6.099999999999999867e-02
1.141606110000000000e+08 1.000000000000000000e+00 6.500000000000000000e+01 3.396425240840000697e+03 3.913446276432415289e+03 1.339377000000000044e+04 0.000000000000000000e+00 5.773636480932282211e+00 4.169999999999999818e-01
1.141606120000000000e+08 1.000000000000000000e+00 6.500000000000000000e+01 3.393965240840001570e+03 3.920541276432415543e+03 1.339636999999999898e+04 0.000000000000000000e+00 7.052970517781801618e+00 9.199999999999999845e-02
1.141619280000000000e+08 1.000000000000000000e+00 6.600000000000000000e+01 3.395145240840000952e+03 3.902593276432415223e+03 1.340093999999999869e+04 0.000000000000000000e+00 8.490964362652878350e+00 2.400000000000000050e-02
1.141605440000000000e+08 1.000000000000000000e+00 6.500000000000000000e+01 3.369415240840001388e+03 3.886212276432415820e+03 1.341281999999999971e+04 0.000000000000000000e+00 2.812627240474518064e+00 4.169999999999999818e-01
1.141605430000000000e+08 1.000000000000000000e+00 6.500000000000000000e+01 3.362575240840001243e+03 3.888594276432415427e+03 1.341052000000000044e+04 0.000000000000000000e+00 4.467583427687435993e+00 4.169999999999999818e-01
1.141605430000000000e+08 1.000000000000000000e+00 6.500000000000000000e+01 3.362625240840001425e+03 3.887413276432415842e+03 1.340972999999999956e+04 0.000000000000000000e+00 5.036873894985862243e+00 6.099999999999999867e-02
1.141605440000000000e+08 1.000000000000000000e+00 6.500000000000000000e+01 3.366365240840001206e+03 3.886589276432415318e+03 1.340860000000000036e+04 0.000000000000000000e+00 5.174824141928840326e+00 9.199999999999999845e-02
1.141605440000000000e+08 1.000000000000000000e+00 6.500000000000000000e+01 3.367775240840001061e+03 3.883588276432415114e+03 1.341065999999999985e+04 0.000000000000000000e+00 5.713164107685330784e+00 2.400000000000000050e-02
1.141605480000000000e+08 1.000000000000000000e+00 6.600000000000000000e+01 3.380055240840001716e+03 3.873132276432415892e+03 1.341612999999999920e+04 0.000000000000000000e+00 3.568019635272706491e+00 4.169999999999999818e-01
1.141604690000000000e+08 1.000000000000000000e+00 6.600000000000000000e+01 3.375265240840000843e+03 3.861142276432415201e+03 1.342656000000000131e+04 0.000000000000000000e+00 3.259312463449676844e+00 9.199999999999999845e-02
1.141604690000000000e+08 0.000000000000000000e+00 6.600000000000000000e+01 3.378545240840001497e+03 3.857459276432415209e+03 1.343239999999999964e+04 0.000000000000000000e+00 5.173500438478809693e-01 4.169999999999999818e-01
1.141604690000000000e+08 0.000000000000000000e+00 6.600000000000000000e+01 3.377955240840001352e+03 3.854990276432415158e+03 1.343437999999999920e+04 0.000000000000000000e+00 1.502342269632819027e+00 9.199999999999999845e-02
1.141604720000000000e+08 0.000000000000000000e+00 6.600000000000000000e+01 3.385795240840001497e+03 3.860215276432415521e+03 1.344368999999999869e+04 0.000000000000000000e+00 5.968657659888449984e-01 9.199999999999999845e-02
1.141604660000000000e+08 1.000000000000000000e+00 6.500000000000000000e+01 3.375985240840001097e+03 3.865406276432415325e+03 1.343148999999999978e+04 0.000000000000000000e+00 5.321072742291887536e+00 9.199999999999999845e-02
1.141604660000000000e+08 1.000000000000000000e+00 6.500000000000000000e+01 3.375985240840001097e+03 3.865406276432415325e+03 1.343148999999999978e+04 0.000000000000000000e+00 5.321072742291887536e+00 7.338709999999999845e+00
1.141606050000000000e+08 1.000000000000000000e+00 6.500000000000000000e+01 3.429215240840001570e+03 3.935495276432415267e+03 1.342376000000000022e+04 0.000000000000000000e+00 4.084720852534827529e+00 3.925720000000000098e+00
1.141619870000000000e+08 1.000000000000000000e+00 6.600000000000000000e+01 3.452345240840000770e+03 3.902722276432415129e+03 1.339142000000000007e+04 0.000000000000000000e+00 6.741191414623218137e+00 2.039999999999999869e-01
1.141619870000000000e+08 1.000000000000000000e+00 6.600000000000000000e+01 3.457365240840001206e+03 3.901176276432415762e+03 1.338982999999999993e+04 0.000000000000000000e+00 4.463144563328750536e+00 9.199999999999999845e-02
1.141619870000000000e+08 1.000000000000000000e+00 6.600000000000000000e+01 3.460355240840000988e+03 3.901948276432415696e+03 1.339059999999999854e+04 0.000000000000000000e+00 7.066908633059679090e+00 9.199999999999999845e-02
1.141619870000000000e+08 1.000000000000000000e+00 6.600000000000000000e+01 3.460125240840001425e+03 3.901307276432415165e+03 1.339125000000000000e+04 0.000000000000000000e+00 7.200375257948198104e+00 2.400000000000000050e-02
1.141606690000000000e+08 1.000000000000000000e+00 6.500000000000000000e+01 3.453505240840000624e+03 3.893088276432415114e+03 1.342643000000000029e+04 0.000000000000000000e+00 1.259689179238186130e+00 2.400000000000000050e-02
1.141606690000000000e+08 1.000000000000000000e+00 6.500000000000000000e+01 3.453415240840000479e+03 3.893282276432415529e+03 1.342695999999999913e+04 0.000000000000000000e+00 9.883385719826988103e-01 2.400000000000000050e-02
1.141606700000000000e+08 1.000000000000000000e+00 6.500000000000000000e+01 3.450155240840001170e+03 3.893983276432415551e+03 1.342493000000000029e+04 0.000000000000000000e+00 6.125062512614835031e-01 4.169999999999999818e-01
1.141606700000000000e+08 1.000000000000000000e+00 6.500000000000000000e+01 3.448985240840001097e+03 3.896495276432415267e+03 1.342212999999999920e+04 0.000000000000000000e+00 3.168905480764749871e+00 9.199999999999999845e-02
1.141606700000000000e+08 1.000000000000000000e+00 6.500000000000000000e+01 3.448725240840000879e+03 3.897370276432415267e+03 1.342067000000000007e+04 0.000000000000000000e+00 4.768863225753102952e+00 9.199999999999999845e-02
1.141606700000000000e+08 1.000000000000000000e+00 6.500000000000000000e+01 3.448355240840000988e+03 3.897884276432415390e+03 1.341949000000000160e+04 0.000000000000000000e+00 6.041907117528756643e+00 9.199999999999999845e-02
1.141620120000000000e+08 0.000000000000000000e+00 6.600000000000000000e+01 3.421265240840000843e+03 3.900553276432415259e+03 1.343788000000000102e+04 0.000000000000000000e+00 1.308086942737326508e+00 4.169999999999999818e-01
1.141620130000000000e+08 1.000000000000000000e+00 6.600000000000000000e+01 3.410925240840000697e+03 3.899121276432415470e+03 1.343982999999999993e+04 0.000000000000000000e+00 3.069566125320509542e+00 6.099999999999999867e-02
1.141620130000000000e+08 1.000000000000000000e+00 6.600000000000000000e+01 3.408255240840000624e+03 3.896654276432415827e+03 1.344263000000000102e+04 0.000000000000000000e+00 6.221286979482295365e+00 9.199999999999999845e-02
1.141620130000000000e+08 1.000000000000000000e+00 6.600000000000000000e+01 3.414935240840000915e+03 3.896514276432415500e+03 1.344797000000000116e+04 0.000000000000000000e+00 6.482604055331777637e+00 6.099999999999999867e-02
1.141620130000000000e+08 1.000000000000000000e+00 6.600000000000000000e+01 3.410895240840000952e+03 3.898406276432415325e+03 1.344423999999999978e+04 0.000000000000000000e+00 4.731481325701023977e+00 2.400000000000000050e-02
1.141620130000000000e+08 1.000000000000000000e+00 6.600000000000000000e+01 3.408115240840001206e+03 3.898741276432415361e+03 1.344133000000000175e+04 0.000000000000000000e+00 5.945923450126933574e+00 9.199999999999999845e-02
1.141606020000000000e+08 0.000000000000000000e+00 6.500000000000000000e+01 3.414035240840001279e+03 3.920979276432415645e+03 1.342143000000000029e+04 0.000000000000000000e+00 3.354605041911753016e+00 2.400000000000000050e-02
1.141606020000000000e+08 1.000000000000000000e+00 6.500000000000000000e+01 3.409225240840000879e+03 3.922520276432415812e+03 1.341971999999999935e+04 0.000000000000000000e+00 3.730004754755845031e+00 4.169999999999999818e-01
1.141606020000000000e+08 1.000000000000000000e+00 6.500000000000000000e+01 3.406395240840000952e+03 3.919626276432415580e+03 1.342201000000000022e+04 0.000000000000000000e+00 1.976697125325929338e+00 9.199999999999999845e-02
1.141606020000000000e+08 1.000000000000000000e+00 6.500000000000000000e+01 3.407435240840000915e+03 3.917004276432415281e+03 1.341969000000000051e+04 0.000000000000000000e+00 3.853118537092341978e+00 9.199999999999999845e-02
1.141606010000000000e+08 1.000000000000000000e+00 6.500000000000000000e+01 3.411245240840001316e+03 3.909784276432415936e+03 1.341950999999999840e+04 0.000000000000000000e+00 3.973749550520883744e+00 1.000000000000000021e-02
1.141619320000000000e+08 1.000000000000000000e+00 6.500000000000000000e+01 3.409395240840000952e+03 3.907881276432415689e+03 1.342350000000000000e+04 0.000000000000000000e+00 5.609506656796360069e+00 4.169999999999999818e-01
1.141619320000000000e+08 1.000000000000000000e+00 6.500000000000000000e+01 3.409395240840000952e+03 3.907881276432415689e+03 1.342350000000000000e+04 0.000000000000000000e+00 5.609506656796360069e+00 7.200160000000000338e+00
1.141606890000000000e+08 0.000000000000000000e+00 6.600000000000000000e+01 3.445995240840001316e+03 3.940320276432415085e+03 1.341084000000000015e+04 0.000000000000000000e+00 1.264111661589899294e+00 1.826030000000000042e+00
1.141606890000000000e+08 0.000000000000000000e+00 6.600000000000000000e+01 3.446405240840001170e+03 3.940213276432415114e+03 1.340947999999999956e+04 0.000000000000000000e+00 2.281518315778522599e+00 4.231919999999999682e+00
1.141619600000000000e+08 1.000000000000000000e+00 6.600000000000000000e+01 3.435515240840000843e+03 3.947619276432415063e+03 1.341217000000000007e+04 0.000000000000000000e+00 3.966587541116705307e+00 2.421809999999999796e+00
1.140368890000000000e+08 1.000000000000000000e+00 6.600000000000000000e+01 4.653765240840000843e+03 4.231950276432415194e+03 1.350006000000000131e+04 0.000000000000000000e+00 8.157322027582402768e+00 2.400000000000000050e-02
1.140368910000000000e+08 1.000000000000000000e+00 6.600000000000000000e+01 4.632896240840001155e+03 4.239529276432415827e+03 1.348906999999999971e+04 0.000000000000000000e+00 8.314477866960512387e+00 9.199999999999999845e-02
1.140368910000000000e+08 1.000000000000000000e+00 6.600000000000000000e+01 4.634108240840001599e+03 4.235369276432415063e+03 1.349495999999999913e+04 0.000000000000000000e+00 5.842555338090584804e+00 2.039999999999999869e-01
1.140368910000000000e+08 1.000000000000000000e+00 6.600000000000000000e+01 4.634451240840001446e+03 4.234262276432415092e+03 1.349840999999999985e+04 0.000000000000000000e+00 6.606950103756066284e+00 9.199999999999999845e-02
1.140377050000000000e+08 1.000000000000000000e+00 6.500000000000000000e+01 4.636525240840001061e+03 4.224313276432415478e+03 1.348745999999999913e+04 0.000000000000000000e+00 5.932830058251758132e+00 9.199999999999999845e-02
1.140377050000000000e+08 1.000000000000000000e+00 6.500000000000000000e+01 4.634828240840000944e+03 4.230976276432415034e+03 1.348282999999999993e+04 0.000000000000000000e+00 3.919794545885836978e+00 9.199999999999999845e-02
1.140368910000000000e+08 1.000000000000000000e+00 6.600000000000000000e+01 4.637352240840001286e+03 4.234678276432415259e+03 1.349938999999999942e+04 0.000000000000000000e+00 7.384338306102681493e+00 4.169999999999999818e-01
1.140368900000000000e+08 1.000000000000000000e+00 6.600000000000000000e+01 4.648332240840000850e+03 4.235416276432415543e+03 1.349104000000000087e+04 0.000000000000000000e+00 7.962216026027680194e+00 9.199999999999999845e-02
1.140368890000000000e+08 1.000000000000000000e+00 6.600000000000000000e+01 4.650473240840001381e+03 4.234461276432415616e+03 1.349221999999999935e+04 0.000000000000000000e+00 8.462148711450129923e+00 9.199999999999999845e-02
1.140376990000000000e+08 1.000000000000000000e+00 6.600000000000000000e+01 4.661167240840000886e+03 4.226438276432415478e+03 1.347511000000000058e+04 0.000000000000000000e+00 5.845102499048437039e+00 9.199999999999999845e-02
1.140376970000000000e+08 1.000000000000000000e+00 6.600000000000000000e+01 4.679742240840000704e+03 4.225623276432415878e+03 1.345875000000000000e+04 0.000000000000000000e+00 8.315701739907327195e+00 2.400000000000000050e-02
1.140376960000000000e+08 1.000000000000000000e+00 6.600000000000000000e+01 4.681906240840001374e+03 4.226108276432415551e+03 1.345580999999999949e+04 0.000000000000000000e+00 9.385192087693400964e+00 6.099999999999999867e-02
1.140376960000000000e+08 1.000000000000000000e+00 6.600000000000000000e+01 4.683525240840001061e+03 4.239370276432415267e+03 1.345206000000000131e+04 0.000000000000000000e+00 5.711328039086701835e+00 6.099999999999999867e-02
1.140376920000000000e+08 1.000000000000000000e+00 6.500000000000000000e+01 4.687841240840000864e+03 4.246005276432415485e+03 1.345565000000000146e+04 0.000000000000000000e+00 4.835044063810154391e+00 9.199999999999999845e-02
1.140376920000000000e+08 0.000000000000000000e+00 6.500000000000000000e+01 4.675353240840001490e+03 4.248558276432415369e+03 1.345511999999999898e+04 0.000000000000000000e+00 4.931454200639397989e+00 9.199999999999999845e-02
1.140856370000000000e+08 1.000000000000000000e+00 6.600000000000000000e+01 4.929659040840001580e+03 4.311719576432415124e+03 1.343140999999999985e+04 0.000000000000000000e+00 3.703106623108507023e+00 9.199999999999999845e-02
1.140857250000000000e+08 1.000000000000000000e+00 6.600000000000000000e+01 4.917421840840001096e+03 4.306438476432415882e+03 1.344551000000000022e+04 0.000000000000000000e+00 9.332305333050578966e+00 1.078999999999999915e+01
1.140857250000000000e+08 1.000000000000000000e+00 6.600000000000000000e+01 4.917421840840001096e+03 4.306438476432415882e+03 1.344551000000000022e+04 0.000000000000000000e+00 9.332305333050578966e+00 4.723889999999999922e+00
1.140857250000000000e+08 1.000000000000000000e+00 6.600000000000000000e+01 4.917421840840001096e+03 4.306438476432415882e+03 1.344551000000000022e+04 0.000000000000000000e+00 9.332305333050578966e+00 4.647730000000000139e+00
