7.790626800000000000e+07 1.000000000000000000e+00 6.600000000000000000e+01 2.580510000000000218e+03 8.112398519523259893e+03 9.088313948521292332e+03 0.000000000000000000e+00 4.378800386750216767e+00 1.078999999999999915e+01
7.790670800000000000e+07 1.000000000000000000e+00 6.500000000000000000e+01 2.680640000000000327e+03 8.109942919523259661e+03 9.070169948521292099e+03 0.000000000000000000e+00 3.605961583197471398e+00 1.078999999999999915e+01
6.981159900000000000e+07 0.000000000000000000e+00 6.500000000000000000e+01 8.802389999999999418e+03 8.619152619523260000e+03 8.075983948521291495e+03 0.000000000000000000e+00 2.564177359940371659e+00 1.605000000000000071e+01
6.398124000000000000e+07 0.000000000000000000e+00 6.600000000000000000e+01 1.289751000000000022e+04 9.534842619523260510e+03 7.362623948521291823e+03 0.000000000000000000e+00 3.457363712622441465e+00 1.078999999999999915e+01
6.398123700000000000e+07 1.000000000000000000e+00 6.500000000000000000e+01 1.290056000000000131e+04 9.535602619523258909e+03 7.361803948521291204e+03 0.000000000000000000e+00 2.008855644184133649e+00 1.605000000000000071e+01
6.398123700000000000e+07 1.000000000000000000e+00 6.500000000000000000e+01 1.290045999999999913e+04 9.535412619523260219e+03 7.361833948521291859e+03 0.000000000000000000e+00 2.203415188203307284e+00 6.099999999999999867e-02
6.398123700000000000e+07 1.000000000000000000e+00 6.500000000000000000e+01 1.290018000000000029e+04 9.534892619523259782e+03 7.361933948521291313e+03 0.000000000000000000e+00 2.758218245838032434e+00 9.199999999999999845e-02
6.398123900000000000e+07 0.000000000000000000e+00 6.600000000000000000e+01 1.289629000000000087e+04 9.531482619523259928e+03 7.358303948521292114e+03 0.000000000000000000e+00 2.162381372087943898e+00 1.078999999999999915e+01
6.398124000000000000e+07 1.000000000000000000e+00 6.600000000000000000e+01 1.290581999999999971e+04 9.526702619523261092e+03 7.363493948521291713e+03 0.000000000000000000e+00 2.791282803710311455e+00 9.199999999999999845e-02
6.398124000000000000e+07 1.000000000000000000e+00 6.600000000000000000e+01 1.290304999999999927e+04 9.524682619523260655e+03 7.363553948521292114e+03 0.000000000000000000e+00 3.049947766715531028e+00 1.078999999999999915e+01
6.397997400000000000e+07 1.000000000000000000e+00 6.500000000000000000e+01 1.290223999999999978e+04 9.509912619523260219e+03 7.368743948521291713e+03 0.000000000000000000e+00 9.135918884166686738e+00 2.039999999999999869e-01
6.397997400000000000e+07 1.000000000000000000e+00 6.500000000000000000e+01 1.290213999999999942e+04 9.509842619523260510e+03 7.368703948521291750e+03 0.000000000000000000e+00 9.140552786518007622e+00 9.199999999999999845e-02
6.397997500000000000e+07 1.000000000000000000e+00 6.500000000000000000e+01 1.289950000000000000e+04 9.497772619523260801e+03 7.370293948521291895e+03 0.000000000000000000e+00 7.281351415770921598e+00 2.039999999999999869e-01
6.397997600000000000e+07 1.000000000000000000e+00 6.500000000000000000e+01 1.290247000000000116e+04 9.491242619523258327e+03 7.377213948521291968e+03 0.000000000000000000e+00 8.560859271111473490e+00 9.199999999999999845e-02
6.397997600000000000e+07 1.000000000000000000e+00 6.500000000000000000e+01 1.290215999999999985e+04 9.496882619523261383e+03 7.376283948521291677e+03 0.000000000000000000e+00 5.709240880584174782e+00 2.400000000000000050e-02
6.397997600000000000e+07 1.000000000000000000e+00 6.500000000000000000e+01 1.290192000000000007e+04 9.496862619523260946e+03 7.381413948521291786e+03 0.000000000000000000e+00 7.615854678239077025e+00 9.199999999999999845e-02
6.397997600000000000e+07 1.000000000000000000e+00 6.500000000000000000e+01 1.290114999999999964e+04 9.494222619523261528e+03 7.382263948521291240e+03 0.000000000000000000e+00 9.441121113693514033e+00 9.199999999999999845e-02
6.398029100000000000e+07 1.000000000000000000e+00 6.500000000000000000e+01 1.289256000000000131e+04 9.494162619523260219e+03 7.388803948521292114e+03 0.000000000000000000e+00 7.195022427203242366e+00 4.169999999999999818e-01
6.398029100000000000e+07 1.000000000000000000e+00 6.500000000000000000e+01 1.289751000000000022e+04 9.494262619523258763e+03 7.393233948521291495e+03 0.000000000000000000e+00 6.456571970659814141e+00 9.199999999999999845e-02
6.398029600000000000e+07 1.000000000000000000e+00 6.600000000000000000e+01 1.290547999999999956e+04 9.485242619523258327e+03 7.395933948521291313e+03 0.000000000000000000e+00 8.089511444481889413e+00 2.400000000000000050e-02
6.398029200000000000e+07 1.000000000000000000e+00 6.500000000000000000e+01 1.290713999999999942e+04 9.492082619523258472e+03 7.400403948521291568e+03 0.000000000000000000e+00 7.010974539506696246e+00 9.199999999999999845e-02
6.398029200000000000e+07 1.000000000000000000e+00 6.500000000000000000e+01 1.289543999999999869e+04 9.493692619523259054e+03 7.403803948521291204e+03 0.000000000000000000e+00 2.160994024289867088e+00 2.400000000000000050e-02
6.398029800000000000e+07 1.000000000000000000e+00 6.600000000000000000e+01 1.291559000000000015e+04 9.483512619523258763e+03 7.412843948521291168e+03 0.000000000000000000e+00 2.890271837523724408e+00 2.400000000000000050e-02
6.398029800000000000e+07 1.000000000000000000e+00 6.600000000000000000e+01 1.292170000000000073e+04 9.486692619523259054e+03 7.413523948521291459e+03 0.000000000000000000e+00 8.288359877061227010e+00 6.099999999999999867e-02
6.398029900000000000e+07 1.000000000000000000e+00 6.600000000000000000e+01 1.292370000000000073e+04 9.476202619523261092e+03 7.416243948521291713e+03 0.000000000000000000e+00 7.226639251804953368e+00 2.039999999999999869e-01
6.398030000000000000e+07 1.000000000000000000e+00 6.600000000000000000e+01 1.292197999999999956e+04 9.473492619523258327e+03 7.417523948521291459e+03 0.000000000000000000e+00 5.596040547504053997e+00 6.099999999999999867e-02
6.398030000000000000e+07 1.000000000000000000e+00 6.600000000000000000e+01 1.291851000000000022e+04 9.475572619523260073e+03 7.422733948521291495e+03 0.000000000000000000e+00 5.133722974916722137e+00 2.400000000000000050e-02
6.398030400000000000e+07 1.000000000000000000e+00 6.500000000000000000e+01 1.291619000000000051e+04 9.465052619523259636e+03 7.426293948521291895e+03 0.000000000000000000e+00 8.380729368031831328e+00 6.099999999999999867e-02
6.398030100000000000e+07 1.000000000000000000e+00 6.600000000000000000e+01 1.291532999999999993e+04 9.468552619523259636e+03 7.425713948521291968e+03 0.000000000000000000e+00 8.022541219894305797e+00 9.199999999999999845e-02
6.398038400000000000e+07 1.000000000000000000e+00 6.600000000000000000e+01 1.291072999999999956e+04 9.476492619523258327e+03 7.435513948521291240e+03 0.000000000000000000e+00 7.139723395460568334e+00 9.199999999999999845e-02
6.398042700000000000e+07 1.000000000000000000e+00 6.500000000000000000e+01 1.286734999999999854e+04 9.489372619523259345e+03 7.457273948521291459e+03 0.000000000000000000e+00 6.552568121144063618e+00 9.199999999999999845e-02
6.398042700000000000e+07 1.000000000000000000e+00 6.500000000000000000e+01 1.286529999999999927e+04 9.490032619523259200e+03 7.457423948521291095e+03 0.000000000000000000e+00 4.639456359244571004e+00 9.199999999999999845e-02
6.398042700000000000e+07 1.000000000000000000e+00 6.500000000000000000e+01 1.286220000000000073e+04 9.492982619523259928e+03 7.456133948521292041e+03 0.000000000000000000e+00 1.255337428918199105e+00 2.400000000000000050e-02
6.398042700000000000e+07 1.000000000000000000e+00 6.500000000000000000e+01 1.286220000000000073e+04 9.492982619523259928e+03 7.456133948521292041e+03 0.000000000000000000e+00 1.255337428918199105e+00 7.379279999999999617e+00
6.398124000000000000e+07 1.000000000000000000e+00 6.600000000000000000e+01 1.290304999999999927e+04 9.524682619523260655e+03 7.363553948521292114e+03 0.000000000000000000e+00 3.049947766715531028e+00 1.502760000000000096e+00
6.398123900000000000e+07 0.000000000000000000e+00 6.600000000000000000e+01 1.289629000000000087e+04 9.531482619523259928e+03 7.358303948521292114e+03 0.000000000000000000e+00 2.162381372087943898e+00 5.135399999999999743e+00
6.398123700000000000e+07 1.000000000000000000e+00 6.500000000000000000e+01 1.290445000000000073e+04 9.536702619523261092e+03 7.361283948521291677e+03 0.000000000000000000e+00 3.311266313385488935e+00 6.099999999999999867e-02
6.398123700000000000e+07 1.000000000000000000e+00 6.500000000000000000e+01 1.290372000000000116e+04 9.538272619523260801e+03 7.361283948521291677e+03 0.000000000000000000e+00 3.218889061654746975e+00 2.400000000000000050e-02
6.398124200000000000e+07 1.000000000000000000e+00 6.500000000000000000e+01 1.288450000000000000e+04 9.523442619523259054e+03 7.358833948521291859e+03 0.000000000000000000e+00 1.883306213295857567e+00 1.078999999999999915e+01
6.398124200000000000e+07 1.000000000000000000e+00 6.500000000000000000e+01 1.288450000000000000e+04 9.523442619523259054e+03 7.358833948521291859e+03 0.000000000000000000e+00 1.883306213295857567e+00 3.084049999999999958e+00
6.398124200000000000e+07 1.000000000000000000e+00 6.500000000000000000e+01 1.288450000000000000e+04 9.523442619523259054e+03 7.358833948521291859e+03 0.000000000000000000e+00 1.883306213295857567e+00 1.350470000000000059e+00
6.981159800000000000e+07 1.000000000000000000e+00 6.500000000000000000e+01 8.803270000000000437e+03 8.618346619523259506e+03 8.076053948521291204e+03 0.000000000000000000e+00 1.787774040788854268e+00 1.339000000000000057e+01
6.981159800000000000e+07 1.000000000000000000e+00 6.500000000000000000e+01 8.806869999999998981e+03 8.615838619523259695e+03 8.076483948521291495e+03 0.000000000000000000e+00 2.875809008707510550e+00 6.099999999999999867e-02
6.981160200000000000e+07 1.000000000000000000e+00 6.600000000000000000e+01 8.814579999999999927e+03 8.610469619523260917e+03 8.077413948521291786e+03 0.000000000000000000e+00 9.668285333970002782e+00 2.400000000000000050e-02
6.981159800000000000e+07 1.000000000000000000e+00 6.500000000000000000e+01 8.803270000000000437e+03 8.618346619523259506e+03 8.076053948521291204e+03 0.000000000000000000e+00 1.787774040788854268e+00 1.921470000000000011e+00
6.974500200000000000e+07 1.000000000000000000e+00 6.500000000000000000e+01 8.469645000000000437e+03 8.574232619523259928e+03 8.099983948521291495e+03 0.000000000000000000e+00 9.407591806080512598e+00 9.199999999999999845e-02
6.974499600000000000e+07 0.000000000000000000e+00 6.600000000000000000e+01 8.453407999999999447e+03 8.556640619523259375e+03 8.088613948521291604e+03 0.000000000000000000e+00 1.855685453542026409e+00 4.169999999999999818e-01
7.483535300000000000e+07 1.000000000000000000e+00 6.500000000000000000e+01 4.577229999999999563e+03 8.073522869523259942e+03 8.775142948521290236e+03 0.000000000000000000e+00 8.353489233756182131e+00 2.400000000000000050e-02
7.483535300000000000e+07 1.000000000000000000e+00 6.500000000000000000e+01 4.576500000000000000e+03 8.073166499523259517e+03 8.775483948521290586e+03 0.000000000000000000e+00 9.105315501556988877e+00 9.199999999999999845e-02
7.483618700000000000e+07 1.000000000000000000e+00 6.500000000000000000e+01 4.576729999999999563e+03 8.085155499523260005e+03 8.798752948521290818e+03 0.000000000000000000e+00 5.264506495171995759e+00 9.199999999999999845e-02
7.483601900000000000e+07 1.000000000000000000e+00 6.500000000000000000e+01 4.584869999999999891e+03 8.086571549523259819e+03 8.796273948521291459e+03 0.000000000000000000e+00 7.932799499068317051e-01 9.199999999999999845e-02
7.483601800000000000e+07 1.000000000000000000e+00 6.600000000000000000e+01 4.583270000000000437e+03 8.074916459523259618e+03 8.785420948521292303e+03 0.000000000000000000e+00 7.049388700481805436e+00 6.099999999999999867e-02
7.483601800000000000e+07 1.000000000000000000e+00 6.600000000000000000e+01 4.582649999999999636e+03 8.074606009523259672e+03 8.785004948521291226e+03 0.000000000000000000e+00 7.800749360496415541e+00 4.169999999999999818e-01
7.483535300000000000e+07 1.000000000000000000e+00 6.500000000000000000e+01 4.576909999999999854e+03 8.074816179523259962e+03 8.775664948521291080e+03 0.000000000000000000e+00 8.943063003080792939e+00 6.099999999999999867e-02
7.483534800000000000e+07 1.000000000000000000e+00 6.600000000000000000e+01 4.575850000000000364e+03 8.062065619523259556e+03 8.775906948521291270e+03 0.000000000000000000e+00 7.246861883571628304e+00 9.199999999999999845e-02
7.483543200000000000e+07 1.000000000000000000e+00 6.600000000000000000e+01 4.579690000000000509e+03 8.057217119523259498e+03 8.758205948521292157e+03 0.000000000000000000e+00 3.200687701377933347e+00 9.199999999999999845e-02
7.483543500000000000e+07 1.000000000000000000e+00 6.500000000000000000e+01 4.581369999999999891e+03 8.059856519523259522e+03 8.758068948521291532e+03 0.000000000000000000e+00 5.152989604249738953e+00 2.039999999999999869e-01
7.483543100000000000e+07 1.000000000000000000e+00 6.500000000000000000e+01 4.560579999999999927e+03 8.041407419523259705e+03 8.759118948521292623e+03 0.000000000000000000e+00 2.407913119022305093e+00 6.099999999999999867e-02
7.483639500000000000e+07 1.000000000000000000e+00 6.600000000000000000e+01 4.571750000000000000e+03 8.001960919523259690e+03 8.768305948521290702e+03 0.000000000000000000e+00 2.431058281944717514e+00 2.400000000000000050e-02
7.483639500000000000e+07 1.000000000000000000e+00 6.600000000000000000e+01 4.572470000000000255e+03 8.000559819523259648e+03 8.767169948521292099e+03 0.000000000000000000e+00 8.023140979450316124e-01 1.109190000000000076e+01
7.790670800000000000e+07 1.000000000000000000e+00 6.500000000000000000e+01 2.680640000000000327e+03 8.109942919523259661e+03 9.070169948521292099e+03 0.000000000000000000e+00 3.605961583197471398e+00 8.176860000000000239e-01
7.790627100000000000e+07 1.000000000000000000e+00 6.500000000000000000e+01 2.574890000000000327e+03 8.108290119523259818e+03 9.094183948521291313e+03 0.000000000000000000e+00 1.556977882907135236e+00 2.400000000000000050e-02
7.790627200000000000e+07 1.000000000000000000e+00 6.500000000000000000e+01 2.569380000000000109e+03 8.104322819523259568e+03 9.094544948521292099e+03 0.000000000000000000e+00 2.015273889852025935e+00 9.199999999999999845e-02
7.790634800000000000e+07 1.000000000000000000e+00 6.500000000000000000e+01 2.566229999999999563e+03 8.108237419523259632e+03 9.100933948521291313e+03 0.000000000000000000e+00 2.112356486538345290e+00 9.199999999999999845e-02
7.790627600000000000e+07 1.000000000000000000e+00 6.600000000000000000e+01 2.574979999999999563e+03 8.097577219523259373e+03 9.086423948521291095e+03 0.000000000000000000e+00 6.167156130495624389e+00 9.199999999999999845e-02
7.790619900000000000e+07 1.000000000000000000e+00 6.500000000000000000e+01 2.585319999999999709e+03 8.089702119523260080e+03 9.074722948521291983e+03 0.000000000000000000e+00 9.699484071727777490e+00 4.169999999999999818e-01
7.790760900000000000e+07 1.000000000000000000e+00 6.600000000000000000e+01 2.586779999999999745e+03 8.091413719523259715e+03 9.074739948521291808e+03 0.000000000000000000e+00 8.030621364593500289e+00 9.199999999999999845e-02
7.790760900000000000e+07 1.000000000000000000e+00 6.600000000000000000e+01 2.591090000000000146e+03 8.087958939523259687e+03 9.072403948521292477e+03 0.000000000000000000e+00 8.814047821815256256e+00 2.400000000000000050e-02
7.207219800000000000e+07 0.000000000000000000e+00 6.600000000000000000e+01 8.793670000000000073e+03 7.866728619523260022e+03 8.520716948521290760e+03 1.000000000000000000e+00 7.856304505097113644e-01 3.200000000000000000e+01
