2.910531400000000000e+07 1.000000000000000000e+00 6.600000000000000000e+01 6.630150634180406087e+03 3.758904544257069119e+03 3.478740000000000236e+03 0.000000000000000000e+00 5.476870661330272227e+00 1.605000000000000071e+01
7.441416000000000000e+07 1.000000000000000000e+00 6.500000000000000000e+01 6.943916934180405406e+03 3.468268544257069607e+03 8.746760000000000218e+03 0.000000000000000000e+00 5.961496162248388408e+00 1.605000000000000071e+01
7.441416000000000000e+07 1.000000000000000000e+00 6.500000000000000000e+01 6.943818934180405449e+03 3.468029544257069119e+03 8.747409999999999854e+03 0.000000000000000000e+00 6.496103082408144935e+00 6.099999999999999867e-02
7.441414100000000000e+07 1.000000000000000000e+00 6.500000000000000000e+01 6.938753934180405849e+03 3.466355544257069141e+03 8.768370000000000800e+03 0.000000000000000000e+00 9.286738401177776936e+00 2.039999999999999869e-01
7.441414000000000000e+07 1.000000000000000000e+00 6.500000000000000000e+01 6.934463934180405886e+03 3.467110544257069250e+03 8.761079999999999927e+03 0.000000000000000000e+00 6.910379365886872627e+00 1.078999999999999915e+01
7.441414000000000000e+07 1.000000000000000000e+00 6.500000000000000000e+01 6.934463934180405886e+03 3.467110544257069250e+03 8.761079999999999927e+03 0.000000000000000000e+00 6.910379365886872627e+00 2.924119999999999830e+00
7.441414000000000000e+07 1.000000000000000000e+00 6.500000000000000000e+01 6.934463934180405886e+03 3.467110544257069250e+03 8.761079999999999927e+03 0.000000000000000000e+00 6.910379365886872627e+00 2.452939999999999898e+00
2.910531500000000000e+07 1.000000000000000000e+00 6.600000000000000000e+01 6.640183834180405938e+03 3.767369044257069163e+03 3.483139999999999873e+03 0.000000000000000000e+00 4.012171078830288451e+00 1.078999999999999915e+01
2.910531500000000000e+07 1.000000000000000000e+00 6.600000000000000000e+01 6.640183834180405938e+03 3.767369044257069163e+03 3.483139999999999873e+03 0.000000000000000000e+00 4.012171078830288451e+00 2.133000000000000007e+00
2.910531500000000000e+07 1.000000000000000000e+00 6.600000000000000000e+01 6.640183834180405938e+03 3.767369044257069163e+03 3.483139999999999873e+03 0.000000000000000000e+00 4.012171078830288451e+00 1.834810000000000052e+00
1.082939530000000000e+08 0.000000000000000000e+00 6.600000000000000000e+01 6.594811784180405994e+03 3.443668544257069243e+03 1.288575000000000000e+04 1.000000000000000000e+00 1.906893570468698007e+00 2.100000000000000000e+01
