5.312914100000000000e+07 1.000000000000000000e+00 6.600000000000000000e+01 6.809299999999993815e+02 1.096207783280681906e+04 6.068449862272331302e+03 0.000000000000000000e+00 5.724941580832934918e+00 3.229999999999999716e+01
5.313568400000000000e+07 1.000000000000000000e+00 6.600000000000000000e+01 1.236349999999999454e+03 1.096148855680682027e+04 6.070161782272331038e+03 0.000000000000000000e+00 5.199308005301869429e+00 1.078999999999999915e+01
5.313678000000000000e+07 1.000000000000000000e+00 6.500000000000000000e+01 1.335939999999999600e+03 1.096151990480681889e+04 6.070476102272331445e+03 0.000000000000000000e+00 1.641188318594624551e+00 1.078999999999999915e+01
5.273593800000000000e+07 1.000000000000000000e+00 6.600000000000000000e+01 1.123114999999999964e+04 1.095971915280681787e+04 6.119694362272331091e+03 0.000000000000000000e+00 3.055257162675904414e+00 1.605000000000000071e+01
5.273593800000000000e+07 1.000000000000000000e+00 6.600000000000000000e+01 1.123114999999999964e+04 1.095971915280681787e+04 6.119694362272331091e+03 0.000000000000000000e+00 3.055257162675904414e+00 6.150570000000000093e+00
5.313677900000000000e+07 1.000000000000000000e+00 6.500000000000000000e+01 1.330670000000000073e+03 1.096248253480681888e+04 6.064040342272331145e+03 0.000000000000000000e+00 7.262748001384338181e+00 9.199999999999999845e-02
5.313568400000000000e+07 1.000000000000000000e+00 6.600000000000000000e+01 1.239560000000000400e+03 1.095980548280681978e+04 6.074407362272331738e+03 0.000000000000000000e+00 7.859239366331628673e+00 8.349999999999999645e-01
5.313568400000000000e+07 1.000000000000000000e+00 6.600000000000000000e+01 1.238500000000000000e+03 1.096592566280681785e+04 6.068763178272331061e+03 0.000000000000000000e+00 1.398018006530380442e+00 2.400000000000000050e-02
5.313568500000000000e+07 1.000000000000000000e+00 6.600000000000000000e+01 1.244289999999999964e+03 1.096869576280681940e+04 6.077961792272330968e+03 0.000000000000000000e+00 1.584235700719052620e+00 9.199999999999999845e-02
5.313568400000000000e+07 1.000000000000000000e+00 6.600000000000000000e+01 1.244269999999999527e+03 1.095869672280681880e+04 6.071870962272330871e+03 0.000000000000000000e+00 8.241180824739030797e+00 6.099999999999999867e-02
5.313568400000000000e+07 1.000000000000000000e+00 6.600000000000000000e+01 1.242909999999999854e+03 1.095829226280681905e+04 6.071041992272331299e+03 0.000000000000000000e+00 7.977364031170044889e+00 6.099999999999999867e-02
5.313567900000000000e+07 1.000000000000000000e+00 6.500000000000000000e+01 1.230830000000000837e+03 1.096860057280681940e+04 6.067352842272331145e+03 0.000000000000000000e+00 4.665020432367216863e+00 6.099999999999999867e-02
5.313567800000000000e+07 1.000000000000000000e+00 6.500000000000000000e+01 1.229500000000000000e+03 1.097052222280681963e+04 6.062972162272330934e+03 0.000000000000000000e+00 4.610445794139470976e+00 9.199999999999999845e-02
5.313568000000000000e+07 1.000000000000000000e+00 6.500000000000000000e+01 1.231130000000000109e+03 1.096849141280681943e+04 6.072086612272330967e+03 0.000000000000000000e+00 2.894128742225314799e+00 4.169999999999999818e-01
5.313568000000000000e+07 1.000000000000000000e+00 6.500000000000000000e+01 1.231130000000000109e+03 1.096849141280681943e+04 6.072086612272330967e+03 0.000000000000000000e+00 2.894128742225314799e+00 7.108349999999999724e+00
5.312914100000000000e+07 1.000000000000000000e+00 6.600000000000000000e+01 6.808299999999999272e+02 1.096257971080681818e+04 6.066991842272331269e+03 0.000000000000000000e+00 6.971526509041467534e+00 2.400000000000000050e-02
5.281580300000000000e+07 0.000000000000000000e+00 6.500000000000000000e+01 9.151440000000000509e+03 1.094649103280681811e+04 6.115755662272331392e+03 1.000000000000000000e+00 2.092278488482540055e+00 7.000000000000000000e+00
