4.365270500000000000e+07 0.000000000000000000e+00 6.500000000000000000e+01 1.042643892200472510e+04 7.154973446839717326e+03 5.063539999999999964e+03 0.000000000000000000e+00 4.029441492334425057e+00 1.605000000000000071e+01
9.456615200000000000e+07 1.000000000000000000e+00 6.600000000000000000e+01 1.021651682200472351e+04 7.272069046839716975e+03 1.106854000000000087e+04 0.000000000000000000e+00 8.199934250751995890e+00 1.078999999999999915e+01
9.456724600000000000e+07 1.000000000000000000e+00 6.600000000000000000e+01 1.015996982200472485e+04 7.302720046839716815e+03 1.106863000000000102e+04 0.000000000000000000e+00 9.855847981201371510e+00 1.339000000000000057e+01
9.456724600000000000e+07 1.000000000000000000e+00 6.600000000000000000e+01 1.015466182200472394e+04 7.304852046839717332e+03 1.107288999999999942e+04 0.000000000000000000e+00 5.312625335083038358e+00 1.605000000000000071e+01
9.456724800000000000e+07 1.000000000000000000e+00 6.600000000000000000e+01 1.014558882200472362e+04 7.308119046839717157e+03 1.108686999999999898e+04 0.000000000000000000e+00 4.544490901498035029e+00 9.199999999999999845e-02
9.456725100000000000e+07 1.000000000000000000e+00 6.500000000000000000e+01 1.013899582200472469e+04 7.324883046839717281e+03 1.107925000000000000e+04 0.000000000000000000e+00 5.819074153639735236e+00 9.199999999999999845e-02
9.456725600000000000e+07 1.000000000000000000e+00 6.600000000000000000e+01 1.013062782200472429e+04 7.331334046839717303e+03 1.107690999999999985e+04 0.000000000000000000e+00 4.042124296822250606e+00 1.078999999999999915e+01
9.456724600000000000e+07 1.000000000000000000e+00 6.600000000000000000e+01 1.015466182200472394e+04 7.304852046839717332e+03 1.107288999999999942e+04 0.000000000000000000e+00 5.312625335083038358e+00 6.770220000000000127e+00
9.456724600000000000e+07 1.000000000000000000e+00 6.600000000000000000e+01 1.015996982200472485e+04 7.302720046839716815e+03 1.106863000000000102e+04 0.000000000000000000e+00 9.855847981201371510e+00 6.046820000000000306e+00
9.456614500000000000e+07 1.000000000000000000e+00 6.500000000000000000e+01 1.021269782200472400e+04 7.250911046839716619e+03 1.108386999999999898e+04 0.000000000000000000e+00 4.011515419183987241e+00 6.099999999999999867e-02
9.456614100000000000e+07 1.000000000000000000e+00 6.600000000000000000e+01 1.021103682200472394e+04 7.242229046839716830e+03 1.108714999999999964e+04 0.000000000000000000e+00 2.557862875299901084e+00 9.199999999999999845e-02
9.456613600000000000e+07 1.000000000000000000e+00 6.500000000000000000e+01 1.021068682200472540e+04 7.237231046839717237e+03 1.107623999999999978e+04 0.000000000000000000e+00 8.997007501453138101e-01 4.169999999999999818e-01
9.456613600000000000e+07 1.000000000000000000e+00 6.600000000000000000e+01 1.021991682200472496e+04 7.222054046839716648e+03 1.107625000000000000e+04 0.000000000000000000e+00 6.419935591280275133e+00 4.169999999999999818e-01
9.456613600000000000e+07 1.000000000000000000e+00 6.600000000000000000e+01 1.021608282200472604e+04 7.214170946839716635e+03 1.108612999999999920e+04 0.000000000000000000e+00 5.492426900260100275e+00 6.099999999999999867e-02
9.456613600000000000e+07 1.000000000000000000e+00 6.600000000000000000e+01 1.021613182200472511e+04 7.210361146839716639e+03 1.108354999999999927e+04 0.000000000000000000e+00 9.282369653878866700e+00 4.600000000000000200e-01
9.456613600000000000e+07 1.000000000000000000e+00 6.600000000000000000e+01 1.021220582200472563e+04 7.210761346839716680e+03 1.108325000000000000e+04 0.000000000000000000e+00 8.180657923458955594e+00 9.199999999999999845e-02
9.456613600000000000e+07 1.000000000000000000e+00 6.600000000000000000e+01 1.021137582200472389e+04 7.211764246839717089e+03 1.108630999999999949e+04 0.000000000000000000e+00 5.989679823990197605e+00 6.099999999999999867e-02
9.456613700000000000e+07 0.000000000000000000e+00 6.600000000000000000e+01 1.021216582200472476e+04 7.224637046839717186e+03 1.108931999999999971e+04 0.000000000000000000e+00 1.328380290836059574e+00 9.199999999999999845e-02
9.456613800000000000e+07 1.000000000000000000e+00 6.600000000000000000e+01 1.020663882200472472e+04 7.219745046839717361e+03 1.109594000000000051e+04 0.000000000000000000e+00 3.174827193922741042e+00 2.039999999999999869e-01
9.456613800000000000e+07 1.000000000000000000e+00 6.600000000000000000e+01 1.020425982200472572e+04 7.218657046839716713e+03 1.109840999999999985e+04 0.000000000000000000e+00 4.956909066098647010e+00 4.169999999999999818e-01
9.456621700000000000e+07 1.000000000000000000e+00 6.500000000000000000e+01 1.019647682200472445e+04 7.215214546839716604e+03 1.110304000000000087e+04 0.000000000000000000e+00 5.440698645286491164e+00 9.199999999999999845e-02
9.456621800000000000e+07 1.000000000000000000e+00 6.500000000000000000e+01 1.020406482200472601e+04 7.211719846839717320e+03 1.110617000000000007e+04 0.000000000000000000e+00 2.664735434220764088e+00 9.199999999999999845e-02
9.456451500000000000e+07 1.000000000000000000e+00 6.600000000000000000e+01 1.020796482200472383e+04 7.196714046839716502e+03 1.110890999999999985e+04 0.000000000000000000e+00 1.355316264744738763e+00 8.349999999999999645e-01
9.456451600000000000e+07 0.000000000000000000e+00 6.600000000000000000e+01 1.020710282200472466e+04 7.198207746839717402e+03 1.110552000000000044e+04 0.000000000000000000e+00 1.374938438564508703e+00 9.199999999999999845e-02
9.456451900000000000e+07 0.000000000000000000e+00 6.600000000000000000e+01 1.020882182200472380e+04 7.190508046839717281e+03 1.109570000000000073e+04 0.000000000000000000e+00 1.720335409011917838e+00 6.099999999999999867e-02
9.456452300000000000e+07 1.000000000000000000e+00 6.500000000000000000e+01 1.021704982200472477e+04 7.184400846839716905e+03 1.108580999999999949e+04 0.000000000000000000e+00 6.078712816510842387e+00 9.199999999999999845e-02
9.456452300000000000e+07 1.000000000000000000e+00 6.500000000000000000e+01 1.021919082200472440e+04 7.182572346839717284e+03 1.108188000000000102e+04 0.000000000000000000e+00 8.099097030587236290e+00 9.199999999999999845e-02
9.456452200000000000e+07 1.000000000000000000e+00 6.500000000000000000e+01 1.021734582200472505e+04 7.187617946839716751e+03 1.108627999999999884e+04 0.000000000000000000e+00 6.108862325010520955e+00 2.039999999999999869e-01
9.456452100000000000e+07 1.000000000000000000e+00 6.500000000000000000e+01 1.021926782200472371e+04 7.194577746839717292e+03 1.108702999999999884e+04 0.000000000000000000e+00 7.842387517050096513e+00 9.199999999999999845e-02
9.456452200000000000e+07 1.000000000000000000e+00 6.600000000000000000e+01 1.020836782200472589e+04 7.171355946839717035e+03 1.109482999999999993e+04 0.000000000000000000e+00 6.036346263485043551e+00 6.099999999999999867e-02
9.456460400000000000e+07 1.000000000000000000e+00 6.600000000000000000e+01 1.020541582200472476e+04 7.168208246839716594e+03 1.109645999999999913e+04 0.000000000000000000e+00 6.350113351090389990e+00 4.169999999999999818e-01
9.456460400000000000e+07 1.000000000000000000e+00 6.600000000000000000e+01 1.020398382200472406e+04 7.167853946839716627e+03 1.109523999999999978e+04 0.000000000000000000e+00 4.609058069664939694e+00 9.199999999999999845e-02
9.456460500000000000e+07 1.000000000000000000e+00 6.600000000000000000e+01 1.020610582200472527e+04 7.167295046839716633e+03 1.109267000000000007e+04 0.000000000000000000e+00 3.917841912277064687e+00 2.400000000000000050e-02
9.456460500000000000e+07 1.000000000000000000e+00 6.600000000000000000e+01 1.020650382200472450e+04 7.168962946839717006e+03 1.108684000000000015e+04 0.000000000000000000e+00 2.041038085354784481e+00 6.099999999999999867e-02
9.456460500000000000e+07 1.000000000000000000e+00 6.600000000000000000e+01 1.020736482200472528e+04 7.169944046839716975e+03 1.108679999999999927e+04 0.000000000000000000e+00 1.111860915991188303e+00 9.199999999999999845e-02
9.456460500000000000e+07 1.000000000000000000e+00 6.600000000000000000e+01 1.020890482200472616e+04 7.170151146839716603e+03 1.108619000000000051e+04 0.000000000000000000e+00 1.276823676970776811e+00 2.400000000000000050e-02
9.456452000000000000e+07 1.000000000000000000e+00 6.600000000000000000e+01 1.020417882200472377e+04 7.178224846839716520e+03 1.109547999999999956e+04 0.000000000000000000e+00 3.268298796695052300e+00 2.039999999999999869e-01
9.456452000000000000e+07 1.000000000000000000e+00 6.600000000000000000e+01 1.020417882200472377e+04 7.178224846839716520e+03 1.109547999999999956e+04 0.000000000000000000e+00 3.268298796695052300e+00 7.202969999999999651e+00
9.456615200000000000e+07 1.000000000000000000e+00 6.600000000000000000e+01 1.021651682200472351e+04 7.272069046839716975e+03 1.106854000000000087e+04 0.000000000000000000e+00 8.199934250751995890e+00 6.005329999999999835e-01
4.365270800000000000e+07 1.000000000000000000e+00 6.500000000000000000e+01 1.043545162200472441e+04 7.162400646839717410e+03 5.056170000000000073e+03 0.000000000000000000e+00 5.024689396902754623e+00 2.400000000000000050e-02
4.365270800000000000e+07 1.000000000000000000e+00 6.500000000000000000e+01 1.043531542200472541e+04 7.160588946839717210e+03 5.053869999999999891e+03 0.000000000000000000e+00 5.487442454572015293e+00 2.400000000000000050e-02
4.365270300000000000e+07 1.000000000000000000e+00 6.600000000000000000e+01 1.044142699200472453e+04 7.149085646839716901e+03 5.054829999999999927e+03 0.000000000000000000e+00 3.510442782187259247e+00 6.099999999999999867e-02
4.365285000000000000e+07 1.000000000000000000e+00 6.600000000000000000e+01 1.044320956200472574e+04 7.147555246839717256e+03 5.060649999999999636e+03 0.000000000000000000e+00 7.695656762674721207e+00 9.199999999999999845e-02
4.365271000000000000e+07 1.000000000000000000e+00 6.500000000000000000e+01 1.043144812200472370e+04 7.171369346839716854e+03 5.041399999999999636e+03 0.000000000000000000e+00 9.427371015064469617e+00 9.199999999999999845e-02
1.852171900000000000e+07 1.000000000000000000e+00 6.500000000000000000e+01 1.039831802200472521e+04 7.124715316839717161e+03 2.225789999999999964e+03 0.000000000000000000e+00 7.532526844924951170e+00 4.169999999999999818e-01
1.852171900000000000e+07 1.000000000000000000e+00 6.500000000000000000e+01 1.039831802200472521e+04 7.124715316839717161e+03 2.225789999999999964e+03 0.000000000000000000e+00 7.532526844924951170e+00 7.107169999999999987e+00
