5.533856900000000000e+07 0.000000000000000000e+00 6.500000000000000000e+01 3.062722406274714558e+03 7.265726892855675032e+03 6.549770000000000437e+03 0.000000000000000000e+00 3.522249061853386376e+00 1.605000000000000071e+01
1.005855140000000000e+08 1.000000000000000000e+00 6.600000000000000000e+01 3.373196406274714718e+03 7.294808892855675367e+03 1.192279000000000087e+04 0.000000000000000000e+00 6.790135319422400784e+00 4.169999999999999818e-01
1.005855120000000000e+08 1.000000000000000000e+00 6.600000000000000000e+01 3.379921406274715082e+03 7.303927892855675054e+03 1.192138000000000102e+04 0.000000000000000000e+00 6.209941610880470364e+00 9.199999999999999845e-02
1.005855120000000000e+08 1.000000000000000000e+00 6.600000000000000000e+01 3.379856406274714573e+03 7.303780892855675120e+03 1.192023999999999978e+04 0.000000000000000000e+00 5.429507375491934518e+00 9.199999999999999845e-02
1.005855100000000000e+08 1.000000000000000000e+00 6.500000000000000000e+01 3.382322406274714922e+03 7.283810892855674865e+03 1.191690999999999985e+04 0.000000000000000000e+00 3.548185971957050544e+00 4.169999999999999818e-01
1.005855140000000000e+08 1.000000000000000000e+00 6.600000000000000000e+01 3.372817406274714813e+03 7.280028892855674712e+03 1.192206999999999971e+04 0.000000000000000000e+00 9.362070937183245789e+00 2.039999999999999869e-01
1.005855140000000000e+08 1.000000000000000000e+00 6.600000000000000000e+01 3.369121406274714900e+03 7.289045892855675447e+03 1.192154999999999927e+04 0.000000000000000000e+00 8.947752308910944308e+00 4.169999999999999818e-01
1.005855140000000000e+08 1.000000000000000000e+00 6.600000000000000000e+01 3.369121406274714900e+03 7.289045892855675447e+03 1.192154999999999927e+04 0.000000000000000000e+00 8.947752308910944308e+00 7.368019999999999570e+00
5.533857100000000000e+07 0.000000000000000000e+00 6.600000000000000000e+01 3.056334706274714335e+03 7.267486892855675251e+03 6.556533999999999651e+03 0.000000000000000000e+00 1.856181482152898576e+00 2.400000000000000050e-02
5.533857000000000000e+07 0.000000000000000000e+00 6.500000000000000000e+01 3.064660406274714660e+03 7.267908892855674821e+03 6.557823000000000320e+03 0.000000000000000000e+00 1.382914404670622321e+00 1.078999999999999915e+01
5.533864900000000000e+07 1.000000000000000000e+00 6.500000000000000000e+01 3.101169406274714675e+03 7.279481892855675142e+03 6.551613999999999578e+03 0.000000000000000000e+00 5.556700098425075396e+00 1.078999999999999915e+01
5.533864900000000000e+07 1.000000000000000000e+00 6.500000000000000000e+01 3.101169406274714675e+03 7.279481892855675142e+03 6.551613999999999578e+03 0.000000000000000000e+00 5.556700098425075396e+00 5.903640000000000221e+00
5.533864900000000000e+07 1.000000000000000000e+00 6.500000000000000000e+01 3.101169406274714675e+03 7.279481892855675142e+03 6.551613999999999578e+03 0.000000000000000000e+00 5.556700098425075396e+00 4.752680000000000238e-01
5.533865200000000000e+07 1.000000000000000000e+00 6.600000000000000000e+01 3.076599606274714461e+03 7.280025892855675011e+03 6.559158000000000357e+03 0.000000000000000000e+00 4.466584424387983532e+00 4.169999999999999818e-01
5.533865100000000000e+07 1.000000000000000000e+00 6.600000000000000000e+01 3.078485106274714781e+03 7.273863892855674749e+03 6.551742000000000189e+03 0.000000000000000000e+00 4.571858293396388717e+00 2.400000000000000050e-02
5.533857000000000000e+07 1.000000000000000000e+00 6.500000000000000000e+01 3.077109106274714577e+03 7.271140892855674792e+03 6.562859000000000378e+03 0.000000000000000000e+00 5.860377462763363354e+00 9.199999999999999845e-02
5.533856900000000000e+07 1.000000000000000000e+00 6.500000000000000000e+01 3.075029406274714347e+03 7.266714892855675316e+03 6.567113000000000284e+03 0.000000000000000000e+00 8.271951398578041292e+00 4.169999999999999818e-01
5.533856900000000000e+07 1.000000000000000000e+00 6.500000000000000000e+01 3.077463106274714846e+03 7.267686892855675069e+03 6.563881000000000313e+03 0.000000000000000000e+00 7.989117136668924424e+00 6.099999999999999867e-02
5.533856900000000000e+07 1.000000000000000000e+00 6.500000000000000000e+01 3.076411006274714964e+03 7.268318892855675585e+03 6.563238000000000284e+03 0.000000000000000000e+00 6.991964161788749799e+00 6.099999999999999867e-02
5.533857000000000000e+07 1.000000000000000000e+00 6.500000000000000000e+01 3.072300606274714482e+03 7.271954892855675098e+03 6.560525999999999840e+03 0.000000000000000000e+00 1.281483898131330346e+00 4.169999999999999818e-01
5.533857000000000000e+07 0.000000000000000000e+00 6.500000000000000000e+01 3.064009006274714920e+03 7.267816892855675178e+03 6.556963999999999942e+03 0.000000000000000000e+00 6.998739717004435201e-01 6.099999999999999867e-02
5.533857000000000000e+07 0.000000000000000000e+00 6.500000000000000000e+01 3.063549606274714279e+03 7.267751892855675578e+03 6.556359000000000378e+03 0.000000000000000000e+00 4.947727355232504065e-01 1.078999999999999915e+01
5.533857000000000000e+07 0.000000000000000000e+00 6.500000000000000000e+01 3.063057206274715099e+03 7.267376892855675578e+03 6.555068000000000211e+03 0.000000000000000000e+00 1.672772247167368054e+00 9.199999999999999845e-02
5.533856900000000000e+07 1.000000000000000000e+00 6.500000000000000000e+01 3.069643306274714632e+03 7.266862892855675454e+03 6.566192000000000007e+03 0.000000000000000000e+00 6.195875549366213875e+00 2.400000000000000050e-02
5.533856900000000000e+07 1.000000000000000000e+00 6.500000000000000000e+01 3.069646306274714334e+03 7.266866892855675360e+03 6.566162999999999556e+03 0.000000000000000000e+00 6.167801326544389617e+00 4.169999999999999818e-01
5.533856900000000000e+07 1.000000000000000000e+00 6.500000000000000000e+01 3.069646306274714334e+03 7.266866892855675360e+03 6.566162999999999556e+03 0.000000000000000000e+00 6.167801326544389617e+00 7.041369999999999685e+00
5.533857000000000000e+07 0.000000000000000000e+00 6.500000000000000000e+01 3.063549606274714279e+03 7.267751892855675578e+03 6.556359000000000378e+03 0.000000000000000000e+00 4.947727355232504065e-01 2.345509999999999984e+00
1.062503930000000000e+08 1.000000000000000000e+00 6.600000000000000000e+01 3.057230706274714976e+03 7.437165892855675338e+03 1.241891999999999825e+04 1.000000000000000000e+00 7.126481072295194341e-01 1.400000000000000000e+01
