8.607975200000000000e+07 1.000000000000000000e+00 6.500000000000000000e+01 2.484376783891691957e+03 7.197364999999999782e+03 1.009975884808280898e+04 0.000000000000000000e+00 7.024678196255635498e+00 1.339000000000000057e+01
8.698626200000000000e+07 1.000000000000000000e+00 6.600000000000000000e+01 2.484832683891691886e+03 8.410947000000000116e+03 1.009161317808280728e+04 0.000000000000000000e+00 1.984373009759915485e+00 1.339000000000000057e+01
8.722820900000000000e+07 1.000000000000000000e+00 6.500000000000000000e+01 2.439208283891692190e+03 1.380043000000000029e+04 1.015112502808280806e+04 0.000000000000000000e+00 9.874146064080360219e-01 3.229999999999999716e+01
8.722812800000000000e+07 1.000000000000000000e+00 6.600000000000000000e+01 2.436401983891691998e+03 1.380047000000000116e+04 1.014949062808280723e+04 0.000000000000000000e+00 1.807109008674347983e+00 1.078999999999999915e+01
8.722728800000000000e+07 0.000000000000000000e+00 6.600000000000000000e+01 2.434951183891692381e+03 1.380020000000000073e+04 1.014861382808280905e+04 0.000000000000000000e+00 1.024855123211265040e+00 1.339000000000000057e+01
8.722728700000000000e+07 0.000000000000000000e+00 6.600000000000000000e+01 2.432488083891692440e+03 1.378929999999999927e+04 1.015027982808280831e+04 0.000000000000000000e+00 2.197404215323482291e+00 1.376999999999999957e+01
8.722728700000000000e+07 0.000000000000000000e+00 6.600000000000000000e+01 2.432488083891692440e+03 1.378929999999999927e+04 1.015027982808280831e+04 0.000000000000000000e+00 2.197404215323482291e+00 3.275490000000000013e+00
8.722820800000000000e+07 1.000000000000000000e+00 6.600000000000000000e+01 2.438027083891692200e+03 1.380117000000000007e+04 1.014338772808280919e+04 0.000000000000000000e+00 3.406708090267324351e+00 6.099999999999999867e-02
8.722820800000000000e+07 1.000000000000000000e+00 6.600000000000000000e+01 2.438244083891691844e+03 1.380124000000000160e+04 1.014301892808280900e+04 0.000000000000000000e+00 3.329711240845744769e+00 1.124000000000000021e+01
8.722820800000000000e+07 1.000000000000000000e+00 6.600000000000000000e+01 2.438244083891691844e+03 1.380124000000000160e+04 1.014301892808280900e+04 0.000000000000000000e+00 3.329711240845744769e+00 3.806010000000000115e+00
8.722812800000000000e+07 1.000000000000000000e+00 6.600000000000000000e+01 2.436401983891691998e+03 1.380047000000000116e+04 1.014949062808280723e+04 0.000000000000000000e+00 1.807109008674347983e+00 5.296330000000000204e+00
8.698626200000000000e+07 1.000000000000000000e+00 6.600000000000000000e+01 2.484832683891691886e+03 8.410947000000000116e+03 1.009161317808280728e+04 0.000000000000000000e+00 1.984373009759915485e+00 5.149040000000000283e+00
8.607975300000000000e+07 1.000000000000000000e+00 6.500000000000000000e+01 2.491091483891692405e+03 7.189747000000000298e+03 1.008857070808280878e+04 0.000000000000000000e+00 7.762335752304294623e+00 9.199999999999999845e-02
8.607975800000000000e+07 1.000000000000000000e+00 6.600000000000000000e+01 2.492126083891692360e+03 7.188489999999999782e+03 1.008294762808280939e+04 0.000000000000000000e+00 7.187988132170774591e+00 9.199999999999999845e-02
8.607967900000000000e+07 1.000000000000000000e+00 6.600000000000000000e+01 2.526447883891692072e+03 7.194319999999999709e+03 1.008262072808280936e+04 0.000000000000000000e+00 9.017036981568358200e+00 6.099999999999999867e-02
8.607967800000000000e+07 1.000000000000000000e+00 6.600000000000000000e+01 2.530875683891692461e+03 7.199144000000000233e+03 1.008376062808280767e+04 0.000000000000000000e+00 8.625708860000987244e+00 4.169999999999999818e-01
8.608129300000000000e+07 1.000000000000000000e+00 6.500000000000000000e+01 2.523135783891691972e+03 7.215431999999999789e+03 1.009468343808280770e+04 0.000000000000000000e+00 5.184433952180100391e+00 4.169999999999999818e-01
8.607967300000000000e+07 1.000000000000000000e+00 6.500000000000000000e+01 2.511536983891692216e+03 7.203399000000000342e+03 1.009983419808280814e+04 0.000000000000000000e+00 2.434174103282635393e+00 9.199999999999999845e-02
8.607967400000000000e+07 1.000000000000000000e+00 6.600000000000000000e+01 2.520267383891691679e+03 7.201140000000000327e+03 1.011302942808280932e+04 0.000000000000000000e+00 5.250036069180817222e+00 6.099999999999999867e-02
8.608137900000000000e+07 1.000000000000000000e+00 6.500000000000000000e+01 2.527527683891691595e+03 7.206489999999999782e+03 1.011276692808280859e+04 0.000000000000000000e+00 1.863218083152831772e+00 9.199999999999999845e-02
8.608138000000000000e+07 1.000000000000000000e+00 6.500000000000000000e+01 2.528101983891691816e+03 7.207005000000000109e+03 1.011262502808280806e+04 0.000000000000000000e+00 1.215785424617812804e+00 2.400000000000000050e-02
8.608138300000000000e+07 0.000000000000000000e+00 6.600000000000000000e+01 2.528905983891691903e+03 7.218672999999999774e+03 1.011445572808280849e+04 0.000000000000000000e+00 1.229824196510644674e+00 9.199999999999999845e-02
8.608138200000000000e+07 1.000000000000000000e+00 6.600000000000000000e+01 2.522873583891691851e+03 7.226176000000000386e+03 1.010703834808280953e+04 0.000000000000000000e+00 2.978317910492056075e+00 8.349999999999999645e-01
8.608138600000000000e+07 1.000000000000000000e+00 6.500000000000000000e+01 2.521515783891692081e+03 7.232354999999999563e+03 1.010796632808280810e+04 0.000000000000000000e+00 7.137294129865201953e+00 9.199999999999999845e-02
8.608139500000000000e+07 1.000000000000000000e+00 6.500000000000000000e+01 2.511667683891691922e+03 7.238824999999999818e+03 1.012110602808280964e+04 0.000000000000000000e+00 9.694070472050189125e+00 2.400000000000000050e-02
8.608139900000000000e+07 1.000000000000000000e+00 6.600000000000000000e+01 2.511157283891691804e+03 7.243180999999999585e+03 1.013366322808280893e+04 0.000000000000000000e+00 4.107568260007746552e+00 9.199999999999999845e-02
8.608060300000000000e+07 1.000000000000000000e+00 6.500000000000000000e+01 2.487585583891692295e+03 7.243599000000000160e+03 1.014424302808280845e+04 0.000000000000000000e+00 3.872234585429533471e+00 2.400000000000000050e-02
8.608060300000000000e+07 1.000000000000000000e+00 6.500000000000000000e+01 2.487754783891691659e+03 7.244555999999999585e+03 1.014404652808280844e+04 0.000000000000000000e+00 4.507426021399920657e+00 9.199999999999999845e-02
8.698755600000000000e+07 1.000000000000000000e+00 6.600000000000000000e+01 2.471308583891692251e+03 8.395573000000000320e+03 1.004692302808280874e+04 1.000000000000000000e+00 7.938802565973132053e-01 1.000000000000000000e+01
