1.189574130000000000e+08 1.000000000000000000e+00 6.500000000000000000e+01 4.600097030337758952e+03 2.433189999999999600e+03 1.425811832298825902e+04 0.000000000000000000e+00 8.319398846874118902e+00 1.078999999999999915e+01
1.189574100000000000e+08 1.000000000000000000e+00 6.600000000000000000e+01 4.598369630337758281e+03 2.432559999999999491e+03 1.425714712298825907e+04 0.000000000000000000e+00 6.516432617880923317e+00 1.078999999999999915e+01
1.189574080000000000e+08 0.000000000000000000e+00 6.600000000000000000e+01 4.585310830337758489e+03 2.431489999999999782e+03 1.425290502298825959e+04 0.000000000000000000e+00 1.028489767888256301e+00 1.339000000000000057e+01
1.189574040000000000e+08 0.000000000000000000e+00 6.500000000000000000e+01 4.574221630337758143e+03 2.432200000000000728e+03 1.424913242298825935e+04 0.000000000000000000e+00 1.212924545808443000e+00 1.078999999999999915e+01
1.189574040000000000e+08 0.000000000000000000e+00 6.500000000000000000e+01 4.572201330337758918e+03 2.434639999999999418e+03 1.424999122298826114e+04 0.000000000000000000e+00 1.554224363169443013e+00 1.078999999999999915e+01
1.189574040000000000e+08 1.000000000000000000e+00 6.500000000000000000e+01 4.574832230337758119e+03 2.445060000000000400e+03 1.425404292298826113e+04 0.000000000000000000e+00 7.146404752084797529e+00 1.339000000000000057e+01
1.189574040000000000e+08 1.000000000000000000e+00 6.500000000000000000e+01 4.574888230337758614e+03 2.446720000000000255e+03 1.425463062298826117e+04 0.000000000000000000e+00 8.732517181709232190e+00 1.339000000000000057e+01
1.189574030000000000e+08 1.000000000000000000e+00 6.500000000000000000e+01 4.576460630337758630e+03 2.446600000000000364e+03 1.425045112298825916e+04 0.000000000000000000e+00 6.055332566110021020e+00 2.400000000000000050e-02
1.189574030000000000e+08 1.000000000000000000e+00 6.500000000000000000e+01 4.576763130337758412e+03 2.445640000000000327e+03 1.424915112298825989e+04 0.000000000000000000e+00 4.689633975169447133e+00 1.339000000000000057e+01
1.189574030000000000e+08 1.000000000000000000e+00 6.500000000000000000e+01 4.576763130337758412e+03 2.445640000000000327e+03 1.424915112298825989e+04 0.000000000000000000e+00 4.689633975169447133e+00 5.909299999999999997e+00
1.189574030000000000e+08 1.000000000000000000e+00 6.500000000000000000e+01 4.576763130337758412e+03 2.445640000000000327e+03 1.424915112298825989e+04 0.000000000000000000e+00 4.689633975169447133e+00 4.567179999999999573e+00
1.189574040000000000e+08 1.000000000000000000e+00 6.500000000000000000e+01 4.577820030337758908e+03 2.442680000000000291e+03 1.425151562298825957e+04 0.000000000000000000e+00 3.486466532244373973e+00 6.099999999999999867e-02
1.189574080000000000e+08 1.000000000000000000e+00 6.600000000000000000e+01 4.591008330337758707e+03 2.443519999999999527e+03 1.425053422298825899e+04 0.000000000000000000e+00 7.280061895655785875e+00 4.169999999999999818e-01
1.189574040000000000e+08 1.000000000000000000e+00 6.500000000000000000e+01 4.575535430337758953e+03 2.444369999999999891e+03 1.425390982298826020e+04 0.000000000000000000e+00 6.227976831857501949e+00 5.216960000000000264e+00
1.189574060000000000e+08 1.000000000000000000e+00 6.600000000000000000e+01 4.580551830337758474e+03 2.431660000000000764e+03 1.423708372298825998e+04 0.000000000000000000e+00 4.067346593736803406e+00 6.099999999999999867e-02
1.189574060000000000e+08 1.000000000000000000e+00 6.600000000000000000e+01 4.576234630337758063e+03 2.426630000000000109e+03 1.423854352298826052e+04 0.000000000000000000e+00 4.471094568644329748e+00 6.099999999999999867e-02
1.189574050000000000e+08 1.000000000000000000e+00 6.600000000000000000e+01 4.574648030337758428e+03 2.424919999999999163e+03 1.423870582298826048e+04 0.000000000000000000e+00 4.513477085865501337e+00 6.099999999999999867e-02
1.189574050000000000e+08 1.000000000000000000e+00 6.600000000000000000e+01 4.575682530337758180e+03 2.423239999999999782e+03 1.423485102298825950e+04 0.000000000000000000e+00 8.651380442055318198e+00 1.078999999999999915e+01
1.189574050000000000e+08 1.000000000000000000e+00 6.600000000000000000e+01 4.575682530337758180e+03 2.423239999999999782e+03 1.423485102298825950e+04 0.000000000000000000e+00 8.651380442055318198e+00 9.311930000000000485e-01
1.189574050000000000e+08 1.000000000000000000e+00 6.600000000000000000e+01 4.575682530337758180e+03 2.423239999999999782e+03 1.423485102298825950e+04 0.000000000000000000e+00 8.651380442055318198e+00 2.959149999999999836e-01
1.189574020000000000e+08 1.000000000000000000e+00 6.500000000000000000e+01 4.573674930337758269e+03 2.439640000000000327e+03 1.424210882298826073e+04 0.000000000000000000e+00 1.152266813628259445e+00 6.099999999999999867e-02
1.189574010000000000e+08 1.000000000000000000e+00 6.500000000000000000e+01 4.573746130337758586e+03 2.436579999999999927e+03 1.423931392298825995e+04 0.000000000000000000e+00 6.917189005518648015e-01 2.039999999999999869e-01
1.189574040000000000e+08 0.000000000000000000e+00 6.500000000000000000e+01 4.571103130337758557e+03 2.431020000000000437e+03 1.425145562298826007e+04 0.000000000000000000e+00 1.195356104985651369e+00 4.169999999999999818e-01
1.189574050000000000e+08 0.000000000000000000e+00 6.500000000000000000e+01 4.572647130337758426e+03 2.431329999999999927e+03 1.425219212298826096e+04 0.000000000000000000e+00 1.486839844260481547e+00 9.199999999999999845e-02
1.189574070000000000e+08 0.000000000000000000e+00 6.500000000000000000e+01 4.576294230337758563e+03 2.422449999999999818e+03 1.425512042298826054e+04 0.000000000000000000e+00 1.152761568477757903e+00 2.400000000000000050e-02
1.189574110000000000e+08 1.000000000000000000e+00 6.600000000000000000e+01 4.581224630337758754e+03 2.423579999999999927e+03 1.426492649298825927e+04 0.000000000000000000e+00 5.958741494450365828e+00 2.400000000000000050e-02
1.189574120000000000e+08 1.000000000000000000e+00 6.600000000000000000e+01 4.590890030337758617e+03 2.420350000000000364e+03 1.426065122298826100e+04 0.000000000000000000e+00 2.402770721386832342e+00 2.400000000000000050e-02
1.189574120000000000e+08 0.000000000000000000e+00 6.600000000000000000e+01 4.593645230337758221e+03 2.421579999999999927e+03 1.425501902298826099e+04 0.000000000000000000e+00 1.629081055700343672e+00 9.199999999999999845e-02
1.189574110000000000e+08 1.000000000000000000e+00 6.600000000000000000e+01 4.594424830337758067e+03 2.423260000000000218e+03 1.425657112298825996e+04 0.000000000000000000e+00 3.181566895479627899e+00 4.169999999999999818e-01
1.189574150000000000e+08 1.000000000000000000e+00 6.500000000000000000e+01 4.603236330337758773e+03 2.417320000000000618e+03 1.425719762298826026e+04 0.000000000000000000e+00 1.239727927612295222e+00 9.199999999999999845e-02
1.189574160000000000e+08 1.000000000000000000e+00 6.500000000000000000e+01 4.611555530337758682e+03 2.420789999999999964e+03 1.425735462298825951e+04 0.000000000000000000e+00 4.202118184249076016e+00 4.169999999999999818e-01
1.189574080000000000e+08 0.000000000000000000e+00 6.600000000000000000e+01 4.585310830337758489e+03 2.431489999999999782e+03 1.425290502298825959e+04 0.000000000000000000e+00 1.028489767888256301e+00 3.301050000000000040e+00
1.189574100000000000e+08 1.000000000000000000e+00 6.600000000000000000e+01 4.598274830337758431e+03 2.432019999999999527e+03 1.425649752298826024e+04 0.000000000000000000e+00 6.008095568897426908e+00 4.169999999999999818e-01
1.189574130000000000e+08 1.000000000000000000e+00 6.500000000000000000e+01 4.599013330337758816e+03 2.429559999999999491e+03 1.425056102298826045e+04 0.000000000000000000e+00 2.301969454676981996e+00 9.199999999999999845e-02
1.189574130000000000e+08 1.000000000000000000e+00 6.500000000000000000e+01 4.600808530337758384e+03 2.427750000000000000e+03 1.424828962298826082e+04 0.000000000000000000e+00 1.254999308320436713e+00 9.199999999999999845e-02
1.189574110000000000e+08 0.000000000000000000e+00 6.500000000000000000e+01 4.590674730337758774e+03 2.425059999999999491e+03 1.425085552298826042e+04 0.000000000000000000e+00 1.791718239112268130e+00 9.199999999999999845e-02
1.189574090000000000e+08 0.000000000000000000e+00 6.600000000000000000e+01 4.588403930337758538e+03 2.428590000000000146e+03 1.425128332298825990e+04 0.000000000000000000e+00 1.426226523505568888e+00 9.199999999999999845e-02
1.189574050000000000e+08 1.000000000000000000e+00 6.500000000000000000e+01 4.579010830337758307e+03 2.434029999999999745e+03 1.425331842298826086e+04 0.000000000000000000e+00 3.546726159285830349e+00 9.199999999999999845e-02
1.189574040000000000e+08 1.000000000000000000e+00 6.500000000000000000e+01 4.569547030337758770e+03 2.437010000000000218e+03 1.425741802298826042e+04 0.000000000000000000e+00 5.330685452891606779e+00 2.039999999999999869e-01
1.189574030000000000e+08 1.000000000000000000e+00 6.500000000000000000e+01 4.582008530337758202e+03 2.450970000000000255e+03 1.424702962298826060e+04 0.000000000000000000e+00 9.766436801490122832e+00 4.169999999999999818e-01
1.189574030000000000e+08 1.000000000000000000e+00 6.500000000000000000e+01 4.578986630337758470e+03 2.446479999999999563e+03 1.424567622298826063e+04 0.000000000000000000e+00 5.244579119486487251e+00 9.199999999999999845e-02
1.189574030000000000e+08 1.000000000000000000e+00 6.500000000000000000e+01 4.576011730337758308e+03 2.446079999999999927e+03 1.424546192298825918e+04 0.000000000000000000e+00 5.022107083024680563e+00 2.400000000000000050e-02
1.189574000000000000e+08 1.000000000000000000e+00 6.600000000000000000e+01 4.576018330337758925e+03 2.448640000000000327e+03 1.424520112298825916e+04 0.000000000000000000e+00 6.436489512737858298e+00 9.199999999999999845e-02
1.189574040000000000e+08 1.000000000000000000e+00 6.500000000000000000e+01 4.579799630337758572e+03 2.450230000000000473e+03 1.424958632298825978e+04 0.000000000000000000e+00 9.673573304002070827e+00 6.099999999999999867e-02
1.189574040000000000e+08 1.000000000000000000e+00 6.500000000000000000e+01 4.579915730337758760e+03 2.445770000000000437e+03 1.425687022298826014e+04 0.000000000000000000e+00 7.916893933904773917e+00 2.039999999999999869e-01
1.189574040000000000e+08 1.000000000000000000e+00 6.500000000000000000e+01 4.580463030337758937e+03 2.446199999999999818e+03 1.425688362298825996e+04 0.000000000000000000e+00 8.150865529162269141e+00 2.400000000000000050e-02
1.189574090000000000e+08 1.000000000000000000e+00 6.600000000000000000e+01 4.588994830337758685e+03 2.440260000000000218e+03 1.425507262298826026e+04 0.000000000000000000e+00 4.783073657938477830e+00 9.199999999999999845e-02
1.189574090000000000e+08 1.000000000000000000e+00 6.600000000000000000e+01 4.588484630337758063e+03 2.442819999999999709e+03 1.425741372298825991e+04 0.000000000000000000e+00 8.051501998151707085e+00 2.400000000000000050e-02
1.189574090000000000e+08 1.000000000000000000e+00 6.600000000000000000e+01 4.589035530337758246e+03 2.440849999999999454e+03 1.425689052298826027e+04 0.000000000000000000e+00 6.025387837099626331e+00 2.400000000000000050e-02
1.189574060000000000e+08 0.000000000000000000e+00 6.500000000000000000e+01 4.580266330337758518e+03 2.433729999999999563e+03 1.425246812298826080e+04 0.000000000000000000e+00 4.474477803558675859e+00 9.199999999999999845e-02
1.189574060000000000e+08 0.000000000000000000e+00 6.600000000000000000e+01 4.579605930337758764e+03 2.433269999999999527e+03 1.424878382298826000e+04 0.000000000000000000e+00 2.920763099956073638e+00 2.400000000000000050e-02
1.189573960000000000e+08 0.000000000000000000e+00 6.500000000000000000e+01 4.561694430337758604e+03 2.443179999999999382e+03 1.423162232298825984e+04 0.000000000000000000e+00 1.337026216445869498e+00 9.199999999999999845e-02
1.189574140000000000e+08 0.000000000000000000e+00 6.600000000000000000e+01 4.596766230337758316e+03 2.415510000000000218e+03 1.424566782298826001e+04 0.000000000000000000e+00 1.475787411511159997e+00 9.199999999999999845e-02
1.189574150000000000e+08 1.000000000000000000e+00 6.600000000000000000e+01 4.595500830337758089e+03 2.416780000000000655e+03 1.424005572298826155e+04 0.000000000000000000e+00 3.771989567143593902e+00 9.199999999999999845e-02
1.189584050000000000e+08 1.000000000000000000e+00 6.600000000000000000e+01 4.595691130337758295e+03 2.395189999999999600e+03 1.426088649298826022e+04 0.000000000000000000e+00 6.094475824313231094e+00 9.199999999999999845e-02
1.189584080000000000e+08 1.000000000000000000e+00 6.500000000000000000e+01 4.595218730337758643e+03 2.395619999999999891e+03 1.426515236298826130e+04 0.000000000000000000e+00 8.247428924629852887e+00 9.199999999999999845e-02
1.189574060000000000e+08 0.000000000000000000e+00 6.600000000000000000e+01 4.579336630337758834e+03 2.431459999999999127e+03 1.424571752298825959e+04 1.000000000000000000e+00 2.178151421243821773e+00 1.700000000000000000e+01
1.189574040000000000e+08 0.000000000000000000e+00 6.500000000000000000e+01 4.577522030337758224e+03 2.437189999999999600e+03 1.424848312298826022e+04 1.000000000000000000e+00 2.133405290665961740e+00 1.700000000000000000e+01
1.189574070000000000e+08 0.000000000000000000e+00 6.500000000000000000e+01 4.579365730337758578e+03 2.429510000000000218e+03 1.425485102298825950e+04 1.000000000000000000e+00 2.166187875771147464e+00 1.700000000000000000e+01
1.189583990000000000e+08 0.000000000000000000e+00 6.600000000000000000e+01 4.586708830337758627e+03 2.406159999999999854e+03 1.424294402298826026e+04 1.000000000000000000e+00 1.498181776305905100e+00 1.700000000000000000e+01
