9.426612000000000000e+07 1.000000000000000000e+00 6.500000000000000000e+01 8.898087233672540606e+03 1.099978914004779290e+04 1.120718000000000029e+04 0.000000000000000000e+00 5.430627104533719773e+00 1.078999999999999915e+01
9.426612000000000000e+07 1.000000000000000000e+00 6.500000000000000000e+01 8.898637233672539878e+03 1.100096214004779176e+04 1.120854000000000087e+04 0.000000000000000000e+00 4.953790930216913857e+00 1.339000000000000057e+01
9.426603500000000000e+07 1.000000000000000000e+00 6.500000000000000000e+01 8.895997233672540460e+03 1.099627314004779328e+04 1.121105999999999949e+04 0.000000000000000000e+00 7.238836863106314468e+00 2.400000000000000050e-02
9.426612000000000000e+07 1.000000000000000000e+00 6.500000000000000000e+01 8.898410233672539107e+03 1.099458214004779256e+04 1.120932999999999993e+04 0.000000000000000000e+00 8.093520948307309837e+00 1.078999999999999915e+01
9.426612000000000000e+07 1.000000000000000000e+00 6.500000000000000000e+01 8.900335233672540198e+03 1.100198714004779322e+04 1.121040999999999985e+04 0.000000000000000000e+00 3.643430757447164936e+00 9.199999999999999845e-02
9.426611900000000000e+07 1.000000000000000000e+00 6.500000000000000000e+01 8.896258233672539063e+03 1.100730514004779252e+04 1.121136999999999898e+04 0.000000000000000000e+00 5.663172400771368409e+00 9.199999999999999845e-02
9.426611900000000000e+07 1.000000000000000000e+00 6.500000000000000000e+01 8.895865233672539034e+03 1.100861514004779201e+04 1.121003000000000065e+04 0.000000000000000000e+00 6.893377568322345716e+00 9.199999999999999845e-02
9.426603600000000000e+07 1.000000000000000000e+00 6.500000000000000000e+01 8.895095233672538598e+03 1.100673714004779322e+04 1.120615999999999985e+04 0.000000000000000000e+00 8.079289230679250977e+00 9.199999999999999845e-02
9.426512400000000000e+07 1.000000000000000000e+00 6.600000000000000000e+01 8.915383233672539063e+03 1.100182514004779296e+04 1.120629999999999927e+04 0.000000000000000000e+00 1.485266868646316407e+00 6.099999999999999867e-02
9.426612600000000000e+07 0.000000000000000000e+00 6.600000000000000000e+01 8.922210233672540198e+03 1.100352714004779227e+04 1.119696999999999935e+04 0.000000000000000000e+00 2.351608888827728450e+00 9.199999999999999845e-02
9.426612800000000000e+07 1.000000000000000000e+00 6.500000000000000000e+01 8.923344233672538394e+03 1.101442614004779171e+04 1.119511000000000058e+04 0.000000000000000000e+00 1.587713061373879464e+00 9.199999999999999845e-02
9.426612800000000000e+07 1.000000000000000000e+00 6.500000000000000000e+01 8.923571233672539165e+03 1.101413614004779265e+04 1.119537999999999920e+04 0.000000000000000000e+00 1.459131051300959658e+00 9.199999999999999845e-02
9.426521200000000000e+07 1.000000000000000000e+00 6.600000000000000000e+01 8.932510233672539471e+03 1.102949314004779262e+04 1.119284000000000015e+04 0.000000000000000000e+00 5.953555501663233329e+00 4.169999999999999818e-01
9.426521200000000000e+07 1.000000000000000000e+00 6.600000000000000000e+01 8.932018233672539282e+03 1.103091414004779290e+04 1.119147999999999956e+04 0.000000000000000000e+00 6.655830481122099407e+00 6.099999999999999867e-02
9.426521200000000000e+07 1.000000000000000000e+00 6.600000000000000000e+01 8.931808233672538336e+03 1.103141814004779371e+04 1.119100000000000000e+04 0.000000000000000000e+00 7.061734292591239637e+00 4.169999999999999818e-01
9.426521200000000000e+07 1.000000000000000000e+00 6.600000000000000000e+01 8.931808233672538336e+03 1.103141814004779371e+04 1.119100000000000000e+04 0.000000000000000000e+00 7.061734292591239637e+00 7.089570000000000149e+00
9.426612000000000000e+07 1.000000000000000000e+00 6.500000000000000000e+01 8.898410233672539107e+03 1.099458214004779256e+04 1.120932999999999993e+04 0.000000000000000000e+00 8.093520948307309837e+00 4.972400000000000375e+00
9.426612000000000000e+07 1.000000000000000000e+00 6.500000000000000000e+01 8.898637233672539878e+03 1.100096214004779176e+04 1.120854000000000087e+04 0.000000000000000000e+00 4.953790930216913857e+00 1.585509999999999975e+00
1.225466900000000000e+08 0.000000000000000000e+00 6.500000000000000000e+01 8.711368533672539343e+03 1.105001274004779225e+04 1.451520000000000073e+04 1.000000000000000000e+00 2.145627683857126655e+00 1.200000000000000000e+01
