1.076911840000000000e+08 1.000000000000000000e+00 6.600000000000000000e+01 5.532023475988562495e+03 2.059499528600287704e+03 1.283520999999999913e+04 0.000000000000000000e+00 8.668387543911391546e+00 1.339000000000000057e+01
1.076911230000000000e+08 1.000000000000000000e+00 6.600000000000000000e+01 5.595363475988562641e+03 2.074367128600287288e+03 1.283550999999999840e+04 0.000000000000000000e+00 2.482856205949605322e+00 1.078999999999999915e+01
1.072051850000000000e+08 1.000000000000000000e+00 6.500000000000000000e+01 7.528813475988563368e+03 2.163614428600287283e+03 1.252831999999999971e+04 0.000000000000000000e+00 3.849261404485933902e+00 1.078999999999999915e+01
1.072060050000000000e+08 1.000000000000000000e+00 6.500000000000000000e+01 7.584013475988564096e+03 2.153554528600287995e+03 1.250953000000000065e+04 0.000000000000000000e+00 2.666033806954705820e+00 1.339000000000000057e+01
1.021517910000000000e+08 1.000000000000000000e+00 6.500000000000000000e+01 8.415143475988563296e+03 2.092257828600287212e+03 1.214518000000000029e+04 0.000000000000000000e+00 1.944464643892006794e+00 1.339000000000000057e+01
1.021531290000000000e+08 1.000000000000000000e+00 6.500000000000000000e+01 8.444043475988562932e+03 2.115924228600287279e+03 1.210765000000000146e+04 0.000000000000000000e+00 4.602478646065904400e+00 1.078999999999999915e+01
1.021532000000000000e+08 1.000000000000000000e+00 6.600000000000000000e+01 8.479373475988562859e+03 2.158177228600287890e+03 1.206409999999999854e+04 0.000000000000000000e+00 5.336477242012178657e+00 1.078999999999999915e+01
1.013979550000000000e+08 1.000000000000000000e+00 6.500000000000000000e+01 1.075228347598856271e+04 1.318808028600287798e+03 1.192701000000000022e+04 0.000000000000000000e+00 6.313790661681674798e+00 8.220000000000000639e+00
1.013979550000000000e+08 1.000000000000000000e+00 6.500000000000000000e+01 1.075228347598856271e+04 1.318808028600287798e+03 1.192701000000000022e+04 0.000000000000000000e+00 6.313790661681674798e+00 3.743829999999999991e+00
9.570764300000000000e+07 1.000000000000000000e+00 6.500000000000000000e+01 9.858863475988562641e+03 2.395104028600287165e+03 1.124971999999999935e+04 0.000000000000000000e+00 9.106904750752173427e+00 2.400000000000000050e-02
9.570879100000000000e+07 1.000000000000000000e+00 6.600000000000000000e+01 9.833583475988563805e+03 2.479012028600287522e+03 1.119819000000000051e+04 0.000000000000000000e+00 7.349547190616418924e+00 1.078999999999999915e+01
9.570879100000000000e+07 1.000000000000000000e+00 6.600000000000000000e+01 9.833513475988564096e+03 2.478819028600287311e+03 1.119461999999999898e+04 0.000000000000000000e+00 7.843025808257060305e+00 6.099999999999999867e-02
9.570879100000000000e+07 1.000000000000000000e+00 6.600000000000000000e+01 9.830073475988563587e+03 2.481463028600287544e+03 1.119306999999999971e+04 0.000000000000000000e+00 8.967240013849577807e+00 9.199999999999999845e-02
9.570962800000000000e+07 1.000000000000000000e+00 6.500000000000000000e+01 9.842003475988562059e+03 2.476665028600287769e+03 1.120287999999999920e+04 0.000000000000000000e+00 4.586431401023706833e+00 9.199999999999999845e-02
9.570971300000000000e+07 1.000000000000000000e+00 6.500000000000000000e+01 9.850933475988562350e+03 2.486934028600288002e+03 1.121336000000000058e+04 0.000000000000000000e+00 1.437371475634848572e+00 9.199999999999999845e-02
9.570879800000000000e+07 1.000000000000000000e+00 6.600000000000000000e+01 9.853813475988563368e+03 2.490429028600287893e+03 1.121848999999999978e+04 0.000000000000000000e+00 2.630105627336730478e+00 9.199999999999999845e-02
9.570880100000000000e+07 1.000000000000000000e+00 6.500000000000000000e+01 9.857473475988563223e+03 2.507091028600287245e+03 1.122602999999999884e+04 0.000000000000000000e+00 2.330155701771335242e+00 2.400000000000000050e-02
9.570971600000000000e+07 1.000000000000000000e+00 6.600000000000000000e+01 9.851963475988563005e+03 2.500246028600287900e+03 1.123344000000000051e+04 0.000000000000000000e+00 2.132738348199730627e+00 2.400000000000000050e-02
9.570971800000000000e+07 1.000000000000000000e+00 6.600000000000000000e+01 9.856653475988563514e+03 2.485554028600287893e+03 1.122768000000000029e+04 0.000000000000000000e+00 2.053228973093902177e+00 9.199999999999999845e-02
9.570871900000000000e+07 1.000000000000000000e+00 6.500000000000000000e+01 9.856543475988562932e+03 2.481562028600287704e+03 1.122747999999999956e+04 0.000000000000000000e+00 1.640017352900677183e+00 9.199999999999999845e-02
9.570972100000000000e+07 0.000000000000000000e+00 6.600000000000000000e+01 9.849703475988562786e+03 2.484196028600287718e+03 1.123864999999999964e+04 0.000000000000000000e+00 1.204640534666055363e+00 4.169999999999999818e-01
9.570871700000000000e+07 1.000000000000000000e+00 6.500000000000000000e+01 9.841103475988562423e+03 2.481613028600287180e+03 1.123847000000000116e+04 0.000000000000000000e+00 3.305227880522044082e+00 2.039999999999999869e-01
9.570871600000000000e+07 1.000000000000000000e+00 6.500000000000000000e+01 9.837703475988562786e+03 2.479906028600287755e+03 1.122938999999999942e+04 0.000000000000000000e+00 7.256004283129056098e+00 6.099999999999999867e-02
9.570879500000000000e+07 1.000000000000000000e+00 6.500000000000000000e+01 9.834823475988563587e+03 2.482173028600287580e+03 1.121681999999999971e+04 0.000000000000000000e+00 9.580689906569565650e+00 2.400000000000000050e-02
9.570871500000000000e+07 1.000000000000000000e+00 6.600000000000000000e+01 9.850673475988562132e+03 2.474127028600287304e+03 1.122196999999999935e+04 0.000000000000000000e+00 1.599399009140276995e+00 9.199999999999999845e-02
9.570871500000000000e+07 1.000000000000000000e+00 6.600000000000000000e+01 9.852563475988563368e+03 2.475803028600287689e+03 1.122127000000000044e+04 0.000000000000000000e+00 1.335027010450629437e+00 9.199999999999999845e-02
9.570871600000000000e+07 1.000000000000000000e+00 6.600000000000000000e+01 9.855803475988563150e+03 2.477277028600287849e+03 1.122078000000000065e+04 0.000000000000000000e+00 2.173631257233840763e+00 9.199999999999999845e-02
9.570971800000000000e+07 1.000000000000000000e+00 6.600000000000000000e+01 9.857383475988563077e+03 2.478289028600287565e+03 1.122056999999999971e+04 0.000000000000000000e+00 3.900662573390567989e+00 9.199999999999999845e-02
9.570880700000000000e+07 1.000000000000000000e+00 6.600000000000000000e+01 9.864733475988561622e+03 2.502521028600287536e+03 1.122939999999999964e+04 0.000000000000000000e+00 4.665410105602489033e+00 9.199999999999999845e-02
9.570880100000000000e+07 1.000000000000000000e+00 6.500000000000000000e+01 9.857523475988562495e+03 2.508013028600287726e+03 1.122938000000000102e+04 0.000000000000000000e+00 3.142546226980686530e+00 9.199999999999999845e-02
9.570880400000000000e+07 0.000000000000000000e+00 6.500000000000000000e+01 9.850623475988562859e+03 2.511910028600287660e+03 1.123888999999999942e+04 0.000000000000000000e+00 1.869277388775361315e+00 4.169999999999999818e-01
9.570880600000000000e+07 0.000000000000000000e+00 6.600000000000000000e+01 9.856673475988563951e+03 2.513278028600288053e+03 1.124013999999999942e+04 0.000000000000000000e+00 2.047282984039064946e+00 9.199999999999999845e-02
9.570880100000000000e+07 1.000000000000000000e+00 6.600000000000000000e+01 9.844853475988564242e+03 2.508600028600287260e+03 1.123855999999999949e+04 0.000000000000000000e+00 2.442735630007325298e+00 2.400000000000000050e-02
9.570880500000000000e+07 1.000000000000000000e+00 6.500000000000000000e+01 9.855563475988563368e+03 2.511764028600287929e+03 1.124887999999999920e+04 0.000000000000000000e+00 2.452581077539925936e+00 9.199999999999999845e-02
9.570880700000000000e+07 1.000000000000000000e+00 6.500000000000000000e+01 9.857503475988562059e+03 2.523023028600287944e+03 1.125715999999999985e+04 0.000000000000000000e+00 4.763090113571650797e+00 2.039999999999999869e-01
9.570880900000000000e+07 0.000000000000000000e+00 6.500000000000000000e+01 9.862893475988563296e+03 2.520394028600288038e+03 1.125031999999999971e+04 0.000000000000000000e+00 3.033200099971661512e+00 9.199999999999999845e-02
9.570881000000000000e+07 0.000000000000000000e+00 6.600000000000000000e+01 9.867493475988563659e+03 2.514666028600287973e+03 1.124663999999999942e+04 0.000000000000000000e+00 1.356523849559560180e+00 9.199999999999999845e-02
9.570881000000000000e+07 0.000000000000000000e+00 6.600000000000000000e+01 9.865893475988561477e+03 2.520484028600287274e+03 1.125014999999999964e+04 0.000000000000000000e+00 1.959312221003048249e+00 2.400000000000000050e-02
9.570881100000000000e+07 0.000000000000000000e+00 6.500000000000000000e+01 9.870453475988562786e+03 2.518553028600287689e+03 1.124665999999999985e+04 0.000000000000000000e+00 1.195630931800367280e+00 2.039999999999999869e-01
9.570881000000000000e+07 1.000000000000000000e+00 6.600000000000000000e+01 9.864053475988563150e+03 2.508516028600287427e+03 1.125552000000000044e+04 0.000000000000000000e+00 3.453210371633372855e+00 2.400000000000000050e-02
9.570872800000000000e+07 1.000000000000000000e+00 6.500000000000000000e+01 9.867233475988563441e+03 2.496860028600287478e+03 1.125438000000000102e+04 0.000000000000000000e+00 4.635744896534603754e+00 6.099999999999999867e-02
9.570872700000000000e+07 1.000000000000000000e+00 6.500000000000000000e+01 9.873843475988562204e+03 2.497336028600288046e+03 1.126152000000000044e+04 0.000000000000000000e+00 7.855345097574564228e+00 9.199999999999999845e-02
9.570873200000000000e+07 1.000000000000000000e+00 6.600000000000000000e+01 9.878563475988563368e+03 2.492742028600287995e+03 1.126075000000000000e+04 0.000000000000000000e+00 5.928584750706272999e+00 4.169999999999999818e-01
9.570873100000000000e+07 1.000000000000000000e+00 6.600000000000000000e+01 9.876373475988562859e+03 2.485826028600287827e+03 1.126165999999999985e+04 0.000000000000000000e+00 6.255603352621595725e+00 2.039999999999999869e-01
9.570872600000000000e+07 1.000000000000000000e+00 6.500000000000000000e+01 9.872563475988563368e+03 2.483611028600287682e+03 1.126237999999999920e+04 0.000000000000000000e+00 7.435783051244864161e+00 9.199999999999999845e-02
9.570872600000000000e+07 1.000000000000000000e+00 6.500000000000000000e+01 9.872563475988563368e+03 2.483611028600287682e+03 1.126237999999999920e+04 0.000000000000000000e+00 7.435783051244864161e+00 7.317140000000000200e+00
9.580270500000000000e+07 1.000000000000000000e+00 6.600000000000000000e+01 9.085773475988562495e+03 2.692804028600287893e+03 1.120045999999999913e+04 0.000000000000000000e+00 4.529869949332281820e+00 4.169999999999999818e-01
9.580270400000000000e+07 0.000000000000000000e+00 6.600000000000000000e+01 9.083283475988564533e+03 2.691763028600287726e+03 1.120202000000000044e+04 0.000000000000000000e+00 2.351343114453587457e+00 6.099999999999999867e-02
9.580270400000000000e+07 0.000000000000000000e+00 6.600000000000000000e+01 9.080383475988563077e+03 2.688495028600287696e+03 1.120135000000000036e+04 0.000000000000000000e+00 2.140671973491441005e+00 4.169999999999999818e-01
9.580270400000000000e+07 0.000000000000000000e+00 6.600000000000000000e+01 9.080383475988563077e+03 2.688495028600287696e+03 1.120135000000000036e+04 0.000000000000000000e+00 2.140671973491441005e+00 7.341420000000000279e+00
9.652794300000000000e+07 1.000000000000000000e+00 6.600000000000000000e+01 8.946623475988562859e+03 2.632326028600287827e+03 1.141654000000000087e+04 0.000000000000000000e+00 9.088479117927299455e+00 1.000000000000000000e+01
9.652794300000000000e+07 1.000000000000000000e+00 6.600000000000000000e+01 8.946623475988562859e+03 2.632326028600287827e+03 1.141654000000000087e+04 0.000000000000000000e+00 9.088479117927299455e+00 2.430899999999999839e+00
9.652965500000000000e+07 1.000000000000000000e+00 6.500000000000000000e+01 8.905443475988564387e+03 2.623281028600287755e+03 1.144677999999999884e+04 0.000000000000000000e+00 5.904840982647657555e+00 2.400000000000000050e-02
1.021532000000000000e+08 1.000000000000000000e+00 6.600000000000000000e+01 8.477353475988564242e+03 2.153710128600288044e+03 1.206323999999999978e+04 0.000000000000000000e+00 4.132269651707380476e+00 9.199999999999999845e-02
1.021532020000000000e+08 1.000000000000000000e+00 6.600000000000000000e+01 8.467533475988562714e+03 2.164626928600288011e+03 1.207826000000000022e+04 0.000000000000000000e+00 9.664073844501707811e+00 9.199999999999999845e-02
1.021518340000000000e+08 1.000000000000000000e+00 6.600000000000000000e+01 8.467283475988562714e+03 2.164988428600287989e+03 1.207929000000000087e+04 0.000000000000000000e+00 9.170107734693072388e+00 2.039999999999999869e-01
1.021532790000000000e+08 1.000000000000000000e+00 6.600000000000000000e+01 8.463763475988564096e+03 2.172548128600287782e+03 1.206872000000000116e+04 0.000000000000000000e+00 8.801534764696027580e+00 9.199999999999999845e-02
1.021532800000000000e+08 1.000000000000000000e+00 6.500000000000000000e+01 8.449183475988562350e+03 2.171281728600287352e+03 1.206540999999999985e+04 0.000000000000000000e+00 6.594036174640595327e+00 6.099999999999999867e-02
1.021532810000000000e+08 1.000000000000000000e+00 6.500000000000000000e+01 8.448043475988562932e+03 2.167950328600287321e+03 1.207650000000000000e+04 0.000000000000000000e+00 2.439979255627530819e+00 9.199999999999999845e-02
1.021532860000000000e+08 1.000000000000000000e+00 6.600000000000000000e+01 8.443983475988563441e+03 2.165776828600287445e+03 1.208406000000000131e+04 0.000000000000000000e+00 1.407434777392650105e+00 6.099999999999999867e-02
1.021532820000000000e+08 1.000000000000000000e+00 6.500000000000000000e+01 8.454333475988563805e+03 2.162815228600287810e+03 1.207626000000000022e+04 0.000000000000000000e+00 4.717903372238502868e+00 6.099999999999999867e-02
1.021532030000000000e+08 1.000000000000000000e+00 6.600000000000000000e+01 8.455073475988561768e+03 2.158920728600287475e+03 1.207363000000000102e+04 0.000000000000000000e+00 1.709734578387797521e+00 4.169999999999999818e-01
1.021519410000000000e+08 1.000000000000000000e+00 6.600000000000000000e+01 8.454893475988563296e+03 2.181717028600287449e+03 1.208086999999999898e+04 0.000000000000000000e+00 2.242227944962983166e+00 9.199999999999999845e-02
1.021519370000000000e+08 1.000000000000000000e+00 6.500000000000000000e+01 8.461843475988562204e+03 2.180025428600287341e+03 1.208032999999999993e+04 0.000000000000000000e+00 4.926742214205560799e+00 8.349999999999999645e-01
1.021532820000000000e+08 1.000000000000000000e+00 6.500000000000000000e+01 8.451573475988563587e+03 2.170472428600287458e+03 1.208043000000000029e+04 0.000000000000000000e+00 2.461867669066788444e+00 6.099999999999999867e-02
1.021532830000000000e+08 1.000000000000000000e+00 6.500000000000000000e+01 8.451133475988563077e+03 2.170644828600287838e+03 1.208161999999999898e+04 0.000000000000000000e+00 2.791651709048752039e+00 9.199999999999999845e-02
1.021532030000000000e+08 1.000000000000000000e+00 6.600000000000000000e+01 8.449343475988562204e+03 2.162776128600287848e+03 1.207011999999999898e+04 0.000000000000000000e+00 6.573194916013851419e+00 4.169999999999999818e-01
1.021532820000000000e+08 1.000000000000000000e+00 6.500000000000000000e+01 8.450713475988563005e+03 2.165807928600287596e+03 1.206905999999999949e+04 0.000000000000000000e+00 7.456777990726432215e+00 8.349999999999999645e-01
1.021532810000000000e+08 1.000000000000000000e+00 6.500000000000000000e+01 8.452013475988564096e+03 2.167982128600287979e+03 1.207072999999999956e+04 0.000000000000000000e+00 4.828535370256259895e+00 4.169999999999999818e-01
1.021532800000000000e+08 1.000000000000000000e+00 6.500000000000000000e+01 8.444063475988563368e+03 2.171420128600288081e+03 1.206734000000000015e+04 0.000000000000000000e+00 5.862088268368044197e+00 9.199999999999999845e-02
1.021518810000000000e+08 1.000000000000000000e+00 6.600000000000000000e+01 8.431783475988562714e+03 2.147767728600287228e+03 1.206981000000000131e+04 0.000000000000000000e+00 8.323110950260854679e+00 6.099999999999999867e-02
1.021518810000000000e+08 1.000000000000000000e+00 6.600000000000000000e+01 8.431783475988562714e+03 2.147767728600287228e+03 1.206981000000000131e+04 0.000000000000000000e+00 8.323110950260854679e+00 7.365490000000000315e+00
1.021534220000000000e+08 1.000000000000000000e+00 6.600000000000000000e+01 8.449303475988563150e+03 2.096652728600287446e+03 1.212718999999999869e+04 0.000000000000000000e+00 8.360848277986557164e+00 1.078999999999999915e+01
1.021534230000000000e+08 1.000000000000000000e+00 6.600000000000000000e+01 8.451163475988561913e+03 2.101906428600287654e+03 1.212957999999999993e+04 0.000000000000000000e+00 4.238902209444404434e+00 1.078999999999999915e+01
1.021534190000000000e+08 1.000000000000000000e+00 6.500000000000000000e+01 8.455623475988562859e+03 2.095998428600287298e+03 1.213265999999999985e+04 0.000000000000000000e+00 4.741565700756628310e+00 1.078999999999999915e+01
1.021517130000000000e+08 1.000000000000000000e+00 6.500000000000000000e+01 8.455513475988564096e+03 2.094920028600287878e+03 1.214022999999999956e+04 0.000000000000000000e+00 9.025911248064316439e+00 1.078999999999999915e+01
1.021517130000000000e+08 1.000000000000000000e+00 6.500000000000000000e+01 8.455153475988563514e+03 2.095469028600287857e+03 1.214052000000000044e+04 0.000000000000000000e+00 9.282264225353468845e+00 6.099999999999999867e-02
1.021517080000000000e+08 1.000000000000000000e+00 6.600000000000000000e+01 8.455493475988563659e+03 2.105348328600287459e+03 1.214939999999999964e+04 0.000000000000000000e+00 9.458591746883724838e+00 1.339000000000000057e+01
1.021526750000000000e+08 1.000000000000000000e+00 6.600000000000000000e+01 8.461433475988562350e+03 2.078429928600287894e+03 1.216670000000000073e+04 0.000000000000000000e+00 3.756553466355969650e+00 9.199999999999999845e-02
1.021517120000000000e+08 0.000000000000000000e+00 6.500000000000000000e+01 8.453213475988563005e+03 2.086736828600287481e+03 1.215279000000000087e+04 0.000000000000000000e+00 1.059535398847157417e+00 1.339000000000000057e+01
1.021517120000000000e+08 0.000000000000000000e+00 6.500000000000000000e+01 8.453213475988563005e+03 2.086736828600287481e+03 1.215279000000000087e+04 0.000000000000000000e+00 1.059535398847157417e+00 3.645129999999999981e+00
1.021517120000000000e+08 0.000000000000000000e+00 6.500000000000000000e+01 8.453213475988563005e+03 2.086736828600287481e+03 1.215279000000000087e+04 0.000000000000000000e+00 1.059535398847157417e+00 1.019470000000000098e+00
1.021517080000000000e+08 1.000000000000000000e+00 6.600000000000000000e+01 8.455493475988563659e+03 2.105348328600287459e+03 1.214939999999999964e+04 0.000000000000000000e+00 9.458591746883724838e+00 4.019510000000000360e+00
1.021517130000000000e+08 1.000000000000000000e+00 6.500000000000000000e+01 8.455513475988564096e+03 2.094920028600287878e+03 1.214022999999999956e+04 0.000000000000000000e+00 9.025911248064316439e+00 6.210079999999999600e+00
1.021534190000000000e+08 1.000000000000000000e+00 6.500000000000000000e+01 8.456333475988563805e+03 2.094370928600287698e+03 1.212925000000000000e+04 0.000000000000000000e+00 3.828872269273239315e+00 1.078999999999999915e+01
1.021534190000000000e+08 1.000000000000000000e+00 6.500000000000000000e+01 8.456693475988564387e+03 2.091633428600287516e+03 1.212757999999999993e+04 0.000000000000000000e+00 3.325661567476910552e+00 4.169999999999999818e-01
1.021534180000000000e+08 1.000000000000000000e+00 6.500000000000000000e+01 8.457883475988563077e+03 2.090109428600287174e+03 1.212725000000000000e+04 0.000000000000000000e+00 1.887177174656903267e+00 2.400000000000000050e-02
1.021534190000000000e+08 1.000000000000000000e+00 6.500000000000000000e+01 8.461843475988562204e+03 2.090797728600287883e+03 1.213077999999999884e+04 0.000000000000000000e+00 1.766076134767450512e+00 4.169999999999999818e-01
1.021517140000000000e+08 1.000000000000000000e+00 6.500000000000000000e+01 8.468233475988563441e+03 2.089194128600287513e+03 1.214400000000000000e+04 0.000000000000000000e+00 2.940293454768116543e+00 9.199999999999999845e-02
1.021517140000000000e+08 1.000000000000000000e+00 6.500000000000000000e+01 8.468233475988563441e+03 2.089194128600287513e+03 1.214400000000000000e+04 0.000000000000000000e+00 2.940293454768116543e+00 7.356099999999999639e+00
1.021534190000000000e+08 1.000000000000000000e+00 6.500000000000000000e+01 8.456333475988563805e+03 2.094370928600287698e+03 1.212925000000000000e+04 0.000000000000000000e+00 3.828872269273239315e+00 2.962209999999999788e+00
1.021534230000000000e+08 1.000000000000000000e+00 6.600000000000000000e+01 8.451223475988563223e+03 2.108407628600287353e+03 1.213715999999999985e+04 0.000000000000000000e+00 9.587234110640837415e+00 2.400000000000000050e-02
1.021517800000000000e+08 1.000000000000000000e+00 6.600000000000000000e+01 8.424943475988564387e+03 2.122615818600287639e+03 1.215181000000000131e+04 0.000000000000000000e+00 3.367947846277792312e+00 1.078999999999999915e+01
1.021517800000000000e+08 1.000000000000000000e+00 6.600000000000000000e+01 8.424943475988564387e+03 2.122615818600287639e+03 1.215181000000000131e+04 0.000000000000000000e+00 3.367947846277792312e+00 6.214900000000000091e+00
1.021517800000000000e+08 1.000000000000000000e+00 6.600000000000000000e+01 8.424943475988564387e+03 2.122615818600287639e+03 1.215181000000000131e+04 0.000000000000000000e+00 3.367947846277792312e+00 6.663029999999999786e-01
1.021518030000000000e+08 1.000000000000000000e+00 6.500000000000000000e+01 8.450743475988563659e+03 2.092057928600287596e+03 1.211711000000000058e+04 0.000000000000000000e+00 4.563458646355798010e+00 4.169999999999999818e-01
1.021518030000000000e+08 1.000000000000000000e+00 6.500000000000000000e+01 8.452443475988562568e+03 2.091838028600287544e+03 1.211970000000000073e+04 0.000000000000000000e+00 5.921035552573788330e+00 9.199999999999999845e-02
1.021518030000000000e+08 1.000000000000000000e+00 6.500000000000000000e+01 8.451453475988562786e+03 2.091827628600287426e+03 1.212035000000000036e+04 0.000000000000000000e+00 6.052816118353627317e+00 4.169999999999999818e-01
1.021517990000000000e+08 1.000000000000000000e+00 6.600000000000000000e+01 8.449353475988564242e+03 2.091340928600287953e+03 1.213345000000000073e+04 0.000000000000000000e+00 5.512990126417567360e+00 9.199999999999999845e-02
1.021517160000000000e+08 1.000000000000000000e+00 6.600000000000000000e+01 8.452143475988563296e+03 2.079406728600287352e+03 1.213793000000000029e+04 0.000000000000000000e+00 4.273531614871579620e+00 6.099999999999999867e-02
1.021517150000000000e+08 1.000000000000000000e+00 6.600000000000000000e+01 8.450563475988563368e+03 2.075452528600287224e+03 1.214270000000000073e+04 0.000000000000000000e+00 3.538344856151662388e+00 8.220000000000000639e+00
1.021517150000000000e+08 1.000000000000000000e+00 6.600000000000000000e+01 8.450563475988563368e+03 2.075452528600287224e+03 1.214270000000000073e+04 0.000000000000000000e+00 3.538344856151662388e+00 2.060859999999999914e+00
1.021517920000000000e+08 0.000000000000000000e+00 6.500000000000000000e+01 8.420703475988562786e+03 2.086500528600287907e+03 1.214523999999999978e+04 0.000000000000000000e+00 2.227119565639698262e+00 1.078999999999999915e+01
1.021545210000000000e+08 0.000000000000000000e+00 6.500000000000000000e+01 8.478603475988564242e+03 2.008541028600287973e+03 1.212120000000000073e+04 0.000000000000000000e+00 2.462838423715226099e+00 1.078999999999999915e+01
1.021528210000000000e+08 1.000000000000000000e+00 6.600000000000000000e+01 8.494473475988563223e+03 1.984415028600287769e+03 1.211200000000000000e+04 0.000000000000000000e+00 2.332591997577338816e+00 1.078999999999999915e+01
1.021528210000000000e+08 1.000000000000000000e+00 6.500000000000000000e+01 8.504823475988561768e+03 1.966902028600287849e+03 1.210340999999999985e+04 0.000000000000000000e+00 5.758050654900991994e+00 1.605000000000000071e+01
1.021528210000000000e+08 1.000000000000000000e+00 6.500000000000000000e+01 8.506033475988564533e+03 1.964204028600287529e+03 1.210231000000000131e+04 0.000000000000000000e+00 8.702877415335359856e+00 3.229999999999999716e+01
1.021545690000000000e+08 1.000000000000000000e+00 6.600000000000000000e+01 8.513963475988563005e+03 1.943289028600287565e+03 1.209323999999999978e+04 0.000000000000000000e+00 3.461997206402187555e+00 1.605000000000000071e+01
1.021544860000000000e+08 1.000000000000000000e+00 6.500000000000000000e+01 8.537183475988562350e+03 1.936716028600287245e+03 1.208329999999999927e+04 0.000000000000000000e+00 4.968555870433189803e+00 3.229999999999999716e+01
1.021544840000000000e+08 1.000000000000000000e+00 6.500000000000000000e+01 8.545903475988563514e+03 1.947051028600287282e+03 1.208334000000000015e+04 0.000000000000000000e+00 7.995371979195428302e+00 1.339000000000000057e+01
1.021544800000000000e+08 1.000000000000000000e+00 6.600000000000000000e+01 8.549083475988563805e+03 1.957520028600287333e+03 1.208470999999999913e+04 0.000000000000000000e+00 5.886193862553223077e+00 1.078999999999999915e+01
1.021544540000000000e+08 1.000000000000000000e+00 6.500000000000000000e+01 8.540633475988563077e+03 2.006931028600287391e+03 1.208360000000000036e+04 0.000000000000000000e+00 7.332858831304950087e+00 1.339000000000000057e+01
1.021544470000000000e+08 1.000000000000000000e+00 6.500000000000000000e+01 8.535073475988561768e+03 2.032615928600287589e+03 1.207197999999999956e+04 0.000000000000000000e+00 2.049422374565554428e+00 1.605000000000000071e+01
1.021533280000000000e+08 1.000000000000000000e+00 6.600000000000000000e+01 8.524263475988564096e+03 2.060922728600287883e+03 1.206165999999999985e+04 0.000000000000000000e+00 5.569878676017606445e+00 2.400000000000000050e-02
1.021533280000000000e+08 1.000000000000000000e+00 6.600000000000000000e+01 8.523863475988562641e+03 2.061302028600287485e+03 1.206234999999999854e+04 0.000000000000000000e+00 5.129068808358945297e+00 2.400000000000000050e-02
1.021533270000000000e+08 1.000000000000000000e+00 6.600000000000000000e+01 8.522333475988563805e+03 2.062460328600287539e+03 1.206720999999999913e+04 0.000000000000000000e+00 4.049977513112096084e+00 6.099999999999999867e-02
1.021534730000000000e+08 1.000000000000000000e+00 6.600000000000000000e+01 8.524303475988563150e+03 2.060313128600287200e+03 1.206779999999999927e+04 0.000000000000000000e+00 5.206649461489578634e+00 6.099999999999999867e-02
1.021534730000000000e+08 1.000000000000000000e+00 6.600000000000000000e+01 8.535203475988562786e+03 2.053335828600287641e+03 1.206967000000000007e+04 0.000000000000000000e+00 8.202098285548508727e+00 9.199999999999999845e-02
1.021533290000000000e+08 1.000000000000000000e+00 6.600000000000000000e+01 8.518203475988562786e+03 2.063977028600287667e+03 1.205247999999999956e+04 0.000000000000000000e+00 8.158766313442200158e+00 6.099999999999999867e-02
1.021544560000000000e+08 1.000000000000000000e+00 6.500000000000000000e+01 8.555093475988562204e+03 2.028932028600287595e+03 1.207638999999999942e+04 0.000000000000000000e+00 5.794642865748834026e+00 9.199999999999999845e-02
1.021544550000000000e+08 0.000000000000000000e+00 6.500000000000000000e+01 8.548783475988562714e+03 2.019278028600288053e+03 1.208045999999999913e+04 0.000000000000000000e+00 9.954983205489361664e-01 1.078999999999999915e+01
1.021544550000000000e+08 0.000000000000000000e+00 6.500000000000000000e+01 8.548783475988562714e+03 2.019278028600288053e+03 1.208045999999999913e+04 0.000000000000000000e+00 9.954983205489361664e-01 5.385799999999999699e+00
1.021544550000000000e+08 0.000000000000000000e+00 6.500000000000000000e+01 8.548783475988562714e+03 2.019278028600288053e+03 1.208045999999999913e+04 0.000000000000000000e+00 9.954983205489361664e-01 3.309159999999999879e+00
1.021544470000000000e+08 1.000000000000000000e+00 6.500000000000000000e+01 8.535253475988562059e+03 2.032514428600287829e+03 1.207197999999999956e+04 0.000000000000000000e+00 2.063393726217781055e+00 1.124000000000000021e+01
1.021544510000000000e+08 0.000000000000000000e+00 6.600000000000000000e+01 8.539653475988563514e+03 2.028708028600287435e+03 1.207502999999999884e+04 0.000000000000000000e+00 4.442615600676003140e+00 9.199999999999999845e-02
1.021544510000000000e+08 1.000000000000000000e+00 6.600000000000000000e+01 8.544453475988562786e+03 2.025750028600287806e+03 1.206564999999999964e+04 0.000000000000000000e+00 5.292588141240656796e+00 2.400000000000000050e-02
1.021544550000000000e+08 1.000000000000000000e+00 6.500000000000000000e+01 8.552543475988562932e+03 2.020571028600287718e+03 1.207486999999999898e+04 0.000000000000000000e+00 1.756340964961127682e+00 6.099999999999999867e-02
1.021544520000000000e+08 1.000000000000000000e+00 6.600000000000000000e+01 8.548473475988563223e+03 2.024670028600287878e+03 1.207880999999999949e+04 0.000000000000000000e+00 3.572375266460213528e+00 9.199999999999999845e-02
1.021544550000000000e+08 1.000000000000000000e+00 6.500000000000000000e+01 8.549463475988563005e+03 2.014830028600287733e+03 1.206795000000000073e+04 0.000000000000000000e+00 8.881160231496883384e+00 4.169999999999999818e-01
1.021544580000000000e+08 0.000000000000000000e+00 6.600000000000000000e+01 8.549023475988562495e+03 2.013022028600287740e+03 1.208888999999999942e+04 0.000000000000000000e+00 1.114780063041415081e+00 9.199999999999999845e-02
1.021544580000000000e+08 0.000000000000000000e+00 6.600000000000000000e+01 8.551313475988563368e+03 2.015911028600287864e+03 1.209047000000000116e+04 0.000000000000000000e+00 2.449522128641561824e+00 2.400000000000000050e-02
1.021544590000000000e+08 1.000000000000000000e+00 6.500000000000000000e+01 8.564323475988563587e+03 2.015603028600287871e+03 1.209721999999999935e+04 0.000000000000000000e+00 8.524020101353659840e+00 6.099999999999999867e-02
1.021544690000000000e+08 1.000000000000000000e+00 6.600000000000000000e+01 8.551183475988562350e+03 1.982702028600288031e+03 1.209493000000000029e+04 0.000000000000000000e+00 5.578117394113990102e+00 9.199999999999999845e-02
1.021544710000000000e+08 1.000000000000000000e+00 6.500000000000000000e+01 8.552223475988563223e+03 1.982931028600287391e+03 1.210047999999999956e+04 0.000000000000000000e+00 4.111245403449794722e+00 9.199999999999999845e-02
1.021544580000000000e+08 1.000000000000000000e+00 6.600000000000000000e+01 8.538843475988562204e+03 2.003860028600287478e+03 1.209402999999999884e+04 0.000000000000000000e+00 7.821803261126159867e+00 9.199999999999999845e-02
1.021544620000000000e+08 1.000000000000000000e+00 6.500000000000000000e+01 8.552583475988563805e+03 1.999458028600287435e+03 1.209813000000000102e+04 0.000000000000000000e+00 3.257310844892809421e+00 9.199999999999999845e-02
1.021544630000000000e+08 1.000000000000000000e+00 6.500000000000000000e+01 8.553383475988563077e+03 1.998313028600287907e+03 1.209734000000000015e+04 0.000000000000000000e+00 3.562256095109141985e+00 1.000000000000000000e+01
1.021544660000000000e+08 0.000000000000000000e+00 6.600000000000000000e+01 8.556023475988562495e+03 1.993526028600287646e+03 1.209498999999999978e+04 0.000000000000000000e+00 1.868798346573690594e+00 4.169999999999999818e-01
1.021544660000000000e+08 0.000000000000000000e+00 6.600000000000000000e+01 8.556023475988562495e+03 1.993526028600287646e+03 1.209498999999999978e+04 0.000000000000000000e+00 1.868798346573690594e+00 7.099300000000000388e+00
1.021544710000000000e+08 0.000000000000000000e+00 6.500000000000000000e+01 8.558333475988563805e+03 1.979752028600287304e+03 1.209545000000000073e+04 0.000000000000000000e+00 3.062076759445933050e+00 6.099999999999999867e-02
1.021544720000000000e+08 1.000000000000000000e+00 6.500000000000000000e+01 8.550613475988562641e+03 1.978154028600287347e+03 1.209656000000000131e+04 0.000000000000000000e+00 4.233681547679165824e+00 4.169999999999999818e-01
1.021544780000000000e+08 1.000000000000000000e+00 6.600000000000000000e+01 8.548343475988562204e+03 1.962998028600287398e+03 1.209973999999999978e+04 0.000000000000000000e+00 1.328737773637776787e+00 2.400000000000000050e-02
1.021544770000000000e+08 1.000000000000000000e+00 6.600000000000000000e+01 8.548613475988562641e+03 1.958866028600287791e+03 1.210677000000000044e+04 0.000000000000000000e+00 1.018743307069424953e+00 6.099999999999999867e-02
1.021545600000000000e+08 1.000000000000000000e+00 6.600000000000000000e+01 8.535883475988563077e+03 1.961943028600288017e+03 1.211154999999999927e+04 0.000000000000000000e+00 9.132262871782788949e+00 6.099999999999999867e-02
1.021545600000000000e+08 1.000000000000000000e+00 6.600000000000000000e+01 8.517583475988563805e+03 1.962604028600288075e+03 1.212477000000000044e+04 0.000000000000000000e+00 9.571004124701634197e+00 8.220000000000000639e+00
1.021545600000000000e+08 1.000000000000000000e+00 6.600000000000000000e+01 8.517583475988563805e+03 1.962604028600288075e+03 1.212477000000000044e+04 0.000000000000000000e+00 9.571004124701634197e+00 2.793940000000000090e+00
1.021544740000000000e+08 1.000000000000000000e+00 6.500000000000000000e+01 8.549293475988562932e+03 1.971023028600287944e+03 1.208652000000000044e+04 0.000000000000000000e+00 7.444391676080313047e+00 6.099999999999999867e-02
1.021544740000000000e+08 1.000000000000000000e+00 6.500000000000000000e+01 8.548873475988564678e+03 1.974673028600287580e+03 1.208652999999999884e+04 0.000000000000000000e+00 9.532808449794838879e+00 9.199999999999999845e-02
1.021544730000000000e+08 1.000000000000000000e+00 6.500000000000000000e+01 8.550353475988564242e+03 1.976557028600287595e+03 1.208704000000000087e+04 0.000000000000000000e+00 8.968333003327746411e+00 4.169999999999999818e-01
1.021544730000000000e+08 1.000000000000000000e+00 6.500000000000000000e+01 8.552783475988562714e+03 1.974178028600287689e+03 1.208961000000000058e+04 0.000000000000000000e+00 4.924368170928434374e+00 6.099999999999999867e-02
1.021544740000000000e+08 1.000000000000000000e+00 6.500000000000000000e+01 8.563113475988562641e+03 1.967551028600287282e+03 1.208529999999999927e+04 0.000000000000000000e+00 2.116790330812868159e+00 6.099999999999999867e-02
1.021544740000000000e+08 1.000000000000000000e+00 6.500000000000000000e+01 8.557253475988562059e+03 1.968914028600287565e+03 1.209043999999999869e+04 0.000000000000000000e+00 1.061781373656871974e+00 9.199999999999999845e-02
1.021544750000000000e+08 0.000000000000000000e+00 6.500000000000000000e+01 8.559273475988562495e+03 1.966601028600287464e+03 1.208947999999999956e+04 0.000000000000000000e+00 1.571012367254729147e+00 9.199999999999999845e-02
1.021544680000000000e+08 1.000000000000000000e+00 6.600000000000000000e+01 8.547743475988563659e+03 1.982849028600287966e+03 1.208906999999999971e+04 0.000000000000000000e+00 9.880595830382182143e+00 6.099999999999999867e-02
1.021544630000000000e+08 1.000000000000000000e+00 6.500000000000000000e+01 8.541953475988562786e+03 1.995427028600287485e+03 1.209556000000000131e+04 0.000000000000000000e+00 9.763390235553215390e+00 1.078999999999999915e+01
1.021544630000000000e+08 1.000000000000000000e+00 6.500000000000000000e+01 8.541953475988562786e+03 1.995427028600287485e+03 1.209556000000000131e+04 0.000000000000000000e+00 9.763390235553215390e+00 9.994020000000000126e-01
1.021544630000000000e+08 1.000000000000000000e+00 6.500000000000000000e+01 8.541953475988562786e+03 1.995427028600287485e+03 1.209556000000000131e+04 0.000000000000000000e+00 9.763390235553215390e+00 3.404440000000000244e-01
1.021544800000000000e+08 1.000000000000000000e+00 6.600000000000000000e+01 8.548493475988563659e+03 1.957439028600287202e+03 1.208440999999999985e+04 0.000000000000000000e+00 6.482244864844579624e+00 1.078999999999999915e+01
1.021544790000000000e+08 1.000000000000000000e+00 6.600000000000000000e+01 8.546733475988563441e+03 1.963571028600287718e+03 1.208835000000000036e+04 0.000000000000000000e+00 5.699547852822531624e+00 9.199999999999999845e-02
1.021544740000000000e+08 1.000000000000000000e+00 6.500000000000000000e+01 8.548113475988562641e+03 1.970610028600287478e+03 1.208870000000000073e+04 0.000000000000000000e+00 7.686438529647732665e+00 9.199999999999999845e-02
1.021544760000000000e+08 1.000000000000000000e+00 6.500000000000000000e+01 8.562163475988563732e+03 1.956986028600287682e+03 1.207561999999999898e+04 0.000000000000000000e+00 7.504527822736326570e+00 9.199999999999999845e-02
1.021544760000000000e+08 1.000000000000000000e+00 6.500000000000000000e+01 8.573053475988563150e+03 1.962866028600287791e+03 1.207453000000000065e+04 0.000000000000000000e+00 8.895581105948226153e+00 2.400000000000000050e-02
1.021544760000000000e+08 1.000000000000000000e+00 6.500000000000000000e+01 8.573063475988563368e+03 1.963112028600287886e+03 1.207459999999999854e+04 0.000000000000000000e+00 8.977389865859860762e+00 4.169999999999999818e-01
1.021544730000000000e+08 1.000000000000000000e+00 6.600000000000000000e+01 8.574153475988563514e+03 1.968195028600287515e+03 1.207932999999999993e+04 0.000000000000000000e+00 4.896024231225103662e+00 9.199999999999999845e-02
1.021544730000000000e+08 1.000000000000000000e+00 6.600000000000000000e+01 8.575813475988563368e+03 1.968438028600287907e+03 1.208245999999999913e+04 0.000000000000000000e+00 2.660223196372543342e+00 9.199999999999999845e-02
1.021544730000000000e+08 1.000000000000000000e+00 6.600000000000000000e+01 8.575183475988562350e+03 1.969529028600287347e+03 1.208018000000000029e+04 0.000000000000000000e+00 4.217332820011455929e+00 9.199999999999999845e-02
1.021544800000000000e+08 1.000000000000000000e+00 6.600000000000000000e+01 8.548493475988563659e+03 1.957439028600287202e+03 1.208440999999999985e+04 0.000000000000000000e+00 6.482244864844579624e+00 2.240810000000000191e+00
1.021544860000000000e+08 1.000000000000000000e+00 6.500000000000000000e+01 8.537973475988563223e+03 1.939496028600287900e+03 1.208486999999999898e+04 0.000000000000000000e+00 2.902864191990349063e+00 1.078999999999999915e+01
1.021545660000000000e+08 1.000000000000000000e+00 6.600000000000000000e+01 8.532493475988563659e+03 1.939674028600287784e+03 1.207870999999999913e+04 0.000000000000000000e+00 9.575019445414662655e+00 1.339000000000000057e+01
1.021545660000000000e+08 1.000000000000000000e+00 6.600000000000000000e+01 8.531313475988563368e+03 1.945191028600287609e+03 1.208165000000000146e+04 0.000000000000000000e+00 9.164149944139118986e+00 1.078999999999999915e+01
1.021545650000000000e+08 1.000000000000000000e+00 6.600000000000000000e+01 8.528553475988563150e+03 1.945423028600287580e+03 1.207068000000000029e+04 0.000000000000000000e+00 2.042067204319182760e+00 1.000000000000000021e-02
1.021545660000000000e+08 1.000000000000000000e+00 6.600000000000000000e+01 8.531313475988563368e+03 1.945191028600287609e+03 1.208165000000000146e+04 0.000000000000000000e+00 9.164149944139118986e+00 2.555930000000000035e+00
1.021555400000000000e+08 1.000000000000000000e+00 6.500000000000000000e+01 8.532953475988562786e+03 1.930981028600287573e+03 1.207486000000000058e+04 0.000000000000000000e+00 8.382803250490828972e+00 1.078999999999999915e+01
1.021555400000000000e+08 1.000000000000000000e+00 6.500000000000000000e+01 8.532953475988562786e+03 1.930981028600287573e+03 1.207486000000000058e+04 0.000000000000000000e+00 8.382803250490828972e+00 5.090580000000000105e+00
1.021555400000000000e+08 1.000000000000000000e+00 6.500000000000000000e+01 8.532953475988562786e+03 1.930981028600287573e+03 1.207486000000000058e+04 0.000000000000000000e+00 8.382803250490828972e+00 2.163229999999999986e+00
1.021544860000000000e+08 1.000000000000000000e+00 6.500000000000000000e+01 8.537973475988563223e+03 1.939496028600287900e+03 1.208486999999999898e+04 0.000000000000000000e+00 2.902864191990349063e+00 4.189160000000000217e+00
1.021545710000000000e+08 1.000000000000000000e+00 6.500000000000000000e+01 8.513253475988562059e+03 1.941949028600287420e+03 1.209351000000000022e+04 0.000000000000000000e+00 3.507866736717647704e+00 1.078999999999999915e+01
1.021544940000000000e+08 1.000000000000000000e+00 6.500000000000000000e+01 8.513323475988561768e+03 1.943681028600287391e+03 1.209427000000000044e+04 0.000000000000000000e+00 3.466880760267700978e+00 1.339000000000000057e+01
1.021544940000000000e+08 1.000000000000000000e+00 6.500000000000000000e+01 8.508323475988561768e+03 1.958720028600288060e+03 1.210043000000000029e+04 0.000000000000000000e+00 9.655362034506923763e+00 1.339000000000000057e+01
1.021528200000000000e+08 1.000000000000000000e+00 6.500000000000000000e+01 8.507603475988564242e+03 1.968012028600287522e+03 1.210793000000000029e+04 0.000000000000000000e+00 2.835572745944385797e+00 1.605000000000000071e+01
1.021528190000000000e+08 1.000000000000000000e+00 6.500000000000000000e+01 8.506233475988563441e+03 1.970916028600287973e+03 1.211189999999999964e+04 0.000000000000000000e+00 1.838373687281538826e+00 9.199999999999999845e-02
1.021544930000000000e+08 1.000000000000000000e+00 6.500000000000000000e+01 8.505603475988564242e+03 1.953303028600287689e+03 1.211660000000000036e+04 0.000000000000000000e+00 7.741100238842498094e+00 1.124000000000000021e+01
1.021544920000000000e+08 1.000000000000000000e+00 6.500000000000000000e+01 8.502303475988563150e+03 1.939839028600287747e+03 1.211609000000000015e+04 0.000000000000000000e+00 3.352547558044827625e+00 1.339000000000000057e+01
1.021544940000000000e+08 0.000000000000000000e+00 6.600000000000000000e+01 8.501613475988562641e+03 1.936256028600287209e+03 1.211615000000000146e+04 0.000000000000000000e+00 3.785623120539325814e+00 1.339000000000000057e+01
1.021544970000000000e+08 1.000000000000000000e+00 6.500000000000000000e+01 8.495473475988563223e+03 1.938120028600287696e+03 1.210647000000000116e+04 0.000000000000000000e+00 2.122506432646273478e+00 9.199999999999999845e-02
1.021540170000000000e+08 1.000000000000000000e+00 6.600000000000000000e+01 8.484623475988562859e+03 1.939770028600287333e+03 1.208647999999999956e+04 0.000000000000000000e+00 6.916202492322742756e+00 9.199999999999999845e-02
1.021540170000000000e+08 1.000000000000000000e+00 6.600000000000000000e+01 8.480963475988563005e+03 1.938785028600287660e+03 1.208438000000000102e+04 0.000000000000000000e+00 5.243548448899155723e+00 6.099999999999999867e-02
1.021540170000000000e+08 1.000000000000000000e+00 6.600000000000000000e+01 8.480323475988563587e+03 1.938641028600287427e+03 1.208407999999999993e+04 0.000000000000000000e+00 5.208929758954460532e+00 1.078999999999999915e+01
1.021540170000000000e+08 1.000000000000000000e+00 6.600000000000000000e+01 8.480323475988563587e+03 1.938641028600287427e+03 1.208407999999999993e+04 0.000000000000000000e+00 5.208929758954460532e+00 1.080060000000000020e+00
1.021540170000000000e+08 1.000000000000000000e+00 6.600000000000000000e+01 8.480323475988563587e+03 1.938641028600287427e+03 1.208407999999999993e+04 0.000000000000000000e+00 5.208929758954460532e+00 5.791830000000000034e-01
1.021544940000000000e+08 0.000000000000000000e+00 6.600000000000000000e+01 8.501613475988562641e+03 1.936256028600287209e+03 1.211615000000000146e+04 0.000000000000000000e+00 3.785623120539325814e+00 6.150199999999999889e+00
1.021544920000000000e+08 1.000000000000000000e+00 6.500000000000000000e+01 8.502303475988563150e+03 1.939839028600287747e+03 1.211609000000000015e+04 0.000000000000000000e+00 3.352547558044827625e+00 1.293220000000000036e+00
1.021528200000000000e+08 1.000000000000000000e+00 6.500000000000000000e+01 8.511733475988561622e+03 1.970269028600288038e+03 1.210929000000000087e+04 0.000000000000000000e+00 2.756965064118448439e+00 1.078999999999999915e+01
1.021528210000000000e+08 1.000000000000000000e+00 6.500000000000000000e+01 8.504883475988563077e+03 1.975581028600287937e+03 1.210049000000000160e+04 0.000000000000000000e+00 3.918049706626054007e+00 2.400000000000000050e-02
1.021528220000000000e+08 1.000000000000000000e+00 6.500000000000000000e+01 8.502323475988563587e+03 1.977675028600287988e+03 1.209738999999999942e+04 0.000000000000000000e+00 4.762572806711554918e+00 6.099999999999999867e-02
1.021544280000000000e+08 1.000000000000000000e+00 6.600000000000000000e+01 8.496673475988563951e+03 1.982295028600287878e+03 1.209054999999999927e+04 0.000000000000000000e+00 5.063757587602549570e+00 1.078999999999999915e+01
1.021544310000000000e+08 1.000000000000000000e+00 6.500000000000000000e+01 8.494533475988564533e+03 1.983417028600287267e+03 1.208779999999999927e+04 0.000000000000000000e+00 3.824441306215089487e+00 4.169999999999999818e-01
1.021544310000000000e+08 1.000000000000000000e+00 6.500000000000000000e+01 8.493913475988561913e+03 1.984504028600287711e+03 1.208840999999999985e+04 0.000000000000000000e+00 2.477190920353705916e+00 9.199999999999999845e-02
1.021544310000000000e+08 1.000000000000000000e+00 6.500000000000000000e+01 8.495523475988562495e+03 1.983562028600287704e+03 1.208897000000000116e+04 0.000000000000000000e+00 3.860733357292710721e+00 9.199999999999999845e-02
1.021544310000000000e+08 1.000000000000000000e+00 6.500000000000000000e+01 8.495443475988562568e+03 1.983713028600287544e+03 1.208886000000000058e+04 0.000000000000000000e+00 3.699307953554395123e+00 2.400000000000000050e-02
1.021544310000000000e+08 1.000000000000000000e+00 6.500000000000000000e+01 8.485423475988563951e+03 1.988196028600287718e+03 1.209331000000000131e+04 0.000000000000000000e+00 6.865314412509390118e-01 1.078999999999999915e+01
1.021544310000000000e+08 1.000000000000000000e+00 6.500000000000000000e+01 8.485423475988563951e+03 1.988196028600287718e+03 1.209331000000000131e+04 0.000000000000000000e+00 6.865314412509390118e-01 3.752079999999999860e+00
1.021544310000000000e+08 1.000000000000000000e+00 6.500000000000000000e+01 8.485423475988563951e+03 1.988196028600287718e+03 1.209331000000000131e+04 0.000000000000000000e+00 6.865314412509390118e-01 3.438979999999999926e+00
1.021544280000000000e+08 1.000000000000000000e+00 6.600000000000000000e+01 8.500833475988563805e+03 1.980362028600287886e+03 1.208473999999999978e+04 0.000000000000000000e+00 2.827819601935742888e+00 2.400000000000000050e-02
1.021528200000000000e+08 1.000000000000000000e+00 6.500000000000000000e+01 8.511733475988561622e+03 1.970269028600288038e+03 1.210929000000000087e+04 0.000000000000000000e+00 2.756965064118448439e+00 4.767619999999999969e+00
1.021544940000000000e+08 1.000000000000000000e+00 6.500000000000000000e+01 8.508323475988561768e+03 1.958720028600288060e+03 1.210043000000000029e+04 0.000000000000000000e+00 9.655362034506923763e+00 7.033240000000000158e+00
1.021545710000000000e+08 1.000000000000000000e+00 6.500000000000000000e+01 8.515843475988562204e+03 1.941656028600287755e+03 1.209179999999999927e+04 0.000000000000000000e+00 3.133182062104004295e+00 2.400000000000000050e-02
1.021545690000000000e+08 1.000000000000000000e+00 6.500000000000000000e+01 8.521793475988562932e+03 1.935650028600287442e+03 1.208347999999999956e+04 0.000000000000000000e+00 1.124028646119869856e+00 6.099999999999999867e-02
1.021545690000000000e+08 1.000000000000000000e+00 6.500000000000000000e+01 8.523003475988562059e+03 1.938040028600287769e+03 1.208601000000000022e+04 0.000000000000000000e+00 2.235736822707639071e+00 9.199999999999999845e-02
1.021545690000000000e+08 1.000000000000000000e+00 6.500000000000000000e+01 8.523203475988562786e+03 1.939174028600287784e+03 1.208645999999999913e+04 0.000000000000000000e+00 2.948904949516682805e+00 9.199999999999999845e-02
1.021545700000000000e+08 1.000000000000000000e+00 6.500000000000000000e+01 8.522003475988562059e+03 1.937713028600287544e+03 1.208711999999999898e+04 0.000000000000000000e+00 1.918420723539200790e+00 9.199999999999999845e-02
1.021544920000000000e+08 1.000000000000000000e+00 6.600000000000000000e+01 8.518203475988562786e+03 1.931740028600287587e+03 1.209288000000000102e+04 0.000000000000000000e+00 2.738033391690313234e+00 9.199999999999999845e-02
1.021544900000000000e+08 0.000000000000000000e+00 6.500000000000000000e+01 8.515763475988564096e+03 1.935022028600287740e+03 1.210950000000000000e+04 0.000000000000000000e+00 5.533589564847388731e-01 2.400000000000000050e-02
1.021544890000000000e+08 1.000000000000000000e+00 6.500000000000000000e+01 8.518213475988563005e+03 1.933510028600288024e+03 1.211531000000000131e+04 0.000000000000000000e+00 3.987601665503088366e+00 9.199999999999999845e-02
1.021544890000000000e+08 1.000000000000000000e+00 6.500000000000000000e+01 8.521293475988562932e+03 1.931743028600287289e+03 1.211373999999999978e+04 0.000000000000000000e+00 4.063370701626987547e+00 6.099999999999999867e-02
1.021544890000000000e+08 1.000000000000000000e+00 6.500000000000000000e+01 8.523183475988562350e+03 1.930634028600287820e+03 1.211335000000000036e+04 0.000000000000000000e+00 5.615733735642379543e+00 2.400000000000000050e-02
1.021556280000000000e+08 1.000000000000000000e+00 6.500000000000000000e+01 8.522893475988563296e+03 1.921810028600287296e+03 1.211209999999999854e+04 0.000000000000000000e+00 5.187852996128383687e+00 6.099999999999999867e-02
1.021556280000000000e+08 1.000000000000000000e+00 6.500000000000000000e+01 8.523013475988564096e+03 1.922019028600288038e+03 1.211163000000000102e+04 0.000000000000000000e+00 5.554711918867449860e+00 9.199999999999999845e-02
1.021556280000000000e+08 1.000000000000000000e+00 6.500000000000000000e+01 8.523103475988564242e+03 1.922221028600287354e+03 1.211109999999999854e+04 0.000000000000000000e+00 5.973447123233974310e+00 2.400000000000000050e-02
1.021545780000000000e+08 1.000000000000000000e+00 6.500000000000000000e+01 8.515223475988563223e+03 1.918613028600287180e+03 1.211079000000000087e+04 0.000000000000000000e+00 1.045886407892763659e+00 6.099999999999999867e-02
1.021545780000000000e+08 1.000000000000000000e+00 6.500000000000000000e+01 8.515223475988563223e+03 1.918613028600287180e+03 1.211079000000000087e+04 0.000000000000000000e+00 1.045886407892763659e+00 7.352009999999999934e+00
1.021544940000000000e+08 1.000000000000000000e+00 6.500000000000000000e+01 8.512833475988563805e+03 1.943457028600287231e+03 1.209811999999999898e+04 0.000000000000000000e+00 5.103419679014243870e-01 2.039999999999999869e-01
1.021545720000000000e+08 1.000000000000000000e+00 6.500000000000000000e+01 8.513453475988562786e+03 1.938454028600287529e+03 1.210218000000000029e+04 0.000000000000000000e+00 1.256544112784776956e+00 9.199999999999999845e-02
1.021545750000000000e+08 0.000000000000000000e+00 6.600000000000000000e+01 8.517033475988562714e+03 1.932087028600287340e+03 1.210447000000000116e+04 0.000000000000000000e+00 2.607677961441257963e+00 6.099999999999999867e-02
1.021544890000000000e+08 0.000000000000000000e+00 6.500000000000000000e+01 8.521813475988563368e+03 1.932442028600287813e+03 1.210382999999999993e+04 0.000000000000000000e+00 1.090763348968152524e+00 2.400000000000000050e-02
1.021544890000000000e+08 0.000000000000000000e+00 6.500000000000000000e+01 8.520113475988562641e+03 1.932572028600287922e+03 1.210610000000000036e+04 0.000000000000000000e+00 1.737369988682200272e+00 6.099999999999999867e-02
1.021556280000000000e+08 1.000000000000000000e+00 6.500000000000000000e+01 8.525843475988562204e+03 1.924573028600287216e+03 1.211161999999999898e+04 0.000000000000000000e+00 8.134440994139881198e+00 9.199999999999999845e-02
1.021544890000000000e+08 1.000000000000000000e+00 6.500000000000000000e+01 8.520813475988563368e+03 1.927813028600287907e+03 1.211209999999999854e+04 0.000000000000000000e+00 4.446727286794336820e+00 5.000000000000000000e-01
1.021544890000000000e+08 1.000000000000000000e+00 6.500000000000000000e+01 8.520623475988562859e+03 1.932520028600287333e+03 1.210675000000000000e+04 0.000000000000000000e+00 1.407021742174844547e+00 4.169999999999999818e-01
1.021544910000000000e+08 0.000000000000000000e+00 6.600000000000000000e+01 8.516823475988561768e+03 1.934707028600287231e+03 1.210225000000000000e+04 0.000000000000000000e+00 5.320688984028336677e-01 6.099999999999999867e-02
1.021544910000000000e+08 0.000000000000000000e+00 6.600000000000000000e+01 8.516783475988564533e+03 1.934699028600287420e+03 1.210231999999999971e+04 0.000000000000000000e+00 6.100239142495413880e-01 9.199999999999999845e-02
1.021545760000000000e+08 0.000000000000000000e+00 6.600000000000000000e+01 8.512453475988562786e+03 1.930170028600287878e+03 1.211042000000000007e+04 0.000000000000000000e+00 8.531554544265899098e-01 4.169999999999999818e-01
1.021545760000000000e+08 0.000000000000000000e+00 6.600000000000000000e+01 8.512453475988562786e+03 1.930170028600287878e+03 1.211042000000000007e+04 0.000000000000000000e+00 8.531554544265899098e-01 7.148340000000000138e+00
1.021528200000000000e+08 1.000000000000000000e+00 6.500000000000000000e+01 8.502923475988563951e+03 1.965274028600287238e+03 1.210788999999999942e+04 0.000000000000000000e+00 5.222559357736154872e+00 9.199999999999999845e-02
1.021528210000000000e+08 1.000000000000000000e+00 6.500000000000000000e+01 8.499103475988564242e+03 1.967760028600288024e+03 1.210218000000000029e+04 0.000000000000000000e+00 6.697104679001760985e+00 6.099999999999999867e-02
1.021528190000000000e+08 1.000000000000000000e+00 6.500000000000000000e+01 8.497873475988562859e+03 1.964381028600287209e+03 1.211575000000000000e+04 0.000000000000000000e+00 6.231086120251509541e+00 9.199999999999999845e-02
1.021528190000000000e+08 1.000000000000000000e+00 6.500000000000000000e+01 8.498663475988561913e+03 1.964995028600287696e+03 1.211420000000000073e+04 0.000000000000000000e+00 5.007343629218563130e+00 4.169999999999999818e-01
1.021544980000000000e+08 1.000000000000000000e+00 6.600000000000000000e+01 8.501243475988563659e+03 1.957224028600287966e+03 1.211890999999999985e+04 0.000000000000000000e+00 9.774868114542064390e+00 4.169999999999999818e-01
1.021544980000000000e+08 1.000000000000000000e+00 6.600000000000000000e+01 8.500573475988561768e+03 1.950041028600287973e+03 1.211327999999999884e+04 0.000000000000000000e+00 3.450699198751094876e+00 2.400000000000000050e-02
1.021544930000000000e+08 1.000000000000000000e+00 6.500000000000000000e+01 8.504253475988562059e+03 1.948809028600288002e+03 1.211492000000000007e+04 0.000000000000000000e+00 4.331361019275197677e+00 9.199999999999999845e-02
1.021544930000000000e+08 1.000000000000000000e+00 6.500000000000000000e+01 8.505413475988561913e+03 1.956245028600287696e+03 1.211092000000000007e+04 0.000000000000000000e+00 7.899425518114142619e+00 2.400000000000000050e-02
1.021544930000000000e+08 1.000000000000000000e+00 6.500000000000000000e+01 8.506133475988563077e+03 1.957003028600287507e+03 1.211006999999999971e+04 0.000000000000000000e+00 8.739023578054748498e+00 9.199999999999999845e-02
1.021544980000000000e+08 1.000000000000000000e+00 6.600000000000000000e+01 8.493853475988564242e+03 1.948351028600287464e+03 1.211343000000000029e+04 0.000000000000000000e+00 1.066897123180101659e+00 9.199999999999999845e-02
1.021544980000000000e+08 0.000000000000000000e+00 6.600000000000000000e+01 8.492963475988563005e+03 1.948157028600287958e+03 1.211186999999999898e+04 0.000000000000000000e+00 4.976653525227663355e-01 2.400000000000000050e-02
1.021544990000000000e+08 0.000000000000000000e+00 6.600000000000000000e+01 8.491523475988562495e+03 1.947133028600287616e+03 1.210867000000000007e+04 0.000000000000000000e+00 9.182603476860728975e-01 2.400000000000000050e-02
1.021539400000000000e+08 1.000000000000000000e+00 6.600000000000000000e+01 8.470713475988563005e+03 1.943041028600287973e+03 1.211431999999999971e+04 0.000000000000000000e+00 1.568136929622129250e+00 2.400000000000000050e-02
1.021538680000000000e+08 1.000000000000000000e+00 6.600000000000000000e+01 8.460483475988563441e+03 1.949029028600287347e+03 1.209759000000000015e+04 0.000000000000000000e+00 4.030502139330543798e+00 4.169999999999999818e-01
1.021538680000000000e+08 1.000000000000000000e+00 6.600000000000000000e+01 8.460413475988561913e+03 1.949558028600287798e+03 1.209725000000000000e+04 0.000000000000000000e+00 4.470613125272795862e+00 9.199999999999999845e-02
1.021538670000000000e+08 1.000000000000000000e+00 6.600000000000000000e+01 8.458773475988562495e+03 1.948049028600287784e+03 1.210347999999999956e+04 0.000000000000000000e+00 2.897767245840732198e+00 9.199999999999999845e-02
1.021538660000000000e+08 0.000000000000000000e+00 6.600000000000000000e+01 8.461523475988562495e+03 1.942939028600287202e+03 1.211290999999999985e+04 0.000000000000000000e+00 2.207848105859837151e+00 6.099999999999999867e-02
1.021538680000000000e+08 1.000000000000000000e+00 6.500000000000000000e+01 8.458373475988562859e+03 1.940487028600287886e+03 1.211259000000000015e+04 0.000000000000000000e+00 3.798895617834069593e+00 9.199999999999999845e-02
1.021538680000000000e+08 1.000000000000000000e+00 6.500000000000000000e+01 8.458373475988562859e+03 1.940487028600287886e+03 1.211259000000000015e+04 0.000000000000000000e+00 3.798895617834069593e+00 7.319020000000000081e+00
1.021528210000000000e+08 1.000000000000000000e+00 6.600000000000000000e+01 8.494473475988563223e+03 1.984415028600287769e+03 1.211200000000000000e+04 0.000000000000000000e+00 2.332591997577338816e+00 2.598990000000000133e+00
1.021545230000000000e+08 1.000000000000000000e+00 6.500000000000000000e+01 8.483813475988563368e+03 2.005575028600287624e+03 1.211988999999999942e+04 0.000000000000000000e+00 4.543357249052843549e+00 2.400000000000000050e-02
1.021545200000000000e+08 1.000000000000000000e+00 6.600000000000000000e+01 8.485663475988561913e+03 2.003878028600287507e+03 1.212004999999999927e+04 0.000000000000000000e+00 5.051866451329713570e+00 9.199999999999999845e-02
1.021545190000000000e+08 1.000000000000000000e+00 6.600000000000000000e+01 8.487933475988562350e+03 1.998157028600287958e+03 1.211692000000000007e+04 0.000000000000000000e+00 4.862470497081136322e+00 6.099999999999999867e-02
1.021545250000000000e+08 1.000000000000000000e+00 6.500000000000000000e+01 8.500203475988562786e+03 2.011770028600287333e+03 1.211068000000000029e+04 0.000000000000000000e+00 4.345810218229131827e+00 9.199999999999999845e-02
1.021545290000000000e+08 1.000000000000000000e+00 6.600000000000000000e+01 8.499043475988562932e+03 2.017570028600287515e+03 1.211430999999999949e+04 0.000000000000000000e+00 3.546009557501025977e+00 2.400000000000000050e-02
1.021545300000000000e+08 1.000000000000000000e+00 6.600000000000000000e+01 8.504673475988563951e+03 2.021184028600288002e+03 1.211567000000000007e+04 0.000000000000000000e+00 1.517115402501178378e+00 2.400000000000000050e-02
1.021545310000000000e+08 0.000000000000000000e+00 6.600000000000000000e+01 8.505283475988564533e+03 2.021656028600287755e+03 1.211972000000000116e+04 0.000000000000000000e+00 1.961456255606750743e+00 4.169999999999999818e-01
1.021534910000000000e+08 1.000000000000000000e+00 6.600000000000000000e+01 8.510513475988564096e+03 2.018260028600288024e+03 1.212388999999999942e+04 0.000000000000000000e+00 5.496389670948362838e-01 6.099999999999999867e-02
1.021545390000000000e+08 1.000000000000000000e+00 6.600000000000000000e+01 8.517643475988563296e+03 2.008207028600287231e+03 1.212457999999999993e+04 0.000000000000000000e+00 3.990546233609096660e+00 9.199999999999999845e-02
1.021545420000000000e+08 1.000000000000000000e+00 6.500000000000000000e+01 8.523583475988563805e+03 2.007021028600287536e+03 1.212797000000000116e+04 0.000000000000000000e+00 2.458662779486978867e+00 2.400000000000000050e-02
1.021545430000000000e+08 0.000000000000000000e+00 6.500000000000000000e+01 8.524993475988563659e+03 2.006422028600287376e+03 1.212765000000000146e+04 0.000000000000000000e+00 1.599009548384044299e+00 4.169999999999999818e-01
1.021545430000000000e+08 1.000000000000000000e+00 6.500000000000000000e+01 8.526323475988561768e+03 1.999994028600287493e+03 1.212913000000000102e+04 0.000000000000000000e+00 3.970772599196573882e+00 6.099999999999999867e-02
1.021545470000000000e+08 0.000000000000000000e+00 6.600000000000000000e+01 8.530693475988564387e+03 1.997613028600287180e+03 1.213114999999999964e+04 0.000000000000000000e+00 9.780200052556856649e-01 4.169999999999999818e-01
1.021545460000000000e+08 1.000000000000000000e+00 6.600000000000000000e+01 8.533133475988563077e+03 2.001579028600287529e+03 1.213572999999999956e+04 0.000000000000000000e+00 2.450794328175156966e+00 6.099999999999999867e-02
1.021545480000000000e+08 1.000000000000000000e+00 6.600000000000000000e+01 8.530053475988563150e+03 1.992473028600287762e+03 1.213443999999999869e+04 0.000000000000000000e+00 2.414809352715380886e+00 9.199999999999999845e-02
1.021545500000000000e+08 1.000000000000000000e+00 6.500000000000000000e+01 8.530983475988563441e+03 1.992197028600287922e+03 1.213507999999999993e+04 0.000000000000000000e+00 3.459239350671182045e+00 2.400000000000000050e-02
1.021545500000000000e+08 1.000000000000000000e+00 6.500000000000000000e+01 8.535493475988563659e+03 1.992533028600287253e+03 1.213825999999999840e+04 0.000000000000000000e+00 2.910693786962695651e+00 9.199999999999999845e-02
1.021545390000000000e+08 1.000000000000000000e+00 6.500000000000000000e+01 8.532123475988562859e+03 2.028282028600287958e+03 1.212979000000000087e+04 0.000000000000000000e+00 6.201183380024060554e+00 4.169999999999999818e-01
1.021545380000000000e+08 1.000000000000000000e+00 6.500000000000000000e+01 8.530103475988564242e+03 2.033344528600287958e+03 1.212311000000000058e+04 0.000000000000000000e+00 6.648834543503663319e+00 2.400000000000000050e-02
1.021545380000000000e+08 1.000000000000000000e+00 6.500000000000000000e+01 8.531603475988564242e+03 2.031739328600287990e+03 1.212302999999999884e+04 0.000000000000000000e+00 5.470404174199983593e+00 6.099999999999999867e-02
1.021533960000000000e+08 1.000000000000000000e+00 6.500000000000000000e+01 8.526473475988563223e+03 2.042524428600288047e+03 1.210422000000000116e+04 0.000000000000000000e+00 1.691708444862222827e+00 9.199999999999999845e-02
1.021533960000000000e+08 1.000000000000000000e+00 6.500000000000000000e+01 8.526083475988563805e+03 2.042168928600287472e+03 1.210370000000000073e+04 0.000000000000000000e+00 1.022608017435600480e+00 6.099999999999999867e-02
1.021534800000000000e+08 0.000000000000000000e+00 6.500000000000000000e+01 8.509333475988563805e+03 2.045046528600287274e+03 1.209659999999999854e+04 0.000000000000000000e+00 2.917036511039003077e+00 4.169999999999999818e-01
1.021534800000000000e+08 0.000000000000000000e+00 6.500000000000000000e+01 8.509333475988563805e+03 2.045046528600287274e+03 1.209659999999999854e+04 0.000000000000000000e+00 2.917036511039003077e+00 7.194480000000000430e+00
1.021517910000000000e+08 1.000000000000000000e+00 6.500000000000000000e+01 8.413543475988562932e+03 2.089445428600287414e+03 1.214438999999999942e+04 0.000000000000000000e+00 1.613464895753017103e+00 9.199999999999999845e-02
1.021517910000000000e+08 1.000000000000000000e+00 6.500000000000000000e+01 8.406863475988562641e+03 2.090782328600287656e+03 1.214359999999999854e+04 0.000000000000000000e+00 5.374365621871433518e+00 9.199999999999999845e-02
1.021517910000000000e+08 1.000000000000000000e+00 6.500000000000000000e+01 8.405313475988563368e+03 2.092386628600287622e+03 1.214154000000000087e+04 0.000000000000000000e+00 7.580901169676669049e+00 9.199999999999999845e-02
1.021517910000000000e+08 1.000000000000000000e+00 6.500000000000000000e+01 8.405063475988563368e+03 2.092760328600287721e+03 1.213732999999999993e+04 0.000000000000000000e+00 9.288596710804922552e+00 6.099999999999999867e-02
1.021517910000000000e+08 1.000000000000000000e+00 6.500000000000000000e+01 8.405993475988563659e+03 2.094232628600288081e+03 1.213813000000000102e+04 0.000000000000000000e+00 8.714403403624489286e+00 2.400000000000000050e-02
1.021517900000000000e+08 1.000000000000000000e+00 6.500000000000000000e+01 8.411953475988562786e+03 2.087686228600287905e+03 1.214900000000000000e+04 0.000000000000000000e+00 3.039247315622907397e+00 4.169999999999999818e-01
1.021517900000000000e+08 1.000000000000000000e+00 6.500000000000000000e+01 8.409283475988562714e+03 2.081037228600287563e+03 1.215072999999999956e+04 0.000000000000000000e+00 7.921318365399331540e+00 5.000000000000000000e-01
1.021517950000000000e+08 1.000000000000000000e+00 6.600000000000000000e+01 8.415943475988562568e+03 2.082237228600287381e+03 1.213970000000000073e+04 0.000000000000000000e+00 2.566541210781022375e+00 9.199999999999999845e-02
1.070987120000000000e+08 1.000000000000000000e+00 6.500000000000000000e+01 7.767983475988563441e+03 2.129698928600287218e+03 1.244775000000000000e+04 0.000000000000000000e+00 8.586447332760673845e+00 9.199999999999999845e-02
1.072060050000000000e+08 1.000000000000000000e+00 6.500000000000000000e+01 7.584013475988564096e+03 2.153554528600287995e+03 1.250953000000000065e+04 0.000000000000000000e+00 2.666033806954705820e+00 3.082679999999999865e+00
1.072051860000000000e+08 1.000000000000000000e+00 6.500000000000000000e+01 7.528253475988562059e+03 2.166549428600287683e+03 1.252681000000000131e+04 0.000000000000000000e+00 3.021561729601899948e+00 9.199999999999999845e-02
1.072051860000000000e+08 1.000000000000000000e+00 6.500000000000000000e+01 7.521803475988563150e+03 2.169738828600287889e+03 1.252613999999999942e+04 0.000000000000000000e+00 5.842981351060418049e+00 1.078999999999999915e+01
1.072051820000000000e+08 1.000000000000000000e+00 6.600000000000000000e+01 7.516473475988563223e+03 2.163375228600287301e+03 1.251538000000000102e+04 0.000000000000000000e+00 4.920110098432312284e+00 1.339000000000000057e+01
1.072051820000000000e+08 1.000000000000000000e+00 6.600000000000000000e+01 7.516473475988563223e+03 2.163375228600287301e+03 1.251538000000000102e+04 0.000000000000000000e+00 4.920110098432312284e+00 6.836990000000000123e+00
1.072051820000000000e+08 1.000000000000000000e+00 6.600000000000000000e+01 7.516473475988563223e+03 2.163375228600287301e+03 1.251538000000000102e+04 0.000000000000000000e+00 4.920110098432312284e+00 3.212730000000000086e+00
1.072051860000000000e+08 1.000000000000000000e+00 6.500000000000000000e+01 7.521803475988563150e+03 2.169738828600287889e+03 1.252613999999999942e+04 0.000000000000000000e+00 5.842981351060418049e+00 4.632900000000000240e+00
1.076893150000000000e+08 1.000000000000000000e+00 6.600000000000000000e+01 5.662953475988562786e+03 2.109396928600287538e+03 1.283597000000000116e+04 0.000000000000000000e+00 4.628066954126873078e+00 2.400000000000000050e-02
1.076893160000000000e+08 1.000000000000000000e+00 6.600000000000000000e+01 5.667363475988562641e+03 2.109461928600288047e+03 1.283277999999999884e+04 0.000000000000000000e+00 2.987785474000673958e+00 9.199999999999999845e-02
1.076893120000000000e+08 1.000000000000000000e+00 6.500000000000000000e+01 5.667733475988563441e+03 2.114312028600287704e+03 1.282650000000000000e+04 0.000000000000000000e+00 6.276485982477769454e+00 2.400000000000000050e-02
1.076893140000000000e+08 1.000000000000000000e+00 6.500000000000000000e+01 5.657483475988563441e+03 2.112781328600287452e+03 1.281321999999999935e+04 0.000000000000000000e+00 5.207336051320067050e+00 4.169999999999999818e-01
1.076893120000000000e+08 1.000000000000000000e+00 6.500000000000000000e+01 5.660123475988562859e+03 2.124005048600287409e+03 1.281675000000000000e+04 0.000000000000000000e+00 6.625053151697552600e+00 4.169999999999999818e-01
1.076893140000000000e+08 1.000000000000000000e+00 6.500000000000000000e+01 5.653843475988562204e+03 2.109734128600287477e+03 1.281531000000000131e+04 0.000000000000000000e+00 4.282471302067468955e+00 9.199999999999999845e-02
1.076893140000000000e+08 1.000000000000000000e+00 6.500000000000000000e+01 5.653453475988562786e+03 2.109693128600287309e+03 1.281565999999999985e+04 0.000000000000000000e+00 4.238289753749180377e+00 9.199999999999999845e-02
1.076893150000000000e+08 1.000000000000000000e+00 6.500000000000000000e+01 5.645863475988562641e+03 2.107965528600288053e+03 1.281151000000000022e+04 0.000000000000000000e+00 5.747030284953245527e+00 9.199999999999999845e-02
1.076893140000000000e+08 1.000000000000000000e+00 6.500000000000000000e+01 5.654073475988563587e+03 2.114022128600287942e+03 1.281679000000000087e+04 0.000000000000000000e+00 1.218959016472268120e+00 4.169999999999999818e-01
1.076893130000000000e+08 1.000000000000000000e+00 6.500000000000000000e+01 5.661733475988563441e+03 2.115974628600287360e+03 1.282117000000000007e+04 0.000000000000000000e+00 8.688950912777031466e-01 9.199999999999999845e-02
1.076893130000000000e+08 1.000000000000000000e+00 6.500000000000000000e+01 5.663513475988564096e+03 2.116801928600287283e+03 1.282129999999999927e+04 0.000000000000000000e+00 1.301222414104902914e+00 9.199999999999999845e-02
1.076893130000000000e+08 1.000000000000000000e+00 6.500000000000000000e+01 5.665603475988562423e+03 2.118153128600287346e+03 1.282031999999999971e+04 0.000000000000000000e+00 3.935297179702256454e+00 4.169999999999999818e-01
1.076893130000000000e+08 1.000000000000000000e+00 6.500000000000000000e+01 5.663063475988563368e+03 2.119423428600287480e+03 1.281797999999999956e+04 0.000000000000000000e+00 4.761184231110176412e+00 4.169999999999999818e-01
1.076893090000000000e+08 1.000000000000000000e+00 6.600000000000000000e+01 5.653093475988562204e+03 2.128729368600287671e+03 1.281627000000000044e+04 0.000000000000000000e+00 4.150360194351669918e+00 9.199999999999999845e-02
1.076893090000000000e+08 1.000000000000000000e+00 6.600000000000000000e+01 5.658213475988563005e+03 2.128154778600287500e+03 1.282175000000000000e+04 0.000000000000000000e+00 4.194655913105682643e+00 2.400000000000000050e-02
1.076893090000000000e+08 1.000000000000000000e+00 6.600000000000000000e+01 5.655923475988563951e+03 2.130411089600287596e+03 1.282343000000000029e+04 0.000000000000000000e+00 2.403310916640081452e+00 2.400000000000000050e-02
1.076893110000000000e+08 1.000000000000000000e+00 6.500000000000000000e+01 5.661433475988562350e+03 2.126807348600287696e+03 1.282870000000000073e+04 0.000000000000000000e+00 6.750139606550339400e-01 9.199999999999999845e-02
1.076893110000000000e+08 1.000000000000000000e+00 6.500000000000000000e+01 5.660253475988562059e+03 2.127422098600287427e+03 1.283041999999999825e+04 0.000000000000000000e+00 1.952021005762599071e+00 6.099999999999999867e-02
1.076893100000000000e+08 1.000000000000000000e+00 6.500000000000000000e+01 5.656253475988562059e+03 2.128094478600287403e+03 1.283750999999999840e+04 0.000000000000000000e+00 1.826234451204381992e+00 9.199999999999999845e-02
1.076893090000000000e+08 1.000000000000000000e+00 6.500000000000000000e+01 5.646653475988563514e+03 2.125211448600287440e+03 1.284177000000000044e+04 0.000000000000000000e+00 8.124197492035639456e+00 4.169999999999999818e-01
1.076893090000000000e+08 1.000000000000000000e+00 6.500000000000000000e+01 5.642903475988563514e+03 2.130657229600287792e+03 1.284297999999999956e+04 0.000000000000000000e+00 8.659331188709925797e+00 9.199999999999999845e-02
1.076911880000000000e+08 1.000000000000000000e+00 6.500000000000000000e+01 5.585683475988562350e+03 2.082029228600287752e+03 1.282635000000000036e+04 0.000000000000000000e+00 3.799032880435645687e+00 4.169999999999999818e-01
1.076902840000000000e+08 1.000000000000000000e+00 6.500000000000000000e+01 5.580473475988563223e+03 2.111123228600287803e+03 1.283356000000000131e+04 0.000000000000000000e+00 3.083888703345712745e+00 9.199999999999999845e-02
1.076902840000000000e+08 1.000000000000000000e+00 6.500000000000000000e+01 5.580643475988563296e+03 2.111516328600288034e+03 1.283404000000000087e+04 0.000000000000000000e+00 3.502181981941566935e+00 4.169999999999999818e-01
1.076902820000000000e+08 1.000000000000000000e+00 6.600000000000000000e+01 5.581813475988563368e+03 2.109324628600287724e+03 1.284139999999999964e+04 0.000000000000000000e+00 1.722328228781939030e+00 9.199999999999999845e-02
1.076892410000000000e+08 1.000000000000000000e+00 6.600000000000000000e+01 5.607403475988563514e+03 2.094237828600287685e+03 1.281927999999999884e+04 0.000000000000000000e+00 6.507869339408405729e+00 9.199999999999999845e-02
1.076892410000000000e+08 1.000000000000000000e+00 6.600000000000000000e+01 5.609863475988562641e+03 2.092703428600287225e+03 1.282165000000000146e+04 0.000000000000000000e+00 2.929069434813928563e+00 9.199999999999999845e-02
1.076892410000000000e+08 1.000000000000000000e+00 6.600000000000000000e+01 5.610413475988563732e+03 2.091914928600287567e+03 1.282138999999999942e+04 0.000000000000000000e+00 2.806576510851276574e+00 4.169999999999999818e-01
1.076892420000000000e+08 0.000000000000000000e+00 6.500000000000000000e+01 5.614563475988563368e+03 2.086006228600287614e+03 1.282511000000000058e+04 0.000000000000000000e+00 1.598306005268381735e+00 8.349999999999999645e-01
1.076892390000000000e+08 0.000000000000000000e+00 6.600000000000000000e+01 5.619043475988562932e+03 2.091321428600287618e+03 1.283075000000000000e+04 0.000000000000000000e+00 1.729099354541518752e+00 9.199999999999999845e-02
1.076892350000000000e+08 1.000000000000000000e+00 6.500000000000000000e+01 5.618283475988562714e+03 2.106340528600288053e+03 1.282988999999999942e+04 0.000000000000000000e+00 1.521186608423375164e+00 6.099999999999999867e-02
1.076892340000000000e+08 1.000000000000000000e+00 6.500000000000000000e+01 5.624083475988563805e+03 2.112150828600287241e+03 1.282661000000000058e+04 0.000000000000000000e+00 6.022919792097393810e+00 6.099999999999999867e-02
1.076892340000000000e+08 1.000000000000000000e+00 6.500000000000000000e+01 5.624843475988562204e+03 2.111838828600287343e+03 1.282570999999999913e+04 0.000000000000000000e+00 6.401449373235037044e+00 9.199999999999999845e-02
1.076892310000000000e+08 1.000000000000000000e+00 6.600000000000000000e+01 5.623213475988563005e+03 2.115436528600287602e+03 1.282852999999999884e+04 0.000000000000000000e+00 6.464037388564364051e+00 4.169999999999999818e-01
1.076892310000000000e+08 1.000000000000000000e+00 6.600000000000000000e+01 5.612973475988563223e+03 2.120745848600287900e+03 1.283454999999999927e+04 0.000000000000000000e+00 2.192449296519751734e+00 9.199999999999999845e-02
1.076892310000000000e+08 1.000000000000000000e+00 6.600000000000000000e+01 5.612973475988563223e+03 2.120745848600287900e+03 1.283454999999999927e+04 0.000000000000000000e+00 2.192449296519751734e+00 7.399810000000000443e+00
1.076911010000000000e+08 1.000000000000000000e+00 6.500000000000000000e+01 5.529973475988563223e+03 2.068366928600287793e+03 1.283047999999999956e+04 0.000000000000000000e+00 2.369174498296760412e+00 1.339000000000000057e+01
1.076911000000000000e+08 0.000000000000000000e+00 6.500000000000000000e+01 5.527593475988562204e+03 2.079713528600287646e+03 1.282445999999999913e+04 0.000000000000000000e+00 1.178595898557272426e+00 1.078999999999999915e+01
1.076910990000000000e+08 0.000000000000000000e+00 6.500000000000000000e+01 5.525783475988562714e+03 2.087446928600287720e+03 1.282018000000000029e+04 0.000000000000000000e+00 5.077898018100833966e+00 1.605000000000000071e+01
1.076910980000000000e+08 1.000000000000000000e+00 6.500000000000000000e+01 5.526323475988563587e+03 2.092140728600287730e+03 1.281727999999999884e+04 0.000000000000000000e+00 5.585760244753100956e+00 1.078999999999999915e+01
1.076909990000000000e+08 1.000000000000000000e+00 6.500000000000000000e+01 5.538153475988563514e+03 2.111153128600287346e+03 1.280482999999999993e+04 0.000000000000000000e+00 8.292546424286857842e+00 1.078999999999999915e+01
1.076909940000000000e+08 1.000000000000000000e+00 6.600000000000000000e+01 5.542933475988562350e+03 2.139301898600288041e+03 1.281005999999999949e+04 0.000000000000000000e+00 8.576394002083736368e+00 1.000000000000000000e+01
1.076909940000000000e+08 1.000000000000000000e+00 6.600000000000000000e+01 5.542933475988562350e+03 2.139301898600288041e+03 1.281005999999999949e+04 0.000000000000000000e+00 8.576394002083736368e+00 6.477579999999999671e+00
1.076909260000000000e+08 1.000000000000000000e+00 6.500000000000000000e+01 5.531753475988562059e+03 2.101322828600287721e+03 1.276134999999999854e+04 0.000000000000000000e+00 2.727841729080476174e+00 9.199999999999999845e-02
1.076909240000000000e+08 1.000000000000000000e+00 6.600000000000000000e+01 5.529533475988562714e+03 2.104218828600287452e+03 1.276712000000000080e+04 0.000000000000000000e+00 1.682406354097329526e+00 9.199999999999999845e-02
1.076909230000000000e+08 1.000000000000000000e+00 6.600000000000000000e+01 5.520643475988563296e+03 2.102173828600287379e+03 1.277118000000000029e+04 0.000000000000000000e+00 9.547539317829896177e+00 2.400000000000000050e-02
1.076909190000000000e+08 1.000000000000000000e+00 6.500000000000000000e+01 5.518763475988562277e+03 2.111763228600287221e+03 1.277473999999999978e+04 0.000000000000000000e+00 8.462626568079601341e+00 9.199999999999999845e-02
1.076909190000000000e+08 1.000000000000000000e+00 6.500000000000000000e+01 5.519233475988563441e+03 2.113342228600287854e+03 1.277738000000000102e+04 0.000000000000000000e+00 9.987014477797139023e+00 2.039999999999999869e-01
1.076909230000000000e+08 1.000000000000000000e+00 6.600000000000000000e+01 5.519353475988562423e+03 2.101513428600287625e+03 1.275973999999999978e+04 0.000000000000000000e+00 6.873658413669032186e+00 2.400000000000000050e-02
1.076909230000000000e+08 1.000000000000000000e+00 6.600000000000000000e+01 5.523363475988562641e+03 2.108004128600287913e+03 1.276581000000000131e+04 0.000000000000000000e+00 3.760515724524044145e+00 9.199999999999999845e-02
1.076909200000000000e+08 1.000000000000000000e+00 6.500000000000000000e+01 5.529183475988562350e+03 2.109094528600287958e+03 1.277932999999999993e+04 0.000000000000000000e+00 5.436127472367279445e+00 9.199999999999999845e-02
1.076909250000000000e+08 1.000000000000000000e+00 6.600000000000000000e+01 5.537853475988562423e+03 2.098493028600287289e+03 1.278026000000000022e+04 0.000000000000000000e+00 4.376190276215664809e+00 6.099999999999999867e-02
1.076909250000000000e+08 1.000000000000000000e+00 6.600000000000000000e+01 5.534533475988562714e+03 2.097817428600287712e+03 1.278180999999999949e+04 0.000000000000000000e+00 8.006383725807236118e+00 9.199999999999999845e-02
1.076909990000000000e+08 1.000000000000000000e+00 6.500000000000000000e+01 5.538153475988563514e+03 2.111153128600287346e+03 1.280482999999999993e+04 0.000000000000000000e+00 8.292546424286857842e+00 5.865709999999999980e+00
1.076910970000000000e+08 1.000000000000000000e+00 6.500000000000000000e+01 5.525133475988563077e+03 2.091312428600287603e+03 1.282427000000000044e+04 0.000000000000000000e+00 2.063266052035850784e+00 4.169999999999999818e-01
1.076910950000000000e+08 1.000000000000000000e+00 6.500000000000000000e+01 5.529403475988563514e+03 2.094616828600287590e+03 1.284020000000000073e+04 0.000000000000000000e+00 3.402013562033226357e+00 2.039999999999999869e-01
1.076910950000000000e+08 0.000000000000000000e+00 6.500000000000000000e+01 5.527303475988563150e+03 2.088869328600287190e+03 1.284018000000000029e+04 0.000000000000000000e+00 1.021659413050951759e+00 2.400000000000000050e-02
1.076910980000000000e+08 0.000000000000000000e+00 6.500000000000000000e+01 5.528883475988563077e+03 2.087889728600287526e+03 1.282739999999999964e+04 0.000000000000000000e+00 3.444930224164377552e+00 1.000000000000000021e-02
1.076901860000000000e+08 1.000000000000000000e+00 6.600000000000000000e+01 5.528033475988562714e+03 2.086236528600287784e+03 1.282622999999999956e+04 0.000000000000000000e+00 2.806900431850753552e+00 2.400000000000000050e-02
1.076901880000000000e+08 1.000000000000000000e+00 6.500000000000000000e+01 5.535023475988562495e+03 2.095667028600287267e+03 1.282945000000000073e+04 0.000000000000000000e+00 3.210048740331649331e+00 9.199999999999999845e-02
1.076901880000000000e+08 1.000000000000000000e+00 6.500000000000000000e+01 5.535393475988563296e+03 2.096950328600287321e+03 1.283027000000000044e+04 0.000000000000000000e+00 3.991699698417263686e+00 9.199999999999999845e-02
1.076901950000000000e+08 1.000000000000000000e+00 6.600000000000000000e+01 5.547523475988562495e+03 2.099989128600287586e+03 1.281665999999999985e+04 0.000000000000000000e+00 6.266524526237604586e-01 4.169999999999999818e-01
1.076901950000000000e+08 1.000000000000000000e+00 6.600000000000000000e+01 5.545453475988562786e+03 2.099154028600287347e+03 1.281438999999999942e+04 0.000000000000000000e+00 1.915334781024253363e+00 6.099999999999999867e-02
1.076901940000000000e+08 1.000000000000000000e+00 6.600000000000000000e+01 5.541303475988563150e+03 2.099729528600287267e+03 1.281393000000000029e+04 0.000000000000000000e+00 4.648135483915929456e+00 9.199999999999999845e-02
1.076901900000000000e+08 1.000000000000000000e+00 6.500000000000000000e+01 5.535313475988563368e+03 2.093619428600287392e+03 1.281247999999999956e+04 0.000000000000000000e+00 4.442087351682075358e+00 9.199999999999999845e-02
1.076910970000000000e+08 1.000000000000000000e+00 6.500000000000000000e+01 5.520673475988563951e+03 2.097141428600287327e+03 1.282256999999999971e+04 0.000000000000000000e+00 4.941721852316084629e+00 6.099999999999999867e-02
1.076910980000000000e+08 1.000000000000000000e+00 6.500000000000000000e+01 5.521023475988562495e+03 2.097240128600287790e+03 1.282242000000000007e+04 0.000000000000000000e+00 5.020584791292320936e+00 6.099999999999999867e-02
1.076901890000000000e+08 1.000000000000000000e+00 6.500000000000000000e+01 5.526253475988562059e+03 2.099759828600287619e+03 1.281982999999999993e+04 0.000000000000000000e+00 5.109947120046865798e+00 4.600000000000000200e-01
1.076910970000000000e+08 1.000000000000000000e+00 6.500000000000000000e+01 5.522673475988563951e+03 2.100097828600287357e+03 1.282350000000000000e+04 0.000000000000000000e+00 7.147754053385575901e+00 4.169999999999999818e-01
1.076910930000000000e+08 1.000000000000000000e+00 6.600000000000000000e+01 5.514753475988562059e+03 2.105442728600287410e+03 1.282784000000000015e+04 0.000000000000000000e+00 6.479174585004756182e+00 6.099999999999999867e-02
1.076910940000000000e+08 1.000000000000000000e+00 6.600000000000000000e+01 5.514003475988562059e+03 2.104824628600287724e+03 1.282559999999999854e+04 0.000000000000000000e+00 7.594545027244990365e+00 2.400000000000000050e-02
1.076910940000000000e+08 1.000000000000000000e+00 6.600000000000000000e+01 5.514833475988563805e+03 2.105142028600287631e+03 1.282421999999999935e+04 0.000000000000000000e+00 9.080680352667911848e+00 2.400000000000000050e-02
1.076901890000000000e+08 1.000000000000000000e+00 6.500000000000000000e+01 5.530363475988562641e+03 2.093220528600287253e+03 1.282101000000000022e+04 0.000000000000000000e+00 1.803304792189224681e+00 9.199999999999999845e-02
1.076901900000000000e+08 1.000000000000000000e+00 6.500000000000000000e+01 5.537023475988562495e+03 2.092511528600287420e+03 1.282038999999999942e+04 0.000000000000000000e+00 2.717743952092585236e+00 9.199999999999999845e-02
1.076901910000000000e+08 1.000000000000000000e+00 6.500000000000000000e+01 5.543353475988562423e+03 2.087101628600287768e+03 1.281751000000000022e+04 0.000000000000000000e+00 5.768490939800334782e-01 9.199999999999999845e-02
1.076901910000000000e+08 1.000000000000000000e+00 6.500000000000000000e+01 5.545423475988563951e+03 2.085288328600287969e+03 1.281640999999999985e+04 0.000000000000000000e+00 2.789013479464044654e+00 9.199999999999999845e-02
1.076901920000000000e+08 1.000000000000000000e+00 6.500000000000000000e+01 5.551013475988564096e+03 2.081904428600287247e+03 1.282076000000000022e+04 0.000000000000000000e+00 2.132200411935219364e+00 2.400000000000000050e-02
1.076901920000000000e+08 1.000000000000000000e+00 6.500000000000000000e+01 5.552343475988562204e+03 2.079687128600287906e+03 1.282208000000000175e+04 0.000000000000000000e+00 3.645978978813142479e+00 4.169999999999999818e-01
1.076901920000000000e+08 1.000000000000000000e+00 6.500000000000000000e+01 5.552343475988562204e+03 2.079687128600287906e+03 1.282208000000000175e+04 0.000000000000000000e+00 3.645978978813142479e+00 7.263889999999999958e+00
1.076911000000000000e+08 0.000000000000000000e+00 6.500000000000000000e+01 5.527593475988562204e+03 2.079713528600287646e+03 1.282445999999999913e+04 0.000000000000000000e+00 1.178595898557272426e+00 5.727809999999999846e+00
1.076911010000000000e+08 1.000000000000000000e+00 6.500000000000000000e+01 5.529973475988563223e+03 2.068366928600287793e+03 1.283047999999999956e+04 0.000000000000000000e+00 2.369174498296760412e+00 1.592810000000000059e+00
