8.532019500000000000e+07 1.000000000000000000e+00 6.600000000000000000e+01 1.065138512126992100e+04 1.009601686609202261e+03 1.009488999999999942e+04 0.000000000000000000e+00 5.455616002769659190e+00 1.605000000000000071e+01
8.531855700000000000e+07 1.000000000000000000e+00 6.500000000000000000e+01 1.066543802126992159e+04 1.015120216609202544e+03 1.009079999999999927e+04 0.000000000000000000e+00 9.720465423342185218e+00 2.400000000000000050e-02
8.532027200000000000e+07 1.000000000000000000e+00 6.500000000000000000e+01 1.067081152126992129e+04 1.011744246609202492e+03 1.011084000000000015e+04 0.000000000000000000e+00 9.435776799614250976e+00 9.199999999999999845e-02
8.532027200000000000e+07 1.000000000000000000e+00 6.500000000000000000e+01 1.067102672126992184e+04 1.014911426609202863e+03 1.011160000000000036e+04 0.000000000000000000e+00 7.758301572804450430e+00 9.199999999999999845e-02
8.532027300000000000e+07 1.000000000000000000e+00 6.500000000000000000e+01 1.066169882126992161e+04 1.017282036609202805e+03 1.011275000000000000e+04 0.000000000000000000e+00 1.312167812646525045e+00 9.199999999999999845e-02
8.532027200000000000e+07 1.000000000000000000e+00 6.500000000000000000e+01 1.066859202126992022e+04 1.017214536609202696e+03 1.011827000000000044e+04 0.000000000000000000e+00 1.531284979602394847e+00 4.169999999999999818e-01
8.532027200000000000e+07 1.000000000000000000e+00 6.500000000000000000e+01 1.066891282126992155e+04 1.015962076609202086e+03 1.011829000000000087e+04 0.000000000000000000e+00 1.721039411523631157e+00 4.169999999999999818e-01
8.532027700000000000e+07 1.000000000000000000e+00 6.600000000000000000e+01 1.067100582126992231e+04 1.005852946609202263e+03 1.012136000000000058e+04 0.000000000000000000e+00 5.636942759699466343e+00 9.199999999999999845e-02
8.532028200000000000e+07 1.000000000000000000e+00 6.500000000000000000e+01 1.066857062126992241e+04 9.895979166092029118e+02 1.012294000000000051e+04 0.000000000000000000e+00 2.744466004552454041e+00 5.000000000000000000e-01
8.532028200000000000e+07 1.000000000000000000e+00 6.500000000000000000e+01 1.067308442126992122e+04 9.898684166092025407e+02 1.011804000000000087e+04 0.000000000000000000e+00 8.006635378363323952e+00 4.169999999999999818e-01
8.532028200000000000e+07 1.000000000000000000e+00 6.500000000000000000e+01 1.067308442126992122e+04 9.898684166092025407e+02 1.011804000000000087e+04 0.000000000000000000e+00 8.006635378363323952e+00 7.019790000000000418e+00
1.136039750000000000e+08 1.000000000000000000e+00 6.600000000000000000e+01 1.077952632126992103e+04 9.946700166092023210e+02 1.338193000000000029e+04 1.000000000000000000e+00 7.929001723075314034e-01 9.000000000000000000e+00
1.136039800000000000e+08 0.000000000000000000e+00 6.600000000000000000e+01 1.075679832126992187e+04 9.898549166092025189e+02 1.337800000000000000e+04 1.000000000000000000e+00 1.598821805515991512e+00 9.000000000000000000e+00
