4.713101000000000000e+06 1.000000000000000000e+00 6.500000000000000000e+01 4.105339626426761242e+03 3.687679564489656968e+03 3.816699999999991633e+02 0.000000000000000000e+00 3.616978841676019574e+00 1.078999999999999915e+01
4.713104000000000000e+06 0.000000000000000000e+00 6.500000000000000000e+01 4.097895726426761030e+03 3.696306564489656466e+03 3.972399999999997817e+02 0.000000000000000000e+00 7.756734667980563769e-01 3.229999999999999716e+01
4.712071000000000000e+06 1.000000000000000000e+00 6.600000000000000000e+01 4.072549626426761279e+03 3.729937564489656779e+03 4.381900000000005093e+02 0.000000000000000000e+00 3.074313451143507070e+00 1.078999999999999915e+01
4.710444000000000000e+06 1.000000000000000000e+00 6.600000000000000000e+01 4.056018026426761026e+03 3.749287564489656233e+03 4.535300000000006548e+02 0.000000000000000000e+00 6.091355566676044830e+00 1.339000000000000057e+01
4.710438000000000000e+06 1.000000000000000000e+00 6.500000000000000000e+01 4.045803226426761285e+03 3.764230564489656444e+03 4.605900000000001455e+02 0.000000000000000000e+00 4.854296853733786499e+00 1.078999999999999915e+01
4.710437000000000000e+06 1.000000000000000000e+00 6.500000000000000000e+01 4.041726526426760756e+03 3.770600564489656335e+03 4.636300000000001091e+02 0.000000000000000000e+00 4.883887950116549526e+00 1.605000000000000071e+01
4.710437000000000000e+06 1.000000000000000000e+00 6.500000000000000000e+01 4.043856526426760865e+03 3.769569564489656386e+03 4.598999999999996362e+02 0.000000000000000000e+00 5.447139222530132052e+00 2.400000000000000050e-02
4.710437000000000000e+06 1.000000000000000000e+00 6.500000000000000000e+01 4.044211526426761338e+03 3.777436564489656575e+03 4.597599999999993088e+02 0.000000000000000000e+00 9.685029424471803594e+00 6.099999999999999867e-02
4.710437000000000000e+06 1.000000000000000000e+00 6.500000000000000000e+01 4.043170526426761171e+03 3.776619564489656568e+03 4.617599999999993088e+02 0.000000000000000000e+00 8.419088214068487730e+00 1.078999999999999915e+01
4.710437000000000000e+06 1.000000000000000000e+00 6.500000000000000000e+01 4.043170526426761171e+03 3.776619564489656568e+03 4.617599999999993088e+02 0.000000000000000000e+00 8.419088214068487730e+00 2.030149999999999899e+00
4.710437000000000000e+06 1.000000000000000000e+00 6.500000000000000000e+01 4.043170526426761171e+03 3.776619564489656568e+03 4.617599999999993088e+02 0.000000000000000000e+00 8.419088214068487730e+00 2.096899999999999875e-01
4.710438000000000000e+06 1.000000000000000000e+00 6.500000000000000000e+01 4.045803226426761285e+03 3.764230564489656444e+03 4.605900000000001455e+02 0.000000000000000000e+00 4.854296853733786499e+00 5.034860000000000113e+00
4.710444000000000000e+06 1.000000000000000000e+00 6.600000000000000000e+01 4.056018026426761026e+03 3.749287564489656233e+03 4.535300000000006548e+02 0.000000000000000000e+00 6.091355566676044830e+00 4.101350000000000051e+00
4.712075000000000000e+06 1.000000000000000000e+00 6.500000000000000000e+01 4.081840626426761446e+03 3.738658564489656328e+03 4.426700000000009823e+02 0.000000000000000000e+00 6.752441258123999646e+00 1.078999999999999915e+01
4.712076000000000000e+06 1.000000000000000000e+00 6.500000000000000000e+01 4.084952226426760717e+03 3.744114564489656459e+03 4.433699999999998909e+02 0.000000000000000000e+00 5.548361663255862553e+00 9.199999999999999845e-02
4.712076000000000000e+06 1.000000000000000000e+00 6.500000000000000000e+01 4.082996626426761395e+03 3.742506564489656284e+03 4.410399999999999636e+02 0.000000000000000000e+00 4.735325083972346860e+00 9.199999999999999845e-02
4.712075000000000000e+06 1.000000000000000000e+00 6.500000000000000000e+01 4.078815026426761506e+03 3.743853564489656947e+03 4.397199999999993452e+02 0.000000000000000000e+00 1.714404952988408448e+00 2.400000000000000050e-02
4.712073000000000000e+06 1.000000000000000000e+00 6.500000000000000000e+01 4.072026426426760736e+03 3.743980564489656444e+03 4.335299999999997453e+02 0.000000000000000000e+00 4.393816231239422443e+00 9.199999999999999845e-02
4.712078000000000000e+06 0.000000000000000000e+00 6.600000000000000000e+01 4.079648726426760732e+03 3.752046564489656248e+03 4.352500000000000000e+02 0.000000000000000000e+00 2.714352033655115459e+00 2.400000000000000050e-02
4.712080000000000000e+06 1.000000000000000000e+00 6.600000000000000000e+01 4.081710526426761135e+03 3.757981564489656648e+03 4.404600000000000364e+02 0.000000000000000000e+00 1.915717579970713791e+00 9.199999999999999845e-02
4.712080000000000000e+06 1.000000000000000000e+00 6.600000000000000000e+01 4.081311926426760692e+03 3.757866564489656866e+03 4.404300000000002910e+02 0.000000000000000000e+00 1.811078322532964746e+00 4.169999999999999818e-01
4.712074000000000000e+06 0.000000000000000000e+00 6.500000000000000000e+01 4.084078026426761426e+03 3.738777564489656925e+03 4.297299999999995634e+02 0.000000000000000000e+00 2.497124066379794005e+00 9.199999999999999845e-02
4.712074000000000000e+06 0.000000000000000000e+00 6.500000000000000000e+01 4.082597926426760750e+03 3.738186564489656575e+03 4.288499999999994543e+02 0.000000000000000000e+00 1.069404030706034625e+00 9.199999999999999845e-02
4.712074000000000000e+06 0.000000000000000000e+00 6.600000000000000000e+01 4.084532726426760746e+03 3.738954564489656605e+03 4.240999999999994543e+02 0.000000000000000000e+00 9.676339476654247651e-01 4.169999999999999818e-01
4.712072000000000000e+06 1.000000000000000000e+00 6.600000000000000000e+01 4.096549526426761076e+03 3.730140564489656299e+03 4.329400000000005093e+02 0.000000000000000000e+00 8.745146356044743996e+00 1.000000000000000021e-02
4.711233000000000000e+06 1.000000000000000000e+00 6.500000000000000000e+01 4.120172326426761174e+03 3.726310564489656372e+03 4.492199999999993452e+02 0.000000000000000000e+00 3.067587054291205373e+00 2.400000000000000050e-02
4.710400000000000000e+06 1.000000000000000000e+00 6.500000000000000000e+01 4.124270226426760928e+03 3.718616564489656866e+03 4.247399999999997817e+02 0.000000000000000000e+00 7.250682237621386861e+00 9.199999999999999845e-02
4.712118000000000000e+06 1.000000000000000000e+00 6.500000000000000000e+01 4.137018816426761077e+03 3.718462564489656415e+03 4.326300000000001091e+02 0.000000000000000000e+00 6.374823531677587418e+00 9.199999999999999845e-02
4.710401000000000000e+06 1.000000000000000000e+00 6.500000000000000000e+01 4.136569196426760755e+03 3.716895564489656408e+03 4.278699999999998909e+02 0.000000000000000000e+00 7.468292227610406897e+00 9.199999999999999845e-02
4.710397000000000000e+06 1.000000000000000000e+00 6.600000000000000000e+01 4.141696216426760657e+03 3.699171564489656248e+03 4.196999999999998181e+02 0.000000000000000000e+00 7.216183805441558796e+00 4.169999999999999818e-01
4.712045000000000000e+06 1.000000000000000000e+00 6.500000000000000000e+01 4.139904486426760741e+03 3.697987564489656961e+03 4.220899999999992360e+02 0.000000000000000000e+00 7.893169613481639146e+00 6.099999999999999867e-02
4.712125000000000000e+06 1.000000000000000000e+00 6.600000000000000000e+01 4.139169986426761170e+03 3.696974564489656132e+03 4.232799999999997453e+02 0.000000000000000000e+00 6.911460607567216030e+00 2.400000000000000050e-02
4.710398000000000000e+06 1.000000000000000000e+00 6.600000000000000000e+01 4.140293766426761067e+03 3.700257564489656488e+03 4.157400000000006912e+02 0.000000000000000000e+00 4.029340664349848389e+00 9.199999999999999845e-02
4.712124000000000000e+06 1.000000000000000000e+00 6.600000000000000000e+01 4.141394616426760876e+03 3.700952564489656197e+03 4.240299999999997453e+02 0.000000000000000000e+00 8.372891556417991765e+00 6.099999999999999867e-02
4.712124000000000000e+06 1.000000000000000000e+00 6.600000000000000000e+01 4.141436906426761198e+03 3.701085564489656917e+03 4.240399999999999636e+02 0.000000000000000000e+00 8.373063316448641658e+00 9.199999999999999845e-02
4.712119000000000000e+06 1.000000000000000000e+00 6.500000000000000000e+01 4.143074326426761218e+03 3.706434564489656168e+03 4.247100000000000364e+02 0.000000000000000000e+00 6.082963391782446827e+00 9.199999999999999845e-02
4.712120000000000000e+06 1.000000000000000000e+00 6.500000000000000000e+01 4.144586016426761489e+03 3.703859564489656350e+03 4.289300000000002910e+02 0.000000000000000000e+00 3.792903954314709392e+00 9.199999999999999845e-02
4.712125000000000000e+06 1.000000000000000000e+00 6.600000000000000000e+01 4.144099343426761152e+03 3.692265564489656299e+03 4.282799999999997453e+02 0.000000000000000000e+00 4.738365589160315139e+00 9.199999999999999845e-02
4.712125000000000000e+06 1.000000000000000000e+00 6.600000000000000000e+01 4.140191016426761053e+03 3.693147564489656816e+03 4.278699999999998909e+02 0.000000000000000000e+00 1.871402969874082167e+00 9.199999999999999845e-02
4.712125000000000000e+06 1.000000000000000000e+00 6.600000000000000000e+01 4.140970846426761454e+03 3.693367564489656161e+03 4.286999999999998181e+02 0.000000000000000000e+00 1.506935541476948526e+00 6.099999999999999867e-02
4.712126000000000000e+06 1.000000000000000000e+00 6.600000000000000000e+01 4.141610996426760721e+03 3.687612564489656961e+03 4.299099999999998545e+02 0.000000000000000000e+00 5.192008756985156737e+00 9.199999999999999845e-02
4.712044000000000000e+06 1.000000000000000000e+00 6.500000000000000000e+01 4.145998426426761398e+03 3.687887564489656597e+03 4.239200000000000728e+02 0.000000000000000000e+00 5.961695741858682673e+00 9.199999999999999845e-02
4.712044000000000000e+06 1.000000000000000000e+00 6.500000000000000000e+01 4.146136796426761066e+03 3.685886564489656394e+03 4.225799999999999272e+02 0.000000000000000000e+00 4.983660449555197047e+00 4.169999999999999818e-01
4.712044000000000000e+06 1.000000000000000000e+00 6.500000000000000000e+01 4.146270796426761081e+03 3.678060864489656979e+03 4.215300000000006548e+02 0.000000000000000000e+00 6.396979143819637947e+00 4.169999999999999818e-01
4.712043000000000000e+06 1.000000000000000000e+00 6.500000000000000000e+01 4.157303226426761285e+03 3.681591564489656321e+03 4.160000000000000000e+02 0.000000000000000000e+00 6.625716922611377235e+00 5.000000000000000000e-01
4.712043000000000000e+06 1.000000000000000000e+00 6.500000000000000000e+01 4.156080026426760924e+03 3.681931564489656466e+03 4.163800000000001091e+02 0.000000000000000000e+00 5.875581042000348475e+00 6.099999999999999867e-02
4.712044000000000000e+06 1.000000000000000000e+00 6.500000000000000000e+01 4.147026756426761494e+03 3.680685564489656372e+03 4.160700000000006185e+02 0.000000000000000000e+00 2.714329247806920531e+00 4.169999999999999818e-01
4.713209000000000000e+06 1.000000000000000000e+00 6.600000000000000000e+01 4.120632826426761312e+03 3.648859764489656754e+03 4.419100000000007640e+02 0.000000000000000000e+00 9.300615043730534381e+00 9.199999999999999845e-02
4.713208000000000000e+06 1.000000000000000000e+00 6.600000000000000000e+01 4.122434926426761194e+03 3.644955664489657011e+03 4.302500000000000000e+02 0.000000000000000000e+00 7.218260796118530109e+00 9.199999999999999845e-02
4.713208000000000000e+06 1.000000000000000000e+00 6.600000000000000000e+01 4.117720626426761555e+03 3.649802264489656864e+03 4.313099999999994907e+02 0.000000000000000000e+00 3.010310900082336705e+00 9.199999999999999845e-02
4.713208000000000000e+06 1.000000000000000000e+00 6.600000000000000000e+01 4.117261226426760913e+03 3.649384164489656996e+03 4.309400000000005093e+02 0.000000000000000000e+00 2.295600644274898627e+00 2.400000000000000050e-02
4.713209000000000000e+06 1.000000000000000000e+00 6.600000000000000000e+01 4.110302126426760879e+03 3.644561164489656676e+03 4.310100000000002183e+02 0.000000000000000000e+00 2.401848073123304506e+00 4.169999999999999818e-01
4.713209000000000000e+06 1.000000000000000000e+00 6.600000000000000000e+01 4.110302126426760879e+03 3.644561164489656676e+03 4.310100000000002183e+02 0.000000000000000000e+00 2.401848073123304506e+00 6.998199999999999754e+00
4.712075000000000000e+06 1.000000000000000000e+00 6.500000000000000000e+01 4.082210926426761034e+03 3.737847564489656634e+03 4.435799999999999272e+02 0.000000000000000000e+00 7.986131518065294976e+00 9.199999999999999845e-02
4.712074000000000000e+06 1.000000000000000000e+00 6.500000000000000000e+01 4.070448926426761318e+03 3.738320564489656590e+03 4.413199999999997090e+02 0.000000000000000000e+00 5.006232177619759582e+00 4.169999999999999818e-01
4.712072000000000000e+06 1.000000000000000000e+00 6.500000000000000000e+01 4.073107526426761069e+03 3.734595564489656226e+03 4.227000000000007276e+02 0.000000000000000000e+00 2.651873797495195362e+00 4.169999999999999818e-01
4.712072000000000000e+06 1.000000000000000000e+00 6.500000000000000000e+01 4.068836026426761237e+03 3.733928564489656765e+03 4.263500000000003638e+02 0.000000000000000000e+00 5.407413814914391992e+00 9.199999999999999845e-02
4.711599000000000000e+06 1.000000000000000000e+00 6.500000000000000000e+01 4.063870926426760889e+03 3.726744564489656568e+03 4.312600000000002183e+02 0.000000000000000000e+00 5.586448456083434877e+00 2.400000000000000050e-02
4.712070000000000000e+06 1.000000000000000000e+00 6.600000000000000000e+01 4.071869726426761190e+03 3.725370564489656772e+03 4.363200000000006185e+02 0.000000000000000000e+00 1.502326455482072554e+00 9.199999999999999845e-02
4.712069000000000000e+06 1.000000000000000000e+00 6.600000000000000000e+01 4.072969326426760745e+03 3.721031564489656830e+03 4.327500000000009095e+02 0.000000000000000000e+00 1.599458605669706879e+00 2.400000000000000050e-02
4.712069000000000000e+06 1.000000000000000000e+00 6.600000000000000000e+01 4.072077826426761021e+03 3.719596564489656430e+03 4.334499999999998181e+02 0.000000000000000000e+00 9.009283417791494886e-01 9.199999999999999845e-02
4.711599000000000000e+06 1.000000000000000000e+00 6.500000000000000000e+01 4.061459526426760931e+03 3.721366564489656866e+03 4.370299999999997453e+02 0.000000000000000000e+00 4.430205460624937253e+00 6.099999999999999867e-02
4.712073000000000000e+06 1.000000000000000000e+00 6.500000000000000000e+01 4.062208926426761536e+03 3.735134564489656896e+03 4.380699999999997090e+02 0.000000000000000000e+00 9.704793792989724110e+00 9.199999999999999845e-02
4.712073000000000000e+06 1.000000000000000000e+00 6.500000000000000000e+01 4.064554626426761388e+03 3.733537564489656233e+03 4.392500000000000000e+02 0.000000000000000000e+00 8.433681967741277319e+00 9.199999999999999845e-02
4.712073000000000000e+06 1.000000000000000000e+00 6.500000000000000000e+01 4.064610926426760670e+03 3.733498564489656474e+03 4.392800000000006548e+02 0.000000000000000000e+00 8.415568911753807058e+00 2.400000000000000050e-02
4.712071000000000000e+06 1.000000000000000000e+00 6.600000000000000000e+01 4.080331126426761330e+03 3.730448564489656292e+03 4.396400000000003274e+02 0.000000000000000000e+00 4.208546139550524146e+00 5.000000000000000000e-01
4.712071000000000000e+06 1.000000000000000000e+00 6.600000000000000000e+01 4.080331126426761330e+03 3.730448564489656292e+03 4.396400000000003274e+02 0.000000000000000000e+00 4.208546139550524146e+00 7.173689999999999678e+00
4.713107000000000000e+06 1.000000000000000000e+00 6.500000000000000000e+01 4.101523926426761136e+03 3.690049564489656859e+03 4.061500000000005457e+02 0.000000000000000000e+00 1.673799878203555691e+00 1.078999999999999915e+01
4.713107000000000000e+06 1.000000000000000000e+00 6.500000000000000000e+01 4.102356126426760966e+03 3.690585564489656917e+03 4.034200000000009823e+02 0.000000000000000000e+00 1.702301809505013530e+00 4.169999999999999818e-01
4.712134000000000000e+06 1.000000000000000000e+00 6.600000000000000000e+01 4.102745726426761394e+03 3.690837564489656415e+03 4.021400000000003274e+02 0.000000000000000000e+00 1.489827440710774109e+00 4.169999999999999818e-01
4.713106000000000000e+06 0.000000000000000000e+00 6.500000000000000000e+01 4.102996926426761092e+03 3.691923564489656655e+03 3.973099999999994907e+02 0.000000000000000000e+00 1.853026212034029285e+00 9.199999999999999845e-02
4.713104000000000000e+06 0.000000000000000000e+00 6.600000000000000000e+01 4.099034826426761356e+03 3.692609564489656350e+03 3.952500000000000000e+02 0.000000000000000000e+00 1.763304577017014818e+00 2.400000000000000050e-02
4.713101000000000000e+06 0.000000000000000000e+00 6.500000000000000000e+01 4.092527026426761040e+03 3.689043564489656546e+03 3.948899999999994179e+02 0.000000000000000000e+00 2.877555428440947694e+00 2.400000000000000050e-02
4.713102000000000000e+06 1.000000000000000000e+00 6.500000000000000000e+01 4.099285426426760750e+03 3.695212564489656415e+03 3.849799999999995634e+02 0.000000000000000000e+00 1.706169197424794559e+00 2.400000000000000050e-02
4.713102000000000000e+06 1.000000000000000000e+00 6.500000000000000000e+01 4.098433326426760686e+03 3.695676564489656357e+03 3.834500000000007276e+02 0.000000000000000000e+00 3.204004030920200918e+00 2.400000000000000050e-02
4.713102000000000000e+06 0.000000000000000000e+00 6.500000000000000000e+01 4.096079826426761429e+03 3.694397564489656816e+03 3.875000000000000000e+02 0.000000000000000000e+00 2.776035425495711362e+00 9.199999999999999845e-02
4.711983000000000000e+06 1.000000000000000000e+00 6.500000000000000000e+01 4.102082026426761331e+03 3.699112564489656961e+03 3.884899999999997817e+02 0.000000000000000000e+00 1.494067028056470958e+00 9.199999999999999845e-02
4.711681000000000000e+06 1.000000000000000000e+00 6.600000000000000000e+01 4.096936926426760692e+03 3.693024564489656314e+03 3.801900000000005093e+02 0.000000000000000000e+00 4.587390406940257570e+00 2.039999999999999869e-01
4.711681000000000000e+06 1.000000000000000000e+00 6.600000000000000000e+01 4.096805126426761490e+03 3.694439564489656277e+03 3.786100000000005821e+02 0.000000000000000000e+00 2.583775556297624565e+00 2.400000000000000050e-02
4.711678000000000000e+06 1.000000000000000000e+00 6.500000000000000000e+01 4.106959926426760831e+03 3.695330564489656808e+03 3.717400000000006912e+02 0.000000000000000000e+00 5.420468580117204560e+00 6.099999999999999867e-02
4.711678000000000000e+06 1.000000000000000000e+00 6.500000000000000000e+01 4.106959926426760831e+03 3.695330564489656808e+03 3.717400000000006912e+02 0.000000000000000000e+00 5.420468580117204560e+00 7.375040000000000262e+00
4.713107000000000000e+06 1.000000000000000000e+00 6.500000000000000000e+01 4.101523926426761136e+03 3.690049564489656859e+03 4.061500000000005457e+02 0.000000000000000000e+00 1.673799878203555691e+00 5.521329999999999849e+00
4.713105000000000000e+06 1.000000000000000000e+00 6.600000000000000000e+01 4.097764126426761322e+03 3.687434564489656168e+03 3.943800000000001091e+02 0.000000000000000000e+00 2.711057484579874277e+00 2.400000000000000050e-02
4.713104000000000000e+06 0.000000000000000000e+00 6.500000000000000000e+01 4.101946626426761213e+03 3.692812564489656779e+03 3.918500000000003638e+02 0.000000000000000000e+00 1.789708365816176094e+00 2.400000000000000050e-02
4.711981000000000000e+06 1.000000000000000000e+00 6.600000000000000000e+01 4.110326026426761018e+03 3.699548564489656655e+03 3.906800000000002910e+02 0.000000000000000000e+00 2.743104094147417182e+00 9.199999999999999845e-02
4.711983000000000000e+06 0.000000000000000000e+00 6.500000000000000000e+01 4.110384226426761415e+03 3.700746564489656976e+03 3.901999999999998181e+02 0.000000000000000000e+00 2.659876725733556047e+00 2.400000000000000050e-02
4.710474000000000000e+06 1.000000000000000000e+00 6.500000000000000000e+01 4.109558926426760991e+03 3.699518564489656910e+03 3.913400000000001455e+02 0.000000000000000000e+00 2.014974923395702611e+00 5.000000000000000000e-01
4.712134000000000000e+06 1.000000000000000000e+00 6.600000000000000000e+01 4.105394526426761331e+03 3.688435564489656372e+03 4.025500000000001819e+02 0.000000000000000000e+00 8.181833252943740975e-01 2.039999999999999869e-01
4.712134000000000000e+06 1.000000000000000000e+00 6.600000000000000000e+01 4.105394526426761331e+03 3.688435564489656372e+03 4.025500000000001819e+02 0.000000000000000000e+00 8.181833252943740975e-01 7.387059999999999960e+00
4.712036000000000000e+06 1.000000000000000000e+00 6.600000000000000000e+01 4.182402926426761042e+03 3.692360564489656554e+03 3.857500000000000000e+02 0.000000000000000000e+00 8.979335565927035745e+00 2.400000000000000050e-02
4.712035000000000000e+06 1.000000000000000000e+00 6.600000000000000000e+01 4.183796326426760970e+03 3.699897564489656816e+03 3.869500000000007276e+02 0.000000000000000000e+00 4.176920007906838705e+00 9.199999999999999845e-02
4.712035000000000000e+06 1.000000000000000000e+00 6.600000000000000000e+01 4.184604426426761165e+03 3.701243564489656364e+03 3.886000000000003638e+02 0.000000000000000000e+00 3.055246101305797435e+00 4.169999999999999818e-01
4.712036000000000000e+06 1.000000000000000000e+00 6.600000000000000000e+01 4.189666626426761468e+03 3.703758564489656692e+03 3.920599999999994907e+02 0.000000000000000000e+00 6.945300354474644777e+00 9.199999999999999845e-02
4.712031000000000000e+06 1.000000000000000000e+00 6.500000000000000000e+01 4.195798926426760772e+03 3.705093564489656728e+03 3.916599999999998545e+02 0.000000000000000000e+00 9.324649732415336345e+00 4.169999999999999818e-01
