8.096300700000000000e+07 1.000000000000000000e+00 6.600000000000000000e+01 1.269983210972815323e+04 8.754630000000001019e+03 9.357169299476870947e+03 0.000000000000000000e+00 4.203845923364739612e+00 1.078999999999999915e+01
8.096062200000000000e+07 1.000000000000000000e+00 6.600000000000000000e+01 1.271496210972815425e+04 8.863629999999999200e+03 9.368494299476869855e+03 0.000000000000000000e+00 2.958395843851683082e+00 1.078999999999999915e+01
8.096054100000000000e+07 1.000000000000000000e+00 6.500000000000000000e+01 1.270457210972815301e+04 8.856670000000000073e+03 9.366079299476870801e+03 0.000000000000000000e+00 1.039300197181935781e+00 6.099999999999999867e-02
8.096054100000000000e+07 1.000000000000000000e+00 6.500000000000000000e+01 1.270512210972815410e+04 8.856579999999999927e+03 9.366172299476871558e+03 0.000000000000000000e+00 4.931625528436063832e-01 1.000000000000000000e+01
8.096054100000000000e+07 1.000000000000000000e+00 6.500000000000000000e+01 1.270512210972815410e+04 8.856579999999999927e+03 9.366172299476871558e+03 0.000000000000000000e+00 4.931625528436063832e-01 6.536229999999999762e+00
8.096300300000000000e+07 1.000000000000000000e+00 6.500000000000000000e+01 1.270158210972815323e+04 8.761729999999999563e+03 9.352217299476869812e+03 0.000000000000000000e+00 3.633792862002266144e+00 1.605000000000000071e+01
8.096300300000000000e+07 1.000000000000000000e+00 6.500000000000000000e+01 1.270385210972815366e+04 8.764540000000000873e+03 9.352933299476870161e+03 0.000000000000000000e+00 9.876150974080013523e-01 1.078999999999999915e+01
8.096302100000000000e+07 1.000000000000000000e+00 6.500000000000000000e+01 1.269950210972815330e+04 8.749329999999999927e+03 9.402655299476869914e+03 0.000000000000000000e+00 3.129052257243583046e+00 6.099999999999999867e-02
8.096302100000000000e+07 1.000000000000000000e+00 6.500000000000000000e+01 1.269952210972815374e+04 8.749190000000000509e+03 9.402568299476870379e+03 0.000000000000000000e+00 3.066921144847139402e+00 9.199999999999999845e-02
8.096302100000000000e+07 1.000000000000000000e+00 6.500000000000000000e+01 1.270228210972815396e+04 8.746889999999999418e+03 9.402887299476869885e+03 0.000000000000000000e+00 1.193229682149295812e+00 4.169999999999999818e-01
8.096302100000000000e+07 1.000000000000000000e+00 6.500000000000000000e+01 1.270865210972815294e+04 8.743690000000000509e+03 9.407947299476869375e+03 0.000000000000000000e+00 5.188582734807749119e+00 4.169999999999999818e-01
8.096302600000000000e+07 1.000000000000000000e+00 6.600000000000000000e+01 1.271122210972815446e+04 8.743860000000000582e+03 9.412439299476871383e+03 0.000000000000000000e+00 1.483617270382039388e+00 6.099999999999999867e-02
8.096301900000000000e+07 1.000000000000000000e+00 6.500000000000000000e+01 1.271410210972815366e+04 8.757630000000001019e+03 9.408499299476870874e+03 0.000000000000000000e+00 4.736794742190344465e+00 4.169999999999999818e-01
8.096302300000000000e+07 0.000000000000000000e+00 6.600000000000000000e+01 1.271167210972815337e+04 8.756290000000000873e+03 9.414107299476869230e+03 0.000000000000000000e+00 2.134270858690876072e+00 2.400000000000000050e-02
8.096302600000000000e+07 0.000000000000000000e+00 6.600000000000000000e+01 1.271501210972815352e+04 8.750170000000000073e+03 9.422249299476869055e+03 0.000000000000000000e+00 9.640878481926429266e-01 9.199999999999999845e-02
8.096302600000000000e+07 0.000000000000000000e+00 6.600000000000000000e+01 1.271532210972815301e+04 8.748530000000000655e+03 9.422308299476870161e+03 0.000000000000000000e+00 1.358263758142477906e+00 1.000000000000000000e+01
8.096302600000000000e+07 0.000000000000000000e+00 6.600000000000000000e+01 1.271532210972815301e+04 8.748530000000000655e+03 9.422308299476870161e+03 0.000000000000000000e+00 1.358263758142477906e+00 1.861550000000000038e+00
8.096300300000000000e+07 1.000000000000000000e+00 6.500000000000000000e+01 1.270304210972815417e+04 8.764750000000000000e+03 9.354856299476869026e+03 0.000000000000000000e+00 1.896646674807128008e+00 9.199999999999999845e-02
8.096300300000000000e+07 1.000000000000000000e+00 6.500000000000000000e+01 1.270202210972815374e+04 8.764100000000000364e+03 9.354416299476870336e+03 0.000000000000000000e+00 1.947189057072289176e+00 6.099999999999999867e-02
8.096300800000000000e+07 1.000000000000000000e+00 6.600000000000000000e+01 1.269431210972815461e+04 8.759870000000000800e+03 9.353748299476870670e+03 0.000000000000000000e+00 4.466654583667613920e+00 6.099999999999999867e-02
8.096166200000000000e+07 0.000000000000000000e+00 6.500000000000000000e+01 1.266621210972815425e+04 8.757180000000000291e+03 9.354541299476870336e+03 0.000000000000000000e+00 1.221488734208007187e+00 6.099999999999999867e-02
8.096301200000000000e+07 1.000000000000000000e+00 6.500000000000000000e+01 1.269111210972815388e+04 8.749399999999999636e+03 9.369915299476870132e+03 0.000000000000000000e+00 4.101239213066473432e+00 6.099999999999999867e-02
8.096293300000000000e+07 1.000000000000000000e+00 6.600000000000000000e+01 1.268985210972815366e+04 8.738770000000000437e+03 9.371489299476870656e+03 0.000000000000000000e+00 1.280463232389729367e+00 9.199999999999999845e-02
8.096293300000000000e+07 1.000000000000000000e+00 6.600000000000000000e+01 1.269282210972815301e+04 8.738459999999999127e+03 9.374783299476870525e+03 0.000000000000000000e+00 2.905820623493164057e+00 2.400000000000000050e-02
8.096293900000000000e+07 1.000000000000000000e+00 6.500000000000000000e+01 1.270355210972815439e+04 8.725399999999999636e+03 9.381408299476870525e+03 0.000000000000000000e+00 6.035391234944967209e+00 9.199999999999999845e-02
8.096293900000000000e+07 1.000000000000000000e+00 6.500000000000000000e+01 1.270547210972815446e+04 8.725700000000000728e+03 9.387268299476869288e+03 0.000000000000000000e+00 4.043404646487942067e+00 2.400000000000000050e-02
8.096301700000000000e+07 1.000000000000000000e+00 6.600000000000000000e+01 1.269236210972815388e+04 8.745590000000000146e+03 9.382508299476870889e+03 0.000000000000000000e+00 1.113692271490588803e+00 8.349999999999999645e-01
8.096301700000000000e+07 1.000000000000000000e+00 6.600000000000000000e+01 1.269415210972815294e+04 8.746899999999999636e+03 9.383268299476869288e+03 0.000000000000000000e+00 1.309367980060892611e+00 2.039999999999999869e-01
8.096301800000000000e+07 1.000000000000000000e+00 6.600000000000000000e+01 1.268869210972815381e+04 8.744549999999999272e+03 9.384431299476869754e+03 0.000000000000000000e+00 3.049755274067927235e+00 9.199999999999999845e-02
8.096301700000000000e+07 1.000000000000000000e+00 6.600000000000000000e+01 1.269116210972815315e+04 8.750260000000000218e+03 9.385275299476870714e+03 0.000000000000000000e+00 3.654997909707387915e+00 9.199999999999999845e-02
8.096301800000000000e+07 1.000000000000000000e+00 6.600000000000000000e+01 1.268930210972815439e+04 8.751469999999999345e+03 9.388762299476869885e+03 0.000000000000000000e+00 3.439035919818069331e+00 6.099999999999999867e-02
8.096301900000000000e+07 1.000000000000000000e+00 6.600000000000000000e+01 1.268877210972815374e+04 8.755229999999999563e+03 9.393694299476870583e+03 0.000000000000000000e+00 3.859633130065641904e+00 4.169999999999999818e-01
8.096301900000000000e+07 1.000000000000000000e+00 6.600000000000000000e+01 1.268877210972815374e+04 8.755229999999999563e+03 9.393694299476870583e+03 0.000000000000000000e+00 3.859633130065641904e+00 7.071170000000000400e+00
8.096300300000000000e+07 1.000000000000000000e+00 6.500000000000000000e+01 1.270083210972815323e+04 8.761190000000000509e+03 9.352027299476871121e+03 0.000000000000000000e+00 4.472867779231712859e+00 9.199999999999999845e-02
8.096300700000000000e+07 1.000000000000000000e+00 6.600000000000000000e+01 1.269994210972815381e+04 8.757389999999999418e+03 9.357468299476870015e+03 0.000000000000000000e+00 2.000889545868053343e+00 9.199999999999999845e-02
8.096292700000000000e+07 1.000000000000000000e+00 6.500000000000000000e+01 1.269707210972815301e+04 8.749280000000000655e+03 9.359840299476869404e+03 0.000000000000000000e+00 4.611161238914588623e+00 4.169999999999999818e-01
8.096292600000000000e+07 1.000000000000000000e+00 6.500000000000000000e+01 1.269524210972815308e+04 8.745440000000000509e+03 9.355430299476869550e+03 0.000000000000000000e+00 2.162494889156604039e+00 8.349999999999999645e-01
8.096293000000000000e+07 1.000000000000000000e+00 6.500000000000000000e+01 1.268909210972815345e+04 8.721159999999999854e+03 9.353623299476870670e+03 0.000000000000000000e+00 2.928163232131760108e+00 6.099999999999999867e-02
8.096293100000000000e+07 1.000000000000000000e+00 6.500000000000000000e+01 1.268972210972815446e+04 8.721879999999999200e+03 9.356526299476870918e+03 0.000000000000000000e+00 1.453187462575536326e+00 5.000000000000000000e-01
8.096293500000000000e+07 1.000000000000000000e+00 6.600000000000000000e+01 1.269196210972815425e+04 8.722760000000000218e+03 9.366820299476870787e+03 0.000000000000000000e+00 2.378592259824329425e+00 2.400000000000000050e-02
8.096293300000000000e+07 0.000000000000000000e+00 6.600000000000000000e+01 1.269055210972815257e+04 8.730979999999999563e+03 9.367170299476871151e+03 0.000000000000000000e+00 1.506434995518568742e+00 4.169999999999999818e-01
8.096293300000000000e+07 0.000000000000000000e+00 6.600000000000000000e+01 1.269055210972815257e+04 8.730979999999999563e+03 9.367170299476871151e+03 0.000000000000000000e+00 1.506434995518568742e+00 7.398030000000000328e+00
8.092661200000000000e+07 1.000000000000000000e+00 6.500000000000000000e+01 1.226175110972815310e+04 1.102913999999999942e+04 9.421760299476871296e+03 1.000000000000000000e+00 2.911440639969983257e-01 3.800000000000000000e+01
7.751669100000000000e+07 0.000000000000000000e+00 6.500000000000000000e+01 1.198255610972815339e+04 6.744349000000000160e+03 9.113766299476870699e+03 1.000000000000000000e+00 1.700621269745557163e+00 3.800000000000000000e+01
7.751668600000000000e+07 1.000000000000000000e+00 6.500000000000000000e+01 1.197813610972815331e+04 6.747390999999999622e+03 9.094966299476869608e+03 1.000000000000000000e+00 7.891888223868838148e-01 3.800000000000000000e+01
