1.024273600000000000e+07 0.000000000000000000e+00 6.500000000000000000e+01 1.421857169841187897e+03 3.926821494690864711e+03 1.021880000000000109e+03 0.000000000000000000e+00 3.144471740307438257e+00 1.339000000000000057e+01
1.808103600000000000e+07 1.000000000000000000e+00 6.500000000000000000e+01 1.416927219841188162e+03 3.921353824690864712e+03 2.047690000000000509e+03 0.000000000000000000e+00 2.734937967142107240e+00 1.078999999999999915e+01
1.198461590000000000e+08 0.000000000000000000e+00 6.600000000000000000e+01 7.618121698411878242e+02 3.082213494690864536e+03 1.415945000000000073e+04 0.000000000000000000e+00 8.471724053276307176e-01 1.339000000000000057e+01
1.198461590000000000e+08 0.000000000000000000e+00 6.600000000000000000e+01 7.620361698411879843e+02 3.083175494690864980e+03 1.415882999999999993e+04 0.000000000000000000e+00 6.878166604729747391e-01 6.099999999999999867e-02
1.198461590000000000e+08 0.000000000000000000e+00 6.600000000000000000e+01 7.621151698411877078e+02 3.083514494690864922e+03 1.415861999999999898e+04 0.000000000000000000e+00 1.010601303056691602e+00 2.039999999999999869e-01
1.198461610000000000e+08 1.000000000000000000e+00 6.500000000000000000e+01 7.626751698411881080e+02 3.077844494690864849e+03 1.414711999999999898e+04 0.000000000000000000e+00 7.076273101783274733e-01 1.078999999999999915e+01
1.198461610000000000e+08 1.000000000000000000e+00 6.500000000000000000e+01 7.626751698411881080e+02 3.077844494690864849e+03 1.414711999999999898e+04 0.000000000000000000e+00 7.076273101783274733e-01 5.071629999999999860e+00
1.198461610000000000e+08 1.000000000000000000e+00 6.500000000000000000e+01 7.626751698411881080e+02 3.077844494690864849e+03 1.414711999999999898e+04 0.000000000000000000e+00 7.076273101783274733e-01 1.909969999999999946e+00
1.085886640000000000e+08 1.000000000000000000e+00 6.600000000000000000e+01 1.177165169841187890e+03 4.224502494690864296e+03 1.282522000000000116e+04 0.000000000000000000e+00 4.594098883815488144e+00 3.229999999999999716e+01
1.085886650000000000e+08 0.000000000000000000e+00 6.500000000000000000e+01 1.191745169841187817e+03 4.222517494690864623e+03 1.282700000000000000e+04 0.000000000000000000e+00 2.870253406059613432e+00 1.339000000000000057e+01
1.085878980000000000e+08 1.000000000000000000e+00 6.500000000000000000e+01 1.214976169841187584e+03 4.219000494690864798e+03 1.283197000000000116e+04 0.000000000000000000e+00 1.131943134577154675e+00 1.339000000000000057e+01
1.085879370000000000e+08 0.000000000000000000e+00 6.600000000000000000e+01 1.229422169841187497e+03 4.212209494690864631e+03 1.283550999999999840e+04 0.000000000000000000e+00 2.175328835842859299e+00 1.339000000000000057e+01
1.085879390000000000e+08 0.000000000000000000e+00 6.600000000000000000e+01 1.235099169841188086e+03 4.208439494690865104e+03 1.284038999999999942e+04 0.000000000000000000e+00 3.785140912242277000e+00 1.078999999999999915e+01
1.085879400000000000e+08 1.000000000000000000e+00 6.600000000000000000e+01 1.237663169841187482e+03 4.206866494690864783e+03 1.284340000000000146e+04 0.000000000000000000e+00 3.777293607776930351e+00 1.078999999999999915e+01
1.085878560000000000e+08 1.000000000000000000e+00 6.500000000000000000e+01 1.256110169841187599e+03 4.196861494690864674e+03 1.291634999999999854e+04 0.000000000000000000e+00 6.511985462509756184e-01 8.220000000000000639e+00
1.085878560000000000e+08 1.000000000000000000e+00 6.500000000000000000e+01 1.255653169841188173e+03 4.199395494690864325e+03 1.291705999999999949e+04 0.000000000000000000e+00 1.199141569304475796e+00 4.169999999999999818e-01
1.085878560000000000e+08 1.000000000000000000e+00 6.500000000000000000e+01 1.255114169841187504e+03 4.200440494690864398e+03 1.291611000000000058e+04 0.000000000000000000e+00 7.327045871600468274e-01 2.039999999999999869e-01
1.085878560000000000e+08 0.000000000000000000e+00 6.600000000000000000e+01 1.249361169841187802e+03 4.208359494690865176e+03 1.291411999999999898e+04 0.000000000000000000e+00 1.804789183571011257e+00 4.169999999999999818e-01
1.085878540000000000e+08 0.000000000000000000e+00 6.500000000000000000e+01 1.255964169841187868e+03 4.211131494690865111e+03 1.291154999999999927e+04 0.000000000000000000e+00 1.572631407358834776e+00 4.169999999999999818e-01
1.085878540000000000e+08 0.000000000000000000e+00 6.500000000000000000e+01 1.255964169841187868e+03 4.211131494690865111e+03 1.291154999999999927e+04 0.000000000000000000e+00 1.572631407358834776e+00 7.080989999999999895e+00
1.085879400000000000e+08 1.000000000000000000e+00 6.600000000000000000e+01 1.240058169841187919e+03 4.208900494690864434e+03 1.284388999999999942e+04 0.000000000000000000e+00 6.587717369551069346e+00 1.078999999999999915e+01
1.085887530000000000e+08 1.000000000000000000e+00 6.500000000000000000e+01 1.229372169841188224e+03 4.213560494690864289e+03 1.285745000000000073e+04 0.000000000000000000e+00 7.426484393858267197e+00 9.199999999999999845e-02
1.085887530000000000e+08 1.000000000000000000e+00 6.500000000000000000e+01 1.228336169841188166e+03 4.212370494690864689e+03 1.285847999999999956e+04 0.000000000000000000e+00 5.776013917662300656e+00 9.199999999999999845e-02
1.085887530000000000e+08 1.000000000000000000e+00 6.500000000000000000e+01 1.231569169841187431e+03 4.208254494690864703e+03 1.286090999999999985e+04 0.000000000000000000e+00 6.646682115752652109e+00 2.039999999999999869e-01
1.085887530000000000e+08 1.000000000000000000e+00 6.500000000000000000e+01 1.231843169841187773e+03 4.208360494690864471e+03 1.286018000000000029e+04 0.000000000000000000e+00 7.220565122987399498e+00 2.400000000000000050e-02
1.085887530000000000e+08 1.000000000000000000e+00 6.500000000000000000e+01 1.232690169841187526e+03 4.207386494690864311e+03 1.285738999999999942e+04 0.000000000000000000e+00 9.121834950024110711e+00 9.199999999999999845e-02
1.085879400000000000e+08 1.000000000000000000e+00 6.600000000000000000e+01 1.229569169841187431e+03 4.203643494690864827e+03 1.284404000000000087e+04 0.000000000000000000e+00 2.076211729189050725e+00 2.400000000000000050e-02
1.085879400000000000e+08 0.000000000000000000e+00 6.600000000000000000e+01 1.238701169841187948e+03 4.201073494690865118e+03 1.283902000000000044e+04 0.000000000000000000e+00 1.698928792116096931e+00 9.199999999999999845e-02
1.085879380000000000e+08 1.000000000000000000e+00 6.500000000000000000e+01 1.242883169841187737e+03 4.200619494690864485e+03 1.283661999999999898e+04 0.000000000000000000e+00 4.325112086816418788e+00 2.400000000000000050e-02
1.085895690000000000e+08 1.000000000000000000e+00 6.600000000000000000e+01 1.265262169841187642e+03 4.198559494690864994e+03 1.283730999999999949e+04 0.000000000000000000e+00 2.112690267996486071e+00 9.199999999999999845e-02
1.085895690000000000e+08 1.000000000000000000e+00 6.600000000000000000e+01 1.268645169841187453e+03 4.199770494690864325e+03 1.283352000000000044e+04 0.000000000000000000e+00 3.591131417149762584e+00 2.400000000000000050e-02
1.085895660000000000e+08 1.000000000000000000e+00 6.500000000000000000e+01 1.268765169841188253e+03 4.190879494690864703e+03 1.282979000000000087e+04 0.000000000000000000e+00 1.539826154493074251e+00 5.000000000000000000e-01
1.085895660000000000e+08 1.000000000000000000e+00 6.500000000000000000e+01 1.268765169841188253e+03 4.190879494690864703e+03 1.282979000000000087e+04 0.000000000000000000e+00 1.539826154493074251e+00 6.938500000000000334e+00
1.085879390000000000e+08 0.000000000000000000e+00 6.600000000000000000e+01 1.230642169841187751e+03 4.206015494690865125e+03 1.284038000000000102e+04 0.000000000000000000e+00 1.839203332267657087e+00 9.199999999999999845e-02
1.085887490000000000e+08 1.000000000000000000e+00 6.600000000000000000e+01 1.221661169841187984e+03 4.199337494690864332e+03 1.284695000000000073e+04 0.000000000000000000e+00 4.787704595439099542e+00 2.039999999999999869e-01
1.085887530000000000e+08 0.000000000000000000e+00 6.500000000000000000e+01 1.222088169841187664e+03 4.201302494690864478e+03 1.286538999999999942e+04 0.000000000000000000e+00 1.112687830725249905e+00 1.078999999999999915e+01
1.085887530000000000e+08 0.000000000000000000e+00 6.500000000000000000e+01 1.222088169841187664e+03 4.201302494690864478e+03 1.286538999999999942e+04 0.000000000000000000e+00 1.112687830725249905e+00 3.548610000000000042e+00
1.085887530000000000e+08 0.000000000000000000e+00 6.500000000000000000e+01 1.222088169841187664e+03 4.201302494690864478e+03 1.286538999999999942e+04 0.000000000000000000e+00 1.112687830725249905e+00 8.628000000000000114e-01
1.085879400000000000e+08 0.000000000000000000e+00 6.500000000000000000e+01 1.235047169841187497e+03 4.200395494690864325e+03 1.283465999999999985e+04 0.000000000000000000e+00 1.588731103840886894e+00 4.169999999999999818e-01
1.085879400000000000e+08 0.000000000000000000e+00 6.600000000000000000e+01 1.236328169841187446e+03 4.200495494690864689e+03 1.283928000000000065e+04 0.000000000000000000e+00 4.815975272378518190e-01 9.199999999999999845e-02
1.085880840000000000e+08 1.000000000000000000e+00 6.600000000000000000e+01 1.246218169841187773e+03 4.215282494690864951e+03 1.282770000000000073e+04 0.000000000000000000e+00 7.162129279923325598e+00 2.400000000000000050e-02
1.085868650000000000e+08 1.000000000000000000e+00 6.500000000000000000e+01 1.274222169841187679e+03 4.250499494690864594e+03 1.283245000000000073e+04 0.000000000000000000e+00 4.068106666888444245e+00 2.400000000000000050e-02
1.085868650000000000e+08 1.000000000000000000e+00 6.500000000000000000e+01 1.273762169841187642e+03 4.247772494690864733e+03 1.283545999999999913e+04 0.000000000000000000e+00 6.668460325729964389e+00 1.000000000000000021e-02
1.085879380000000000e+08 1.000000000000000000e+00 6.500000000000000000e+01 1.250975169841188290e+03 4.202206494690864929e+03 1.284163999999999942e+04 0.000000000000000000e+00 7.996159455204305821e+00 2.400000000000000050e-02
1.085879380000000000e+08 1.000000000000000000e+00 6.500000000000000000e+01 1.251013169841187846e+03 4.202160494690864653e+03 1.284161999999999898e+04 0.000000000000000000e+00 7.991937751848075422e+00 6.099999999999999867e-02
1.085879410000000000e+08 1.000000000000000000e+00 6.600000000000000000e+01 1.242432169841187715e+03 4.196286494690864856e+03 1.284247999999999956e+04 0.000000000000000000e+00 2.278573956616011031e+00 4.169999999999999818e-01
1.085879430000000000e+08 1.000000000000000000e+00 6.600000000000000000e+01 1.246472169841187679e+03 4.190804494690864885e+03 1.283613999999999942e+04 0.000000000000000000e+00 4.223130520130441212e+00 2.400000000000000050e-02
1.085880250000000000e+08 1.000000000000000000e+00 6.500000000000000000e+01 1.250338169841187664e+03 4.178787494690865060e+03 1.283879999999999927e+04 0.000000000000000000e+00 6.776381054133433501e+00 9.199999999999999845e-02
1.085895680000000000e+08 1.000000000000000000e+00 6.500000000000000000e+01 1.262540169841187890e+03 4.174567494690864805e+03 1.284697000000000116e+04 0.000000000000000000e+00 9.372105589890097121e+00 9.199999999999999845e-02
1.085879510000000000e+08 0.000000000000000000e+00 6.500000000000000000e+01 1.221142169841187751e+03 4.169384494690864813e+03 1.283358000000000175e+04 0.000000000000000000e+00 1.059542377768701193e+00 6.099999999999999867e-02
1.085879500000000000e+08 0.000000000000000000e+00 6.500000000000000000e+01 1.222933169841187919e+03 4.170203494690864318e+03 1.283516999999999825e+04 0.000000000000000000e+00 1.532555608850014517e+00 2.039999999999999869e-01
1.085879480000000000e+08 0.000000000000000000e+00 6.500000000000000000e+01 1.229271169841187657e+03 4.172064494690865104e+03 1.283909999999999854e+04 0.000000000000000000e+00 1.274884176370143507e+00 9.199999999999999845e-02
1.085879490000000000e+08 1.000000000000000000e+00 6.500000000000000000e+01 1.229150169841187562e+03 4.170523494690864936e+03 1.283297999999999956e+04 0.000000000000000000e+00 1.271777100349632317e+00 8.349999999999999645e-01
1.085879490000000000e+08 0.000000000000000000e+00 6.500000000000000000e+01 1.226524169841188268e+03 4.173217494690864442e+03 1.283557999999999993e+04 0.000000000000000000e+00 2.960900490007267738e+00 2.400000000000000050e-02
1.085879490000000000e+08 1.000000000000000000e+00 6.500000000000000000e+01 1.228540169841187890e+03 4.174660494690864653e+03 1.283122000000000116e+04 0.000000000000000000e+00 4.321238926388554447e+00 9.199999999999999845e-02
1.085879480000000000e+08 1.000000000000000000e+00 6.600000000000000000e+01 1.222542169841188297e+03 4.175597494690864551e+03 1.283618000000000029e+04 0.000000000000000000e+00 2.601284700311015996e+00 9.199999999999999845e-02
1.085879480000000000e+08 1.000000000000000000e+00 6.600000000000000000e+01 1.221094169841187977e+03 4.176459494690864631e+03 1.283567000000000007e+04 0.000000000000000000e+00 2.358736762166072864e+00 2.400000000000000050e-02
1.085879460000000000e+08 1.000000000000000000e+00 6.600000000000000000e+01 1.228421169841188203e+03 4.186882494690864405e+03 1.282879999999999927e+04 0.000000000000000000e+00 3.531285897941542018e+00 4.169999999999999818e-01
1.085879410000000000e+08 1.000000000000000000e+00 6.500000000000000000e+01 1.227173169841187701e+03 4.191055494690865089e+03 1.283031000000000131e+04 0.000000000000000000e+00 2.182003169891237881e+00 4.169999999999999818e-01
1.085879470000000000e+08 1.000000000000000000e+00 6.600000000000000000e+01 1.223071169841187839e+03 4.186050494690864980e+03 1.283749000000000160e+04 0.000000000000000000e+00 3.704022689440631844e+00 9.199999999999999845e-02
1.085879470000000000e+08 1.000000000000000000e+00 6.600000000000000000e+01 1.220558169841187919e+03 4.185778494690865045e+03 1.283836000000000058e+04 0.000000000000000000e+00 3.618982695488595525e+00 9.199999999999999845e-02
1.085879470000000000e+08 1.000000000000000000e+00 6.600000000000000000e+01 1.222479169841188195e+03 4.186929494690864885e+03 1.283777000000000044e+04 0.000000000000000000e+00 4.205346437389047232e+00 9.199999999999999845e-02
1.085879430000000000e+08 1.000000000000000000e+00 6.500000000000000000e+01 1.224304169841188013e+03 4.191507494690864405e+03 1.284261999999999898e+04 0.000000000000000000e+00 1.053483537413211657e+00 9.199999999999999845e-02
1.085879480000000000e+08 1.000000000000000000e+00 6.600000000000000000e+01 1.220055169841188217e+03 4.185397494690864733e+03 1.284193000000000029e+04 0.000000000000000000e+00 4.123411027870135470e+00 9.199999999999999845e-02
1.085879440000000000e+08 1.000000000000000000e+00 6.500000000000000000e+01 1.223157169841188079e+03 4.183739494690864376e+03 1.284895999999999913e+04 0.000000000000000000e+00 5.419449944755982962e+00 9.199999999999999845e-02
1.085879450000000000e+08 1.000000000000000000e+00 6.500000000000000000e+01 1.238926169841188312e+03 4.180040494690864762e+03 1.285265999999999985e+04 0.000000000000000000e+00 6.140250078042940984e+00 2.400000000000000050e-02
1.085879460000000000e+08 1.000000000000000000e+00 6.500000000000000000e+01 1.240759169841187941e+03 4.178679494690864885e+03 1.285313000000000102e+04 0.000000000000000000e+00 7.225246672589513253e+00 2.400000000000000050e-02
1.085879460000000000e+08 1.000000000000000000e+00 6.500000000000000000e+01 1.242345169841188181e+03 4.175091494690865147e+03 1.285270000000000073e+04 0.000000000000000000e+00 6.922451091511489629e+00 2.039999999999999869e-01
1.085879460000000000e+08 1.000000000000000000e+00 6.500000000000000000e+01 1.242345169841188181e+03 4.175091494690865147e+03 1.285270000000000073e+04 0.000000000000000000e+00 6.922451091511489629e+00 7.370519999999999960e+00
1.085878940000000000e+08 1.000000000000000000e+00 6.600000000000000000e+01 1.202857169841187897e+03 4.221498494690864391e+03 1.284012999999999920e+04 0.000000000000000000e+00 5.821617473127345121e-01 1.078999999999999915e+01
1.085878940000000000e+08 1.000000000000000000e+00 6.600000000000000000e+01 1.202147169841187861e+03 4.221653494690865045e+03 1.284068999999999869e+04 0.000000000000000000e+00 1.482125999945192119e+00 1.078999999999999915e+01
1.085886680000000000e+08 1.000000000000000000e+00 6.500000000000000000e+01 1.200769169841188159e+03 4.222499494690864594e+03 1.284188999999999942e+04 0.000000000000000000e+00 8.262558088971571069e-01 1.078999999999999915e+01
1.085878890000000000e+08 1.000000000000000000e+00 6.500000000000000000e+01 1.196842169841187570e+03 4.220348494690864754e+03 1.284556999999999971e+04 0.000000000000000000e+00 1.404746386669296854e+00 1.078999999999999915e+01
1.085878870000000000e+08 1.000000000000000000e+00 6.500000000000000000e+01 1.191861169841187802e+03 4.208787494690865060e+03 1.285165999999999985e+04 0.000000000000000000e+00 3.431929861107674284e+00 9.199999999999999845e-02
1.085878860000000000e+08 1.000000000000000000e+00 6.500000000000000000e+01 1.180979169841188195e+03 4.205528494690865045e+03 1.284552999999999884e+04 0.000000000000000000e+00 6.725109687319945628e+00 2.400000000000000050e-02
1.085878860000000000e+08 1.000000000000000000e+00 6.500000000000000000e+01 1.179790169841187890e+03 4.205437494690864696e+03 1.284556000000000131e+04 0.000000000000000000e+00 7.334098648804904919e+00 9.199999999999999845e-02
1.085887290000000000e+08 1.000000000000000000e+00 6.500000000000000000e+01 1.160493169841188319e+03 4.204157494690864951e+03 1.284225999999999840e+04 0.000000000000000000e+00 9.264479280255155658e+00 9.199999999999999845e-02
1.085887290000000000e+08 1.000000000000000000e+00 6.500000000000000000e+01 1.157795169841187999e+03 4.201430494690865089e+03 1.284100000000000000e+04 0.000000000000000000e+00 7.603392310493831907e+00 6.099999999999999867e-02
1.085887350000000000e+08 1.000000000000000000e+00 6.600000000000000000e+01 1.163216169841188275e+03 4.210260494690865016e+03 1.283050000000000000e+04 0.000000000000000000e+00 5.527103734034790605e+00 2.400000000000000050e-02
1.085887180000000000e+08 1.000000000000000000e+00 6.500000000000000000e+01 1.147552169841187606e+03 4.207998494690864391e+03 1.284940000000000146e+04 0.000000000000000000e+00 5.416625547932573781e+00 2.400000000000000050e-02
1.085887320000000000e+08 0.000000000000000000e+00 6.500000000000000000e+01 1.154362169841188006e+03 4.206538494690864354e+03 1.281577000000000044e+04 0.000000000000000000e+00 2.582945965112878106e+00 1.078999999999999915e+01
1.085887320000000000e+08 0.000000000000000000e+00 6.500000000000000000e+01 1.154362169841188006e+03 4.206538494690864354e+03 1.281577000000000044e+04 0.000000000000000000e+00 2.582945965112878106e+00 4.136330000000000062e+00
1.085887320000000000e+08 0.000000000000000000e+00 6.500000000000000000e+01 1.154362169841188006e+03 4.206538494690864354e+03 1.281577000000000044e+04 0.000000000000000000e+00 2.582945965112878106e+00 1.866300000000000070e+00
1.085878890000000000e+08 1.000000000000000000e+00 6.500000000000000000e+01 1.196842169841187570e+03 4.220348494690864754e+03 1.284556999999999971e+04 0.000000000000000000e+00 1.404746386669296854e+00 2.255300000000000082e+00
1.085886680000000000e+08 1.000000000000000000e+00 6.500000000000000000e+01 1.200769169841188159e+03 4.222499494690864594e+03 1.284188999999999942e+04 0.000000000000000000e+00 8.262558088971571069e-01 4.207519999999999705e+00
1.085878940000000000e+08 1.000000000000000000e+00 6.600000000000000000e+01 1.202147169841187861e+03 4.221653494690865045e+03 1.284068999999999869e+04 0.000000000000000000e+00 1.482125999945192119e+00 5.446010000000000240e+00
1.085878950000000000e+08 1.000000000000000000e+00 6.600000000000000000e+01 1.206594169841187977e+03 4.220866494690864783e+03 1.283756000000000131e+04 0.000000000000000000e+00 3.029638537303456225e+00 6.099999999999999867e-02
1.085879000000000000e+08 0.000000000000000000e+00 6.500000000000000000e+01 1.216821169841187839e+03 4.225939494690865104e+03 1.282456000000000131e+04 0.000000000000000000e+00 3.021683911296361380e+00 9.199999999999999845e-02
1.085877520000000000e+08 0.000000000000000000e+00 6.500000000000000000e+01 1.219986169841187802e+03 4.228528494690865045e+03 1.282445000000000073e+04 0.000000000000000000e+00 2.979902010536763513e+00 9.199999999999999845e-02
1.085877500000000000e+08 1.000000000000000000e+00 6.500000000000000000e+01 1.225420169841187999e+03 4.236249494690864594e+03 1.282710000000000036e+04 0.000000000000000000e+00 6.538530754431056691e-01 9.199999999999999845e-02
1.085877500000000000e+08 1.000000000000000000e+00 6.500000000000000000e+01 1.230585169841187962e+03 4.234460494690864834e+03 1.282886000000000058e+04 0.000000000000000000e+00 4.159620400609163937e+00 2.400000000000000050e-02
1.085877470000000000e+08 1.000000000000000000e+00 6.600000000000000000e+01 1.232135169841188144e+03 4.242459494690864631e+03 1.282683000000000175e+04 0.000000000000000000e+00 5.434447841240117150e+00 2.400000000000000050e-02
1.085879150000000000e+08 0.000000000000000000e+00 6.500000000000000000e+01 1.241763169841187846e+03 4.248382494690864405e+03 1.281834000000000015e+04 0.000000000000000000e+00 3.113115391001943788e+00 2.400000000000000050e-02
1.085879180000000000e+08 1.000000000000000000e+00 6.600000000000000000e+01 1.242768169841187955e+03 4.238667494690864260e+03 1.281654000000000087e+04 0.000000000000000000e+00 2.424282317618152049e+00 9.199999999999999845e-02
1.085879190000000000e+08 1.000000000000000000e+00 6.600000000000000000e+01 1.242811169841187620e+03 4.243059494690864994e+03 1.281338000000000102e+04 0.000000000000000000e+00 1.736009195235865388e+00 6.099999999999999867e-02
1.085879190000000000e+08 1.000000000000000000e+00 6.600000000000000000e+01 1.245189169841188232e+03 4.244287494690865060e+03 1.281320000000000073e+04 0.000000000000000000e+00 2.384734788016137141e+00 2.400000000000000050e-02
1.085879190000000000e+08 1.000000000000000000e+00 6.600000000000000000e+01 1.247203169841187446e+03 4.245897494690864733e+03 1.281351000000000022e+04 0.000000000000000000e+00 4.745230261437166419e+00 8.349999999999999645e-01
1.085879190000000000e+08 1.000000000000000000e+00 6.600000000000000000e+01 1.247203169841187446e+03 4.245897494690864733e+03 1.281351000000000022e+04 0.000000000000000000e+00 4.745230261437166419e+00 6.607980000000000409e+00
1.085888110000000000e+08 1.000000000000000000e+00 6.500000000000000000e+01 1.190169169841187795e+03 4.220212494690864332e+03 1.282534000000000015e+04 0.000000000000000000e+00 2.101521102610716341e+00 2.400000000000000050e-02
1.085886650000000000e+08 1.000000000000000000e+00 6.500000000000000000e+01 1.199108169841188101e+03 4.217373494690864391e+03 1.282000000000000000e+04 0.000000000000000000e+00 4.736336419056044633e+00 4.169999999999999818e-01
1.085888120000000000e+08 1.000000000000000000e+00 6.500000000000000000e+01 1.192590169841188072e+03 4.218896494690864529e+03 1.282652999999999884e+04 0.000000000000000000e+00 3.913953765293116671e+00 9.199999999999999845e-02
1.085886660000000000e+08 0.000000000000000000e+00 6.500000000000000000e+01 1.192536169841187984e+03 4.223442494690864805e+03 1.282988999999999942e+04 0.000000000000000000e+00 2.896936704446837929e+00 6.099999999999999867e-02
1.085886650000000000e+08 0.000000000000000000e+00 6.500000000000000000e+01 1.193335169841187962e+03 4.223927494690864478e+03 1.282597999999999956e+04 0.000000000000000000e+00 1.444350974732853787e+00 4.169999999999999818e-01
1.085888130000000000e+08 1.000000000000000000e+00 6.500000000000000000e+01 1.191832169841188261e+03 4.215343494690864645e+03 1.281854999999999927e+04 0.000000000000000000e+00 2.136311418717762312e+00 6.099999999999999867e-02
1.085888130000000000e+08 1.000000000000000000e+00 6.500000000000000000e+01 1.190152169841187970e+03 4.213325494690864616e+03 1.282073999999999978e+04 0.000000000000000000e+00 2.113269892611484124e+00 9.199999999999999845e-02
1.085888150000000000e+08 0.000000000000000000e+00 6.500000000000000000e+01 1.180966169841188275e+03 4.210694494690864303e+03 1.281802999999999884e+04 0.000000000000000000e+00 1.568499552096054295e+00 2.400000000000000050e-02
1.085888150000000000e+08 1.000000000000000000e+00 6.600000000000000000e+01 1.174234169841188304e+03 4.209168494690864463e+03 1.281845999999999913e+04 0.000000000000000000e+00 3.956094769655519539e+00 6.099999999999999867e-02
1.085887360000000000e+08 1.000000000000000000e+00 6.600000000000000000e+01 1.164934169841188123e+03 4.212322494690864914e+03 1.281774000000000160e+04 0.000000000000000000e+00 4.548810787788213794e+00 2.400000000000000050e-02
1.085887300000000000e+08 1.000000000000000000e+00 6.500000000000000000e+01 1.160493169841188319e+03 4.216191494690864602e+03 1.282539999999999964e+04 0.000000000000000000e+00 9.152067917017793874e+00 9.199999999999999845e-02
1.085887300000000000e+08 1.000000000000000000e+00 6.500000000000000000e+01 1.156246169841188021e+03 4.213497494690865096e+03 1.282510000000000036e+04 0.000000000000000000e+00 5.419402868977202026e+00 9.199999999999999845e-02
1.085886630000000000e+08 0.000000000000000000e+00 6.500000000000000000e+01 1.182744169841187613e+03 4.226961494690865038e+03 1.281602000000000044e+04 0.000000000000000000e+00 8.711557831430664089e-01 1.339000000000000057e+01
1.085888120000000000e+08 1.000000000000000000e+00 6.600000000000000000e+01 1.172228169841187992e+03 4.219607494690864769e+03 1.280422999999999956e+04 0.000000000000000000e+00 5.703986428817427345e+00 2.400000000000000050e-02
1.085888130000000000e+08 1.000000000000000000e+00 6.600000000000000000e+01 1.171760169841188144e+03 4.220086494690865038e+03 1.281163999999999942e+04 0.000000000000000000e+00 2.222264680840349449e+00 6.099999999999999867e-02
1.085886280000000000e+08 0.000000000000000000e+00 6.600000000000000000e+01 1.165786169841187984e+03 4.228166494690864965e+03 1.279702999999999884e+04 0.000000000000000000e+00 8.937356845609135902e+00 6.099999999999999867e-02
1.085886280000000000e+08 1.000000000000000000e+00 6.500000000000000000e+01 1.169430169841188217e+03 4.232054494690864885e+03 1.279588999999999942e+04 0.000000000000000000e+00 7.066263034038835933e+00 9.199999999999999845e-02
1.085886280000000000e+08 1.000000000000000000e+00 6.500000000000000000e+01 1.168873169841187519e+03 4.232323494690865118e+03 1.279526000000000022e+04 0.000000000000000000e+00 6.903675818491072924e+00 6.099999999999999867e-02
1.085886280000000000e+08 0.000000000000000000e+00 6.600000000000000000e+01 1.164074169841187540e+03 4.229871494690864893e+03 1.279749000000000160e+04 0.000000000000000000e+00 6.722716678944038904e+00 2.400000000000000050e-02
1.085886280000000000e+08 1.000000000000000000e+00 6.600000000000000000e+01 1.152571169841187839e+03 4.225494494690864485e+03 1.280768000000000029e+04 0.000000000000000000e+00 8.905193401045965018e+00 1.000000000000000021e-02
1.085886280000000000e+08 1.000000000000000000e+00 6.600000000000000000e+01 1.152453169841187446e+03 4.225903494690865045e+03 1.280810000000000036e+04 0.000000000000000000e+00 8.728669594195764603e+00 1.078999999999999915e+01
1.085886280000000000e+08 1.000000000000000000e+00 6.600000000000000000e+01 1.152453169841187446e+03 4.225903494690865045e+03 1.280810000000000036e+04 0.000000000000000000e+00 8.728669594195764603e+00 5.985970000000000013e+00
1.085886280000000000e+08 1.000000000000000000e+00 6.600000000000000000e+01 1.152453169841187446e+03 4.225903494690865045e+03 1.280810000000000036e+04 0.000000000000000000e+00 8.728669594195764603e+00 1.438809999999999922e+00
1.085886630000000000e+08 0.000000000000000000e+00 6.500000000000000000e+01 1.182744169841187613e+03 4.226961494690865038e+03 1.281602000000000044e+04 0.000000000000000000e+00 8.711557831430664089e-01 1.655459999999999932e+00
2.721193700000000000e+07 1.000000000000000000e+00 6.600000000000000000e+01 1.402861869841188309e+03 3.923915294690864357e+03 3.236479999999999563e+03 0.000000000000000000e+00 6.555787241094829909e+00 6.099999999999999867e-02
2.721193200000000000e+07 1.000000000000000000e+00 6.500000000000000000e+01 1.404352769841188092e+03 3.923200284690864464e+03 3.234939999999999600e+03 0.000000000000000000e+00 6.933243207292052013e+00 9.199999999999999845e-02
2.721193200000000000e+07 1.000000000000000000e+00 6.500000000000000000e+01 1.403982669841187999e+03 3.922042614690864866e+03 3.234800000000000182e+03 0.000000000000000000e+00 7.623735578820341807e+00 2.039999999999999869e-01
2.721193700000000000e+07 1.000000000000000000e+00 6.600000000000000000e+01 1.403061769841187925e+03 3.924441504690864349e+03 3.232260000000000218e+03 0.000000000000000000e+00 5.460037455152320973e+00 4.169999999999999818e-01
2.721193600000000000e+07 1.000000000000000000e+00 6.600000000000000000e+01 1.396779269841187670e+03 3.925263024690864768e+03 3.227109999999999673e+03 0.000000000000000000e+00 2.295812110509426240e+00 6.099999999999999867e-02
2.721193600000000000e+07 1.000000000000000000e+00 6.600000000000000000e+01 1.395800069841187906e+03 3.926432540690864698e+03 3.225430000000000291e+03 0.000000000000000000e+00 3.103116668520610855e+00 9.199999999999999845e-02
2.721193900000000000e+07 1.000000000000000000e+00 6.500000000000000000e+01 1.391914169841187686e+03 3.931339534690864639e+03 3.221779999999999745e+03 0.000000000000000000e+00 2.468094430034127651e+00 9.199999999999999845e-02
2.721193900000000000e+07 0.000000000000000000e+00 6.500000000000000000e+01 1.389534469841188184e+03 3.941002494690864296e+03 3.228000000000000000e+03 0.000000000000000000e+00 1.828003381937662208e+00 9.199999999999999845e-02
2.721193900000000000e+07 1.000000000000000000e+00 6.500000000000000000e+01 1.388044169841187795e+03 3.936479454690864259e+03 3.219730000000000473e+03 0.000000000000000000e+00 1.332487234413613164e+00 4.169999999999999818e-01
2.721193900000000000e+07 1.000000000000000000e+00 6.500000000000000000e+01 1.388094369841187472e+03 3.936209634690864732e+03 3.219579999999999927e+03 0.000000000000000000e+00 1.579461947928185284e+00 9.199999999999999845e-02
2.721193900000000000e+07 1.000000000000000000e+00 6.500000000000000000e+01 1.388188869841187625e+03 3.935702354690864922e+03 3.219300000000000182e+03 0.000000000000000000e+00 2.090399641545214848e+00 9.199999999999999845e-02
2.721193900000000000e+07 1.000000000000000000e+00 6.500000000000000000e+01 1.387340569841187971e+03 3.934218474690865150e+03 3.219180000000000291e+03 0.000000000000000000e+00 3.358851928241189722e+00 2.400000000000000050e-02
2.721194000000000000e+07 1.000000000000000000e+00 6.500000000000000000e+01 1.383901369841188171e+03 3.931579994690864623e+03 3.219779999999999745e+03 0.000000000000000000e+00 3.577156583392441913e+00 6.099999999999999867e-02
2.721293000000000000e+07 1.000000000000000000e+00 6.500000000000000000e+01 1.372629369841188236e+03 3.949952994690865125e+03 3.216739999999999782e+03 0.000000000000000000e+00 1.438400931518890147e+00 9.199999999999999845e-02
2.721293000000000000e+07 1.000000000000000000e+00 6.500000000000000000e+01 1.372621169841188021e+03 3.950029794690864946e+03 3.216670000000000073e+03 0.000000000000000000e+00 1.444927028924104517e+00 9.199999999999999845e-02
2.721293000000000000e+07 1.000000000000000000e+00 6.500000000000000000e+01 1.372621169841188021e+03 3.950029794690864946e+03 3.216670000000000073e+03 0.000000000000000000e+00 1.444927028924104517e+00 7.331769999999999676e+00
1.808103600000000000e+07 1.000000000000000000e+00 6.500000000000000000e+01 1.416927219841188162e+03 3.921353824690864712e+03 2.047690000000000509e+03 0.000000000000000000e+00 2.734937967142107240e+00 2.120379999999999932e+00
1.024273600000000000e+07 0.000000000000000000e+00 6.500000000000000000e+01 1.421857169841187897e+03 3.926821494690864711e+03 1.021880000000000109e+03 0.000000000000000000e+00 3.144471740307438257e+00 6.110949999999999882e+00
