6.158770000000000000e+05 1.000000000000000000e+00 6.500000000000000000e+01 1.320011995078640030e+04 5.311859498635551063e+03 1.291599999999998545e+02 0.000000000000000000e+00 3.217051588678535801e+00 1.000000000000000000e+01
6.158770000000000000e+05 1.000000000000000000e+00 6.500000000000000000e+01 1.320011995078640030e+04 5.311859498635551063e+03 1.291599999999998545e+02 0.000000000000000000e+00 3.217051588678535801e+00 2.807500000000000107e+00
6.143360000000000000e+05 1.000000000000000000e+00 6.600000000000000000e+01 1.318031455078640101e+04 5.308310498635551085e+03 1.418000000000001819e+02 0.000000000000000000e+00 9.839687777723765905e+00 4.169999999999999818e-01
6.143360000000000000e+05 1.000000000000000000e+00 6.600000000000000000e+01 1.318646555078640085e+04 5.303158498635551041e+03 1.366400000000003274e+02 0.000000000000000000e+00 5.736784784809021431e-01 6.099999999999999867e-02
6.143360000000000000e+05 1.000000000000000000e+00 6.600000000000000000e+01 1.318357555078640144e+04 5.308899498635551026e+03 1.385899999999992360e+02 0.000000000000000000e+00 6.890737666220118740e+00 9.199999999999999845e-02
6.142580000000000000e+05 1.000000000000000000e+00 6.600000000000000000e+01 1.318995425078640255e+04 5.300646498635550415e+03 1.558500000000003638e+02 0.000000000000000000e+00 9.460431414332656885e+00 2.039999999999999869e-01
6.142580000000000000e+05 1.000000000000000000e+00 6.600000000000000000e+01 1.319508065078639993e+04 5.297839498635550626e+03 1.512599999999993088e+02 0.000000000000000000e+00 6.145309485138040984e+00 2.400000000000000050e-02
6.143370000000000000e+05 1.000000000000000000e+00 6.600000000000000000e+01 1.319827455078640196e+04 5.301114498635550262e+03 1.416700000000000728e+02 0.000000000000000000e+00 5.073574531752217176e+00 9.199999999999999845e-02
6.143370000000000000e+05 1.000000000000000000e+00 6.600000000000000000e+01 1.319435865078640199e+04 5.303136498635550197e+03 1.404700000000002547e+02 0.000000000000000000e+00 3.032469510558470471e+00 9.199999999999999845e-02
6.143380000000000000e+05 1.000000000000000000e+00 6.500000000000000000e+01 1.319590795078640076e+04 5.292686498635550379e+03 1.326799999999993815e+02 0.000000000000000000e+00 1.406417715438687877e+00 5.000000000000000000e-01
6.143390000000000000e+05 0.000000000000000000e+00 6.500000000000000000e+01 1.320372755078640148e+04 5.292309498635550881e+03 1.297799999999997453e+02 0.000000000000000000e+00 4.390931582594999050e+00 9.199999999999999845e-02
6.143370000000000000e+05 1.000000000000000000e+00 6.500000000000000000e+01 1.320191965078639987e+04 5.294280498635550430e+03 1.260100000000002183e+02 0.000000000000000000e+00 2.487381475983967416e+00 2.400000000000000050e-02
6.143370000000000000e+05 1.000000000000000000e+00 6.500000000000000000e+01 1.319934105078640096e+04 5.291483498635550859e+03 1.251199999999998909e+02 0.000000000000000000e+00 2.436639502886500885e+00 9.199999999999999845e-02
6.143380000000000000e+05 1.000000000000000000e+00 6.500000000000000000e+01 1.319855375078640100e+04 5.291190498635550284e+03 1.261399999999994179e+02 0.000000000000000000e+00 1.581529474748758712e+00 2.400000000000000050e-02
6.143380000000000000e+05 1.000000000000000000e+00 6.500000000000000000e+01 1.319650965078640002e+04 5.288705498635550612e+03 1.279499999999998181e+02 0.000000000000000000e+00 2.238891683421007528e+00 9.199999999999999845e-02
6.143380000000000000e+05 1.000000000000000000e+00 6.500000000000000000e+01 1.319464845078640064e+04 5.285086498635550925e+03 1.303399999999992360e+02 0.000000000000000000e+00 5.633488219449007239e+00 6.099999999999999867e-02
6.143380000000000000e+05 1.000000000000000000e+00 6.500000000000000000e+01 1.319173185078640017e+04 5.283405498635550430e+03 1.294300000000002910e+02 0.000000000000000000e+00 8.680145672667705981e+00 9.199999999999999845e-02
6.143380000000000000e+05 1.000000000000000000e+00 6.500000000000000000e+01 1.319518275078639999e+04 5.286517498635550510e+03 1.277199999999993452e+02 0.000000000000000000e+00 4.077458354658608286e+00 6.099999999999999867e-02
6.143380000000000000e+05 1.000000000000000000e+00 6.500000000000000000e+01 1.319664365078640185e+04 5.285996498635550779e+03 1.281000000000003638e+02 0.000000000000000000e+00 3.233632782711238995e+00 9.199999999999999845e-02
6.143420000000000000e+05 1.000000000000000000e+00 6.600000000000000000e+01 1.321026835078640215e+04 5.291032498635550837e+03 1.210399999999999636e+02 0.000000000000000000e+00 5.879831332858843851e+00 2.400000000000000050e-02
6.143360000000000000e+05 1.000000000000000000e+00 6.500000000000000000e+01 1.320036745078640161e+04 5.296833498635550313e+03 1.155299999999997453e+02 0.000000000000000000e+00 8.284915318721001398e+00 9.199999999999999845e-02
6.143360000000000000e+05 1.000000000000000000e+00 6.500000000000000000e+01 1.320006305078640071e+04 5.298104498635550954e+03 1.152100000000000364e+02 0.000000000000000000e+00 8.165362214328103718e+00 9.199999999999999845e-02
6.143360000000000000e+05 1.000000000000000000e+00 6.500000000000000000e+01 1.319989605078640125e+04 5.298801498635551070e+03 1.150399999999990541e+02 0.000000000000000000e+00 8.169458101961813767e+00 9.199999999999999845e-02
6.158710000000000000e+05 1.000000000000000000e+00 6.600000000000000000e+01 1.321009425078640197e+04 5.293958498635550313e+03 1.107199999999993452e+02 0.000000000000000000e+00 5.499021005436905085e+00 9.199999999999999845e-02
6.158710000000000000e+05 1.000000000000000000e+00 6.600000000000000000e+01 1.321013085078640142e+04 5.293878498635550386e+03 1.106599999999998545e+02 0.000000000000000000e+00 5.531399489651461110e+00 9.199999999999999845e-02
6.159870000000000000e+05 1.000000000000000000e+00 6.600000000000000000e+01 1.321054565078640007e+04 5.285733498635550859e+03 1.109399999999995998e+02 0.000000000000000000e+00 8.463023871140329391e+00 9.199999999999999845e-02
6.143470000000000000e+05 1.000000000000000000e+00 6.500000000000000000e+01 1.322328325078640046e+04 5.285286498635550743e+03 1.192300000000004729e+02 0.000000000000000000e+00 8.546840442504558766e+00 9.199999999999999845e-02
6.143470000000000000e+05 1.000000000000000000e+00 6.500000000000000000e+01 1.322328325078640046e+04 5.285286498635550743e+03 1.192300000000004729e+02 0.000000000000000000e+00 8.546840442504558766e+00 7.328619999999999912e+00
6.141580000000000000e+05 1.000000000000000000e+00 6.600000000000000000e+01 1.318279255078640199e+04 5.328136698635550601e+03 1.878400000000001455e+02 0.000000000000000000e+00 9.467796443515931415e+00 1.339000000000000057e+01
6.141580000000000000e+05 1.000000000000000000e+00 6.600000000000000000e+01 1.318279255078640199e+04 5.328136698635550601e+03 1.878400000000001455e+02 0.000000000000000000e+00 9.467796443515931415e+00 8.515190000000000259e-01
6.141610000000000000e+05 1.000000000000000000e+00 6.500000000000000000e+01 1.318346755078640126e+04 5.332352798635550243e+03 2.046800000000002910e+02 0.000000000000000000e+00 5.259227884040750034e+00 1.078999999999999915e+01
6.141620000000000000e+05 1.000000000000000000e+00 6.500000000000000000e+01 1.318389755078640155e+04 5.328165798635550345e+03 2.026000000000003638e+02 0.000000000000000000e+00 3.915946383546101472e+00 2.400000000000000050e-02
6.141710000000000000e+05 1.000000000000000000e+00 6.500000000000000000e+01 1.319922325078640097e+04 5.311367498635550874e+03 2.247600000000002183e+02 0.000000000000000000e+00 9.831624251017395011e+00 4.169999999999999818e-01
6.141670000000000000e+05 1.000000000000000000e+00 6.600000000000000000e+01 1.318893355078640161e+04 5.319330498635550612e+03 2.202100000000000364e+02 0.000000000000000000e+00 2.018734857800522420e+00 4.169999999999999818e-01
6.141670000000000000e+05 1.000000000000000000e+00 6.600000000000000000e+01 1.318893355078640161e+04 5.319330498635550612e+03 2.202100000000000364e+02 0.000000000000000000e+00 2.018734857800522420e+00 7.175259999999999749e+00
6.141610000000000000e+05 1.000000000000000000e+00 6.500000000000000000e+01 1.318346755078640126e+04 5.332352798635550243e+03 2.046800000000002910e+02 0.000000000000000000e+00 5.259227884040750034e+00 5.756750000000000256e+00
6.141610000000000000e+05 1.000000000000000000e+00 6.500000000000000000e+01 1.318411455078640211e+04 5.332800998635550968e+03 2.063800000000001091e+02 0.000000000000000000e+00 6.007224173509430720e+00 1.078999999999999915e+01
6.141610000000000000e+05 1.000000000000000000e+00 6.500000000000000000e+01 1.318230755078640141e+04 5.329418198635550652e+03 2.032300000000004729e+02 0.000000000000000000e+00 3.889976411245835486e+00 9.199999999999999845e-02
6.141590000000000000e+05 1.000000000000000000e+00 6.600000000000000000e+01 1.317676855078640074e+04 5.319670498635550757e+03 1.916400000000003274e+02 0.000000000000000000e+00 2.466886774605450583e+00 6.099999999999999867e-02
6.150710000000000000e+05 1.000000000000000000e+00 6.500000000000000000e+01 1.317517355078640139e+04 5.316863498635550968e+03 1.883099999999994907e+02 0.000000000000000000e+00 3.016725417153767186e+00 2.400000000000000050e-02
6.141600000000000000e+05 1.000000000000000000e+00 6.600000000000000000e+01 1.317126255078640133e+04 5.317899498635551026e+03 1.950900000000001455e+02 0.000000000000000000e+00 2.154739037970429205e+00 1.078999999999999915e+01
6.141610000000000000e+05 1.000000000000000000e+00 6.600000000000000000e+01 1.316736355078640190e+04 5.314911498635550743e+03 1.962800000000006548e+02 0.000000000000000000e+00 1.048910752908855715e+00 1.000000000000000000e+01
6.150780000000000000e+05 0.000000000000000000e+00 6.500000000000000000e+01 1.315932055078640042e+04 5.319312498635550583e+03 1.986800000000002910e+02 0.000000000000000000e+00 1.690265982301788705e+00 9.199999999999999845e-02
6.141580000000000000e+05 0.000000000000000000e+00 6.500000000000000000e+01 1.315784155078640106e+04 5.319114498635550262e+03 1.918199999999997090e+02 0.000000000000000000e+00 3.462202056741965794e+00 9.199999999999999845e-02
6.141580000000000000e+05 1.000000000000000000e+00 6.600000000000000000e+01 1.317412255078640010e+04 5.320949498635550299e+03 1.853800000000001091e+02 0.000000000000000000e+00 1.281309424425208343e+00 9.199999999999999845e-02
6.141580000000000000e+05 1.000000000000000000e+00 6.600000000000000000e+01 1.317780855078640161e+04 5.321219498635550735e+03 1.833199999999997090e+02 0.000000000000000000e+00 3.933650810846080592e+00 2.039999999999999869e-01
6.141580000000000000e+05 1.000000000000000000e+00 6.600000000000000000e+01 1.317558055078640245e+04 5.321655498635550430e+03 1.837600000000002183e+02 0.000000000000000000e+00 1.841508839963857502e+00 9.199999999999999845e-02
6.150750000000000000e+05 1.000000000000000000e+00 6.600000000000000000e+01 1.317232555078640144e+04 5.323609698635550558e+03 1.968000000000001819e+02 0.000000000000000000e+00 1.958916644344420144e+00 4.169999999999999818e-01
6.141610000000000000e+05 0.000000000000000000e+00 6.500000000000000000e+01 1.317457355078640103e+04 5.324758898635550395e+03 1.996099999999996726e+02 0.000000000000000000e+00 1.293660823742264654e+00 4.169999999999999818e-01
6.150810000000000000e+05 1.000000000000000000e+00 6.600000000000000000e+01 1.315478855078640117e+04 5.308325498635550503e+03 2.073100000000004002e+02 0.000000000000000000e+00 3.917093812410498366e+00 9.199999999999999845e-02
6.150850000000000000e+05 1.000000000000000000e+00 6.500000000000000000e+01 1.315365255078640257e+04 5.303813498635550786e+03 2.090300000000006548e+02 0.000000000000000000e+00 5.331722312203035941e+00 4.600000000000000200e-01
6.140890000000000000e+05 0.000000000000000000e+00 6.500000000000000000e+01 1.314560355078640168e+04 5.300787498635550946e+03 2.234200000000000728e+02 0.000000000000000000e+00 1.214250610608234249e+00 9.199999999999999845e-02
6.140870000000000000e+05 0.000000000000000000e+00 6.500000000000000000e+01 1.314017955078640080e+04 5.306280498635550430e+03 2.194099999999998545e+02 0.000000000000000000e+00 7.594599355847356792e-01 2.400000000000000050e-02
6.150850000000000000e+05 1.000000000000000000e+00 6.500000000000000000e+01 1.315429655078640099e+04 5.306472498635550437e+03 2.152900000000008731e+02 0.000000000000000000e+00 1.588865994485086919e+00 9.199999999999999845e-02
6.150760000000000000e+05 1.000000000000000000e+00 6.500000000000000000e+01 1.315441155078640077e+04 5.312737498635550764e+03 1.914099999999998545e+02 0.000000000000000000e+00 1.217606736068954199e+00 4.169999999999999818e-01
6.150750000000000000e+05 1.000000000000000000e+00 6.500000000000000000e+01 1.315727455078640196e+04 5.308351498635550342e+03 1.875799999999999272e+02 0.000000000000000000e+00 3.081602273236216938e+00 5.000000000000000000e-01
6.150750000000000000e+05 1.000000000000000000e+00 6.500000000000000000e+01 1.315524955078640050e+04 5.306943498635550895e+03 1.883500000000003638e+02 0.000000000000000000e+00 4.962891146074314364e+00 2.400000000000000050e-02
6.141710000000000000e+05 1.000000000000000000e+00 6.600000000000000000e+01 1.316340655078640157e+04 5.297203498635550204e+03 2.056099999999996726e+02 0.000000000000000000e+00 9.004024212667097515e+00 2.400000000000000050e-02
6.141670000000000000e+05 0.000000000000000000e+00 6.500000000000000000e+01 1.317315355078640096e+04 5.308031498635550633e+03 2.137800000000006548e+02 0.000000000000000000e+00 2.411299830944158007e+00 9.199999999999999845e-02
6.141700000000000000e+05 1.000000000000000000e+00 6.600000000000000000e+01 1.318210355078639986e+04 5.300248498635550277e+03 2.060900000000001455e+02 0.000000000000000000e+00 7.402646353838383320e+00 9.199999999999999845e-02
6.141600000000000000e+05 1.000000000000000000e+00 6.600000000000000000e+01 1.317126255078640133e+04 5.317899498635551026e+03 1.950900000000001455e+02 0.000000000000000000e+00 2.154739037970429205e+00 7.005300000000000082e+00
6.141670000000000000e+05 1.000000000000000000e+00 6.600000000000000000e+01 1.319684405078640157e+04 5.318840498635550830e+03 2.128699999999998909e+02 0.000000000000000000e+00 7.396936250100822008e+00 9.199999999999999845e-02
6.141620000000000000e+05 1.000000000000000000e+00 6.500000000000000000e+01 1.318613755078640133e+04 5.325148398635550620e+03 1.977899999999999636e+02 0.000000000000000000e+00 7.205574759513596383e+00 4.169999999999999818e-01
6.133940000000000000e+05 0.000000000000000000e+00 6.600000000000000000e+01 1.306240255078640075e+04 5.334859398635550860e+03 7.410000000000763976e+00 1.000000000000000000e+00 1.501009469245342398e+00 2.600000000000000000e+01
6.120890000000000000e+05 0.000000000000000000e+00 6.500000000000000000e+01 1.308837355078640030e+04 5.384740598635550668e+03 1.348999999999996362e+02 1.000000000000000000e+00 2.835041273410078055e+00 2.600000000000000000e+01
6.130610000000000000e+05 1.000000000000000000e+00 6.500000000000000000e+01 1.309280455078640080e+04 5.386693098635550996e+03 1.724200000000000728e+02 1.000000000000000000e+00 8.147711931465526636e-01 2.600000000000000000e+01
6.120830000000000000e+05 0.000000000000000000e+00 6.600000000000000000e+01 1.307839555078640115e+04 5.399997598635550276e+03 1.520800000000008367e+02 1.000000000000000000e+00 1.546532287424716046e+00 2.600000000000000000e+01
6.120870000000000000e+05 0.000000000000000000e+00 6.600000000000000000e+01 1.308155455078640080e+04 5.390998698635550682e+03 1.368899999999994179e+02 1.000000000000000000e+00 2.000819263181255803e+00 2.600000000000000000e+01
