3.455925800000000000e+07 1.000000000000000000e+00 6.500000000000000000e+01 1.330684600583451174e+04 3.526912683242631829e+03 4.073219999999999800e+03 0.000000000000000000e+00 1.484962074431304568e+00 1.605000000000000071e+01
8.547491200000000000e+07 1.000000000000000000e+00 6.600000000000000000e+01 1.294148400583451075e+04 4.449580683242630585e+03 1.007448999999999978e+04 0.000000000000000000e+00 2.951623656576192634e+00 1.339000000000000057e+01
8.547369300000000000e+07 1.000000000000000000e+00 6.500000000000000000e+01 1.294065700583451144e+04 4.452500683242630657e+03 1.009297999999999956e+04 0.000000000000000000e+00 1.761176792873188957e+00 1.339000000000000057e+01
8.991880000000000000e+07 1.000000000000000000e+00 6.500000000000000000e+01 1.291981400583451250e+04 4.528820683242630366e+03 1.048984000000000015e+04 0.000000000000000000e+00 5.341876953482876722e+00 1.339000000000000057e+01
8.991880000000000000e+07 1.000000000000000000e+00 6.500000000000000000e+01 1.291981400583451250e+04 4.528820683242630366e+03 1.048984000000000015e+04 0.000000000000000000e+00 5.341876953482876722e+00 7.032890000000000086e+00
8.547483000000000000e+07 1.000000000000000000e+00 6.500000000000000000e+01 1.294337600583451058e+04 4.440260683242630876e+03 1.010198999999999978e+04 0.000000000000000000e+00 3.905529271603784824e+00 1.078999999999999915e+01
8.547482900000000000e+07 1.000000000000000000e+00 6.500000000000000000e+01 1.294631700583451129e+04 4.431610683242631239e+03 1.011063999999999942e+04 0.000000000000000000e+00 1.163791721156431702e+00 1.078999999999999915e+01
8.547368600000000000e+07 1.000000000000000000e+00 6.500000000000000000e+01 1.295728400583451185e+04 4.433070683242630366e+03 1.011063000000000102e+04 0.000000000000000000e+00 3.807840816866215228e+00 2.400000000000000050e-02
8.547483300000000000e+07 1.000000000000000000e+00 6.600000000000000000e+01 1.295408000583451212e+04 4.433100683242631021e+03 1.010881000000000131e+04 0.000000000000000000e+00 3.974601864880049629e+00 9.199999999999999845e-02
8.547368500000000000e+07 0.000000000000000000e+00 6.500000000000000000e+01 1.295413300583451201e+04 4.428700683242631385e+03 1.011692000000000007e+04 0.000000000000000000e+00 2.176269811719413916e+00 9.199999999999999845e-02
8.547368400000000000e+07 0.000000000000000000e+00 6.500000000000000000e+01 1.295204300583451186e+04 4.428300683242631749e+03 1.012601000000000022e+04 0.000000000000000000e+00 3.215429308612992809e+00 1.078999999999999915e+01
8.547368400000000000e+07 0.000000000000000000e+00 6.500000000000000000e+01 1.295204300583451186e+04 4.428300683242631749e+03 1.012601000000000022e+04 0.000000000000000000e+00 3.215429308612992809e+00 5.936770000000000103e+00
8.547368400000000000e+07 0.000000000000000000e+00 6.500000000000000000e+01 1.295204300583451186e+04 4.428300683242631749e+03 1.012601000000000022e+04 0.000000000000000000e+00 3.215429308612992809e+00 1.659189999999999943e+00
8.547360000000000000e+07 1.000000000000000000e+00 6.600000000000000000e+01 1.294376700583451020e+04 4.435140683242631894e+03 1.013482999999999993e+04 0.000000000000000000e+00 7.817988323278020957e+00 9.199999999999999845e-02
8.547360000000000000e+07 1.000000000000000000e+00 6.600000000000000000e+01 1.295194000583451088e+04 4.441010683242630876e+03 1.013752000000000044e+04 0.000000000000000000e+00 9.186890780397234391e-01 1.124000000000000021e+01
8.547360000000000000e+07 1.000000000000000000e+00 6.600000000000000000e+01 1.295194000583451088e+04 4.441010683242630876e+03 1.013752000000000044e+04 0.000000000000000000e+00 9.186890780397234391e-01 2.186780000000000168e+00
8.547483000000000000e+07 1.000000000000000000e+00 6.500000000000000000e+01 1.294337600583451058e+04 4.440260683242630876e+03 1.010198999999999978e+04 0.000000000000000000e+00 3.905529271603784824e+00 5.229850000000000332e-01
8.547491200000000000e+07 1.000000000000000000e+00 6.600000000000000000e+01 1.294148400583451075e+04 4.449580683242630585e+03 1.007448999999999978e+04 0.000000000000000000e+00 2.951623656576192634e+00 6.589430000000000121e+00
3.456059300000000000e+07 1.000000000000000000e+00 6.500000000000000000e+01 1.330806400583451250e+04 3.523297683242631138e+03 4.070289999999999964e+03 0.000000000000000000e+00 3.890896467567668271e+00 1.078999999999999915e+01
3.456059300000000000e+07 1.000000000000000000e+00 6.500000000000000000e+01 1.330806400583451250e+04 3.523297683242631138e+03 4.070289999999999964e+03 0.000000000000000000e+00 3.890896467567668271e+00 5.295209999999999972e+00
3.456059300000000000e+07 1.000000000000000000e+00 6.500000000000000000e+01 1.330806400583451250e+04 3.523297683242631138e+03 4.070289999999999964e+03 0.000000000000000000e+00 3.890896467567668271e+00 2.403369999999999784e+00
7.295961600000000000e+07 0.000000000000000000e+00 6.500000000000000000e+01 1.269910900583451075e+04 3.471850683242631021e+03 8.403796000000000276e+03 1.000000000000000000e+00 2.707401984224362401e+00 3.600000000000000000e+01
1.251450280000000000e+08 0.000000000000000000e+00 6.500000000000000000e+01 1.138272900583451155e+04 3.534722683242631319e+03 1.475964999999999964e+04 1.000000000000000000e+00 1.326811918418477232e+00 3.600000000000000000e+01
3.900303900000000000e+07 1.000000000000000000e+00 6.600000000000000000e+01 1.323274600583451138e+04 3.398666683242631734e+03 4.410449999999999818e+03 1.000000000000000000e+00 6.126788992023003422e-01 3.600000000000000000e+01
