2.497890000000000000e+06 1.000000000000000000e+00 6.500000000000000000e+01 5.066976028882114406e+03 1.372928068377219643e+04 2.048399999999992360e+02 0.000000000000000000e+00 1.441223444099447581e+00 1.339000000000000057e+01
8.155325000000000000e+06 1.000000000000000000e+00 6.500000000000000000e+01 5.079343328882114292e+03 1.372218581377219743e+04 8.415199999999995271e+02 0.000000000000000000e+00 7.046516215739936584e+00 1.339000000000000057e+01
8.154454000000000000e+06 1.000000000000000000e+00 6.500000000000000000e+01 5.079242128882114230e+03 1.372208544377219732e+04 8.491099999999996726e+02 0.000000000000000000e+00 7.501776226139840631e+00 1.078999999999999915e+01
8.154448000000000000e+06 1.000000000000000000e+00 6.600000000000000000e+01 5.079427228882114832e+03 1.372253016377219683e+04 8.759499999999998181e+02 0.000000000000000000e+00 1.844403550982156581e+00 1.339000000000000057e+01
8.882591000000000000e+06 0.000000000000000000e+00 6.500000000000000000e+01 5.079565828882114147e+03 1.373241373377219679e+04 1.142279999999999745e+03 0.000000000000000000e+00 3.195953026836913846e+00 1.339000000000000057e+01
8.881724000000000000e+06 1.000000000000000000e+00 6.500000000000000000e+01 5.078675828882114729e+03 1.373491796377219725e+04 1.200329999999999927e+03 0.000000000000000000e+00 6.490033849418732181e+00 1.605000000000000071e+01
2.585279000000000000e+07 1.000000000000000000e+00 6.500000000000000000e+01 5.110640028882114166e+03 1.378462318377219708e+04 3.006399999999999636e+03 0.000000000000000000e+00 4.286163707977637571e+00 4.600000000000000200e-01
2.585279000000000000e+07 1.000000000000000000e+00 6.500000000000000000e+01 5.110366928882114735e+03 1.378535638377219584e+04 3.006220000000000255e+03 0.000000000000000000e+00 3.956070246614863173e+00 1.124000000000000021e+01
2.585279000000000000e+07 1.000000000000000000e+00 6.500000000000000000e+01 5.110366928882114735e+03 1.378535638377219584e+04 3.006220000000000255e+03 0.000000000000000000e+00 3.956070246614863173e+00 9.875279999999999614e-01
8.882589000000000000e+06 1.000000000000000000e+00 6.600000000000000000e+01 5.081816028882114551e+03 1.373802302377219530e+04 1.138859999999999673e+03 0.000000000000000000e+00 1.483442352749694937e+00 6.099999999999999867e-02
8.882592000000000000e+06 0.000000000000000000e+00 6.500000000000000000e+01 5.076625858882114699e+03 1.372777790377219571e+04 1.144279999999999745e+03 0.000000000000000000e+00 1.288866643452921679e+00 9.199999999999999845e-02
8.882592000000000000e+06 0.000000000000000000e+00 6.500000000000000000e+01 5.071319718882114103e+03 1.372773867377219722e+04 1.146730000000000473e+03 0.000000000000000000e+00 4.667428979435187308e+00 8.349999999999999645e-01
8.882592000000000000e+06 0.000000000000000000e+00 6.500000000000000000e+01 5.071319718882114103e+03 1.372773867377219722e+04 1.146730000000000473e+03 0.000000000000000000e+00 4.667428979435187308e+00 6.669480000000000075e+00
8.154453000000000000e+06 1.000000000000000000e+00 6.500000000000000000e+01 5.078833728882113974e+03 1.372276601377219777e+04 8.591599999999998545e+02 0.000000000000000000e+00 5.500855701114745422e+00 2.400000000000000050e-02
8.154453000000000000e+06 1.000000000000000000e+00 6.500000000000000000e+01 5.080160728882114199e+03 1.372992125277219748e+04 8.601799999999993815e+02 0.000000000000000000e+00 5.216209258075078736e+00 9.199999999999999845e-02
8.154455000000000000e+06 1.000000000000000000e+00 6.500000000000000000e+01 5.063131488882114354e+03 1.371319308377219568e+04 8.516499999999996362e+02 0.000000000000000000e+00 7.988153843495322981e+00 1.078999999999999915e+01
8.155337000000000000e+06 1.000000000000000000e+00 6.500000000000000000e+01 5.063167828882114009e+03 1.370276848377219721e+04 8.542599999999993088e+02 0.000000000000000000e+00 7.423757440737092317e+00 5.000000000000000000e-01
8.155257000000000000e+06 0.000000000000000000e+00 6.600000000000000000e+01 5.051379528882114755e+03 1.369404778377219554e+04 8.559699999999993452e+02 0.000000000000000000e+00 2.124578129749277622e+00 9.199999999999999845e-02
8.155259000000000000e+06 0.000000000000000000e+00 6.500000000000000000e+01 5.037177028882114428e+03 1.369276158377219690e+04 8.533599999999996726e+02 0.000000000000000000e+00 1.300913004615982471e+00 4.169999999999999818e-01
8.155259000000000000e+06 0.000000000000000000e+00 6.500000000000000000e+01 5.031469828882114598e+03 1.369557328377219528e+04 8.517399999999997817e+02 0.000000000000000000e+00 3.463137647176251388e+00 2.400000000000000050e-02
8.155257000000000000e+06 1.000000000000000000e+00 6.500000000000000000e+01 5.028103128882114106e+03 1.369620148377219630e+04 8.353799999999991996e+02 0.000000000000000000e+00 6.695839546110096130e+00 2.039999999999999869e-01
8.155257000000000000e+06 1.000000000000000000e+00 6.500000000000000000e+01 5.026882228882114759e+03 1.369658828377219652e+04 8.336400000000003274e+02 0.000000000000000000e+00 8.038385972262140911e+00 2.400000000000000050e-02
8.155258000000000000e+06 1.000000000000000000e+00 6.500000000000000000e+01 5.018081528882114071e+03 1.369275778377219649e+04 8.411799999999993815e+02 0.000000000000000000e+00 8.731210649589007389e+00 5.000000000000000000e-01
8.154455000000000000e+06 1.000000000000000000e+00 6.500000000000000000e+01 5.063131488882114354e+03 1.371319308377219568e+04 8.516499999999996362e+02 0.000000000000000000e+00 7.988153843495322981e+00 1.677249999999999908e+00
8.155325000000000000e+06 1.000000000000000000e+00 6.500000000000000000e+01 5.080007628882114659e+03 1.372145429377219625e+04 8.412999999999992724e+02 0.000000000000000000e+00 6.118514550981543287e+00 6.099999999999999867e-02
8.155326000000000000e+06 0.000000000000000000e+00 6.500000000000000000e+01 5.086259128882114055e+03 1.371466518377219654e+04 8.356599999999998545e+02 0.000000000000000000e+00 2.604012756649936033e+00 1.000000000000000000e+01
8.155326000000000000e+06 1.000000000000000000e+00 6.600000000000000000e+01 5.091212628882114586e+03 1.370774168377219758e+04 8.309200000000000728e+02 0.000000000000000000e+00 8.735245432779388253e-01 9.199999999999999845e-02
8.155326000000000000e+06 1.000000000000000000e+00 6.600000000000000000e+01 5.095379228882114148e+03 1.370399148377219535e+04 8.342099999999991269e+02 0.000000000000000000e+00 4.074384695984138105e+00 2.400000000000000050e-02
8.155329000000000000e+06 0.000000000000000000e+00 6.500000000000000000e+01 5.083159628882114703e+03 1.370423198377219524e+04 8.423000000000001819e+02 0.000000000000000000e+00 8.825913226503918629e-01 9.199999999999999845e-02
8.155330000000000000e+06 1.000000000000000000e+00 6.500000000000000000e+01 5.084004528882114755e+03 1.369424518377219647e+04 8.456599999999998545e+02 0.000000000000000000e+00 1.912697882924782711e+00 2.400000000000000050e-02
8.155330000000000000e+06 1.000000000000000000e+00 6.500000000000000000e+01 5.083452428882113963e+03 1.369265588377219683e+04 8.452600000000002183e+02 0.000000000000000000e+00 3.049519963956688340e+00 9.199999999999999845e-02
8.155334000000000000e+06 1.000000000000000000e+00 6.600000000000000000e+01 5.080305228882114534e+03 1.368385398377219644e+04 8.521300000000001091e+02 0.000000000000000000e+00 8.090404294690049625e+00 9.199999999999999845e-02
8.155335000000000000e+06 1.000000000000000000e+00 6.600000000000000000e+01 5.083556728882114840e+03 1.368752428377219621e+04 8.562399999999997817e+02 0.000000000000000000e+00 5.231635781668943608e+00 9.199999999999999845e-02
8.155335000000000000e+06 1.000000000000000000e+00 6.600000000000000000e+01 5.082778928882114087e+03 1.368808038377219600e+04 8.554499999999998181e+02 0.000000000000000000e+00 5.192587128248698392e+00 9.199999999999999845e-02
8.154421000000000000e+06 1.000000000000000000e+00 6.600000000000000000e+01 5.069978708882114006e+03 1.366759158377219683e+04 8.623800000000001091e+02 0.000000000000000000e+00 9.163911222321766914e+00 9.199999999999999845e-02
8.154421000000000000e+06 1.000000000000000000e+00 6.600000000000000000e+01 5.071206958882114122e+03 1.366896488377219612e+04 8.621300000000001091e+02 0.000000000000000000e+00 9.605832207607504003e+00 9.199999999999999845e-02
8.154422000000000000e+06 1.000000000000000000e+00 6.600000000000000000e+01 5.069770548882114781e+03 1.366450598377219649e+04 8.696400000000003274e+02 0.000000000000000000e+00 8.826187979991583887e+00 9.199999999999999845e-02
8.154422000000000000e+06 1.000000000000000000e+00 6.600000000000000000e+01 5.073855318882114261e+03 1.365982988377219590e+04 8.679300000000002910e+02 0.000000000000000000e+00 3.169976156483771401e+00 2.400000000000000050e-02
8.154422000000000000e+06 1.000000000000000000e+00 6.600000000000000000e+01 5.079485928882114422e+03 1.366178648377219724e+04 8.681599999999998545e+02 0.000000000000000000e+00 1.714954158345356472e+00 9.199999999999999845e-02
8.154422000000000000e+06 1.000000000000000000e+00 6.600000000000000000e+01 5.079607128882114012e+03 1.366159928377219694e+04 8.660399999999999636e+02 0.000000000000000000e+00 1.789109712102754379e+00 4.169999999999999818e-01
8.154422000000000000e+06 1.000000000000000000e+00 6.600000000000000000e+01 5.079607128882114012e+03 1.366159928377219694e+04 8.660399999999999636e+02 0.000000000000000000e+00 1.789109712102754379e+00 7.093090000000000117e+00
2.497890000000000000e+06 1.000000000000000000e+00 6.500000000000000000e+01 5.061583768882114782e+03 1.373030061377219681e+04 2.052300000000004729e+02 0.000000000000000000e+00 1.628071133557054351e+00 2.039999999999999869e-01
2.497889000000000000e+06 1.000000000000000000e+00 6.500000000000000000e+01 5.053004728882114250e+03 1.372483873377219606e+04 2.041199999999998909e+02 0.000000000000000000e+00 4.829812015268870162e+00 2.400000000000000050e-02
2.498800000000000000e+06 1.000000000000000000e+00 6.600000000000000000e+01 5.057455378882114019e+03 1.373007301577219550e+04 2.078500000000003638e+02 0.000000000000000000e+00 4.769895416553543654e+00 6.099999999999999867e-02
2.498800000000000000e+06 1.000000000000000000e+00 6.600000000000000000e+01 5.055026028882114588e+03 1.373520400377219630e+04 2.137100000000000364e+02 0.000000000000000000e+00 7.899225430732970121e-01 9.199999999999999845e-02
2.498800000000000000e+06 1.000000000000000000e+00 6.600000000000000000e+01 5.063666988882114310e+03 1.373813051377219745e+04 2.161399999999994179e+02 0.000000000000000000e+00 5.995264329939340442e+00 9.199999999999999845e-02
2.498798000000000000e+06 1.000000000000000000e+00 6.600000000000000000e+01 5.057472238882114652e+03 1.372554959377219711e+04 2.268999999999996362e+02 0.000000000000000000e+00 1.708585680444029364e+00 4.169999999999999818e-01
2.498798000000000000e+06 1.000000000000000000e+00 6.600000000000000000e+01 5.056371828882114642e+03 1.372702270377219611e+04 2.302600000000002183e+02 0.000000000000000000e+00 3.369982872752670833e+00 6.099999999999999867e-02
2.498803000000000000e+06 1.000000000000000000e+00 6.500000000000000000e+01 5.063635808882114361e+03 1.375422528377219714e+04 2.201299999999991996e+02 0.000000000000000000e+00 9.662893097719127411e+00 2.400000000000000050e-02
1.218799540000000000e+08 1.000000000000000000e+00 6.500000000000000000e+01 6.135016028882115279e+03 1.282328768377219603e+04 1.441775000000000000e+04 1.000000000000000000e+00 5.056485933694924162e-01 9.100000000000000000e+01
1.218812930000000000e+08 1.000000000000000000e+00 6.500000000000000000e+01 6.129196028882113751e+03 1.282900468377219659e+04 1.443304999999999927e+04 1.000000000000000000e+00 7.109407745444871196e-01 9.100000000000000000e+01
2.497886000000000000e+06 0.000000000000000000e+00 6.500000000000000000e+01 5.073247928882114138e+03 1.371224178377219687e+04 2.074799999999995634e+02 1.000000000000000000e+00 2.044563296323126611e+00 9.100000000000000000e+01
2.498779000000000000e+06 1.000000000000000000e+00 6.600000000000000000e+01 5.084439628882114448e+03 1.369604718377219615e+04 2.109599999999991269e+02 1.000000000000000000e+00 6.039166717070395540e-01 9.100000000000000000e+01
1.049147620000000000e+08 0.000000000000000000e+00 6.600000000000000000e+01 5.958487028882114828e+03 1.310835068377219613e+04 1.235770999999999913e+04 1.000000000000000000e+00 4.206486439112963049e-01 9.100000000000000000e+01
