9.852454000000000000e+07 1.000000000000000000e+00 6.600000000000000000e+01 2.576869999999999891e+03 1.254085175019601229e+04 1.137589741742616388e+04 0.000000000000000000e+00 3.993081410099748929e+00 1.339000000000000057e+01
9.852454500000000000e+07 1.000000000000000000e+00 6.600000000000000000e+01 2.600099999999999454e+03 1.255763975019601276e+04 1.136671341742616460e+04 0.000000000000000000e+00 8.579933115455849801e+00 1.078999999999999915e+01
9.293331100000000000e+07 0.000000000000000000e+00 6.500000000000000000e+01 4.237430000000000291e+03 1.389875775019601315e+04 1.070667941742616313e+04 0.000000000000000000e+00 1.703902731166135887e+00 1.339000000000000057e+01
9.293331100000000000e+07 0.000000000000000000e+00 6.500000000000000000e+01 4.237430000000000291e+03 1.389875775019601315e+04 1.070667941742616313e+04 0.000000000000000000e+00 1.703902731166135887e+00 1.580959999999999865e-01
9.368850300000000000e+07 1.000000000000000000e+00 6.600000000000000000e+01 4.139110000000000582e+03 1.363531775019601264e+04 1.115115821742616390e+04 0.000000000000000000e+00 2.440783668345673618e+00 1.605000000000000071e+01
9.368864200000000000e+07 1.000000000000000000e+00 6.500000000000000000e+01 4.150129999999999200e+03 1.364575775019601315e+04 1.117601341742616387e+04 0.000000000000000000e+00 2.734382917804120794e+00 1.339000000000000057e+01
9.369062800000000000e+07 1.000000000000000000e+00 6.500000000000000000e+01 4.191789999999999964e+03 1.368140775019601278e+04 1.124138541742616508e+04 0.000000000000000000e+00 3.375790528514792666e+00 1.339000000000000057e+01
9.368962600000000000e+07 1.000000000000000000e+00 6.500000000000000000e+01 4.197690000000000509e+03 1.369060775019601351e+04 1.124820441742616458e+04 0.000000000000000000e+00 4.418020767334430055e+00 1.605000000000000071e+01
9.859130700000000000e+07 1.000000000000000000e+00 6.500000000000000000e+01 4.383829999999999927e+03 1.390792775019601322e+04 1.145147241742616461e+04 0.000000000000000000e+00 5.661317787465326212e+00 1.605000000000000071e+01
9.859136100000000000e+07 1.000000000000000000e+00 6.600000000000000000e+01 4.405430000000000291e+03 1.393075775019601315e+04 1.147873841742616423e+04 0.000000000000000000e+00 6.024970067319283196e+00 3.229999999999999716e+01
9.859136100000000000e+07 1.000000000000000000e+00 6.600000000000000000e+01 4.403399999999999636e+03 1.393349775019601293e+04 1.148005241742616454e+04 0.000000000000000000e+00 7.078291911345182541e+00 1.078999999999999915e+01
9.859055500000000000e+07 1.000000000000000000e+00 6.500000000000000000e+01 4.387790000000000873e+03 1.392994775019601366e+04 1.147375441742616385e+04 0.000000000000000000e+00 6.093879089158177109e+00 1.339000000000000057e+01
9.859055500000000000e+07 1.000000000000000000e+00 6.500000000000000000e+01 4.387790000000000873e+03 1.392994775019601366e+04 1.147375441742616385e+04 0.000000000000000000e+00 6.093879089158177109e+00 4.672609999999999819e-01
9.859136200000000000e+07 1.000000000000000000e+00 6.600000000000000000e+01 4.414940000000000509e+03 1.392880775019601242e+04 1.147586641742616484e+04 0.000000000000000000e+00 4.695845607955197565e+00 6.099999999999999867e-02
9.859136800000000000e+07 0.000000000000000000e+00 6.500000000000000000e+01 4.415399999999999636e+03 1.391128775019601198e+04 1.147125641742616426e+04 0.000000000000000000e+00 4.428154639596360909e+00 2.039999999999999869e-01
9.859136800000000000e+07 0.000000000000000000e+00 6.600000000000000000e+01 4.418549999999999272e+03 1.391035775019601351e+04 1.147289541742616348e+04 0.000000000000000000e+00 2.575656081980946865e+00 2.039999999999999869e-01
9.859136800000000000e+07 0.000000000000000000e+00 6.600000000000000000e+01 4.416250000000000000e+03 1.390963775019601235e+04 1.147050241742616345e+04 0.000000000000000000e+00 4.503285885746802997e+00 2.400000000000000050e-02
9.859136500000000000e+07 0.000000000000000000e+00 6.500000000000000000e+01 4.419319999999999709e+03 1.392352775019601359e+04 1.146453741742616330e+04 0.000000000000000000e+00 2.617587222456732476e+00 9.199999999999999845e-02
9.859136700000000000e+07 1.000000000000000000e+00 6.500000000000000000e+01 4.415770000000000437e+03 1.392375775019601315e+04 1.146389941742616429e+04 0.000000000000000000e+00 3.471704853387349576e+00 2.039999999999999869e-01
9.859136500000000000e+07 0.000000000000000000e+00 6.500000000000000000e+01 4.416680000000000291e+03 1.392342775019601322e+04 1.146638141742616426e+04 0.000000000000000000e+00 3.293525991488416516e+00 6.099999999999999867e-02
9.859136300000000000e+07 1.000000000000000000e+00 6.600000000000000000e+01 4.410710000000000036e+03 1.392817775019601322e+04 1.146755641742616353e+04 0.000000000000000000e+00 2.816021509104057685e+00 9.199999999999999845e-02
9.859135600000000000e+07 1.000000000000000000e+00 6.500000000000000000e+01 4.401550000000000182e+03 1.394434775019601329e+04 1.147334841742616481e+04 0.000000000000000000e+00 2.547941861055922352e+00 2.400000000000000050e-02
9.859135600000000000e+07 1.000000000000000000e+00 6.500000000000000000e+01 4.401489999999999782e+03 1.394455775019601242e+04 1.147371741742616359e+04 0.000000000000000000e+00 2.770414422095409890e+00 6.099999999999999867e-02
9.859135500000000000e+07 1.000000000000000000e+00 6.500000000000000000e+01 4.406040000000000873e+03 1.394752775019601359e+04 1.147854841742616554e+04 0.000000000000000000e+00 4.045692099073304071e+00 6.099999999999999867e-02
9.859055500000000000e+07 1.000000000000000000e+00 6.500000000000000000e+01 4.392069999999999709e+03 1.392893775019601344e+04 1.147165941742616451e+04 0.000000000000000000e+00 9.153702307901976809e+00 1.339000000000000057e+01
9.859055500000000000e+07 1.000000000000000000e+00 6.500000000000000000e+01 4.392069999999999709e+03 1.392893775019601344e+04 1.147165941742616451e+04 0.000000000000000000e+00 9.153702307901976809e+00 2.127979999999999983e+00
9.859055500000000000e+07 1.000000000000000000e+00 6.500000000000000000e+01 4.392069999999999709e+03 1.392893775019601344e+04 1.147165941742616451e+04 0.000000000000000000e+00 9.153702307901976809e+00 7.835039999999999782e-01
9.859130700000000000e+07 1.000000000000000000e+00 6.500000000000000000e+01 4.387860000000000582e+03 1.390660775019601351e+04 1.145526341742616387e+04 0.000000000000000000e+00 8.926227416909245704e+00 9.199999999999999845e-02
9.859130600000000000e+07 1.000000000000000000e+00 6.500000000000000000e+01 4.386620000000000800e+03 1.390025775019601315e+04 1.146111641742616484e+04 0.000000000000000000e+00 8.944397077597052714e+00 6.099999999999999867e-02
9.859130600000000000e+07 1.000000000000000000e+00 6.500000000000000000e+01 4.383569999999999709e+03 1.389970775019601388e+04 1.145404541742616493e+04 0.000000000000000000e+00 3.400183502193110385e+00 6.099999999999999867e-02
9.859064000000000000e+07 1.000000000000000000e+00 6.600000000000000000e+01 4.382469999999999345e+03 1.389382775019601286e+04 1.147081741742616396e+04 0.000000000000000000e+00 7.404044583866787654e+00 6.099999999999999867e-02
9.859049200000000000e+07 1.000000000000000000e+00 6.500000000000000000e+01 4.374460000000000036e+03 1.388778775019601198e+04 1.148449641742616404e+04 0.000000000000000000e+00 3.424178658870375980e+00 9.199999999999999845e-02
9.859049200000000000e+07 1.000000000000000000e+00 6.500000000000000000e+01 4.375059999999999491e+03 1.388757775019601286e+04 1.148349741742616425e+04 0.000000000000000000e+00 3.090986730699575524e+00 4.169999999999999818e-01
9.859064000000000000e+07 1.000000000000000000e+00 6.600000000000000000e+01 4.382550000000000182e+03 1.389209775019601329e+04 1.146985241742616381e+04 0.000000000000000000e+00 8.551517110383700881e+00 9.199999999999999845e-02
9.859064000000000000e+07 1.000000000000000000e+00 6.600000000000000000e+01 4.379409999999999854e+03 1.389109775019601329e+04 1.147296041742616399e+04 0.000000000000000000e+00 6.841217202968922884e+00 9.199999999999999845e-02
9.859064000000000000e+07 1.000000000000000000e+00 6.600000000000000000e+01 4.377530000000000655e+03 1.389365775019601278e+04 1.147321841742616380e+04 0.000000000000000000e+00 7.247209695179222422e+00 4.169999999999999818e-01
9.859048900000000000e+07 1.000000000000000000e+00 6.600000000000000000e+01 4.368670000000000073e+03 1.390076775019601337e+04 1.146981541742616537e+04 0.000000000000000000e+00 8.603561979911075852e+00 5.000000000000000000e-01
9.859075000000000000e+07 1.000000000000000000e+00 6.600000000000000000e+01 4.359940000000000509e+03 1.388507775019601286e+04 1.146696741742616359e+04 0.000000000000000000e+00 7.824827480950726777e-01 6.099999999999999867e-02
9.859066100000000000e+07 1.000000000000000000e+00 6.600000000000000000e+01 4.347030000000000655e+03 1.389511775019601373e+04 1.146316041742616471e+04 0.000000000000000000e+00 1.552413313835907305e+00 2.400000000000000050e-02
9.859065900000000000e+07 1.000000000000000000e+00 6.500000000000000000e+01 4.357789999999999964e+03 1.390587775019601213e+04 1.146231841742616416e+04 0.000000000000000000e+00 6.230136741759034757e-01 9.199999999999999845e-02
9.859066100000000000e+07 1.000000000000000000e+00 6.500000000000000000e+01 4.365890000000000327e+03 1.389430775019601242e+04 1.146516741742616432e+04 0.000000000000000000e+00 2.995946790622998179e+00 9.199999999999999845e-02
9.859066100000000000e+07 1.000000000000000000e+00 6.500000000000000000e+01 4.368360000000000582e+03 1.389434775019601329e+04 1.146527341742616409e+04 0.000000000000000000e+00 5.299196965793867342e+00 9.199999999999999845e-02
9.859074800000000000e+07 1.000000000000000000e+00 6.600000000000000000e+01 4.376860000000000582e+03 1.388689775019601257e+04 1.146179141742616412e+04 0.000000000000000000e+00 5.036061103014240814e+00 9.199999999999999845e-02
9.859130500000000000e+07 1.000000000000000000e+00 6.500000000000000000e+01 4.381039999999999964e+03 1.388587775019601213e+04 1.145786441742616444e+04 0.000000000000000000e+00 2.473020540273048962e+00 2.400000000000000050e-02
9.859130400000000000e+07 1.000000000000000000e+00 6.500000000000000000e+01 4.386629999999999200e+03 1.388205775019601242e+04 1.146227241742616388e+04 0.000000000000000000e+00 7.183220935571132060e+00 2.400000000000000050e-02
9.859130500000000000e+07 1.000000000000000000e+00 6.500000000000000000e+01 4.387600000000000364e+03 1.388293775019601344e+04 1.146476941742616327e+04 0.000000000000000000e+00 9.422319889251308922e+00 9.199999999999999845e-02
9.859140400000000000e+07 1.000000000000000000e+00 6.500000000000000000e+01 4.392559999999999491e+03 1.389365775019601278e+04 1.147365241742616490e+04 0.000000000000000000e+00 7.776257413542651875e+00 9.199999999999999845e-02
9.859140400000000000e+07 1.000000000000000000e+00 6.500000000000000000e+01 4.392559999999999491e+03 1.389365775019601278e+04 1.147365241742616490e+04 0.000000000000000000e+00 7.776257413542651875e+00 7.372659999999999769e+00
9.368962600000000000e+07 1.000000000000000000e+00 6.500000000000000000e+01 4.193739999999999782e+03 1.369494775019601366e+04 1.125243741742616476e+04 0.000000000000000000e+00 6.080881134464509508e+00 1.078999999999999915e+01
9.369062300000000000e+07 1.000000000000000000e+00 6.500000000000000000e+01 4.180989999999999782e+03 1.370518775019601344e+04 1.123795241742616417e+04 0.000000000000000000e+00 1.842601090253883633e+00 2.400000000000000050e-02
9.369062300000000000e+07 1.000000000000000000e+00 6.500000000000000000e+01 4.180460000000000946e+03 1.370565775019601278e+04 1.123759941742616502e+04 0.000000000000000000e+00 1.771526420684998770e+00 9.199999999999999845e-02
9.368962300000000000e+07 1.000000000000000000e+00 6.500000000000000000e+01 4.186789999999999964e+03 1.370930775019601242e+04 1.123449641742616404e+04 0.000000000000000000e+00 3.873275674849493644e+00 6.099999999999999867e-02
9.368962200000000000e+07 1.000000000000000000e+00 6.500000000000000000e+01 4.185969999999999345e+03 1.371502775019601359e+04 1.124422541742616522e+04 0.000000000000000000e+00 2.802881360397531552e+00 9.199999999999999845e-02
9.368962400000000000e+07 0.000000000000000000e+00 6.600000000000000000e+01 4.188430000000000291e+03 1.371342775019601322e+04 1.124595141742616397e+04 0.000000000000000000e+00 2.989799887313887794e+00 2.400000000000000050e-02
9.368962400000000000e+07 0.000000000000000000e+00 6.600000000000000000e+01 4.188409999999999854e+03 1.371337775019601213e+04 1.124601441742616407e+04 0.000000000000000000e+00 2.939781648741098152e+00 6.099999999999999867e-02
9.368962300000000000e+07 0.000000000000000000e+00 6.600000000000000000e+01 4.187989999999999782e+03 1.371332775019601286e+04 1.125309741742616461e+04 0.000000000000000000e+00 1.112614699632993309e+00 4.169999999999999818e-01
9.368962300000000000e+07 1.000000000000000000e+00 6.600000000000000000e+01 4.185890000000000327e+03 1.371172775019601249e+04 1.125464141742616448e+04 0.000000000000000000e+00 2.074751860364576039e+00 9.199999999999999845e-02
9.368962200000000000e+07 0.000000000000000000e+00 6.600000000000000000e+01 4.184629999999999200e+03 1.370899775019601293e+04 1.125431541742616537e+04 0.000000000000000000e+00 1.541824897127253680e+00 6.099999999999999867e-02
9.368962400000000000e+07 1.000000000000000000e+00 6.600000000000000000e+01 4.189399999999999636e+03 1.371253775019601380e+04 1.125903041742616551e+04 0.000000000000000000e+00 3.756553070424704099e+00 6.099999999999999867e-02
9.369171700000000000e+07 0.000000000000000000e+00 6.600000000000000000e+01 4.251289999999999964e+03 1.374476775019601337e+04 1.124660841742616321e+04 0.000000000000000000e+00 4.643765334593382477e+00 2.039999999999999869e-01
9.369070900000000000e+07 1.000000000000000000e+00 6.600000000000000000e+01 4.244489999999999782e+03 1.377081775019601264e+04 1.124014541742616348e+04 0.000000000000000000e+00 1.136965067931399176e+00 4.169999999999999818e-01
9.369070000000000000e+07 1.000000000000000000e+00 6.500000000000000000e+01 4.219100000000000364e+03 1.375798775019601271e+04 1.123269941742616356e+04 0.000000000000000000e+00 3.641221601441369859e+00 9.199999999999999845e-02
9.368970300000000000e+07 1.000000000000000000e+00 6.500000000000000000e+01 4.182170000000000073e+03 1.374063775019601235e+04 1.123734841742616481e+04 0.000000000000000000e+00 2.788142788698247942e-01 9.199999999999999845e-02
9.368970000000000000e+07 0.000000000000000000e+00 6.600000000000000000e+01 4.173299999999999272e+03 1.374245775019601388e+04 1.124259541742616420e+04 0.000000000000000000e+00 2.268292915570308654e+00 9.199999999999999845e-02
9.368969800000000000e+07 1.000000000000000000e+00 6.500000000000000000e+01 4.163680000000000291e+03 1.374778775019601198e+04 1.125307941742616458e+04 0.000000000000000000e+00 2.267067890556790033e+00 6.099999999999999867e-02
9.368969800000000000e+07 1.000000000000000000e+00 6.500000000000000000e+01 4.162960000000000036e+03 1.374826775019601337e+04 1.125982741742616417e+04 0.000000000000000000e+00 7.293589675304660958e+00 9.199999999999999845e-02
9.368969800000000000e+07 1.000000000000000000e+00 6.500000000000000000e+01 4.161090000000000146e+03 1.374582775019601286e+04 1.125925441742616385e+04 0.000000000000000000e+00 6.434054835387664539e+00 4.169999999999999818e-01
9.368969800000000000e+07 1.000000000000000000e+00 6.500000000000000000e+01 4.158949999999999818e+03 1.374556775019601264e+04 1.125540341742616511e+04 0.000000000000000000e+00 4.339756526181657748e+00 9.199999999999999845e-02
9.368969800000000000e+07 1.000000000000000000e+00 6.500000000000000000e+01 4.157430000000000291e+03 1.374616775019601300e+04 1.125302841742616511e+04 0.000000000000000000e+00 5.059375162206316112e+00 9.199999999999999845e-02
9.368969800000000000e+07 1.000000000000000000e+00 6.500000000000000000e+01 4.155139999999999418e+03 1.374765775019601278e+04 1.125193441742616415e+04 0.000000000000000000e+00 6.765025507768676505e+00 6.099999999999999867e-02
9.368969800000000000e+07 1.000000000000000000e+00 6.500000000000000000e+01 4.163450000000000728e+03 1.374149775019601293e+04 1.125546641742616339e+04 0.000000000000000000e+00 5.016568758292670793e+00 2.400000000000000050e-02
9.368961900000000000e+07 1.000000000000000000e+00 6.500000000000000000e+01 4.172039999999999964e+03 1.372702775019601359e+04 1.125792241742616534e+04 0.000000000000000000e+00 7.701615064657602261e+00 4.169999999999999818e-01
9.368962000000000000e+07 1.000000000000000000e+00 6.500000000000000000e+01 4.173810000000000400e+03 1.372713775019601235e+04 1.125671141742616419e+04 0.000000000000000000e+00 6.239851119520278822e+00 6.099999999999999867e-02
9.368962000000000000e+07 1.000000000000000000e+00 6.500000000000000000e+01 4.177559999999999491e+03 1.372924775019601293e+04 1.125295141742616397e+04 0.000000000000000000e+00 5.539098011066425187e+00 4.169999999999999818e-01
9.368961800000000000e+07 1.000000000000000000e+00 6.500000000000000000e+01 4.173690000000000509e+03 1.370702775019601359e+04 1.125894641742616295e+04 0.000000000000000000e+00 5.671964410809756885e+00 2.400000000000000050e-02
9.369062000000000000e+07 1.000000000000000000e+00 6.500000000000000000e+01 4.168680000000000291e+03 1.370725775019601315e+04 1.126270441742616458e+04 0.000000000000000000e+00 7.395537112899601695e+00 9.199999999999999845e-02
9.369062000000000000e+07 1.000000000000000000e+00 6.500000000000000000e+01 4.167630000000000109e+03 1.370802775019601359e+04 1.126258141742616499e+04 0.000000000000000000e+00 6.747733516025935074e+00 9.199999999999999845e-02
9.369062000000000000e+07 1.000000000000000000e+00 6.500000000000000000e+01 4.168260000000000218e+03 1.370933775019601308e+04 1.126464541742616348e+04 0.000000000000000000e+00 8.103690261359169256e+00 6.099999999999999867e-02
9.368962600000000000e+07 1.000000000000000000e+00 6.500000000000000000e+01 4.193479999999999563e+03 1.369526775019601337e+04 1.125163141742616426e+04 0.000000000000000000e+00 5.642806589451517141e+00 6.099999999999999867e-02
9.368962600000000000e+07 1.000000000000000000e+00 6.500000000000000000e+01 4.197050000000000182e+03 1.369560775019601351e+04 1.124566641742616412e+04 0.000000000000000000e+00 2.257107486478365566e+00 9.199999999999999845e-02
9.368962500000000000e+07 1.000000000000000000e+00 6.500000000000000000e+01 4.191309999999999491e+03 1.369421775019601228e+04 1.124750141742616324e+04 0.000000000000000000e+00 3.428846089349609549e+00 6.099999999999999867e-02
9.369062800000000000e+07 1.000000000000000000e+00 6.500000000000000000e+01 4.184590000000000146e+03 1.368854775019601220e+04 1.125035841742616321e+04 0.000000000000000000e+00 8.350627282265216778e+00 9.199999999999999845e-02
9.369062500000000000e+07 1.000000000000000000e+00 6.600000000000000000e+01 4.184690000000000509e+03 1.368839775019601257e+04 1.125152741742616490e+04 0.000000000000000000e+00 8.892378536490685548e+00 4.169999999999999818e-01
9.369062900000000000e+07 1.000000000000000000e+00 6.500000000000000000e+01 4.192090000000000146e+03 1.368231775019601264e+04 1.124404841742616554e+04 0.000000000000000000e+00 5.075722342987281088e+00 4.169999999999999818e-01
9.369062800000000000e+07 1.000000000000000000e+00 6.500000000000000000e+01 4.193360000000000582e+03 1.367207775019601286e+04 1.124248041742616442e+04 0.000000000000000000e+00 9.371268282294728635e+00 5.000000000000000000e-01
9.369062800000000000e+07 1.000000000000000000e+00 6.500000000000000000e+01 4.193360000000000582e+03 1.367207775019601286e+04 1.124248041742616442e+04 0.000000000000000000e+00 9.371268282294728635e+00 7.264929999999999666e+00
9.369062800000000000e+07 1.000000000000000000e+00 6.500000000000000000e+01 4.191789999999999964e+03 1.368140775019601278e+04 1.124138541742616508e+04 0.000000000000000000e+00 3.375790528514792666e+00 5.345979999999999954e+00
9.368864200000000000e+07 1.000000000000000000e+00 6.500000000000000000e+01 4.150899999999999636e+03 1.364577775019601359e+04 1.117655221742616413e+04 0.000000000000000000e+00 3.046254488294256824e+00 2.400000000000000050e-02
9.368941400000000000e+07 1.000000000000000000e+00 6.600000000000000000e+01 4.150100000000000364e+03 1.364950775019601315e+04 1.118298581742616443e+04 0.000000000000000000e+00 6.458726039328772650e+00 4.600000000000000200e-01
9.368863700000000000e+07 1.000000000000000000e+00 6.600000000000000000e+01 4.148959999999999127e+03 1.365153775019601198e+04 1.118709961742616360e+04 0.000000000000000000e+00 8.073936695890049364e+00 9.199999999999999845e-02
9.368863600000000000e+07 1.000000000000000000e+00 6.600000000000000000e+01 4.151609999999999673e+03 1.365743775019601344e+04 1.118962081742616465e+04 0.000000000000000000e+00 4.557423785697663376e+00 2.039999999999999869e-01
9.368959700000000000e+07 1.000000000000000000e+00 6.500000000000000000e+01 4.148869999999999891e+03 1.366199775019601293e+04 1.118365311742616541e+04 0.000000000000000000e+00 7.379811483735695177e+00 2.400000000000000050e-02
9.368959700000000000e+07 1.000000000000000000e+00 6.500000000000000000e+01 4.147799999999999272e+03 1.366829775019601402e+04 1.119444571742616426e+04 0.000000000000000000e+00 5.205600038967323151e+00 6.099999999999999867e-02
9.369053100000000000e+07 1.000000000000000000e+00 6.600000000000000000e+01 4.149340000000000146e+03 1.367316775019601300e+04 1.120449661742616445e+04 0.000000000000000000e+00 1.985805782261309771e+00 4.169999999999999818e-01
9.368960100000000000e+07 1.000000000000000000e+00 6.600000000000000000e+01 4.148260000000000218e+03 1.367263775019601235e+04 1.119858701742616540e+04 0.000000000000000000e+00 2.088574604164923354e+00 9.199999999999999845e-02
9.368960100000000000e+07 1.000000000000000000e+00 6.600000000000000000e+01 4.147979999999999563e+03 1.367394775019601366e+04 1.119867051742616422e+04 0.000000000000000000e+00 2.560212687191755432e+00 9.199999999999999845e-02
9.369053200000000000e+07 1.000000000000000000e+00 6.600000000000000000e+01 4.147610000000000582e+03 1.366818775019601344e+04 1.121237301742616546e+04 0.000000000000000000e+00 2.259059968731809143e+00 9.199999999999999845e-02
9.369053200000000000e+07 1.000000000000000000e+00 6.600000000000000000e+01 4.148039999999999964e+03 1.366821775019601228e+04 1.121164281742616367e+04 0.000000000000000000e+00 1.728127166882605703e+00 9.199999999999999845e-02
9.368862600000000000e+07 1.000000000000000000e+00 6.600000000000000000e+01 4.146840000000000146e+03 1.366802775019601359e+04 1.121924571742616536e+04 0.000000000000000000e+00 7.400566561877104377e-01 9.813800000000000523e+00
9.368850300000000000e+07 1.000000000000000000e+00 6.600000000000000000e+01 4.139110000000000582e+03 1.363531775019601264e+04 1.115115821742616390e+04 0.000000000000000000e+00 2.440783668345673618e+00 5.298479999999999634e+00
9.852454600000000000e+07 1.000000000000000000e+00 6.600000000000000000e+01 2.599100000000000364e+03 1.256103175019601258e+04 1.137184641742616441e+04 0.000000000000000000e+00 8.277542299238749735e+00 9.199999999999999845e-02
9.852454700000000000e+07 1.000000000000000000e+00 6.600000000000000000e+01 2.594780000000000655e+03 1.255906675019601244e+04 1.137838941742616407e+04 0.000000000000000000e+00 5.493489676390403531e+00 4.169999999999999818e-01
9.852454200000000000e+07 1.000000000000000000e+00 6.500000000000000000e+01 2.583019999999999527e+03 1.255993975019601385e+04 1.138202041742616348e+04 0.000000000000000000e+00 4.546755128857293826e+00 4.169999999999999818e-01
9.852454200000000000e+07 1.000000000000000000e+00 6.500000000000000000e+01 2.577150000000000546e+03 1.255689875019601277e+04 1.138566041742616289e+04 0.000000000000000000e+00 4.264664039770130977e+00 2.400000000000000050e-02
9.852453800000000000e+07 1.000000000000000000e+00 6.600000000000000000e+01 2.571020000000000437e+03 1.255272575019601391e+04 1.138926141742616528e+04 0.000000000000000000e+00 7.762701465240119170e+00 2.400000000000000050e-02
9.852453700000000000e+07 1.000000000000000000e+00 6.600000000000000000e+01 2.568369999999999891e+03 1.255424075019601332e+04 1.139232041742616457e+04 0.000000000000000000e+00 9.083636611691016327e+00 9.199999999999999845e-02
9.852453700000000000e+07 1.000000000000000000e+00 6.600000000000000000e+01 2.564890000000000327e+03 1.255595875019601226e+04 1.139570841742616540e+04 0.000000000000000000e+00 9.522594764433529591e+00 4.169999999999999818e-01
9.852453700000000000e+07 1.000000000000000000e+00 6.600000000000000000e+01 2.564890000000000327e+03 1.255595875019601226e+04 1.139570841742616540e+04 0.000000000000000000e+00 9.522594764433529591e+00 7.141009999999999636e+00
9.852453900000000000e+07 1.000000000000000000e+00 6.600000000000000000e+01 2.573440000000000509e+03 1.253411175019601251e+04 1.137795741742616519e+04 0.000000000000000000e+00 9.362307689769879815e+00 9.199999999999999845e-02
9.852318300000000000e+07 1.000000000000000000e+00 6.600000000000000000e+01 2.573479999999999563e+03 1.251114975019601297e+04 1.136362541742616304e+04 0.000000000000000000e+00 4.302056815126126921e+00 4.169999999999999818e-01
9.852445300000000000e+07 1.000000000000000000e+00 6.500000000000000000e+01 2.569920000000000073e+03 1.251910775019601351e+04 1.136576241742616548e+04 0.000000000000000000e+00 5.243611927613718748e+00 1.078999999999999915e+01
9.852445700000000000e+07 1.000000000000000000e+00 6.600000000000000000e+01 2.574279999999999745e+03 1.252434675019601309e+04 1.135958941742616298e+04 0.000000000000000000e+00 1.064879871923899213e+00 6.099999999999999867e-02
9.852445300000000000e+07 0.000000000000000000e+00 6.500000000000000000e+01 2.568170000000000073e+03 1.252295175019601265e+04 1.135790241742616490e+04 0.000000000000000000e+00 3.302022117893770314e+00 9.199999999999999845e-02
9.852445300000000000e+07 0.000000000000000000e+00 6.500000000000000000e+01 2.567970000000000255e+03 1.252172275019601329e+04 1.135668941742616516e+04 0.000000000000000000e+00 1.907312457198532263e+00 9.199999999999999845e-02
9.852445300000000000e+07 1.000000000000000000e+00 6.500000000000000000e+01 2.568930000000000291e+03 1.251815275019601177e+04 1.136144141742616375e+04 0.000000000000000000e+00 1.429626866038493649e+00 9.199999999999999845e-02
9.852444500000000000e+07 0.000000000000000000e+00 6.500000000000000000e+01 2.545620000000000800e+03 1.251197775019601249e+04 1.136640441742616531e+04 0.000000000000000000e+00 1.286957966036671008e+00 6.099999999999999867e-02
9.852444500000000000e+07 0.000000000000000000e+00 6.500000000000000000e+01 2.545140000000000327e+03 1.251143275019601424e+04 1.136622341742616481e+04 0.000000000000000000e+00 1.704097586530683994e+00 2.400000000000000050e-02
9.852444400000000000e+07 0.000000000000000000e+00 6.500000000000000000e+01 2.544550000000000182e+03 1.251482675019601265e+04 1.137532241742616316e+04 0.000000000000000000e+00 1.214719315964661650e+00 9.199999999999999845e-02
9.852444300000000000e+07 1.000000000000000000e+00 6.500000000000000000e+01 2.545710000000000036e+03 1.251710275019601249e+04 1.137802341742616409e+04 0.000000000000000000e+00 3.670987741556237971e+00 2.400000000000000050e-02
9.852444200000000000e+07 1.000000000000000000e+00 6.500000000000000000e+01 2.546289999999999964e+03 1.251823575019601412e+04 1.137936641742616484e+04 0.000000000000000000e+00 4.030027242761133444e+00 9.199999999999999845e-02
9.852444600000000000e+07 1.000000000000000000e+00 6.600000000000000000e+01 2.546420000000000073e+03 1.252331075019601303e+04 1.138139841742616409e+04 0.000000000000000000e+00 4.757591267166322524e+00 9.199999999999999845e-02
9.852444600000000000e+07 1.000000000000000000e+00 6.600000000000000000e+01 2.545200000000000728e+03 1.252453275019601278e+04 1.138185241742616381e+04 0.000000000000000000e+00 4.085083609391112702e+00 6.099999999999999867e-02
9.852452000000000000e+07 1.000000000000000000e+00 6.600000000000000000e+01 2.539989999999999782e+03 1.252459575019601289e+04 1.140501741742616468e+04 0.000000000000000000e+00 5.635041553024606742e+00 9.199999999999999845e-02
9.852452000000000000e+07 1.000000000000000000e+00 6.600000000000000000e+01 2.539470000000000255e+03 1.252182775019601286e+04 1.140495341742616438e+04 0.000000000000000000e+00 5.958576104124474249e+00 1.000000000000000021e-02
9.852443600000000000e+07 1.000000000000000000e+00 6.600000000000000000e+01 2.538689999999999600e+03 1.251279775019601220e+04 1.140552541742616449e+04 0.000000000000000000e+00 6.899969566610913319e+00 9.199999999999999845e-02
9.852443700000000000e+07 1.000000000000000000e+00 6.600000000000000000e+01 2.539729999999999563e+03 1.251103575019601340e+04 1.140549341742616525e+04 0.000000000000000000e+00 6.782154765638885863e+00 4.169999999999999818e-01
9.852443700000000000e+07 1.000000000000000000e+00 6.600000000000000000e+01 2.539770000000000437e+03 1.251102875019601197e+04 1.140548841742616423e+04 0.000000000000000000e+00 6.790314483737873275e+00 4.169999999999999818e-01
9.852443700000000000e+07 1.000000000000000000e+00 6.600000000000000000e+01 2.541820000000000618e+03 1.250989775019601257e+04 1.140469541742616457e+04 0.000000000000000000e+00 7.027358195423856202e+00 4.169999999999999818e-01
9.852316900000000000e+07 1.000000000000000000e+00 6.600000000000000000e+01 2.544699999999999818e+03 1.250729575019601180e+04 1.140308341742616540e+04 0.000000000000000000e+00 6.605408964633761038e+00 2.400000000000000050e-02
9.852316900000000000e+07 1.000000000000000000e+00 6.600000000000000000e+01 2.545170000000000073e+03 1.250605775019601424e+04 1.140270241742616417e+04 0.000000000000000000e+00 7.383703070003255320e+00 9.199999999999999845e-02
9.852443700000000000e+07 0.000000000000000000e+00 6.600000000000000000e+01 2.532250000000000000e+03 1.250601075019601194e+04 1.139459141742616339e+04 0.000000000000000000e+00 1.659564901274088067e+00 2.400000000000000050e-02
9.852443700000000000e+07 0.000000000000000000e+00 6.600000000000000000e+01 2.531770000000000437e+03 1.250686375019601292e+04 1.139441541742616391e+04 0.000000000000000000e+00 1.365279298138222464e+00 9.199999999999999845e-02
9.852443500000000000e+07 1.000000000000000000e+00 6.600000000000000000e+01 2.526260000000000218e+03 1.250638975019601276e+04 1.140730941742616415e+04 0.000000000000000000e+00 1.157789591665008277e+00 9.199999999999999845e-02
9.852443500000000000e+07 0.000000000000000000e+00 6.600000000000000000e+01 2.526190000000000509e+03 1.250004075019601260e+04 1.139735841742616321e+04 0.000000000000000000e+00 4.216127491137313221e+00 9.199999999999999845e-02
9.852443700000000000e+07 1.000000000000000000e+00 6.500000000000000000e+01 2.529890000000000327e+03 1.250000075019601354e+04 1.139201141742616528e+04 0.000000000000000000e+00 1.678176422936096701e+00 2.400000000000000050e-02
9.852443600000000000e+07 1.000000000000000000e+00 6.500000000000000000e+01 2.530800000000000182e+03 1.249156875019601284e+04 1.138632141742616295e+04 0.000000000000000000e+00 3.220463037411121832e+00 6.099999999999999867e-02
9.852443600000000000e+07 1.000000000000000000e+00 6.500000000000000000e+01 2.528820000000000618e+03 1.248874475019601232e+04 1.138231941742616436e+04 0.000000000000000000e+00 6.868672219702555815e+00 9.199999999999999845e-02
9.852443200000000000e+07 1.000000000000000000e+00 6.600000000000000000e+01 2.535579999999999927e+03 1.248342175019601200e+04 1.139522041742616420e+04 0.000000000000000000e+00 1.295837975145157195e+00 2.400000000000000050e-02
9.852443800000000000e+07 1.000000000000000000e+00 6.500000000000000000e+01 2.528899999999999636e+03 1.250263775019601235e+04 1.138398241742616301e+04 0.000000000000000000e+00 4.114750340982202381e+00 6.099999999999999867e-02
9.852443700000000000e+07 1.000000000000000000e+00 6.500000000000000000e+01 2.527250000000000000e+03 1.249872475019601188e+04 1.138360441742616422e+04 0.000000000000000000e+00 3.625703306326025555e+00 9.199999999999999845e-02
9.852443700000000000e+07 1.000000000000000000e+00 6.500000000000000000e+01 2.528590000000000146e+03 1.249707775019601286e+04 1.138238341742616467e+04 0.000000000000000000e+00 2.254226688943274937e+00 2.400000000000000050e-02
9.852445300000000000e+07 1.000000000000000000e+00 6.500000000000000000e+01 2.569920000000000073e+03 1.251910775019601351e+04 1.136576241742616548e+04 0.000000000000000000e+00 5.243611927613718748e+00 3.868329999999999824e+00
1.212203240000000000e+08 1.000000000000000000e+00 6.600000000000000000e+01 4.615119999999999891e+03 1.157779975019601261e+04 1.409713041742616406e+04 1.000000000000000000e+00 7.682745433614657227e-01 5.440000000000000000e+02
1.212203270000000000e+08 0.000000000000000000e+00 6.500000000000000000e+01 4.610059999999999491e+03 1.157049175019601171e+04 1.409326041742616508e+04 1.000000000000000000e+00 2.648555619190506860e+00 5.440000000000000000e+02
1.092370680000000000e+08 1.000000000000000000e+00 6.500000000000000000e+01 1.272054999999999927e+04 9.828417750196013003e+03 1.270082041742616457e+04 1.000000000000000000e+00 7.528063178130121047e-01 5.440000000000000000e+02
1.212215290000000000e+08 0.000000000000000000e+00 6.500000000000000000e+01 4.615789999999999964e+03 1.163351475019601276e+04 1.406863041742616406e+04 1.000000000000000000e+00 2.696991171052488312e+00 5.440000000000000000e+02
1.212203240000000000e+08 0.000000000000000000e+00 6.500000000000000000e+01 4.615449999999999818e+03 1.158022575019601209e+04 1.408660041742616522e+04 1.000000000000000000e+00 1.829327336590842457e+00 5.440000000000000000e+02
1.092358160000000000e+08 1.000000000000000000e+00 6.600000000000000000e+01 1.272027000000000044e+04 9.805687750196013440e+03 1.272161041742616362e+04 1.000000000000000000e+00 6.032912340880712820e-01 5.440000000000000000e+02
1.212217110000000000e+08 0.000000000000000000e+00 6.600000000000000000e+01 4.594600000000000364e+03 1.157458275019601206e+04 1.408700041742616304e+04 1.000000000000000000e+00 2.885308356417239928e+00 5.440000000000000000e+02
1.212215340000000000e+08 0.000000000000000000e+00 6.600000000000000000e+01 4.601399999999999636e+03 1.163172875019601270e+04 1.408323041742616442e+04 1.000000000000000000e+00 1.424480983807807855e+00 5.440000000000000000e+02
1.212216140000000000e+08 0.000000000000000000e+00 6.600000000000000000e+01 4.589799999999999272e+03 1.166542975019601363e+04 1.411001041742616508e+04 1.000000000000000000e+00 2.824428439213886755e+00 5.440000000000000000e+02
1.212217050000000000e+08 0.000000000000000000e+00 6.600000000000000000e+01 4.600590000000000146e+03 1.155971375019601328e+04 1.407044041742616355e+04 1.000000000000000000e+00 2.859557302724443861e+00 5.440000000000000000e+02
1.212202420000000000e+08 1.000000000000000000e+00 6.500000000000000000e+01 4.648719999999999345e+03 1.156309575019601289e+04 1.409693041742616333e+04 1.000000000000000000e+00 7.587083192429190381e-01 5.440000000000000000e+02
1.212203160000000000e+08 0.000000000000000000e+00 6.600000000000000000e+01 4.618719999999999345e+03 1.160344575019601325e+04 1.409702041742616348e+04 1.000000000000000000e+00 2.091147837402494325e+00 5.440000000000000000e+02
1.035266140000000000e+08 1.000000000000000000e+00 6.600000000000000000e+01 1.224517000000000007e+04 1.036873775019601271e+04 1.215142041742616493e+04 1.000000000000000000e+00 5.729958585932741766e-01 5.440000000000000000e+02
1.035820090000000000e+08 1.000000000000000000e+00 6.600000000000000000e+01 1.263397999999999956e+04 1.014774775019601293e+04 1.214566041742616471e+04 1.000000000000000000e+00 5.757005493162045129e-01 5.440000000000000000e+02
1.155755620000000000e+08 0.000000000000000000e+00 6.500000000000000000e+01 4.342090000000000146e+03 1.234679375019601321e+04 1.358361041742616362e+04 1.000000000000000000e+00 1.568875897703617017e+00 5.440000000000000000e+02
1.163036890000000000e+08 1.000000000000000000e+00 6.500000000000000000e+01 4.392050000000000182e+03 1.224184275019601409e+04 1.386454041742616391e+04 1.000000000000000000e+00 7.755834903073276498e-01 5.440000000000000000e+02
1.212214930000000000e+08 1.000000000000000000e+00 6.500000000000000000e+01 4.613619999999999891e+03 1.169512075019601252e+04 1.403271041742616399e+04 1.000000000000000000e+00 4.779333768365716661e-01 5.440000000000000000e+02
1.212213620000000000e+08 0.000000000000000000e+00 6.600000000000000000e+01 4.592340000000000146e+03 1.166944175019601244e+04 1.414055041742616413e+04 1.000000000000000000e+00 2.769517583040765896e+00 5.440000000000000000e+02
1.000352470000000000e+08 0.000000000000000000e+00 6.600000000000000000e+01 1.097602999999999884e+04 1.112693975019601203e+04 1.189058841742616460e+04 1.000000000000000000e+00 2.852369012178974206e+00 5.440000000000000000e+02
1.057618720000000000e+08 1.000000000000000000e+00 6.500000000000000000e+01 1.264238000000000102e+04 1.004737775019601395e+04 1.246479041742616391e+04 1.000000000000000000e+00 6.335781753659887050e-01 5.440000000000000000e+02
1.035825300000000000e+08 0.000000000000000000e+00 6.500000000000000000e+01 1.265075000000000000e+04 1.015338775019601235e+04 1.204498041742616442e+04 1.000000000000000000e+00 1.640571266499828207e+00 5.440000000000000000e+02
1.035825220000000000e+08 0.000000000000000000e+00 6.600000000000000000e+01 1.265270999999999913e+04 1.017210775019601351e+04 1.202342541742616413e+04 1.000000000000000000e+00 1.181553809795314214e+00 5.440000000000000000e+02
9.916170300000000000e+07 0.000000000000000000e+00 6.600000000000000000e+01 8.432745000000000800e+03 1.176784195019601248e+04 1.189603741742616330e+04 1.000000000000000000e+00 2.314123260131312421e+00 5.440000000000000000e+02
1.042967570000000000e+08 0.000000000000000000e+00 6.600000000000000000e+01 5.670100000000000364e+03 1.180843355019601222e+04 1.203749741742616425e+04 1.000000000000000000e+00 2.440335735688133667e+00 5.440000000000000000e+02
1.155755650000000000e+08 0.000000000000000000e+00 6.600000000000000000e+01 4.350340000000000146e+03 1.233284075019601369e+04 1.358333041742616479e+04 1.000000000000000000e+00 2.389922029641983414e+00 5.440000000000000000e+02
1.163039750000000000e+08 1.000000000000000000e+00 6.600000000000000000e+01 4.316100000000000364e+03 1.226049275019601191e+04 1.384466041742616471e+04 1.000000000000000000e+00 6.938835232186153501e-01 5.440000000000000000e+02
1.212217080000000000e+08 1.000000000000000000e+00 6.500000000000000000e+01 4.603079999999999927e+03 1.156771175019601287e+04 1.407888041742616406e+04 1.000000000000000000e+00 7.506895463970458815e-01 5.440000000000000000e+02
1.212212770000000000e+08 0.000000000000000000e+00 6.500000000000000000e+01 4.617680000000000291e+03 1.165760975019601392e+04 1.411708041742616479e+04 1.000000000000000000e+00 2.451144893181005813e+00 5.440000000000000000e+02
1.163039020000000000e+08 0.000000000000000000e+00 6.600000000000000000e+01 4.286239999999999782e+03 1.226271175019601287e+04 1.384262041742616384e+04 1.000000000000000000e+00 1.197019955073630459e+00 5.440000000000000000e+02
1.212213640000000000e+08 0.000000000000000000e+00 6.500000000000000000e+01 4.583079999999999927e+03 1.166872575019601209e+04 1.414786041742616362e+04 1.000000000000000000e+00 2.866129566051282218e+00 5.440000000000000000e+02
