6.441636600000000000e+07 1.000000000000000000e+00 6.600000000000000000e+01 8.000000000000000000e+02 1.035264813969888382e+04 7.551812288577546497e+03 0.000000000000000000e+00 6.443052666741268197e+00 9.199999999999999845e-02
6.441636600000000000e+07 1.000000000000000000e+00 6.600000000000000000e+01 8.000000000000000000e+02 1.035764813969888382e+04 7.551812288577546497e+03 0.000000000000000000e+00 8.017002223726759524e+00 5.090000000000000080e-01
6.441728500000000000e+07 1.000000000000000000e+00 6.500000000000000000e+01 8.000000000000000000e+02 1.034764813969888382e+04 7.556812288577546497e+03 0.000000000000000000e+00 7.476458487886799453e+00 8.499999999999999223e-02
6.441729000000000000e+07 1.000000000000000000e+00 6.600000000000000000e+01 8.100000000000000000e+02 1.034764813969888382e+04 7.556812288577546497e+03 0.000000000000000000e+00 3.883822821856181662e+00 6.099999999999999173e-02
6.441636700000000000e+07 1.000000000000000000e+00 6.600000000000000000e+01 7.900000000000000000e+02 1.035764813969888382e+04 7.556812288577546497e+03 0.000000000000000000e+00 4.734962842002948591e+00 4.410000000000000031e-01
6.441638100000000000e+07 1.000000000000000000e+00 6.600000000000000000e+01 8.000000000000000000e+02 1.030764813969888382e+04 7.581812288577546497e+03 0.000000000000000000e+00 4.451903165716660560e+00 1.378591953506935042e+01
6.441738100000000000e+07 1.000000000000000000e+00 6.600000000000000000e+01 8.000000000000000000e+02 1.030764813969888382e+04 7.586812288577546497e+03 0.000000000000000000e+00 7.784711169266084418e+00 9.199999999999999845e-02
6.441638000000000000e+07 1.000000000000000000e+00 6.600000000000000000e+01 8.000000000000000000e+02 1.031264813969888382e+04 7.586812288577546497e+03 0.000000000000000000e+00 6.469245800841751048e+00 1.431340072966104060e+01
6.564017400000000000e+07 1.000000000000000000e+00 6.600000000000000000e+01 3.900000000000000000e+02 1.018764813969888382e+04 7.731812288577546497e+03 0.000000000000000000e+00 7.110079897133380733e+00 1.605000000000017124e+01
6.563975800000000000e+07 1.000000000000000000e+00 6.600000000000000000e+01 2.600000000000000000e+02 1.017264813969888382e+04 7.751812288577546497e+03 0.000000000000000000e+00 1.337687686165685896e+00 6.099999999999999173e-02
6.563990700000000000e+07 1.000000000000000000e+00 6.500000000000000000e+01 2.700000000000000000e+02 1.017264813969888382e+04 7.751812288577546497e+03 0.000000000000000000e+00 9.309847812482913154e-01 1.160000000000000059e-01
6.563990600000000000e+07 1.000000000000000000e+00 6.500000000000000000e+01 2.700000000000000000e+02 1.017764813969888382e+04 7.751812288577546497e+03 0.000000000000000000e+00 3.301975640644661425e+00 4.169999999999999818e-01
6.564123600000000000e+07 1.000000000000000000e+00 6.500000000000000000e+01 2.800000000000000000e+02 1.017764813969888382e+04 7.751812288577546497e+03 0.000000000000000000e+00 3.573459731895704650e+00 1.219999999999999973e-01
6.564123700000000000e+07 0.000000000000000000e+00 6.500000000000000000e+01 2.900000000000000000e+02 1.018264813969888382e+04 7.751812288577546497e+03 0.000000000000000000e+00 5.425228251652658429e+00 1.309351282160742969e+01
6.563975700000000000e+07 0.000000000000000000e+00 6.600000000000000000e+01 2.600000000000000000e+02 1.017264813969888382e+04 7.756812288577546497e+03 0.000000000000000000e+00 6.635033876866355262e-01 2.400000000000000050e-02
6.563990700000000000e+07 0.000000000000000000e+00 6.500000000000000000e+01 2.700000000000000000e+02 1.017264813969888382e+04 7.756812288577546497e+03 0.000000000000000000e+00 9.622802469146436444e-01 1.160000000000000059e-01
6.563860500000000000e+07 1.000000000000000000e+00 6.500000000000000000e+01 2.800000000000000000e+02 1.017764813969888382e+04 7.756812288577546497e+03 0.000000000000000000e+00 1.674607891140711180e+00 1.348200000000013077e+01
6.563860600000000000e+07 0.000000000000000000e+00 6.500000000000000000e+01 2.900000000000000000e+02 1.017764813969888382e+04 7.756812288577546497e+03 0.000000000000000000e+00 1.798131257742606737e+00 2.753259377279360010e+01
6.563990600000000000e+07 0.000000000000000000e+00 6.500000000000000000e+01 2.700000000000000000e+02 1.017264813969888382e+04 7.761812288577546497e+03 0.000000000000000000e+00 2.981654547739858607e+00 7.834826878438862607e+00
6.564111200000000000e+07 1.000000000000000000e+00 6.500000000000000000e+01 2.000000000000000000e+02 1.017764813969888382e+04 7.766812288577546497e+03 0.000000000000000000e+00 9.756080533877160121e+00 2.052836633949749157e+01
6.563708500000000000e+07 1.000000000000000000e+00 6.600000000000000000e+01 5.287200000000002547e+02 1.009894413969888410e+04 7.823775288577546235e+03 1.000000000000000000e+00 7.458849420505045957e-01 8.100000000000000000e+01
