6.180959000000000000e+06 1.000000000000000000e+00 6.600000000000000000e+01 1.234233831015225587e+04 2.000000000000000000e+02 8.105770413926920810e+02 0.000000000000000000e+00 7.692626867748654007e+00 2.400000000000000050e-02
6.180962000000000000e+06 1.000000000000000000e+00 6.600000000000000000e+01 1.234733831015225587e+04 1.800000000000000000e+02 8.105770413926920810e+02 0.000000000000000000e+00 3.392615826349304253e+00 9.199999999999999845e-02
6.180961000000000000e+06 1.000000000000000000e+00 6.600000000000000000e+01 1.234733831015225587e+04 1.800000000000000000e+02 8.155770413926920810e+02 0.000000000000000000e+00 2.684868090637877458e+00 1.078999999999999027e+01
6.180960000000000000e+06 1.000000000000000000e+00 6.600000000000000000e+01 1.234733831015225587e+04 1.900000000000000000e+02 8.155770413926920810e+02 0.000000000000000000e+00 6.039943695425577630e+00 5.090000000000000080e-01
6.181795000000000000e+06 1.000000000000000000e+00 6.600000000000000000e+01 1.235233831015225587e+04 6.000000000000000000e+01 7.855770413926920810e+02 0.000000000000000000e+00 9.771299906009856429e+00 7.454912401367083774e+00
6.180965000000000000e+06 1.000000000000000000e+00 6.500000000000000000e+01 1.235233831015225587e+04 1.800000000000000000e+02 8.055770413926920810e+02 0.000000000000000000e+00 6.369174165582265346e+00 9.199999999999999845e-02
6.180966000000000000e+06 1.000000000000000000e+00 6.500000000000000000e+01 1.235233831015225587e+04 1.700000000000000000e+02 8.105770413926920810e+02 0.000000000000000000e+00 4.805643576399175387e+00 1.565134724245569942e+01
6.180963000000000000e+06 1.000000000000000000e+00 6.600000000000000000e+01 1.235233831015225587e+04 1.700000000000000000e+02 8.155770413926920810e+02 0.000000000000000000e+00 6.484807822868814853e+00 9.199999999999999845e-02
6.180961000000000000e+06 1.000000000000000000e+00 6.600000000000000000e+01 1.235233831015225587e+04 1.800000000000000000e+02 8.155770413926920810e+02 0.000000000000000000e+00 7.020870187283339448e+00 1.692819076055393879e+01
6.180271000000000000e+06 1.000000000000000000e+00 6.500000000000000000e+01 1.235733831015225587e+04 6.000000000000000000e+01 7.855770413926920810e+02 0.000000000000000000e+00 8.891934452558952984e+00 9.199999999999999845e-02
6.181064000000000000e+06 1.000000000000000000e+00 6.600000000000000000e+01 1.235733831015225587e+04 1.400000000000000000e+02 7.955770413926920810e+02 0.000000000000000000e+00 1.345237867525467923e+00 2.400000000000000050e-02
6.180972000000000000e+06 1.000000000000000000e+00 6.600000000000000000e+01 1.235733831015225587e+04 1.500000000000000000e+02 8.005770413926920810e+02 0.000000000000000000e+00 4.467751837054845687e+00 9.199999999999999845e-02
6.180966000000000000e+06 1.000000000000000000e+00 6.500000000000000000e+01 1.235733831015225587e+04 1.700000000000000000e+02 8.105770413926920810e+02 0.000000000000000000e+00 7.751474687199277902e+00 1.088200000000004941e+01
6.180896000000000000e+06 1.000000000000000000e+00 6.600000000000000000e+01 1.236233831015225587e+04 1.400000000000000000e+02 7.955770413926920810e+02 0.000000000000000000e+00 1.671937942888724438e+00 7.479065421189348584e+00
6.180898000000000000e+06 1.000000000000000000e+00 6.600000000000000000e+01 1.236233831015225587e+04 1.500000000000000000e+02 8.005770413926920810e+02 0.000000000000000000e+00 1.928089258232956738e+00 9.199999999999999845e-02
6.180966000000000000e+06 1.000000000000000000e+00 6.500000000000000000e+01 1.236233831015225587e+04 1.700000000000000000e+02 8.055770413926920810e+02 0.000000000000000000e+00 9.217865665213897941e+00 1.457760073234778986e+01
6.181044000000000000e+06 1.000000000000000000e+00 6.500000000000000000e+01 1.236233831015225587e+04 1.700000000000000000e+02 8.255770413926920810e+02 0.000000000000000000e+00 5.011834933272747428e+00 1.870914080376348920e+01
6.181911000000000000e+06 1.000000000000000000e+00 6.600000000000000000e+01 1.236733831015225587e+04 9.000000000000000000e+01 7.805770413926920810e+02 0.000000000000000000e+00 8.872909118132643158e+00 5.330000000000000293e-01
6.181067000000000000e+06 1.000000000000000000e+00 6.500000000000000000e+01 1.236733831015225587e+04 1.400000000000000000e+02 7.955770413926920810e+02 0.000000000000000000e+00 1.895648098866300479e+00 7.819606456808007700e+00
6.180897000000000000e+06 1.000000000000000000e+00 6.600000000000000000e+01 1.236733831015225587e+04 1.500000000000000000e+02 7.955770413926920810e+02 0.000000000000000000e+00 4.998181865808044577e+00 9.199999999999999845e-02
6.180897000000000000e+06 1.000000000000000000e+00 6.600000000000000000e+01 1.236733831015225587e+04 1.400000000000000000e+02 8.005770413926920810e+02 0.000000000000000000e+00 4.640383287172185511e+00 1.018999999999999906e+00
6.180898000000000000e+06 1.000000000000000000e+00 6.600000000000000000e+01 1.236733831015225587e+04 1.500000000000000000e+02 8.055770413926920810e+02 0.000000000000000000e+00 4.576584197280491040e+00 9.199999999999999845e-02
6.180899000000000000e+06 1.000000000000000000e+00 6.600000000000000000e+01 1.236733831015225587e+04 1.500000000000000000e+02 8.105770413926920810e+02 0.000000000000000000e+00 3.952047332921907685e+00 1.079000000000004000e+01
6.181911000000000000e+06 1.000000000000000000e+00 6.500000000000000000e+01 1.237233831015225587e+04 1.200000000000000000e+02 7.505770413926920810e+02 0.000000000000000000e+00 2.661096082639240912e+00 9.199999999999999845e-02
6.181914000000000000e+06 1.000000000000000000e+00 6.600000000000000000e+01 1.237233831015225587e+04 1.200000000000000000e+02 7.755770413926920810e+02 0.000000000000000000e+00 9.225305175214021602e+00 6.099999999999999173e-02
6.180281000000000000e+06 1.000000000000000000e+00 6.500000000000000000e+01 1.237233831015225587e+04 7.000000000000000000e+01 7.805770413926920810e+02 0.000000000000000000e+00 9.510090323799690992e+00 9.199999999999999845e-02
6.181066000000000000e+06 1.000000000000000000e+00 6.500000000000000000e+01 1.237233831015225587e+04 1.400000000000000000e+02 7.805770413926920810e+02 0.000000000000000000e+00 8.263686853116048781e+00 9.199999999999999845e-02
6.181069000000000000e+06 1.000000000000000000e+00 6.600000000000000000e+01 1.237233831015225587e+04 1.200000000000000000e+02 7.855770413926920810e+02 0.000000000000000000e+00 7.186940252978375909e+00 5.920000000000000817e-01
6.181069000000000000e+06 0.000000000000000000e+00 6.500000000000000000e+01 1.237233831015225587e+04 1.300000000000000000e+02 7.955770413926920810e+02 0.000000000000000000e+00 1.843912344691940541e+00 9.199999999999999845e-02
6.181068000000000000e+06 1.000000000000000000e+00 6.500000000000000000e+01 1.237233831015225587e+04 1.400000000000000000e+02 7.955770413926920810e+02 0.000000000000000000e+00 1.588201408724964514e+00 1.160000000000000059e-01
6.180897000000000000e+06 1.000000000000000000e+00 6.600000000000000000e+01 1.237233831015225587e+04 1.500000000000000000e+02 7.955770413926920810e+02 0.000000000000000000e+00 9.085368648890996823e+00 2.400000000000000050e-02
6.181050000000000000e+06 1.000000000000000000e+00 6.600000000000000000e+01 1.237233831015225587e+04 1.500000000000000000e+02 8.105770413926920810e+02 0.000000000000000000e+00 7.654606128534739540e+00 1.339000000000016044e+01
6.181910000000000000e+06 1.000000000000000000e+00 6.500000000000000000e+01 1.237733831015225587e+04 1.200000000000000000e+02 7.505770413926920810e+02 0.000000000000000000e+00 4.124140090529591518e+00 7.896228031488424115e+00
6.181910000000000000e+06 1.000000000000000000e+00 6.500000000000000000e+01 1.237733831015225587e+04 1.200000000000000000e+02 7.605770413926920810e+02 0.000000000000000000e+00 2.217653819865748499e+00 8.220000000000000639e+00
6.181908000000000000e+06 1.000000000000000000e+00 6.500000000000000000e+01 1.237733831015225587e+04 1.100000000000000000e+02 7.755770413926920810e+02 0.000000000000000000e+00 4.493070402466961433e+00 9.199999999999999845e-02
6.180282000000000000e+06 1.000000000000000000e+00 6.500000000000000000e+01 1.237733831015225587e+04 8.000000000000000000e+01 7.805770413926920810e+02 0.000000000000000000e+00 6.489590778654702241e+00 4.169999999999999818e-01
6.181908000000000000e+06 1.000000000000000000e+00 6.500000000000000000e+01 1.237733831015225587e+04 1.100000000000000000e+02 7.805770413926920810e+02 0.000000000000000000e+00 7.862194068353029586e+00 8.499999999999999223e-02
6.181071000000000000e+06 1.000000000000000000e+00 6.600000000000000000e+01 1.237733831015225587e+04 1.400000000000000000e+02 7.805770413926920810e+02 0.000000000000000000e+00 7.837511886792025706e+00 1.529999999999999971e-01
6.181948000000000000e+06 1.000000000000000000e+00 6.500000000000000000e+01 1.237733831015225587e+04 1.600000000000000000e+02 7.855770413926920810e+02 0.000000000000000000e+00 8.260985937421814640e+00 2.400000000000000050e-02
6.181947000000000000e+06 1.000000000000000000e+00 6.500000000000000000e+01 1.237733831015225587e+04 1.600000000000000000e+02 7.905770413926920810e+02 0.000000000000000000e+00 9.381879197567783990e+00 4.779999999999999805e-01
6.181069000000000000e+06 1.000000000000000000e+00 6.500000000000000000e+01 1.237733831015225587e+04 1.400000000000000000e+02 8.005770413926920810e+02 0.000000000000000000e+00 5.025104986600292811e+00 2.039999999999999869e-01
6.181908000000000000e+06 1.000000000000000000e+00 6.500000000000000000e+01 1.238233831015225587e+04 1.100000000000000000e+02 7.655770413926920810e+02 0.000000000000000000e+00 1.293965278433561128e+00 4.410000000000000031e-01
6.180285000000000000e+06 1.000000000000000000e+00 6.600000000000000000e+01 1.238233831015225587e+04 7.000000000000000000e+01 7.755770413926920810e+02 0.000000000000000000e+00 5.718078089677449682e+00 4.169999999999999818e-01
6.180286000000000000e+06 1.000000000000000000e+00 6.600000000000000000e+01 1.238233831015225587e+04 8.000000000000000000e+01 7.755770413926920810e+02 0.000000000000000000e+00 4.591511948782413199e+00 4.003090355129202749e+01
6.181908000000000000e+06 1.000000000000000000e+00 6.500000000000000000e+01 1.238233831015225587e+04 1.100000000000000000e+02 7.755770413926920810e+02 0.000000000000000000e+00 4.932117513207048276e+00 6.977223009101618345e+01
6.180282000000000000e+06 1.000000000000000000e+00 6.500000000000000000e+01 1.238233831015225587e+04 8.000000000000000000e+01 7.805770413926920810e+02 0.000000000000000000e+00 2.301062797265355009e+00 8.309219129696449713e+00
6.180206000000000000e+06 1.000000000000000000e+00 6.600000000000000000e+01 1.238233831015225587e+04 1.100000000000000000e+02 7.805770413926920810e+02 0.000000000000000000e+00 6.182857241079044996e+00 9.199999999999999845e-02
6.180207000000000000e+06 1.000000000000000000e+00 6.600000000000000000e+01 1.238233831015225587e+04 1.200000000000000000e+02 7.805770413926920810e+02 0.000000000000000000e+00 7.438173455811075030e+00 4.784623190491068101e+01
6.181072000000000000e+06 1.000000000000000000e+00 6.600000000000000000e+01 1.238233831015225587e+04 1.400000000000000000e+02 7.855770413926920810e+02 0.000000000000000000e+00 5.262794047513209783e+00 2.400000000000000050e-02
6.181948000000000000e+06 1.000000000000000000e+00 6.500000000000000000e+01 1.238233831015225587e+04 1.600000000000000000e+02 7.855770413926920810e+02 0.000000000000000000e+00 4.789361377497400873e+00 2.139999999999999958e-01
6.181071000000000000e+06 1.000000000000000000e+00 6.600000000000000000e+01 1.238233831015225587e+04 1.300000000000000000e+02 7.905770413926920810e+02 0.000000000000000000e+00 1.223658323233483891e+00 1.000000000000000000e+01
6.181948000000000000e+06 1.000000000000000000e+00 6.500000000000000000e+01 1.238233831015225587e+04 1.600000000000000000e+02 7.905770413926920810e+02 0.000000000000000000e+00 6.474287322260628308e+00 7.492580198897951682e+00
6.181070000000000000e+06 1.000000000000000000e+00 6.500000000000000000e+01 1.238233831015225587e+04 1.300000000000000000e+02 8.055770413926920810e+02 0.000000000000000000e+00 4.148685975713418905e+00 4.605422892537780655e+01
6.180286000000000000e+06 1.000000000000000000e+00 6.600000000000000000e+01 1.238733831015225587e+04 8.000000000000000000e+01 7.755770413926920810e+02 0.000000000000000000e+00 1.125648034853934609e+00 6.009999999999999787e-01
6.180284000000000000e+06 0.000000000000000000e+00 6.600000000000000000e+01 1.238733831015225587e+04 7.000000000000000000e+01 7.805770413926920810e+02 0.000000000000000000e+00 3.850716847973107093e+00 6.099999999999999173e-02
6.180280000000000000e+06 0.000000000000000000e+00 6.500000000000000000e+01 1.238733831015225587e+04 6.000000000000000000e+01 7.855770413926920810e+02 0.000000000000000000e+00 4.583200796152654632e+00 1.339000000000006985e+01
6.180282000000000000e+06 0.000000000000000000e+00 6.500000000000000000e+01 1.238733831015225587e+04 7.000000000000000000e+01 7.855770413926920810e+02 0.000000000000000000e+00 7.396169302584129079e-01 2.040725296656161092e+01
6.181072000000000000e+06 1.000000000000000000e+00 6.600000000000000000e+01 1.238733831015225587e+04 1.400000000000000000e+02 7.855770413926920810e+02 0.000000000000000000e+00 7.255005355552730073e+00 6.099999999999999173e-02
6.181072000000000000e+06 1.000000000000000000e+00 6.600000000000000000e+01 1.238733831015225587e+04 1.400000000000000000e+02 7.905770413926920810e+02 0.000000000000000000e+00 4.939868345954397277e+00 9.199999999999999845e-02
6.180284000000000000e+06 1.000000000000000000e+00 6.600000000000000000e+01 1.239233831015225587e+04 6.000000000000000000e+01 7.705770413926920810e+02 0.000000000000000000e+00 8.697269763296805678e+00 1.673529332048456908e+01
6.180284000000000000e+06 0.000000000000000000e+00 6.600000000000000000e+01 1.239233831015225587e+04 7.000000000000000000e+01 7.805770413926920810e+02 0.000000000000000000e+00 1.092799995981507566e+00 2.400000000000000050e-02
6.181073000000000000e+06 1.000000000000000000e+00 6.600000000000000000e+01 1.239233831015225587e+04 1.400000000000000000e+02 7.855770413926920810e+02 0.000000000000000000e+00 9.879331649967237894e+00 6.099999999999999173e-02
1.079106200000000000e+07 0.000000000000000000e+00 6.500000000000000000e+01 1.264754981015225712e+04 1.913999999999941792e+01 1.044337941392692301e+03 1.000000000000000000e+00 1.792370184862038363e+00 5.000000000000000000e+00
