5.341645000000000000e+06 1.000000000000000000e+00 6.600000000000000000e+01 6.548447147118694375e+03 4.475515924614455798e+02 4.000000000000000000e+02 0.000000000000000000e+00 4.521568976833911790e+00 6.099999999999999173e-02
5.341644000000000000e+06 1.000000000000000000e+00 6.600000000000000000e+01 6.548447147118694375e+03 4.475515924614455798e+02 4.100000000000000000e+02 0.000000000000000000e+00 3.603493334045074992e+00 6.099999999999999173e-02
5.341645000000000000e+06 1.000000000000000000e+00 6.600000000000000000e+01 6.548447147118694375e+03 4.525515924614455798e+02 4.000000000000000000e+02 0.000000000000000000e+00 8.695085429524127107e+00 7.438704610957943331e+00
5.341644000000000000e+06 1.000000000000000000e+00 6.600000000000000000e+01 6.548447147118694375e+03 4.525515924614455798e+02 4.100000000000000000e+02 0.000000000000000000e+00 8.449975669962785929e+00 6.010000000000000897e-01
5.343268000000000000e+06 0.000000000000000000e+00 6.500000000000000000e+01 6.573447147118694375e+03 4.325515924614455798e+02 4.300000000000000000e+02 0.000000000000000000e+00 8.856798327565127416e-01 9.199999999999999845e-02
5.343269000000000000e+06 0.000000000000000000e+00 6.500000000000000000e+01 6.578447147118694375e+03 4.325515924614455798e+02 4.300000000000000000e+02 0.000000000000000000e+00 2.158849176663096614e+00 6.099999999999999173e-02
5.343269000000000000e+06 0.000000000000000000e+00 6.600000000000000000e+01 6.578447147118694375e+03 4.375515924614455798e+02 4.300000000000000000e+02 0.000000000000000000e+00 9.259282426264285881e-01 9.199999999999999845e-02
5.343272000000000000e+06 0.000000000000000000e+00 6.500000000000000000e+01 6.578447147118694375e+03 4.375515924614455798e+02 4.400000000000000000e+02 0.000000000000000000e+00 1.343237953366958060e+00 7.455418458897024259e+00
5.343179000000000000e+06 1.000000000000000000e+00 6.500000000000000000e+01 6.578447147118694375e+03 4.425515924614455798e+02 4.000000000000000000e+02 0.000000000000000000e+00 1.234453291191273117e+00 1.190319902694426979e+01
5.343179000000000000e+06 1.000000000000000000e+00 6.500000000000000000e+01 6.578447147118694375e+03 4.475515924614455798e+02 4.000000000000000000e+02 0.000000000000000000e+00 2.670427656282306383e+00 1.339000000000008050e+01
5.343270000000000000e+06 1.000000000000000000e+00 6.600000000000000000e+01 6.583447147118694375e+03 4.425515924614455798e+02 4.300000000000000000e+02 0.000000000000000000e+00 1.122754538325792861e+00 9.199999999999999845e-02
5.343273000000000000e+06 1.000000000000000000e+00 6.500000000000000000e+01 6.583447147118694375e+03 4.425515924614455798e+02 4.400000000000000000e+02 0.000000000000000000e+00 9.285426609424486388e-01 6.099999999999999173e-02
5.343182000000000000e+06 1.000000000000000000e+00 6.500000000000000000e+01 6.583447147118694375e+03 4.475515924614455798e+02 4.100000000000000000e+02 0.000000000000000000e+00 5.014127104936007662e+00 1.079000000000002046e+01
5.343265000000000000e+06 1.000000000000000000e+00 6.500000000000000000e+01 6.583447147118694375e+03 4.475515924614455798e+02 4.200000000000000000e+02 0.000000000000000000e+00 5.283210729641740322e+00 1.529999999999999971e-01
5.343273000000000000e+06 1.000000000000000000e+00 6.500000000000000000e+01 6.583447147118694375e+03 4.475515924614455798e+02 4.400000000000000000e+02 0.000000000000000000e+00 3.222596196710029837e+00 1.717999999999999972e+00
5.343178000000000000e+06 1.000000000000000000e+00 6.600000000000000000e+01 6.583447147118694375e+03 4.525515924614455798e+02 4.000000000000000000e+02 0.000000000000000000e+00 1.840299453730399160e+00 5.090000000000000080e-01
5.343273000000000000e+06 0.000000000000000000e+00 6.500000000000000000e+01 6.588447147118694375e+03 4.375515924614455798e+02 4.300000000000000000e+02 0.000000000000000000e+00 2.690091154935324358e+00 6.099999999999999173e-02
5.343179000000000000e+06 0.000000000000000000e+00 6.600000000000000000e+01 6.588447147118694375e+03 4.475515924614455798e+02 3.900000000000000000e+02 0.000000000000000000e+00 6.230561555448272948e-01 9.199999999999999845e-02
5.343179000000000000e+06 1.000000000000000000e+00 6.600000000000000000e+01 6.588447147118694375e+03 4.525515924614455798e+02 4.000000000000000000e+02 0.000000000000000000e+00 4.052986633127519944e+00 9.199999999999999845e-02
5.343274000000000000e+06 1.000000000000000000e+00 6.500000000000000000e+01 6.588447147118694375e+03 4.525515924614455798e+02 4.300000000000000000e+02 0.000000000000000000e+00 8.813041566114360847e+00 9.199999999999999845e-02
