1.233790590000000000e+08 1.000000000000000000e+00 6.500000000000000000e+01 1.110000000000000000e+03 3.880946881506692080e+03 1.446434807892872777e+04 0.000000000000000000e+00 7.548414802239943100e+00 2.039999999999999869e-01
1.233790590000000000e+08 1.000000000000000000e+00 6.500000000000000000e+01 1.110000000000000000e+03 3.885946881506692080e+03 1.446434807892872777e+04 0.000000000000000000e+00 9.774578307712086911e+00 8.349999999999999645e-01
1.233797210000000000e+08 1.000000000000000000e+00 6.600000000000000000e+01 1.130000000000000000e+03 3.910946881506692080e+03 1.446434807892872777e+04 0.000000000000000000e+00 2.889533409660179686e+00 1.079000000000002046e+01
1.233797210000000000e+08 1.000000000000000000e+00 6.600000000000000000e+01 1.130000000000000000e+03 3.915946881506692080e+03 1.446434807892872777e+04 0.000000000000000000e+00 4.484541296938469590e-01 2.841039566109438042e+01
1.233797200000000000e+08 1.000000000000000000e+00 6.600000000000000000e+01 1.140000000000000000e+03 3.915946881506692080e+03 1.446434807892872777e+04 0.000000000000000000e+00 3.445730001952993948e+00 9.199999999999999845e-02
1.233797210000000000e+08 1.000000000000000000e+00 6.600000000000000000e+01 1.130000000000000000e+03 3.920946881506692080e+03 1.446434807892872777e+04 0.000000000000000000e+00 4.423490413039258051e+00 1.395365576157150933e+01
1.233797200000000000e+08 1.000000000000000000e+00 6.600000000000000000e+01 1.140000000000000000e+03 3.920946881506692080e+03 1.446434807892872777e+04 0.000000000000000000e+00 6.160103108981158648e+00 1.097400000000000020e+01
1.233797230000000000e+08 1.000000000000000000e+00 6.500000000000000000e+01 1.140000000000000000e+03 3.925946881506692080e+03 1.446434807892872777e+04 0.000000000000000000e+00 6.318305315239164166e+00 8.499999999999999223e-02
1.233797200000000000e+08 1.000000000000000000e+00 6.600000000000000000e+01 1.140000000000000000e+03 3.920946881506692080e+03 1.446934807892872777e+04 0.000000000000000000e+00 6.351980761979533874e+00 1.100400000000002088e+01
1.233797240000000000e+08 1.000000000000000000e+00 6.500000000000000000e+01 1.130000000000000000e+03 3.925946881506692080e+03 1.446934807892872777e+04 0.000000000000000000e+00 1.097459953329454008e+00 7.743878782794411109e+00
1.233797230000000000e+08 1.000000000000000000e+00 6.500000000000000000e+01 1.140000000000000000e+03 3.925946881506692080e+03 1.446934807892872777e+04 0.000000000000000000e+00 6.523018576077964426e+00 1.111217586085084008e+01
1.233797670000000000e+08 1.000000000000000000e+00 6.500000000000000000e+01 1.090000000000000000e+03 3.880946881506692080e+03 1.447434807892872777e+04 0.000000000000000000e+00 9.863904281895903736e+00 1.565689262975583063e+01
1.233790570000000000e+08 1.000000000000000000e+00 6.500000000000000000e+01 1.120000000000000000e+03 3.890946881506692080e+03 1.447434807892872777e+04 0.000000000000000000e+00 2.579516321028826109e+00 9.199999999999999845e-02
1.233797200000000000e+08 1.000000000000000000e+00 6.600000000000000000e+01 1.140000000000000000e+03 3.920946881506692080e+03 1.447434807892872777e+04 0.000000000000000000e+00 9.630599612061381265e+00 9.199999999999999845e-02
1.233797240000000000e+08 1.000000000000000000e+00 6.500000000000000000e+01 1.140000000000000000e+03 3.925946881506692080e+03 1.447434807892872777e+04 0.000000000000000000e+00 8.984673892860145727e+00 2.556905227180550000e+01
1.233790570000000000e+08 1.000000000000000000e+00 6.500000000000000000e+01 1.120000000000000000e+03 3.890946881506692080e+03 1.447934807892872777e+04 0.000000000000000000e+00 3.312953530045271933e+00 7.099999999999999367e-02
1.233780140000000000e+08 1.000000000000000000e+00 6.500000000000000000e+01 1.120000000000000000e+03 3.895946881506692080e+03 1.447934807892872777e+04 0.000000000000000000e+00 2.526810528277018797e+00 1.839999999999999969e-01
1.233780090000000000e+08 1.000000000000000000e+00 6.500000000000000000e+01 1.140000000000000000e+03 3.920946881506692080e+03 1.447934807892872777e+04 0.000000000000000000e+00 9.050084559329439671e+00 9.199999999999999845e-02
1.233797250000000000e+08 1.000000000000000000e+00 6.500000000000000000e+01 1.130000000000000000e+03 3.930946881506692080e+03 1.447934807892872777e+04 0.000000000000000000e+00 6.459839349290388277e+00 1.400000000000000133e-01
1.233789540000000000e+08 1.000000000000000000e+00 6.500000000000000000e+01 1.070000000000000000e+03 3.880946881506692080e+03 1.448934807892872777e+04 0.000000000000000000e+00 5.525347125368978318e+00 3.229999999999998295e+01
1.233797600000000000e+08 1.000000000000000000e+00 6.600000000000000000e+01 1.070000000000000000e+03 3.895946881506692080e+03 1.448934807892872777e+04 0.000000000000000000e+00 9.228412536147709844e+00 1.489000000000000101e+00
1.233789630000000000e+08 1.000000000000000000e+00 6.500000000000000000e+01 1.090000000000000000e+03 3.900946881506692080e+03 1.448934807892872777e+04 0.000000000000000000e+00 9.863129719528112460e+00 4.779999999999999805e-01
1.233780090000000000e+08 0.000000000000000000e+00 6.600000000000000000e+01 1.140000000000000000e+03 3.900946881506692080e+03 1.448934807892872777e+04 0.000000000000000000e+00 1.885917751647891771e+00 1.563090035014469947e+01
1.233788760000000000e+08 1.000000000000000000e+00 6.500000000000000000e+01 1.090000000000000000e+03 3.905946881506692080e+03 1.448934807892872777e+04 0.000000000000000000e+00 8.470268850602725053e+00 1.405319374528368925e+01
1.233266820000000000e+08 1.000000000000000000e+00 6.500000000000000000e+01 7.600000000000000000e+02 3.830946881506692080e+03 1.449434807892872777e+04 0.000000000000000000e+00 3.421169188371091074e+00 9.204280426956966465e+00
1.233789580000000000e+08 1.000000000000000000e+00 6.600000000000000000e+01 1.080000000000000000e+03 3.890946881506692080e+03 1.449434807892872777e+04 0.000000000000000000e+00 5.844166935464464530e+00 2.627763364371372035e+01
1.233789620000000000e+08 1.000000000000000000e+00 6.500000000000000000e+01 1.090000000000000000e+03 3.895946881506692080e+03 1.449434807892872777e+04 0.000000000000000000e+00 5.402988188332454200e+00 1.644158344623496149e+01
1.233789620000000000e+08 1.000000000000000000e+00 6.500000000000000000e+01 1.090000000000000000e+03 3.900946881506692080e+03 1.449434807892872777e+04 0.000000000000000000e+00 8.862679980129028579e+00 9.199999999999999845e-02
1.233787060000000000e+08 1.000000000000000000e+00 6.600000000000000000e+01 1.080000000000000000e+03 3.915946881506692080e+03 1.449434807892872777e+04 0.000000000000000000e+00 7.476238082096736903e+00 1.839999999999999969e-01
1.233267650000000000e+08 1.000000000000000000e+00 6.600000000000000000e+01 7.400000000000000000e+02 3.830946881506692080e+03 1.449934807892872777e+04 0.000000000000000000e+00 9.936959259973729530e+00 1.078999999999999915e+01
1.233266810000000000e+08 1.000000000000000000e+00 6.500000000000000000e+01 7.600000000000000000e+02 3.830946881506692080e+03 1.449934807892872777e+04 0.000000000000000000e+00 3.547631543539405019e+00 9.199999999999999845e-02
1.233266810000000000e+08 1.000000000000000000e+00 6.500000000000000000e+01 7.600000000000000000e+02 3.835946881506692080e+03 1.449934807892872777e+04 0.000000000000000000e+00 8.128130451440647164e+00 1.629980569227344134e+01
1.233276250000000000e+08 1.000000000000000000e+00 6.600000000000000000e+01 8.600000000000000000e+02 3.860946881506692080e+03 1.449934807892872777e+04 0.000000000000000000e+00 6.215423911992158601e+00 8.189002175073847312e+00
1.233789520000000000e+08 1.000000000000000000e+00 6.500000000000000000e+01 1.060000000000000000e+03 3.875946881506692080e+03 1.449934807892872777e+04 0.000000000000000000e+00 5.757770175033003923e+00 1.087499999999993960e+01
1.233789520000000000e+08 1.000000000000000000e+00 6.500000000000000000e+01 1.070000000000000000e+03 3.875946881506692080e+03 1.449934807892872777e+04 0.000000000000000000e+00 3.081966828613571074e+00 1.160000000000000059e-01
1.233789520000000000e+08 1.000000000000000000e+00 6.500000000000000000e+01 1.060000000000000000e+03 3.880946881506692080e+03 1.449934807892872777e+04 0.000000000000000000e+00 6.603796089060081087e+00 8.349999999999999645e-01
1.233789580000000000e+08 1.000000000000000000e+00 6.600000000000000000e+01 1.080000000000000000e+03 3.890946881506692080e+03 1.449934807892872777e+04 0.000000000000000000e+00 8.088206009793200479e+00 6.099999999999999173e-02
1.233787060000000000e+08 1.000000000000000000e+00 6.600000000000000000e+01 1.090000000000000000e+03 3.910946881506692080e+03 1.449934807892872777e+04 0.000000000000000000e+00 6.623755641209452705e+00 5.480000000000000426e-01
1.233787060000000000e+08 1.000000000000000000e+00 6.600000000000000000e+01 1.080000000000000000e+03 3.915946881506692080e+03 1.449934807892872777e+04 0.000000000000000000e+00 8.704784904765817899e+00 6.310000000000000053e-01
1.233779990000000000e+08 1.000000000000000000e+00 6.500000000000000000e+01 1.150000000000000000e+03 3.930946881506692080e+03 1.449934807892872777e+04 0.000000000000000000e+00 9.112053293024272582e-01 6.099999999999999173e-02
1.233787090000000000e+08 1.000000000000000000e+00 6.500000000000000000e+01 1.090000000000000000e+03 3.905946881506692080e+03 1.450434807892872777e+04 0.000000000000000000e+00 8.233761767988388769e+00 2.400000000000000050e-02
1.233787090000000000e+08 1.000000000000000000e+00 6.500000000000000000e+01 1.090000000000000000e+03 3.910946881506692080e+03 1.450434807892872777e+04 0.000000000000000000e+00 5.393574688359173308e+00 4.169999999999999818e-01
1.233787900000000000e+08 1.000000000000000000e+00 6.600000000000000000e+01 1.130000000000000000e+03 3.935946881506692080e+03 1.450434807892872777e+04 0.000000000000000000e+00 5.898711200401907107e+00 6.099999999999999173e-02
1.233780000000000000e+08 1.000000000000000000e+00 6.500000000000000000e+01 1.140000000000000000e+03 3.935946881506692080e+03 1.450434807892872777e+04 0.000000000000000000e+00 8.511853775115469034e+00 5.090000000000000080e-01
1.233779960000000000e+08 1.000000000000000000e+00 6.600000000000000000e+01 1.150000000000000000e+03 3.935946881506692080e+03 1.450434807892872777e+04 0.000000000000000000e+00 3.843212960699755154e+00 2.039999999999999869e-01
1.233779970000000000e+08 1.000000000000000000e+00 6.500000000000000000e+01 1.160000000000000000e+03 3.935946881506692080e+03 1.450434807892872777e+04 0.000000000000000000e+00 2.288464356764567942e+00 2.079999999999999905e-01
1.233779960000000000e+08 1.000000000000000000e+00 6.500000000000000000e+01 1.170000000000000000e+03 3.935946881506692080e+03 1.450434807892872777e+04 0.000000000000000000e+00 3.305252545069308212e+00 1.000000000000000021e-02
1.233787920000000000e+08 1.000000000000000000e+00 6.500000000000000000e+01 1.130000000000000000e+03 3.940946881506692080e+03 1.450434807892872777e+04 0.000000000000000000e+00 3.182491458835825959e+00 6.099999999999999173e-02
1.233779940000000000e+08 1.000000000000000000e+00 6.600000000000000000e+01 1.160000000000000000e+03 3.940946881506692080e+03 1.450434807892872777e+04 0.000000000000000000e+00 3.591352094393686745e+00 7.421562848174180438e+00
1.233787920000000000e+08 1.000000000000000000e+00 6.500000000000000000e+01 1.130000000000000000e+03 3.945946881506692080e+03 1.450434807892872777e+04 0.000000000000000000e+00 1.477980585386932555e+00 3.230000000000001137e+01
1.233275650000000000e+08 1.000000000000000000e+00 6.500000000000000000e+01 8.000000000000000000e+02 3.850946881506692080e+03 1.450934807892872777e+04 0.000000000000000000e+00 6.149655196324910200e+00 4.811469066803449834e+01
1.233284880000000000e+08 1.000000000000000000e+00 6.500000000000000000e+01 8.200000000000000000e+02 3.850946881506692080e+03 1.450934807892872777e+04 0.000000000000000000e+00 3.152566779276944064e+00 2.024360664739885962e+01
1.233284880000000000e+08 1.000000000000000000e+00 6.500000000000000000e+01 8.200000000000000000e+02 3.855946881506692080e+03 1.450934807892872777e+04 0.000000000000000000e+00 1.225838849824704591e+00 6.099999999999999173e-02
1.233276290000000000e+08 1.000000000000000000e+00 6.600000000000000000e+01 8.300000000000000000e+02 3.855946881506692080e+03 1.450934807892872777e+04 0.000000000000000000e+00 3.034072268359482738e+00 3.229999999999996874e+01
1.233276200000000000e+08 1.000000000000000000e+00 6.500000000000000000e+01 8.600000000000000000e+02 3.860946881506692080e+03 1.450934807892872777e+04 0.000000000000000000e+00 4.430108780141766012e+00 1.160000000000000059e-01
1.233276210000000000e+08 1.000000000000000000e+00 6.500000000000000000e+01 8.600000000000000000e+02 3.865946881506692080e+03 1.450934807892872777e+04 0.000000000000000000e+00 5.164227709085239759e+00 4.169999999999999818e-01
1.233788570000000000e+08 1.000000000000000000e+00 6.600000000000000000e+01 1.080000000000000000e+03 3.910946881506692080e+03 1.450934807892872777e+04 0.000000000000000000e+00 3.911014501073956318e+00 2.039999999999999869e-01
1.233788570000000000e+08 1.000000000000000000e+00 6.600000000000000000e+01 1.080000000000000000e+03 3.915946881506692080e+03 1.450934807892872777e+04 0.000000000000000000e+00 3.309811096502444094e+00 1.839999999999999969e-01
1.233788550000000000e+08 1.000000000000000000e+00 6.600000000000000000e+01 1.080000000000000000e+03 3.925946881506692080e+03 1.450934807892872777e+04 0.000000000000000000e+00 2.967722828328277718e+00 1.529999999999999971e-01
1.233780010000000000e+08 1.000000000000000000e+00 6.500000000000000000e+01 1.140000000000000000e+03 3.925946881506692080e+03 1.450934807892872777e+04 0.000000000000000000e+00 4.352293981877212836e+00 4.410000000000000031e-01
1.233780000000000000e+08 1.000000000000000000e+00 6.500000000000000000e+01 1.140000000000000000e+03 3.930946881506692080e+03 1.450934807892872777e+04 0.000000000000000000e+00 6.380213708469008260e+00 2.400000000000000050e-02
1.233779980000000000e+08 0.000000000000000000e+00 6.500000000000000000e+01 1.160000000000000000e+03 3.930946881506692080e+03 1.450934807892872777e+04 0.000000000000000000e+00 1.249253119555737479e+00 5.319999999999999174e-01
1.233779970000000000e+08 1.000000000000000000e+00 6.600000000000000000e+01 1.150000000000000000e+03 3.935946881506692080e+03 1.450934807892872777e+04 0.000000000000000000e+00 1.854765157330799052e+00 4.779999999999999805e-01
1.233779970000000000e+08 0.000000000000000000e+00 6.500000000000000000e+01 1.160000000000000000e+03 3.935946881506692080e+03 1.450934807892872777e+04 0.000000000000000000e+00 1.725191012071679131e+00 1.400000000000000133e-01
1.233779960000000000e+08 1.000000000000000000e+00 6.600000000000000000e+01 1.150000000000000000e+03 3.940946881506692080e+03 1.450934807892872777e+04 0.000000000000000000e+00 2.013684839274234584e+00 9.199999999999999845e-02
1.233779950000000000e+08 0.000000000000000000e+00 6.500000000000000000e+01 1.160000000000000000e+03 3.940946881506692080e+03 1.450934807892872777e+04 0.000000000000000000e+00 8.833892931943883031e-01 9.199999999999999845e-02
1.233276250000000000e+08 1.000000000000000000e+00 6.500000000000000000e+01 8.300000000000000000e+02 3.855946881506692080e+03 1.451434807892872777e+04 0.000000000000000000e+00 4.477743947852736106e+00 5.920000000000000817e-01
1.233276240000000000e+08 1.000000000000000000e+00 6.500000000000000000e+01 8.400000000000000000e+02 3.855946881506692080e+03 1.451434807892872777e+04 0.000000000000000000e+00 2.158695295187613716e+00 9.199999999999999845e-02
1.233276220000000000e+08 0.000000000000000000e+00 6.500000000000000000e+01 8.500000000000000000e+02 3.860946881506692080e+03 1.451434807892872777e+04 0.000000000000000000e+00 1.410810907254987701e+00 9.199999999999999845e-02
1.233788520000000000e+08 1.000000000000000000e+00 6.500000000000000000e+01 1.070000000000000000e+03 3.915946881506692080e+03 1.451434807892872777e+04 0.000000000000000000e+00 4.181634547817816738e+00 6.099999999999999173e-02
1.233780010000000000e+08 1.000000000000000000e+00 6.500000000000000000e+01 1.140000000000000000e+03 3.925946881506692080e+03 1.451434807892872777e+04 0.000000000000000000e+00 8.001204786493527621e+00 6.099999999999999173e-02
1.233787690000000000e+08 1.000000000000000000e+00 6.600000000000000000e+01 1.060000000000000000e+03 3.930946881506692080e+03 1.451434807892872777e+04 0.000000000000000000e+00 7.465297642285801949e+00 1.180892625695159026e+01
1.233779980000000000e+08 1.000000000000000000e+00 6.600000000000000000e+01 1.160000000000000000e+03 3.935946881506692080e+03 1.452434807892872777e+04 0.000000000000000000e+00 8.596181681208035386e+00 1.339000000000000945e+01
1.233789010000000000e+08 1.000000000000000000e+00 6.600000000000000000e+01 1.150000000000000000e+03 3.895946881506692080e+03 1.454934807892872777e+04 0.000000000000000000e+00 5.637431456172858901e+00 7.799257623628895963e+00
1.233789000000000000e+08 0.000000000000000000e+00 6.600000000000000000e+01 1.140000000000000000e+03 3.900946881506692080e+03 1.454934807892872777e+04 0.000000000000000000e+00 3.477809114982871375e+00 5.920000000000000817e-01
1.233789010000000000e+08 1.000000000000000000e+00 6.600000000000000000e+01 1.150000000000000000e+03 3.900946881506692080e+03 1.454934807892872777e+04 0.000000000000000000e+00 4.944334989659191493e+00 1.038000000000000034e+00
1.233788990000000000e+08 0.000000000000000000e+00 6.600000000000000000e+01 1.140000000000000000e+03 3.905946881506692080e+03 1.454934807892872777e+04 0.000000000000000000e+00 1.884122457348960777e+00 1.839999999999999969e-01
1.233789000000000000e+08 1.000000000000000000e+00 6.600000000000000000e+01 1.150000000000000000e+03 3.905946881506692080e+03 1.454934807892872777e+04 0.000000000000000000e+00 5.707382759508648817e+00 9.199999999999999845e-02
1.233789000000000000e+08 1.000000000000000000e+00 6.600000000000000000e+01 1.150000000000000000e+03 3.910946881506692080e+03 1.454934807892872777e+04 0.000000000000000000e+00 7.203612498632654848e+00 4.169999999999999818e-01
1.233789820000000000e+08 1.000000000000000000e+00 6.500000000000000000e+01 1.160000000000000000e+03 3.895946881506692080e+03 1.455434807892872777e+04 0.000000000000000000e+00 7.459035262419307699e+00 1.265499012438390913e+01
1.233789010000000000e+08 1.000000000000000000e+00 6.600000000000000000e+01 1.150000000000000000e+03 3.900946881506692080e+03 1.455434807892872777e+04 0.000000000000000000e+00 3.376275725891902280e+00 2.959999999999999853e-01
1.233789000000000000e+08 1.000000000000000000e+00 6.600000000000000000e+01 1.140000000000000000e+03 3.905946881506692080e+03 1.455434807892872777e+04 0.000000000000000000e+00 4.971849766768665635e-01 1.337569189721302010e+01
1.233789000000000000e+08 1.000000000000000000e+00 6.600000000000000000e+01 1.150000000000000000e+03 3.910946881506692080e+03 1.455434807892872777e+04 0.000000000000000000e+00 7.858487279224630306e+00 3.370000000000000218e-01
