6.217621700000000000e+07 1.000000000000000000e+00 6.500000000000000000e+01 2.710855031837736533e+02 1.500000000000000000e+02 7.055622333194909515e+03 0.000000000000000000e+00 3.649574265890932256e+00 4.410000000000000031e-01
6.217621800000000000e+07 0.000000000000000000e+00 6.500000000000000000e+01 2.760855031837736533e+02 1.600000000000000000e+02 7.045622333194909515e+03 0.000000000000000000e+00 2.948367189254116116e+00 6.099999999999999173e-02
6.217622000000000000e+07 1.000000000000000000e+00 6.500000000000000000e+01 2.760855031837736533e+02 1.700000000000000000e+02 7.050622333194909515e+03 0.000000000000000000e+00 1.988669747099775176e+00 5.000000000000000000e-01
6.217621600000000000e+07 1.000000000000000000e+00 6.500000000000000000e+01 2.760855031837736533e+02 1.500000000000000000e+02 7.055622333194909515e+03 0.000000000000000000e+00 3.366787916979840922e+00 4.169999999999999818e-01
6.217622100000000000e+07 1.000000000000000000e+00 6.500000000000000000e+01 2.810855031837736533e+02 1.800000000000000000e+02 7.050622333194909515e+03 0.000000000000000000e+00 6.831235664989463885e+00 1.559872490457532024e+01
6.217621600000000000e+07 1.000000000000000000e+00 6.500000000000000000e+01 2.810855031837736533e+02 1.500000000000000000e+02 7.055622333194909515e+03 0.000000000000000000e+00 4.365924039153436631e+00 9.199999999999999845e-02
6.217621300000000000e+07 1.000000000000000000e+00 6.600000000000000000e+01 2.810855031837736533e+02 1.400000000000000000e+02 7.060622333194909515e+03 0.000000000000000000e+00 5.041618161213659910e+00 5.090000000000000080e-01
6.217621200000000000e+07 1.000000000000000000e+00 6.600000000000000000e+01 2.810855031837736533e+02 1.400000000000000000e+02 7.065622333194909515e+03 0.000000000000000000e+00 2.931427207096819032e+00 6.099999999999999173e-02
6.217621500000000000e+07 1.000000000000000000e+00 6.500000000000000000e+01 2.860855031837736533e+02 1.500000000000000000e+02 7.045622333194909515e+03 0.000000000000000000e+00 4.793754300786555511e+00 4.169999999999999818e-01
6.217622100000000000e+07 1.000000000000000000e+00 6.500000000000000000e+01 2.860855031837736533e+02 1.800000000000000000e+02 7.050622333194909515e+03 0.000000000000000000e+00 9.714178641032971129e+00 4.169999999999999818e-01
6.217621400000000000e+07 0.000000000000000000e+00 6.500000000000000000e+01 2.860855031837736533e+02 1.500000000000000000e+02 7.055622333194909515e+03 0.000000000000000000e+00 3.372889932932610080e+00 1.529999999999999971e-01
6.217621200000000000e+07 1.000000000000000000e+00 6.600000000000000000e+01 2.860855031837736533e+02 1.400000000000000000e+02 7.060622333194909515e+03 0.000000000000000000e+00 4.564404201166006203e+00 3.251174808524324078e+01
6.217621600000000000e+07 1.000000000000000000e+00 6.600000000000000000e+01 2.860855031837736533e+02 1.600000000000000000e+02 7.060622333194909515e+03 0.000000000000000000e+00 2.807468542244907272e+00 4.169999999999999818e-01
6.217622000000000000e+07 1.000000000000000000e+00 6.600000000000000000e+01 2.910855031837736533e+02 1.600000000000000000e+02 7.030622333194909515e+03 0.000000000000000000e+00 8.869867376327938757e+00 7.835313638361368405e+00
6.217621200000000000e+07 1.000000000000000000e+00 6.600000000000000000e+01 2.910855031837736533e+02 1.400000000000000000e+02 7.055622333194909515e+03 0.000000000000000000e+00 7.788155957177837152e+00 1.694731771858262093e+01
6.217624700000000000e+07 1.000000000000000000e+00 6.600000000000000000e+01 2.910855031837736533e+02 2.200000000000000000e+02 7.055622333194909515e+03 0.000000000000000000e+00 1.122892902833999784e+00 6.099999999999999173e-02
6.217621100000000000e+07 1.000000000000000000e+00 6.600000000000000000e+01 2.910855031837736533e+02 1.400000000000000000e+02 7.060622333194909515e+03 0.000000000000000000e+00 5.248170325417329529e+00 2.173300000000000054e+01
6.217621200000000000e+07 0.000000000000000000e+00 6.500000000000000000e+01 2.910855031837736533e+02 1.500000000000000000e+02 7.060622333194909515e+03 0.000000000000000000e+00 2.048651978794728379e+00 1.000000000000000000e+01
6.217621200000000000e+07 1.000000000000000000e+00 6.500000000000000000e+01 2.910855031837736533e+02 1.600000000000000000e+02 7.060622333194909515e+03 0.000000000000000000e+00 2.599749556983530940e+00 4.169999999999999818e-01
6.217494000000000000e+07 1.000000000000000000e+00 6.600000000000000000e+01 2.910855031837736533e+02 1.700000000000000000e+02 7.060622333194909515e+03 0.000000000000000000e+00 2.151735488036752741e+00 2.048023980079339168e+01
6.217493600000000000e+07 1.000000000000000000e+00 6.500000000000000000e+01 2.910855031837736533e+02 1.800000000000000000e+02 7.060622333194909515e+03 0.000000000000000000e+00 3.909402274311342129e+00 1.605000000000008953e+01
6.217621100000000000e+07 0.000000000000000000e+00 6.500000000000000000e+01 2.910855031837736533e+02 1.500000000000000000e+02 7.065622333194909515e+03 0.000000000000000000e+00 2.368190652231292603e-01 8.499999999999999223e-02
6.217483800000000000e+07 1.000000000000000000e+00 6.600000000000000000e+01 2.910855031837736533e+02 2.400000000000000000e+02 7.070622333194909515e+03 0.000000000000000000e+00 1.785186917482983304e+00 1.839999999999999969e-01
6.217621900000000000e+07 1.000000000000000000e+00 6.600000000000000000e+01 2.960855031837736533e+02 1.700000000000000000e+02 7.030622333194909515e+03 0.000000000000000000e+00 6.314746964148016062e+00 2.039999999999999869e-01
6.217624200000000000e+07 1.000000000000000000e+00 6.500000000000000000e+01 2.960855031837736533e+02 2.100000000000000000e+02 7.045622333194909515e+03 0.000000000000000000e+00 9.694749062081642776e+00 1.042001801081620016e+01
6.217624800000000000e+07 0.000000000000000000e+00 6.500000000000000000e+01 2.960855031837736533e+02 2.300000000000000000e+02 7.050622333194909515e+03 0.000000000000000000e+00 1.850022572611250471e+00 9.199999999999999845e-02
6.217621100000000000e+07 1.000000000000000000e+00 6.600000000000000000e+01 2.960855031837736533e+02 1.400000000000000000e+02 7.055622333194909515e+03 0.000000000000000000e+00 8.495449028904573652e+00 2.039999999999999869e-01
6.217493200000000000e+07 1.000000000000000000e+00 6.600000000000000000e+01 2.960855031837736533e+02 1.900000000000000000e+02 7.065622333194909515e+03 0.000000000000000000e+00 8.170376327051950938e+00 1.338999999999995971e+01
6.217625100000000000e+07 1.000000000000000000e+00 6.500000000000000000e+01 2.960855031837736533e+02 2.100000000000000000e+02 7.065622333194909515e+03 0.000000000000000000e+00 6.622002603855090541e+00 9.199999999999999845e-02
6.217493200000000000e+07 1.000000000000000000e+00 6.600000000000000000e+01 2.960855031837736533e+02 1.900000000000000000e+02 7.070622333194909515e+03 0.000000000000000000e+00 3.937560320140678805e+00 1.824178751142876109e+01
6.217492700000000000e+07 1.000000000000000000e+00 6.500000000000000000e+01 2.960855031837736533e+02 2.000000000000000000e+02 7.070622333194909515e+03 0.000000000000000000e+00 8.849936819476422301e+00 9.199999999999999845e-02
6.217483500000000000e+07 1.000000000000000000e+00 6.500000000000000000e+01 2.960855031837736533e+02 2.500000000000000000e+02 7.075622333194909515e+03 0.000000000000000000e+00 8.621049979818342646e-01 5.240000000000000213e-01
6.217483400000000000e+07 0.000000000000000000e+00 6.500000000000000000e+01 2.960855031837736533e+02 2.400000000000000000e+02 7.080622333194909515e+03 0.000000000000000000e+00 3.168891371273912849e+00 8.161067890120159873e+00
6.217613700000000000e+07 1.000000000000000000e+00 6.500000000000000000e+01 3.010855031837736533e+02 1.700000000000000000e+02 7.025622333194909515e+03 0.000000000000000000e+00 3.380384858508535206e+00 1.160000000000000059e-01
6.217613500000000000e+07 1.000000000000000000e+00 6.600000000000000000e+01 3.010855031837736533e+02 1.700000000000000000e+02 7.030622333194909515e+03 0.000000000000000000e+00 3.885721041970306100e+00 9.199999999999999845e-02
6.217624300000000000e+07 1.000000000000000000e+00 6.500000000000000000e+01 3.010855031837736533e+02 2.200000000000000000e+02 7.040622333194909515e+03 0.000000000000000000e+00 5.933396954522677902e+00 4.779999999999999805e-01
6.217624700000000000e+07 1.000000000000000000e+00 6.600000000000000000e+01 3.010855031837736533e+02 2.200000000000000000e+02 7.050622333194909515e+03 0.000000000000000000e+00 4.393456796111887108e+00 4.169999999999999818e-01
6.217492700000000000e+07 1.000000000000000000e+00 6.500000000000000000e+01 3.010855031837736533e+02 2.000000000000000000e+02 7.070622333194909515e+03 0.000000000000000000e+00 9.096010858967861878e+00 8.339999999999999636e-01
6.217492700000000000e+07 1.000000000000000000e+00 6.500000000000000000e+01 3.010855031837736533e+02 2.000000000000000000e+02 7.075622333194909515e+03 0.000000000000000000e+00 5.735862427819121478e+00 5.090000000000000080e-01
6.217494900000000000e+07 1.000000000000000000e+00 6.600000000000000000e+01 3.060855031837736533e+02 1.700000000000000000e+02 7.025622333194909515e+03 0.000000000000000000e+00 4.300201958922890810e+00 1.839999999999999969e-01
6.217494700000000000e+07 1.000000000000000000e+00 6.500000000000000000e+01 3.060855031837736533e+02 1.900000000000000000e+02 7.035622333194909515e+03 0.000000000000000000e+00 6.633569367066089129e+00 8.499999999999999223e-02
6.217624900000000000e+07 1.000000000000000000e+00 6.600000000000000000e+01 3.060855031837736533e+02 2.200000000000000000e+02 7.050622333194909515e+03 0.000000000000000000e+00 7.131578798440375344e+00 2.400000000000000050e-02
6.217494900000000000e+07 0.000000000000000000e+00 6.600000000000000000e+01 3.110855031837736533e+02 1.800000000000000000e+02 7.025622333194909515e+03 0.000000000000000000e+00 1.904779598227257731e+00 5.090000000000000080e-01
6.217494700000000000e+07 0.000000000000000000e+00 6.500000000000000000e+01 3.110855031837736533e+02 1.800000000000000000e+02 7.030622333194909515e+03 0.000000000000000000e+00 2.088019626482998437e+00 4.779999999999999805e-01
6.217494700000000000e+07 1.000000000000000000e+00 6.500000000000000000e+01 3.110855031837736533e+02 1.900000000000000000e+02 7.035622333194909515e+03 0.000000000000000000e+00 4.692510049118739701e+00 5.920000000000000817e-01
6.217612800000000000e+07 1.000000000000000000e+00 6.500000000000000000e+01 3.110855031837736533e+02 1.500000000000000000e+02 7.045622333194909515e+03 0.000000000000000000e+00 4.859778743645033039e+00 9.199999999999999845e-02
6.217612700000000000e+07 1.000000000000000000e+00 6.500000000000000000e+01 3.160855031837736533e+02 1.500000000000000000e+02 7.045622333194909515e+03 0.000000000000000000e+00 4.242270591510862054e+00 2.400000000000000050e-02
6.217494100000000000e+07 1.000000000000000000e+00 6.500000000000000000e+01 3.160855031837736533e+02 1.700000000000000000e+02 7.045622333194909515e+03 0.000000000000000000e+00 4.361728680752791298e+00 2.079999999999999905e-01
6.217612800000000000e+07 1.000000000000000000e+00 6.500000000000000000e+01 3.160855031837736533e+02 1.500000000000000000e+02 7.050622333194909515e+03 0.000000000000000000e+00 2.743322051831062147e+00 2.079999999999999905e-01
6.217613000000000000e+07 1.000000000000000000e+00 6.500000000000000000e+01 3.210855031837736533e+02 1.700000000000000000e+02 7.040622333194909515e+03 0.000000000000000000e+00 1.742400287510991408e+00 6.099999999999999173e-02
6.217612700000000000e+07 1.000000000000000000e+00 6.500000000000000000e+01 3.210855031837736533e+02 1.500000000000000000e+02 7.045622333194909515e+03 0.000000000000000000e+00 3.184264246890466499e+00 4.169999999999999818e-01
6.217494100000000000e+07 1.000000000000000000e+00 6.500000000000000000e+01 3.210855031837736533e+02 1.700000000000000000e+02 7.045622333194909515e+03 0.000000000000000000e+00 5.073825866369309878e+00 4.490000000000000102e-01
6.217494400000000000e+07 1.000000000000000000e+00 6.600000000000000000e+01 3.210855031837736533e+02 1.800000000000000000e+02 7.045622333194909515e+03 0.000000000000000000e+00 2.624195432851509135e+00 1.529999999999999971e-01
6.217493900000000000e+07 1.000000000000000000e+00 6.500000000000000000e+01 3.210855031837736533e+02 1.800000000000000000e+02 7.050622333194909515e+03 0.000000000000000000e+00 4.387750904100762739e+00 9.199999999999999845e-02
6.217485500000000000e+07 0.000000000000000000e+00 6.500000000000000000e+01 3.360855031837736533e+02 1.800000000000000000e+02 7.065622333194909515e+03 0.000000000000000000e+00 9.435955803168237788e-01 2.400000000000000050e-02
6.217485400000000000e+07 0.000000000000000000e+00 6.500000000000000000e+01 3.360855031837736533e+02 1.800000000000000000e+02 7.070622333194909515e+03 0.000000000000000000e+00 1.686267330413620869e+00 2.959999999999999853e-01
6.217485200000000000e+07 1.000000000000000000e+00 6.600000000000000000e+01 3.360855031837736533e+02 1.900000000000000000e+02 7.070622333194909515e+03 0.000000000000000000e+00 2.523430238961184013e+00 4.169999999999999818e-01
6.217611800000000000e+07 1.000000000000000000e+00 6.500000000000000000e+01 3.360855031837736533e+02 1.500000000000000000e+02 7.075622333194909515e+03 0.000000000000000000e+00 4.525798629481125879e+00 1.720676910301710905e+01
6.217611800000000000e+07 1.000000000000000000e+00 6.500000000000000000e+01 3.360855031837736533e+02 1.600000000000000000e+02 7.075622333194909515e+03 0.000000000000000000e+00 2.814855830200793996e+00 2.400000000000000050e-02
6.217485200000000000e+07 0.000000000000000000e+00 6.500000000000000000e+01 3.360855031837736533e+02 1.800000000000000000e+02 7.075622333194909515e+03 0.000000000000000000e+00 1.160221832028052846e+00 1.078999999999994941e+01
6.217485000000000000e+07 0.000000000000000000e+00 6.500000000000000000e+01 3.360855031837736533e+02 1.900000000000000000e+02 7.075622333194909515e+03 0.000000000000000000e+00 2.942314766066840726e+00 7.483740446949965985e+00
6.217626600000000000e+07 1.000000000000000000e+00 6.600000000000000000e+01 3.360855031837736533e+02 1.700000000000000000e+02 7.080622333194909515e+03 0.000000000000000000e+00 2.938429866417342051e+00 2.039999999999999869e-01
6.217484900000000000e+07 0.000000000000000000e+00 6.500000000000000000e+01 3.360855031837736533e+02 1.900000000000000000e+02 7.080622333194909515e+03 0.000000000000000000e+00 4.977305666337201173e-01 2.449999999999999956e-01
6.217618300000000000e+07 0.000000000000000000e+00 6.500000000000000000e+01 3.360855031837736533e+02 2.000000000000000000e+02 7.080622333194909515e+03 0.000000000000000000e+00 1.697812182704080630e+00 1.839999999999999969e-01
6.217618700000000000e+07 0.000000000000000000e+00 6.600000000000000000e+01 3.360855031837736533e+02 1.900000000000000000e+02 7.085622333194909515e+03 0.000000000000000000e+00 1.947699983002274982e+00 1.160000000000000059e-01
6.217611800000000000e+07 0.000000000000000000e+00 6.500000000000000000e+01 3.410855031837736533e+02 1.600000000000000000e+02 7.070622333194909515e+03 0.000000000000000000e+00 1.018858292791431364e+00 1.242771977498185976e+01
6.217485400000000000e+07 0.000000000000000000e+00 6.600000000000000000e+01 3.410855031837736533e+02 1.800000000000000000e+02 7.070622333194909515e+03 0.000000000000000000e+00 3.320865055269284216e+00 4.779999999999999805e-01
6.217626700000000000e+07 1.000000000000000000e+00 6.500000000000000000e+01 3.410855031837736533e+02 1.800000000000000000e+02 7.075622333194909515e+03 0.000000000000000000e+00 2.294601207584207270e+00 2.504957412398442074e+01
6.217626700000000000e+07 1.000000000000000000e+00 6.500000000000000000e+01 3.410855031837736533e+02 1.800000000000000000e+02 7.080622333194909515e+03 0.000000000000000000e+00 1.390142396040435546e+00 9.199999999999999845e-02
6.217618400000000000e+07 1.000000000000000000e+00 6.500000000000000000e+01 3.410855031837736533e+02 2.000000000000000000e+02 7.080622333194909515e+03 0.000000000000000000e+00 7.852625480284679549e-01 9.199999999999999845e-02
6.217484500000000000e+07 1.000000000000000000e+00 6.600000000000000000e+01 3.410855031837736533e+02 2.000000000000000000e+02 7.085622333194909515e+03 0.000000000000000000e+00 1.086374010384772548e+00 5.920000000000000817e-01
6.217611700000000000e+07 0.000000000000000000e+00 6.500000000000000000e+01 3.460855031837736533e+02 1.600000000000000000e+02 7.070622333194909515e+03 0.000000000000000000e+00 1.115881064862595418e+00 5.340826631646464762e+01
6.217612000000000000e+07 1.000000000000000000e+00 6.600000000000000000e+01 3.510855031837736533e+02 1.500000000000000000e+02 7.060622333194909515e+03 0.000000000000000000e+00 8.453764924475622777e+00 1.921943372984614840e+01
6.217612100000000000e+07 1.000000000000000000e+00 6.600000000000000000e+01 3.510855031837736533e+02 1.500000000000000000e+02 7.065622333194909515e+03 0.000000000000000000e+00 9.004239836537630381e+00 1.556317663912263072e+01
6.217611600000000000e+07 1.000000000000000000e+00 6.500000000000000000e+01 3.510855031837736533e+02 1.500000000000000000e+02 7.070622333194909515e+03 0.000000000000000000e+00 8.695239581879862456e+00 9.199999999999999845e-02
6.217609800000000000e+07 1.000000000000000000e+00 6.600000000000000000e+01 3.610855031837736533e+02 1.900000000000000000e+02 7.090622333194909515e+03 0.000000000000000000e+00 4.541936234993533716e+00 1.339000000000000945e+01
6.217639200000000000e+07 0.000000000000000000e+00 6.600000000000000000e+01 3.610855031837736533e+02 1.900000000000000000e+02 7.105622333194909515e+03 0.000000000000000000e+00 2.198701296427857166e+00 1.219999999999999973e-01
6.217639000000000000e+07 0.000000000000000000e+00 6.500000000000000000e+01 3.660855031837736533e+02 1.900000000000000000e+02 7.105622333194909515e+03 0.000000000000000000e+00 1.570051489056581318e+00 1.942527182912419903e+01
6.217639000000000000e+07 0.000000000000000000e+00 6.500000000000000000e+01 3.660855031837736533e+02 1.900000000000000000e+02 7.110622333194909515e+03 0.000000000000000000e+00 1.358880133820755898e+00 9.199999999999999845e-02
6.217472600000000000e+07 1.000000000000000000e+00 6.500000000000000000e+01 3.660855031837736533e+02 2.300000000000000000e+02 7.110622333194909515e+03 0.000000000000000000e+00 6.728295226457388978e+00 1.491469179968460956e+01
6.217537200000000000e+07 1.000000000000000000e+00 6.500000000000000000e+01 3.660855031837736533e+02 2.400000000000000000e+02 7.120622333194909515e+03 0.000000000000000000e+00 8.364421789329156809e+00 1.680248769092004935e+01
6.217537300000000000e+07 1.000000000000000000e+00 6.500000000000000000e+01 3.660855031837736533e+02 2.400000000000000000e+02 7.125622333194909515e+03 0.000000000000000000e+00 5.811656382467838000e+00 7.580523434437015595e+00
6.217638900000000000e+07 1.000000000000000000e+00 6.600000000000000000e+01 3.710855031837736533e+02 2.000000000000000000e+02 7.105622333194909515e+03 0.000000000000000000e+00 2.176701727960612232e+00 1.124000000000000021e+01
6.217638900000000000e+07 1.000000000000000000e+00 6.500000000000000000e+01 3.710855031837736533e+02 1.800000000000000000e+02 7.110622333194909515e+03 0.000000000000000000e+00 2.680415476687869614e+00 1.078999999999999915e+01
6.217638900000000000e+07 0.000000000000000000e+00 6.500000000000000000e+01 3.710855031837736533e+02 1.900000000000000000e+02 7.110622333194909515e+03 0.000000000000000000e+00 2.335521598849652491e+00 8.349999999999999645e-01
6.217638900000000000e+07 1.000000000000000000e+00 6.500000000000000000e+01 3.710855031837736533e+02 1.800000000000000000e+02 7.115622333194909515e+03 0.000000000000000000e+00 1.969209754292917225e+00 1.605000000000000071e+01
6.217476500000000000e+07 1.000000000000000000e+00 6.500000000000000000e+01 3.710855031837736533e+02 1.600000000000000000e+02 7.120622333194909515e+03 0.000000000000000000e+00 7.348657217631612504e+00 6.099999999999999173e-02
6.217537300000000000e+07 1.000000000000000000e+00 6.500000000000000000e+01 3.710855031837736533e+02 2.400000000000000000e+02 7.120622333194909515e+03 0.000000000000000000e+00 7.128175168193173761e+00 1.078999999999999915e+01
6.217554800000000000e+07 1.000000000000000000e+00 6.500000000000000000e+01 3.710855031837736533e+02 2.300000000000000000e+02 7.130622333194909515e+03 0.000000000000000000e+00 5.162696245393572525e+00 4.169999999999999818e-01
6.217554800000000000e+07 1.000000000000000000e+00 6.500000000000000000e+01 3.710855031837736533e+02 2.300000000000000000e+02 7.135622333194909515e+03 0.000000000000000000e+00 2.482480158526590319e+00 1.416334279712867072e+01
6.217554500000000000e+07 0.000000000000000000e+00 6.600000000000000000e+01 3.710855031837736533e+02 2.400000000000000000e+02 7.135622333194909515e+03 0.000000000000000000e+00 1.795823611645342543e+00 6.099999999999999173e-02
6.217638800000000000e+07 0.000000000000000000e+00 6.500000000000000000e+01 3.760855031837736533e+02 1.900000000000000000e+02 7.105622333194909515e+03 0.000000000000000000e+00 1.783685667514862905e+00 7.734641502653461842e+00
6.217609000000000000e+07 1.000000000000000000e+00 6.500000000000000000e+01 3.760855031837736533e+02 1.700000000000000000e+02 7.110622333194909515e+03 0.000000000000000000e+00 6.508536345666657397e+00 6.099999999999999173e-02
6.217638700000000000e+07 0.000000000000000000e+00 6.600000000000000000e+01 3.760855031837736533e+02 1.900000000000000000e+02 7.110622333194909515e+03 0.000000000000000000e+00 1.022186750342184647e+00 6.209999999999999964e-01
6.217591500000000000e+07 1.000000000000000000e+00 6.500000000000000000e+01 3.760855031837736533e+02 1.700000000000000000e+02 7.115622333194909515e+03 0.000000000000000000e+00 9.432310500152857102e+00 2.167200000000001125e+01
6.217554900000000000e+07 1.000000000000000000e+00 6.500000000000000000e+01 3.760855031837736533e+02 2.300000000000000000e+02 7.130622333194909515e+03 0.000000000000000000e+00 3.325464026247248572e+00 1.572812852082823021e+01
6.217601900000000000e+07 1.000000000000000000e+00 6.600000000000000000e+01 3.810855031837736533e+02 1.300000000000000000e+02 7.100622333194909515e+03 0.000000000000000000e+00 3.728963596493324761e+00 1.098999999999999977e+00
6.217720600000000000e+07 1.000000000000000000e+00 6.600000000000000000e+01 3.810855031837736533e+02 1.300000000000000000e+02 7.105622333194909515e+03 0.000000000000000000e+00 4.102463404751310883e+00 1.019999999999999934e-01
6.217608900000000000e+07 1.000000000000000000e+00 6.500000000000000000e+01 3.810855031837736533e+02 1.600000000000000000e+02 7.105622333194909515e+03 0.000000000000000000e+00 2.384067880075858348e+00 1.160000000000000059e-01
6.217720600000000000e+07 1.000000000000000000e+00 6.600000000000000000e+01 3.810855031837736533e+02 1.300000000000000000e+02 7.110622333194909515e+03 0.000000000000000000e+00 6.006312001548875124e+00 9.199999999999999845e-02
6.217608900000000000e+07 1.000000000000000000e+00 6.500000000000000000e+01 3.810855031837736533e+02 1.600000000000000000e+02 7.110622333194909515e+03 0.000000000000000000e+00 6.004840681142572301e+00 1.839999999999999969e-01
6.217591500000000000e+07 1.000000000000000000e+00 6.500000000000000000e+01 3.810855031837736533e+02 1.700000000000000000e+02 7.110622333194909515e+03 0.000000000000000000e+00 5.415642275846431097e+00 2.400000000000000050e-02
6.217591500000000000e+07 1.000000000000000000e+00 6.500000000000000000e+01 3.810855031837736533e+02 1.700000000000000000e+02 7.115622333194909515e+03 0.000000000000000000e+00 5.550902017603131178e+00 6.099999999999999173e-02
6.217638600000000000e+07 1.000000000000000000e+00 6.600000000000000000e+01 3.810855031837736533e+02 1.800000000000000000e+02 7.115622333194909515e+03 0.000000000000000000e+00 2.033491386360116060e+00 1.084382173190300946e+01
6.217476900000000000e+07 1.000000000000000000e+00 6.600000000000000000e+01 3.810855031837736533e+02 1.500000000000000000e+02 7.120622333194909515e+03 0.000000000000000000e+00 8.301465349056655896e-01 1.529999999999999971e-01
6.217638600000000000e+07 1.000000000000000000e+00 6.600000000000000000e+01 3.810855031837736533e+02 1.800000000000000000e+02 7.125622333194909515e+03 0.000000000000000000e+00 7.253898528856471906e+00 9.199999999999999845e-02
6.217537500000000000e+07 1.000000000000000000e+00 6.500000000000000000e+01 3.810855031837736533e+02 2.400000000000000000e+02 7.125622333194909515e+03 0.000000000000000000e+00 6.002729776627356628e+00 9.199999999999999845e-02
6.217555300000000000e+07 1.000000000000000000e+00 6.600000000000000000e+01 3.810855031837736533e+02 2.200000000000000000e+02 7.130622333194909515e+03 0.000000000000000000e+00 6.213646966717755404e+00 1.529999999999999971e-01
6.217555300000000000e+07 1.000000000000000000e+00 6.600000000000000000e+01 3.810855031837736533e+02 2.100000000000000000e+02 7.135622333194909515e+03 0.000000000000000000e+00 8.929782672368721919e+00 2.079999999999999905e-01
6.217555300000000000e+07 1.000000000000000000e+00 6.600000000000000000e+01 3.810855031837736533e+02 2.200000000000000000e+02 7.135622333194909515e+03 0.000000000000000000e+00 2.158179922086242986e+00 9.199999999999999845e-02
6.217720500000000000e+07 1.000000000000000000e+00 6.600000000000000000e+01 3.860855031837736533e+02 1.300000000000000000e+02 7.100622333194909515e+03 0.000000000000000000e+00 2.275981639826591518e+00 6.099999999999999173e-02
6.217720600000000000e+07 0.000000000000000000e+00 6.500000000000000000e+01 3.860855031837736533e+02 1.400000000000000000e+02 7.100622333194909515e+03 0.000000000000000000e+00 2.101162634878171342e+00 9.199999999999999845e-02
6.217720500000000000e+07 1.000000000000000000e+00 6.600000000000000000e+01 3.860855031837736533e+02 1.200000000000000000e+02 7.105622333194909515e+03 0.000000000000000000e+00 8.863959169477098499e+00 9.199999999999999845e-02
6.217720600000000000e+07 1.000000000000000000e+00 6.600000000000000000e+01 3.860855031837736533e+02 1.300000000000000000e+02 7.105622333194909515e+03 0.000000000000000000e+00 1.413236648640328941e+00 9.199999999999999845e-02
6.217720600000000000e+07 0.000000000000000000e+00 6.600000000000000000e+01 3.860855031837736533e+02 1.400000000000000000e+02 7.105622333194909515e+03 0.000000000000000000e+00 2.249785314783574020e+00 1.160000000000000059e-01
6.217720600000000000e+07 1.000000000000000000e+00 6.600000000000000000e+01 3.860855031837736533e+02 1.300000000000000000e+02 7.110622333194909515e+03 0.000000000000000000e+00 2.724078088848360668e+00 6.099999999999999173e-02
6.217591100000000000e+07 1.000000000000000000e+00 6.600000000000000000e+01 3.860855031837736533e+02 1.800000000000000000e+02 7.125622333194909515e+03 0.000000000000000000e+00 7.887624665221552256e+00 6.099999999999999173e-02
6.217555400000000000e+07 1.000000000000000000e+00 6.600000000000000000e+01 3.860855031837736533e+02 2.200000000000000000e+02 7.125622333194909515e+03 0.000000000000000000e+00 7.466126328902405795e+00 4.849251641312054772e+01
6.217591100000000000e+07 1.000000000000000000e+00 6.600000000000000000e+01 3.860855031837736533e+02 1.800000000000000000e+02 7.130622333194909515e+03 0.000000000000000000e+00 9.203094849478993922e+00 4.169999999999999818e-01
6.217573200000000000e+07 1.000000000000000000e+00 6.500000000000000000e+01 3.860855031837736533e+02 2.000000000000000000e+02 7.130622333194909515e+03 0.000000000000000000e+00 7.856699058480121067e+00 4.169999999999999818e-01
6.217555400000000000e+07 1.000000000000000000e+00 6.600000000000000000e+01 3.860855031837736533e+02 2.200000000000000000e+02 7.130622333194909515e+03 0.000000000000000000e+00 3.892733526485612661e+00 1.088199999999999967e+01
6.217555400000000000e+07 1.000000000000000000e+00 6.600000000000000000e+01 3.860855031837736533e+02 2.100000000000000000e+02 7.135622333194909515e+03 0.000000000000000000e+00 7.156803445500730554e+00 4.779999999999999805e-01
6.217555300000000000e+07 1.000000000000000000e+00 6.600000000000000000e+01 3.860855031837736533e+02 2.200000000000000000e+02 7.135622333194909515e+03 0.000000000000000000e+00 1.569215199568866570e+00 5.090000000000000080e-01
6.217602100000000000e+07 1.000000000000000000e+00 6.500000000000000000e+01 3.910855031837736533e+02 1.300000000000000000e+02 7.085622333194909515e+03 0.000000000000000000e+00 1.048144895000782117e+00 1.529999999999999971e-01
6.217720400000000000e+07 1.000000000000000000e+00 6.600000000000000000e+01 3.910855031837736533e+02 1.300000000000000000e+02 7.090622333194909515e+03 0.000000000000000000e+00 5.255390751294071627e+00 6.099999999999999173e-02
6.217728700000000000e+07 1.000000000000000000e+00 6.600000000000000000e+01 3.910855031837736533e+02 1.100000000000000000e+02 7.095622333194909515e+03 0.000000000000000000e+00 7.266839905321049287e+00 9.199999999999999845e-02
6.217477400000000000e+07 1.000000000000000000e+00 6.500000000000000000e+01 3.910855031837736533e+02 1.600000000000000000e+02 7.105622333194909515e+03 0.000000000000000000e+00 1.883106339748103597e+00 9.199999999999999845e-02
6.217572900000000000e+07 1.000000000000000000e+00 6.600000000000000000e+01 3.910855031837736533e+02 2.100000000000000000e+02 7.130622333194909515e+03 0.000000000000000000e+00 9.442078252320579068e+00 2.400000000000000050e-02
6.217555400000000000e+07 1.000000000000000000e+00 6.600000000000000000e+01 3.910855031837736533e+02 2.200000000000000000e+02 7.130622333194909515e+03 0.000000000000000000e+00 2.866057134953952978e+00 1.944452231472905979e+01
6.217573200000000000e+07 1.000000000000000000e+00 6.500000000000000000e+01 3.910855031837736533e+02 2.000000000000000000e+02 7.135622333194909515e+03 0.000000000000000000e+00 3.999022147362851776e+00 1.404982220351057975e+01
6.217602200000000000e+07 1.000000000000000000e+00 6.500000000000000000e+01 3.960855031837736533e+02 1.300000000000000000e+02 7.085622333194909515e+03 0.000000000000000000e+00 5.224954875173651203e+00 4.169999999999999818e-01
6.217728800000000000e+07 1.000000000000000000e+00 6.600000000000000000e+01 3.960855031837736533e+02 1.100000000000000000e+02 7.090622333194909515e+03 0.000000000000000000e+00 5.112242870267957429e+00 6.099999999999999173e-02
6.217728200000000000e+07 1.000000000000000000e+00 6.500000000000000000e+01 3.960855031837736533e+02 1.200000000000000000e+02 7.090622333194909515e+03 0.000000000000000000e+00 7.415277906807868469e+00 9.199999999999999845e-02
6.217728200000000000e+07 1.000000000000000000e+00 6.500000000000000000e+01 3.960855031837736533e+02 1.200000000000000000e+02 7.095622333194909515e+03 0.000000000000000000e+00 5.573749042097990269e+00 2.400000000000000050e-02
6.217720300000000000e+07 1.000000000000000000e+00 6.600000000000000000e+01 3.960855031837736533e+02 1.300000000000000000e+02 7.095622333194909515e+03 0.000000000000000000e+00 6.565712550052453800e-01 4.169999999999999818e-01
6.217647900000000000e+07 1.000000000000000000e+00 6.500000000000000000e+01 3.960855031837736533e+02 2.100000000000000000e+02 7.130622333194909515e+03 0.000000000000000000e+00 6.173346261249641032e+00 1.000000000000000000e+01
6.217572900000000000e+07 1.000000000000000000e+00 6.600000000000000000e+01 3.960855031837736533e+02 2.100000000000000000e+02 7.135622333194909515e+03 0.000000000000000000e+00 3.442703227084338291e+00 9.199999999999999845e-02
6.217555700000000000e+07 1.000000000000000000e+00 6.500000000000000000e+01 3.960855031837736533e+02 2.100000000000000000e+02 7.140622333194909515e+03 0.000000000000000000e+00 1.172079253803782972e+00 1.386163090114010998e+01
6.217728600000000000e+07 0.000000000000000000e+00 6.600000000000000000e+01 4.010855031837736533e+02 1.100000000000000000e+02 7.095622333194909515e+03 0.000000000000000000e+00 2.770498548844197106e+00 2.039999999999999869e-01
6.217468600000000000e+07 1.000000000000000000e+00 6.500000000000000000e+01 4.060855031837736533e+02 1.800000000000000000e+02 7.140622333194909515e+03 0.000000000000000000e+00 1.902149266275569017e+00 1.574267713862411000e+01
5.663754500000000000e+07 1.000000000000000000e+00 6.600000000000000000e+01 1.109713503183773355e+03 5.983199999999997090e+02 6.697415333194909181e+03 1.000000000000000000e+00 6.857576894471177908e-01 7.900000000000000000e+01
5.663500100000000000e+07 1.000000000000000000e+00 6.600000000000000000e+01 1.093717503183773260e+03 7.140900000000001455e+02 6.747599333194909377e+03 1.000000000000000000e+00 3.333011850186777814e-01 7.900000000000000000e+01
5.657765900000000000e+07 0.000000000000000000e+00 6.600000000000000000e+01 8.837835031837739734e+02 6.719700000000002547e+02 6.748442333194909224e+03 1.000000000000000000e+00 2.810295096805992987e+00 7.900000000000000000e+01
