1.140692470000000000e+08 1.000000000000000000e+00 6.600000000000000000e+01 5.421662326078984734e+03 3.017440852354672643e+03 1.342418999999999869e+04 0.000000000000000000e+00 3.640850769260656428e+00 3.229999999999999716e+01
1.140692470000000000e+08 1.000000000000000000e+00 6.600000000000000000e+01 5.421723326078984428e+03 3.017493852354672526e+03 1.342420000000000073e+04 0.000000000000000000e+00 3.582624297252479995e+00 1.339000000000000057e+01
1.140677360000000000e+08 1.000000000000000000e+00 6.500000000000000000e+01 5.429861326078984348e+03 3.021254852354672948e+03 1.342714999999999964e+04 0.000000000000000000e+00 2.140465021554696090e+00 1.339000000000000057e+01
1.140693230000000000e+08 1.000000000000000000e+00 6.600000000000000000e+01 5.443373326078984974e+03 3.038349852354673203e+03 1.343597999999999956e+04 0.000000000000000000e+00 2.051881685920001530e+00 1.078999999999999915e+01
1.140688620000000000e+08 0.000000000000000000e+00 6.600000000000000000e+01 5.456513326078984392e+03 3.033156852354672992e+03 1.341670999999999913e+04 0.000000000000000000e+00 4.320345074051805234e+00 2.400000000000000050e-02
1.140688590000000000e+08 1.000000000000000000e+00 6.500000000000000000e+01 5.452551326078984857e+03 3.030864852354672621e+03 1.341843000000000029e+04 0.000000000000000000e+00 4.267339935295813014e+00 6.099999999999999867e-02
1.140688590000000000e+08 1.000000000000000000e+00 6.500000000000000000e+01 5.449811326078985076e+03 3.030786852354673101e+03 1.341898999999999978e+04 0.000000000000000000e+00 5.776488677665987836e+00 6.099999999999999867e-02
1.140688600000000000e+08 0.000000000000000000e+00 6.500000000000000000e+01 5.457984326078984850e+03 3.034814852354672439e+03 1.341888999999999942e+04 0.000000000000000000e+00 2.480320985075447293e+00 2.400000000000000050e-02
1.140688590000000000e+08 1.000000000000000000e+00 6.500000000000000000e+01 5.457770326078984908e+03 3.030254852354672948e+03 1.342349000000000160e+04 0.000000000000000000e+00 4.204241174673134296e+00 9.199999999999999845e-02
1.140691980000000000e+08 1.000000000000000000e+00 6.500000000000000000e+01 5.458453326078984901e+03 3.016353852354673108e+03 1.342386000000000058e+04 0.000000000000000000e+00 2.866783443235701778e+00 9.199999999999999845e-02
1.140677820000000000e+08 1.000000000000000000e+00 6.500000000000000000e+01 5.456368326078984865e+03 3.012861852354672919e+03 1.342265999999999985e+04 0.000000000000000000e+00 2.544884614782437549e+00 9.199999999999999845e-02
1.140677820000000000e+08 1.000000000000000000e+00 6.500000000000000000e+01 5.456059326078984668e+03 3.012642852354672868e+03 1.342251000000000022e+04 0.000000000000000000e+00 2.243398550056658447e+00 2.400000000000000050e-02
1.140677830000000000e+08 0.000000000000000000e+00 6.500000000000000000e+01 5.452038326078984937e+03 3.004044852354672912e+03 1.341920999999999913e+04 0.000000000000000000e+00 2.536279806181434449e+00 6.099999999999999867e-02
1.140677840000000000e+08 0.000000000000000000e+00 6.600000000000000000e+01 5.454446326078984384e+03 2.994775852354672679e+03 1.341886000000000058e+04 0.000000000000000000e+00 3.029919342385534176e+00 4.169999999999999818e-01
1.140677860000000000e+08 1.000000000000000000e+00 6.500000000000000000e+01 5.458880326078984581e+03 2.985600852354672497e+03 1.341453000000000065e+04 0.000000000000000000e+00 4.518177080161223991e+00 4.169999999999999818e-01
1.140677860000000000e+08 1.000000000000000000e+00 6.500000000000000000e+01 5.458880326078984581e+03 2.985600852354672497e+03 1.341453000000000065e+04 0.000000000000000000e+00 4.518177080161223991e+00 7.185749999999999638e+00
1.140693230000000000e+08 1.000000000000000000e+00 6.600000000000000000e+01 5.443373326078984974e+03 3.038349852354673203e+03 1.343597999999999956e+04 0.000000000000000000e+00 2.051881685920001530e+00 4.237709999999999866e+00
1.140677360000000000e+08 1.000000000000000000e+00 6.500000000000000000e+01 5.429861326078984348e+03 3.021254852354672948e+03 1.342714999999999964e+04 0.000000000000000000e+00 2.140465021554696090e+00 6.401810000000000223e+00
1.140692470000000000e+08 1.000000000000000000e+00 6.600000000000000000e+01 5.421723326078984428e+03 3.017493852354672526e+03 1.342420000000000073e+04 0.000000000000000000e+00 3.582624297252479995e+00 5.730290000000000106e+00
