8.349804000000000000e+06 1.000000000000000000e+00 6.600000000000000000e+01 9.753470000000001164e+03 1.193778028662581892e+04 8.587436702367922408e+02 0.000000000000000000e+00 8.467403277413172447e+00 9.199999999999999845e-02
8.349883000000000000e+06 1.000000000000000000e+00 6.600000000000000000e+01 9.749579999999999927e+03 1.193183128662581839e+04 8.480446702367917169e+02 0.000000000000000000e+00 9.654250335782514014e+00 6.099999999999999867e-02
8.350719000000000000e+06 1.000000000000000000e+00 6.500000000000000000e+01 9.755270000000000437e+03 1.193158528662581921e+04 8.456176702367920370e+02 0.000000000000000000e+00 7.700249999352592134e+00 2.400000000000000050e-02
8.349883000000000000e+06 1.000000000000000000e+00 6.600000000000000000e+01 9.747389999999999418e+03 1.192880828662581916e+04 8.406966702367917605e+02 0.000000000000000000e+00 6.268209295969408679e+00 4.169999999999999818e-01
8.349883000000000000e+06 1.000000000000000000e+00 6.600000000000000000e+01 9.747299999999999272e+03 1.192892928662581835e+04 8.407006702367916660e+02 0.000000000000000000e+00 6.336284455689452422e+00 1.000000000000000021e-02
8.998834000000000000e+06 1.000000000000000000e+00 6.500000000000000000e+01 1.377500000000000000e+02 1.167343038662581966e+04 1.020492970236791734e+03 0.000000000000000000e+00 3.082162260406147603e+00 1.078999999999999915e+01
8.998832000000000000e+06 0.000000000000000000e+00 6.500000000000000000e+01 1.361300000000001091e+02 1.166904518662581904e+04 1.022493370236791634e+03 0.000000000000000000e+00 2.391517291383406185e+00 1.605000000000000071e+01
8.998830000000000000e+06 1.000000000000000000e+00 6.500000000000000000e+01 1.286400000000003274e+02 1.165391358662581843e+04 1.027527770236792094e+03 0.000000000000000000e+00 5.102146295530736175e+00 1.605000000000000071e+01
9.001300000000000000e+06 1.000000000000000000e+00 6.500000000000000000e+01 1.253600000000005821e+02 1.163746928662581922e+04 1.032073470236791763e+03 0.000000000000000000e+00 4.106370106678072673e+00 1.078999999999999915e+01
9.001229000000000000e+06 1.000000000000000000e+00 6.500000000000000000e+01 1.685900000000001455e+02 1.162833228662581860e+04 1.043641170236792277e+03 0.000000000000000000e+00 4.914023183054446520e+00 1.078999999999999915e+01
8.999967000000000000e+06 1.000000000000000000e+00 6.500000000000000000e+01 1.840200000000004366e+02 1.163440728662581751e+04 1.046544070236792322e+03 0.000000000000000000e+00 3.061212171182240649e+00 1.339000000000000057e+01
8.999965000000000000e+06 1.000000000000000000e+00 6.600000000000000000e+01 1.920500000000001819e+02 1.163864628662581890e+04 1.045453970236791974e+03 0.000000000000000000e+00 1.466054052334753610e+00 1.339000000000000057e+01
8.998758000000000000e+06 1.000000000000000000e+00 6.600000000000000000e+01 1.804099999999998545e+02 1.164992628662581774e+04 1.065199470236791967e+03 0.000000000000000000e+00 2.402063110393180434e+00 9.199999999999999845e-02
8.998757000000000000e+06 0.000000000000000000e+00 6.600000000000000000e+01 1.828299999999999272e+02 1.164715398662581902e+04 1.069968370236791998e+03 0.000000000000000000e+00 2.015406912574060350e+00 1.078999999999999915e+01
8.998757000000000000e+06 1.000000000000000000e+00 6.600000000000000000e+01 1.794000000000005457e+02 1.164557708662581899e+04 1.069271670236791579e+03 0.000000000000000000e+00 1.267692923359352131e+00 6.099999999999999867e-02
8.998757000000000000e+06 1.000000000000000000e+00 6.600000000000000000e+01 1.798900000000003274e+02 1.164464508662582011e+04 1.071076970236791567e+03 0.000000000000000000e+00 2.540315768633286009e+00 9.199999999999999845e-02
8.998757000000000000e+06 1.000000000000000000e+00 6.600000000000000000e+01 1.804200000000000728e+02 1.164409078662581851e+04 1.071763570236791566e+03 0.000000000000000000e+00 3.514953634139052596e+00 9.199999999999999845e-02
8.998757000000000000e+06 1.000000000000000000e+00 6.600000000000000000e+01 1.782200000000002547e+02 1.164252728662582012e+04 1.068781370236792100e+03 0.000000000000000000e+00 2.629006356189361515e+00 1.078999999999999915e+01
8.998757000000000000e+06 1.000000000000000000e+00 6.600000000000000000e+01 1.782200000000002547e+02 1.164252728662582012e+04 1.068781370236792100e+03 0.000000000000000000e+00 2.629006356189361515e+00 2.478639999999999954e+00
8.998757000000000000e+06 1.000000000000000000e+00 6.600000000000000000e+01 1.782200000000002547e+02 1.164252728662582012e+04 1.068781370236792100e+03 0.000000000000000000e+00 2.629006356189361515e+00 1.218290000000000095e+00
8.998755000000000000e+06 1.000000000000000000e+00 6.600000000000000000e+01 1.912699999999995271e+02 1.163779928662581915e+04 1.066062370236792049e+03 0.000000000000000000e+00 1.069463705185207170e+00 2.400000000000000050e-02
8.999966000000000000e+06 1.000000000000000000e+00 6.600000000000000000e+01 2.007500000000000000e+02 1.164828618662581903e+04 1.047888370236792071e+03 0.000000000000000000e+00 4.324693249983260657e+00 9.199999999999999845e-02
8.999966000000000000e+06 1.000000000000000000e+00 6.600000000000000000e+01 1.993200000000006185e+02 1.164732038662581908e+04 1.049199670236792372e+03 0.000000000000000000e+00 2.714325627671075658e+00 9.199999999999999845e-02
8.999966000000000000e+06 1.000000000000000000e+00 6.600000000000000000e+01 1.982200000000002547e+02 1.164805638662581987e+04 1.049642670236791673e+03 0.000000000000000000e+00 3.211665604641510630e+00 9.199999999999999845e-02
9.000273000000000000e+06 1.000000000000000000e+00 6.500000000000000000e+01 1.965699999999997090e+02 1.166741828662581975e+04 1.046912170236792008e+03 0.000000000000000000e+00 2.643342620095421314e+00 9.199999999999999845e-02
9.000268000000000000e+06 1.000000000000000000e+00 6.600000000000000000e+01 2.065900000000001455e+02 1.166623758662581895e+04 1.048085070236791580e+03 0.000000000000000000e+00 1.503343393185496257e+00 4.169999999999999818e-01
8.998763000000000000e+06 1.000000000000000000e+00 6.600000000000000000e+01 2.008000000000001819e+02 1.166727758662581982e+04 1.055829170236792379e+03 0.000000000000000000e+00 2.044705234821905027e+00 9.199999999999999845e-02
9.000272000000000000e+06 1.000000000000000000e+00 6.500000000000000000e+01 1.985399999999999636e+02 1.167732338662581969e+04 1.052042470236791814e+03 0.000000000000000000e+00 4.095577781016951135e+00 2.400000000000000050e-02
8.999965000000000000e+06 1.000000000000000000e+00 6.600000000000000000e+01 2.047200000000002547e+02 1.164184328662581902e+04 1.043180170236792037e+03 0.000000000000000000e+00 3.870954724864607233e+00 1.078999999999999915e+01
8.999965000000000000e+06 1.000000000000000000e+00 6.600000000000000000e+01 2.072500000000000000e+02 1.164322628662581883e+04 1.043419970236792324e+03 0.000000000000000000e+00 6.742191653648612615e+00 9.199999999999999845e-02
9.001386000000000000e+06 1.000000000000000000e+00 6.500000000000000000e+01 2.056700000000000728e+02 1.164366638662581863e+04 1.046733970236791720e+03 0.000000000000000000e+00 4.691075744006932169e+00 9.199999999999999845e-02
9.000041000000000000e+06 1.000000000000000000e+00 6.500000000000000000e+01 1.849900000000006912e+02 1.165991608662581893e+04 1.030307470236792142e+03 0.000000000000000000e+00 8.627399539116554550e+00 2.400000000000000050e-02
9.000042000000000000e+06 1.000000000000000000e+00 6.500000000000000000e+01 1.815100000000002183e+02 1.166301378662581919e+04 1.027269070236791777e+03 0.000000000000000000e+00 6.261005466731154989e+00 6.099999999999999867e-02
9.000042000000000000e+06 1.000000000000000000e+00 6.500000000000000000e+01 1.781499999999996362e+02 1.166211588662581926e+04 1.023259270236791963e+03 0.000000000000000000e+00 4.166565799481573684e+00 6.099999999999999867e-02
9.000042000000000000e+06 1.000000000000000000e+00 6.500000000000000000e+01 1.798300000000008367e+02 1.166403168662581811e+04 1.022570270236791657e+03 0.000000000000000000e+00 6.715624388736710415e+00 1.078999999999999915e+01
9.000042000000000000e+06 1.000000000000000000e+00 6.500000000000000000e+01 1.798300000000008367e+02 1.166403168662581811e+04 1.022570270236791657e+03 0.000000000000000000e+00 6.715624388736710415e+00 4.191900000000000404e+00
9.000042000000000000e+06 1.000000000000000000e+00 6.500000000000000000e+01 1.798300000000008367e+02 1.166403168662581811e+04 1.022570270236791657e+03 0.000000000000000000e+00 6.715624388736710415e+00 1.617860000000000076e+00
8.999965000000000000e+06 1.000000000000000000e+00 6.600000000000000000e+01 2.047200000000002547e+02 1.164184328662581902e+04 1.043180170236792037e+03 0.000000000000000000e+00 3.870954724864607233e+00 6.700549999999999784e+00
9.001233000000000000e+06 1.000000000000000000e+00 6.600000000000000000e+01 1.718800000000001091e+02 1.162564228662581809e+04 1.043643170236791775e+03 0.000000000000000000e+00 2.984649610186300261e+00 9.199999999999999845e-02
9.001232000000000000e+06 1.000000000000000000e+00 6.600000000000000000e+01 1.951000000000003638e+02 1.162495128662581919e+04 1.038954470236792076e+03 0.000000000000000000e+00 7.773696681843897949e+00 9.199999999999999845e-02
9.001231000000000000e+06 1.000000000000000000e+00 6.600000000000000000e+01 1.964300000000002910e+02 1.162346128662581759e+04 1.035174370236792129e+03 0.000000000000000000e+00 7.430412287779021518e+00 9.199999999999999845e-02
8.999961000000000000e+06 0.000000000000000000e+00 6.500000000000000000e+01 1.998299999999999272e+02 1.164611908662581845e+04 1.029036370236792209e+03 0.000000000000000000e+00 2.007596357141498533e+00 4.169999999999999818e-01
8.999958000000000000e+06 1.000000000000000000e+00 6.500000000000000000e+01 2.081300000000001091e+02 1.163394928662581879e+04 1.023101970236792113e+03 0.000000000000000000e+00 1.638746708903973781e+00 9.199999999999999845e-02
8.999958000000000000e+06 1.000000000000000000e+00 6.500000000000000000e+01 2.072200000000002547e+02 1.163222428662581842e+04 1.024059470236791640e+03 0.000000000000000000e+00 3.291119972034667107e+00 6.099999999999999867e-02
8.999959000000000000e+06 1.000000000000000000e+00 6.500000000000000000e+01 2.044199999999991633e+02 1.163233028662582001e+04 1.026318270236792159e+03 0.000000000000000000e+00 2.670532805744123550e+00 9.199999999999999845e-02
9.001232000000000000e+06 1.000000000000000000e+00 6.600000000000000000e+01 1.905000000000000000e+02 1.162765428662581871e+04 1.036359970236791924e+03 0.000000000000000000e+00 3.879599604568551907e+00 9.199999999999999845e-02
9.001231000000000000e+06 1.000000000000000000e+00 6.600000000000000000e+01 1.888299999999999272e+02 1.163169528662581797e+04 1.035528470236791691e+03 0.000000000000000000e+00 4.118137880785909921e+00 6.099999999999999867e-02
9.001229000000000000e+06 0.000000000000000000e+00 6.500000000000000000e+01 1.780300000000006548e+02 1.163218628662581978e+04 1.030578670236792277e+03 0.000000000000000000e+00 3.796775719142077232e+00 6.099999999999999867e-02
9.001228000000000000e+06 0.000000000000000000e+00 6.500000000000000000e+01 1.780100000000002183e+02 1.163135628662581803e+04 1.029058770236792043e+03 0.000000000000000000e+00 2.674033553057658885e+00 4.169999999999999818e-01
8.999969000000000000e+06 1.000000000000000000e+00 6.600000000000000000e+01 1.657299999999995634e+02 1.164905548662581896e+04 1.055912070236791806e+03 0.000000000000000000e+00 3.145052279644063642e+00 9.199999999999999845e-02
8.999896000000000000e+06 1.000000000000000000e+00 6.500000000000000000e+01 1.649899999999997817e+02 1.164887298662581816e+04 1.055862370236792231e+03 0.000000000000000000e+00 2.959481352742250770e+00 4.169999999999999818e-01
8.999896000000000000e+06 1.000000000000000000e+00 6.500000000000000000e+01 1.663100000000004002e+02 1.166375538662581857e+04 1.053488870236791627e+03 0.000000000000000000e+00 8.905005213879055859e+00 2.400000000000000050e-02
8.998761000000000000e+06 1.000000000000000000e+00 6.500000000000000000e+01 1.751700000000000728e+02 1.166204738662581804e+04 1.056423970236792229e+03 0.000000000000000000e+00 5.782827250107567707e+00 8.349999999999999645e-01
9.000275000000000000e+06 1.000000000000000000e+00 6.500000000000000000e+01 1.832799999999997453e+02 1.166679168662582015e+04 1.053732370236792121e+03 0.000000000000000000e+00 2.003424206340739921e+00 9.199999999999999845e-02
9.000275000000000000e+06 1.000000000000000000e+00 6.500000000000000000e+01 1.822599999999993088e+02 1.167652068662581951e+04 1.045199170236792270e+03 0.000000000000000000e+00 4.247793889006818979e+00 4.169999999999999818e-01
9.000274000000000000e+06 1.000000000000000000e+00 6.500000000000000000e+01 1.852000000000007276e+02 1.167742138662581783e+04 1.040577870236791568e+03 0.000000000000000000e+00 7.351493656946174404e+00 2.400000000000000050e-02
9.000275000000000000e+06 1.000000000000000000e+00 6.500000000000000000e+01 1.816100000000005821e+02 1.167713868662581808e+04 1.040546670236792124e+03 0.000000000000000000e+00 7.842144036526642381e+00 4.169999999999999818e-01
9.000280000000000000e+06 1.000000000000000000e+00 6.600000000000000000e+01 1.788400000000001455e+02 1.168405088662581875e+04 1.047389170236791870e+03 0.000000000000000000e+00 2.420299553006610704e+00 2.400000000000000050e-02
9.000281000000000000e+06 1.000000000000000000e+00 6.600000000000000000e+01 1.699199999999991633e+02 1.168806778662581928e+04 1.046856670236791615e+03 0.000000000000000000e+00 6.380496586716588148e+00 4.169999999999999818e-01
9.000147000000000000e+06 1.000000000000000000e+00 6.600000000000000000e+01 1.655899999999992360e+02 1.168446858662581872e+04 1.046701470236792375e+03 0.000000000000000000e+00 9.009903199089071890e+00 6.099999999999999867e-02
9.000280000000000000e+06 0.000000000000000000e+00 6.600000000000000000e+01 1.713699999999998909e+02 1.168560698662581854e+04 1.057146970236792185e+03 0.000000000000000000e+00 1.451446604441104737e+00 2.400000000000000050e-02
9.000281000000000000e+06 0.000000000000000000e+00 6.600000000000000000e+01 1.701900000000005093e+02 1.168579388662581914e+04 1.056845370236792405e+03 0.000000000000000000e+00 1.745597036774141575e+00 9.199999999999999845e-02
9.000281000000000000e+06 0.000000000000000000e+00 6.600000000000000000e+01 1.655199999999995271e+02 1.168527828662581851e+04 1.063636170236792168e+03 0.000000000000000000e+00 1.065432374017572847e+00 6.099999999999999867e-02
9.000282000000000000e+06 1.000000000000000000e+00 6.600000000000000000e+01 1.607300000000004729e+02 1.167974708662581907e+04 1.066800170236791928e+03 0.000000000000000000e+00 4.422566042084785209e+00 9.199999999999999845e-02
9.000282000000000000e+06 1.000000000000000000e+00 6.600000000000000000e+01 1.608699999999998909e+02 1.167978508662581953e+04 1.066782970236791698e+03 0.000000000000000000e+00 4.410470233888102776e+00 6.099999999999999867e-02
9.000282000000000000e+06 1.000000000000000000e+00 6.600000000000000000e+01 1.620399999999999636e+02 1.167990858662581923e+04 1.066661570236791704e+03 0.000000000000000000e+00 4.671433800997288444e+00 6.099999999999999867e-02
8.998771000000000000e+06 1.000000000000000000e+00 6.500000000000000000e+01 1.632300000000004729e+02 1.167882528662581899e+04 1.066901870236792092e+03 0.000000000000000000e+00 5.916392694096975546e+00 2.400000000000000050e-02
9.000277000000000000e+06 0.000000000000000000e+00 6.500000000000000000e+01 1.767500000000000000e+02 1.167233028662582001e+04 1.058558670236791841e+03 0.000000000000000000e+00 1.268082319193401419e+00 2.400000000000000050e-02
9.000276000000000000e+06 1.000000000000000000e+00 6.500000000000000000e+01 1.719100000000007640e+02 1.166828718662581923e+04 1.057291670236792015e+03 0.000000000000000000e+00 2.178184160947215009e+00 6.099999999999999867e-02
9.000276000000000000e+06 1.000000000000000000e+00 6.500000000000000000e+01 1.719700000000002547e+02 1.166696398662581851e+04 1.056333370236791779e+03 0.000000000000000000e+00 3.252062162389421918e+00 2.400000000000000050e-02
8.998761000000000000e+06 1.000000000000000000e+00 6.500000000000000000e+01 1.748299999999999272e+02 1.165893858662581988e+04 1.051567170236791753e+03 0.000000000000000000e+00 9.161039935935182399e+00 6.099999999999999867e-02
8.999968000000000000e+06 1.000000000000000000e+00 6.600000000000000000e+01 1.730299999999997453e+02 1.165710328662581924e+04 1.051027270236791992e+03 0.000000000000000000e+00 9.723738095347613353e+00 9.199999999999999845e-02
9.000047000000000000e+06 1.000000000000000000e+00 6.600000000000000000e+01 1.683800000000001091e+02 1.166838608662581828e+04 1.041769770236792283e+03 0.000000000000000000e+00 7.640138997230697449e+00 6.099999999999999867e-02
9.001309000000000000e+06 1.000000000000000000e+00 6.600000000000000000e+01 1.511299999999991996e+02 1.163081628662581898e+04 1.041439070236791849e+03 0.000000000000000000e+00 1.663624170090456933e-01 4.169999999999999818e-01
9.001309000000000000e+06 0.000000000000000000e+00 6.600000000000000000e+01 1.470699999999997090e+02 1.163222728662581903e+04 1.044657670236792001e+03 0.000000000000000000e+00 1.896370975208516940e+00 6.099999999999999867e-02
9.001310000000000000e+06 0.000000000000000000e+00 6.500000000000000000e+01 1.435599999999994907e+02 1.163475428662581908e+04 1.048546270236792225e+03 0.000000000000000000e+00 1.035120251459989316e+00 1.078999999999999915e+01
9.001308000000000000e+06 0.000000000000000000e+00 6.500000000000000000e+01 1.393400000000001455e+02 1.164145428662581980e+04 1.044503170236792357e+03 0.000000000000000000e+00 2.162780046509988896e+00 9.199999999999999845e-02
9.001307000000000000e+06 1.000000000000000000e+00 6.500000000000000000e+01 1.423700000000008004e+02 1.164428728662581852e+04 1.043351670236792415e+03 0.000000000000000000e+00 1.905140105626838443e+00 2.400000000000000050e-02
9.000083000000000000e+06 1.000000000000000000e+00 6.500000000000000000e+01 1.332600000000002183e+02 1.164196828662581902e+04 1.052234670236792226e+03 0.000000000000000000e+00 2.799056740549945577e+00 6.099999999999999867e-02
9.000083000000000000e+06 1.000000000000000000e+00 6.500000000000000000e+01 1.354900000000006912e+02 1.164372488662581964e+04 1.057536670236791906e+03 0.000000000000000000e+00 2.768128419952632147e+00 1.000000000000000021e-02
9.000083000000000000e+06 1.000000000000000000e+00 6.500000000000000000e+01 1.356399999999994179e+02 1.164560328662581924e+04 1.054427370236791830e+03 0.000000000000000000e+00 1.449177961283566463e+00 9.199999999999999845e-02
9.000231000000000000e+06 0.000000000000000000e+00 6.500000000000000000e+01 1.341499999999996362e+02 1.165152058662581840e+04 1.058018170236791775e+03 0.000000000000000000e+00 2.391129685698706542e+00 9.199999999999999845e-02
9.001309000000000000e+06 1.000000000000000000e+00 6.500000000000000000e+01 1.276700000000000728e+02 1.163572228662581983e+04 1.054748470236791945e+03 0.000000000000000000e+00 4.510310336606196735e+00 9.199999999999999845e-02
9.000084000000000000e+06 1.000000000000000000e+00 6.500000000000000000e+01 1.247799999999997453e+02 1.163915828662581771e+04 1.057440370236791750e+03 0.000000000000000000e+00 4.263066739569978836e+00 1.078999999999999915e+01
9.000084000000000000e+06 1.000000000000000000e+00 6.500000000000000000e+01 1.247799999999997453e+02 1.163915828662581771e+04 1.057440370236791750e+03 0.000000000000000000e+00 4.263066739569978836e+00 5.012360000000000149e+00
9.000084000000000000e+06 1.000000000000000000e+00 6.500000000000000000e+01 1.247799999999997453e+02 1.163915828662581771e+04 1.057440370236791750e+03 0.000000000000000000e+00 4.263066739569978836e+00 4.531439999999999912e-01
9.001310000000000000e+06 0.000000000000000000e+00 6.500000000000000000e+01 1.435599999999994907e+02 1.163475428662581908e+04 1.048546270236792225e+03 0.000000000000000000e+00 1.035120251459989316e+00 4.496290000000000120e+00
9.001282000000000000e+06 1.000000000000000000e+00 6.500000000000000000e+01 1.172599999999993088e+02 1.159815628662581912e+04 1.032200170236791564e+03 0.000000000000000000e+00 6.776558547491395856e+00 9.199999999999999845e-02
9.001282000000000000e+06 1.000000000000000000e+00 6.500000000000000000e+01 1.174799999999995634e+02 1.159863628662581868e+04 1.032640370236791568e+03 0.000000000000000000e+00 7.075697160339752045e+00 1.000000000000000021e-02
9.000000000000000000e+06 1.000000000000000000e+00 6.600000000000000000e+01 1.162199999999993452e+02 1.158985028662581863e+04 1.050119070236792140e+03 0.000000000000000000e+00 4.310328152526018641e+00 2.400000000000000050e-02
9.001273000000000000e+06 1.000000000000000000e+00 6.500000000000000000e+01 1.150300000000006548e+02 1.157196628662581861e+04 1.041318570236791857e+03 0.000000000000000000e+00 4.348864388161267414e+00 2.400000000000000050e-02
9.000002000000000000e+06 1.000000000000000000e+00 6.500000000000000000e+01 1.252100000000000364e+02 1.157760128662581883e+04 1.039840970236791691e+03 0.000000000000000000e+00 1.534648613854570076e+00 9.199999999999999845e-02
9.001189000000000000e+06 1.000000000000000000e+00 6.500000000000000000e+01 1.300100000000002183e+02 1.156928528662581812e+04 1.036518570236791675e+03 0.000000000000000000e+00 1.520406369469996744e+00 9.199999999999999845e-02
9.001189000000000000e+06 1.000000000000000000e+00 6.500000000000000000e+01 1.334299999999993815e+02 1.156904328662581975e+04 1.035764770236792174e+03 0.000000000000000000e+00 2.726969810907813763e+00 1.078999999999999915e+01
9.001189000000000000e+06 1.000000000000000000e+00 6.500000000000000000e+01 1.334299999999993815e+02 1.156904328662581975e+04 1.035764770236792174e+03 0.000000000000000000e+00 2.726969810907813763e+00 3.657140000000000057e+00
9.001189000000000000e+06 1.000000000000000000e+00 6.500000000000000000e+01 1.334299999999993815e+02 1.156904328662581975e+04 1.035764770236792174e+03 0.000000000000000000e+00 2.726969810907813763e+00 6.482310000000000016e-01
9.001304000000000000e+06 1.000000000000000000e+00 6.600000000000000000e+01 1.249599999999991269e+02 1.163891728662581954e+04 1.033714570236791587e+03 0.000000000000000000e+00 4.611265334083759271e+00 6.099999999999999867e-02
9.001300000000000000e+06 1.000000000000000000e+00 6.500000000000000000e+01 1.257500000000000000e+02 1.163610428662581762e+04 1.036218470236792200e+03 0.000000000000000000e+00 3.797230204705843271e+00 9.199999999999999845e-02
9.001304000000000000e+06 1.000000000000000000e+00 6.600000000000000000e+01 1.254099999999998545e+02 1.163606928662581777e+04 1.037305070236791835e+03 0.000000000000000000e+00 4.044550618370606365e+00 8.349999999999999645e-01
9.001304000000000000e+06 1.000000000000000000e+00 6.600000000000000000e+01 1.254099999999998545e+02 1.163606928662581777e+04 1.037305070236791835e+03 0.000000000000000000e+00 4.044550618370606365e+00 6.799669999999999881e+00
9.000091000000000000e+06 1.000000000000000000e+00 6.500000000000000000e+01 1.279100000000007640e+02 1.165423188662581924e+04 1.029485370236791823e+03 0.000000000000000000e+00 4.147088775886835776e+00 2.400000000000000050e-02
8.998829000000000000e+06 1.000000000000000000e+00 6.500000000000000000e+01 1.304600000000000364e+02 1.165492158662582005e+04 1.030889470236791567e+03 0.000000000000000000e+00 3.878628867013390824e+00 9.199999999999999845e-02
8.998830000000000000e+06 1.000000000000000000e+00 6.500000000000000000e+01 1.320100000000002183e+02 1.165715618662581983e+04 1.025647770236791985e+03 0.000000000000000000e+00 1.442567321277640424e+00 2.400000000000000050e-02
8.998830000000000000e+06 1.000000000000000000e+00 6.500000000000000000e+01 1.306899999999995998e+02 1.166013648662581909e+04 1.026513370236792071e+03 0.000000000000000000e+00 7.883267058480808442e-01 9.199999999999999845e-02
8.998832000000000000e+06 1.000000000000000000e+00 6.500000000000000000e+01 1.249599999999991269e+02 1.166925808662581767e+04 1.018559870236791539e+03 0.000000000000000000e+00 3.698832219881057259e+00 9.199999999999999845e-02
8.998833000000000000e+06 1.000000000000000000e+00 6.500000000000000000e+01 1.270100000000002183e+02 1.167237518662581897e+04 1.016185970236791945e+03 0.000000000000000000e+00 3.203947555161181793e+00 4.169999999999999818e-01
8.998833000000000000e+06 1.000000000000000000e+00 6.500000000000000000e+01 1.270700000000006185e+02 1.167242438662581844e+04 1.016132570236792162e+03 0.000000000000000000e+00 3.170568333739442579e+00 6.099999999999999867e-02
8.998838000000000000e+06 1.000000000000000000e+00 6.600000000000000000e+01 1.361400000000003274e+02 1.167759148662581902e+04 1.011136670236792270e+03 0.000000000000000000e+00 5.376122412490370372e+00 2.400000000000000050e-02
8.998839000000000000e+06 1.000000000000000000e+00 6.600000000000000000e+01 1.426300000000001091e+02 1.168008578662581931e+04 1.009386170236792168e+03 0.000000000000000000e+00 2.507308373599862694e+00 4.169999999999999818e-01
8.998833000000000000e+06 1.000000000000000000e+00 6.600000000000000000e+01 1.526700000000000728e+02 1.166731398662581887e+04 1.019698970236791865e+03 0.000000000000000000e+00 4.011099192515611200e+00 9.199999999999999845e-02
8.998833000000000000e+06 1.000000000000000000e+00 6.600000000000000000e+01 1.528400000000001455e+02 1.166745308662581920e+04 1.020113170236792030e+03 0.000000000000000000e+00 4.262154340901285643e+00 4.169999999999999818e-01
8.998833000000000000e+06 1.000000000000000000e+00 6.600000000000000000e+01 1.531999999999998181e+02 1.166775558662581898e+04 1.021013470236792273e+03 0.000000000000000000e+00 4.915514945827137439e+00 1.078999999999999915e+01
8.998833000000000000e+06 1.000000000000000000e+00 6.600000000000000000e+01 1.531999999999998181e+02 1.166775558662581898e+04 1.021013470236792273e+03 0.000000000000000000e+00 4.915514945827137439e+00 4.800259999999999749e+00
8.998833000000000000e+06 1.000000000000000000e+00 6.600000000000000000e+01 1.531999999999998181e+02 1.166775558662581898e+04 1.021013470236792273e+03 0.000000000000000000e+00 4.915514945827137439e+00 5.461230000000000251e-01
8.998832000000000000e+06 0.000000000000000000e+00 6.500000000000000000e+01 1.361300000000001091e+02 1.166904518662581904e+04 1.022493370236791634e+03 0.000000000000000000e+00 2.391517291383406185e+00 7.245239999999999903e+00
9.000046000000000000e+06 0.000000000000000000e+00 6.600000000000000000e+01 1.583000000000001819e+02 1.165799608662581886e+04 1.041407470236791596e+03 0.000000000000000000e+00 1.386547537672757846e+00 1.078999999999999915e+01
9.000275000000000000e+06 1.000000000000000000e+00 6.500000000000000000e+01 1.783599999999996726e+02 1.165995088662581838e+04 1.050822870236792369e+03 0.000000000000000000e+00 7.483739420785120444e+00 6.099999999999999867e-02
9.000275000000000000e+06 1.000000000000000000e+00 6.500000000000000000e+01 1.780499999999992724e+02 1.166142188662581975e+04 1.052947070236791660e+03 0.000000000000000000e+00 5.487585582507930937e+00 6.099999999999999867e-02
9.000275000000000000e+06 1.000000000000000000e+00 6.500000000000000000e+01 1.796100000000005821e+02 1.166291098662581862e+04 1.054639070236791667e+03 0.000000000000000000e+00 3.523645507946620015e+00 2.039999999999999869e-01
8.998762000000000000e+06 0.000000000000000000e+00 6.500000000000000000e+01 1.879600000000009459e+02 1.166325068662581907e+04 1.061734270236792327e+03 0.000000000000000000e+00 1.311289365392637629e+00 9.199999999999999845e-02
8.998764000000000000e+06 1.000000000000000000e+00 6.600000000000000000e+01 1.936999999999998181e+02 1.167194948662581919e+04 1.060859570236792024e+03 0.000000000000000000e+00 1.355723196647427020e+00 6.099999999999999867e-02
9.000270000000000000e+06 1.000000000000000000e+00 6.600000000000000000e+01 2.013500000000003638e+02 1.166192838662581926e+04 1.038091670236792197e+03 0.000000000000000000e+00 6.119227501805670322e+00 2.400000000000000050e-02
9.000270000000000000e+06 1.000000000000000000e+00 6.600000000000000000e+01 1.981599999999998545e+02 1.165121018662581992e+04 1.048548670236791622e+03 0.000000000000000000e+00 6.063113476507698607e+00 9.199999999999999845e-02
9.000270000000000000e+06 1.000000000000000000e+00 6.600000000000000000e+01 1.968699999999998909e+02 1.165107908662581758e+04 1.046802470236792033e+03 0.000000000000000000e+00 6.182056052057079754e+00 6.099999999999999867e-02
8.999965000000000000e+06 0.000000000000000000e+00 6.600000000000000000e+01 1.947500000000000000e+02 1.164851728662581809e+04 1.045936970236792149e+03 0.000000000000000000e+00 4.878344399696641354e+00 1.078999999999999915e+01
8.999965000000000000e+06 0.000000000000000000e+00 6.600000000000000000e+01 1.947500000000000000e+02 1.164851728662581809e+04 1.045936970236792149e+03 0.000000000000000000e+00 4.878344399696641354e+00 1.491659999999999986e+00
8.999965000000000000e+06 0.000000000000000000e+00 6.600000000000000000e+01 1.947500000000000000e+02 1.164851728662581809e+04 1.045936970236792149e+03 0.000000000000000000e+00 4.878344399696641354e+00 1.935780000000000001e-01
9.000046000000000000e+06 0.000000000000000000e+00 6.600000000000000000e+01 1.594300000000002910e+02 1.165774888662581907e+04 1.040281870236792201e+03 0.000000000000000000e+00 3.379916113705315750e-01 9.199999999999999845e-02
9.000044000000000000e+06 1.000000000000000000e+00 6.500000000000000000e+01 1.584700000000002547e+02 1.165851028662581848e+04 1.027960670236791884e+03 0.000000000000000000e+00 3.185744637426287440e+00 2.400000000000000050e-02
9.000044000000000000e+06 1.000000000000000000e+00 6.500000000000000000e+01 1.583500000000003638e+02 1.165693978662581867e+04 1.027302670236791528e+03 0.000000000000000000e+00 4.360508539330887778e+00 9.199999999999999845e-02
9.000040000000000000e+06 1.000000000000000000e+00 6.600000000000000000e+01 1.589399999999995998e+02 1.165602298662581961e+04 1.018857770236792021e+03 0.000000000000000000e+00 2.246938603313483274e+00 2.400000000000000050e-02
9.000043000000000000e+06 1.000000000000000000e+00 6.500000000000000000e+01 1.634300000000002910e+02 1.166000548662581787e+04 1.028096470236791902e+03 0.000000000000000000e+00 6.008582617679908422e-01 9.199999999999999845e-02
9.000044000000000000e+06 1.000000000000000000e+00 6.500000000000000000e+01 1.575600000000004002e+02 1.166242058662581985e+04 1.028446670236791761e+03 0.000000000000000000e+00 3.826471703924904322e+00 9.199999999999999845e-02
9.000044000000000000e+06 1.000000000000000000e+00 6.500000000000000000e+01 1.564700000000002547e+02 1.166121208662581921e+04 1.029120470236792244e+03 0.000000000000000000e+00 2.506266751051632102e+00 2.039999999999999869e-01
9.000044000000000000e+06 1.000000000000000000e+00 6.500000000000000000e+01 1.564700000000002547e+02 1.166121208662581921e+04 1.029120470236792244e+03 0.000000000000000000e+00 2.506266751051632102e+00 7.305069999999999730e+00
8.998864000000000000e+06 1.000000000000000000e+00 6.500000000000000000e+01 1.761599999999998545e+02 1.172318728662581998e+04 1.017067270236791956e+03 1.000000000000000000e+00 6.972598784712786824e-01 2.900000000000000000e+01
8.999232000000000000e+06 1.000000000000000000e+00 6.500000000000000000e+01 2.398999999999996362e+02 1.176990448662581912e+04 1.064115170236791528e+03 1.000000000000000000e+00 7.726940068043659515e-01 2.900000000000000000e+01
9.000311000000000000e+06 1.000000000000000000e+00 6.600000000000000000e+01 2.303500000000003638e+02 1.173766433662581767e+04 1.062775270236791584e+03 1.000000000000000000e+00 6.100888474453567412e-01 2.900000000000000000e+01
8.998863000000000000e+06 0.000000000000000000e+00 6.500000000000000000e+01 1.832199999999993452e+02 1.172626878662581839e+04 1.010660970236792309e+03 1.000000000000000000e+00 1.520544681086849925e+00 2.900000000000000000e+01
8.999232000000000000e+06 1.000000000000000000e+00 6.500000000000000000e+01 2.413299999999999272e+02 1.176651938662581961e+04 1.063687970236792353e+03 1.000000000000000000e+00 5.506598893284444518e-01 2.900000000000000000e+01
