8.236397500000000000e+07 1.000000000000000000e+00 6.500000000000000000e+01 4.441576800667411590e+03 1.271884091749960680e+04 9.724420000000000073e+03 0.000000000000000000e+00 3.201353374842703658e+00 1.339000000000000057e+01
8.236246300000000000e+07 1.000000000000000000e+00 6.600000000000000000e+01 4.442162800667410920e+03 1.269885091749960702e+04 9.818989999999999782e+03 0.000000000000000000e+00 9.956891975199995137e-01 1.339000000000000057e+01
8.801940100000000000e+07 1.000000000000000000e+00 6.500000000000000000e+01 4.457163800667411124e+03 1.258395091749960739e+04 1.038662000000000080e+04 0.000000000000000000e+00 2.532152258788606058e+00 1.339000000000000057e+01
8.801940100000000000e+07 1.000000000000000000e+00 6.500000000000000000e+01 4.453238800667411851e+03 1.258824091749960644e+04 1.038629999999999927e+04 0.000000000000000000e+00 2.388906737949667125e+00 9.199999999999999845e-02
8.801940100000000000e+07 1.000000000000000000e+00 6.500000000000000000e+01 4.453426800667411953e+03 1.258816091749960651e+04 1.038676000000000022e+04 0.000000000000000000e+00 1.900836461568153668e+00 6.099999999999999867e-02
8.801821000000000000e+07 0.000000000000000000e+00 6.500000000000000000e+01 4.465231800667412244e+03 1.256774091749960644e+04 1.040273999999999978e+04 0.000000000000000000e+00 3.865434027582172583e+00 9.199999999999999845e-02
8.801812600000000000e+07 1.000000000000000000e+00 6.500000000000000000e+01 4.476970800667411822e+03 1.258509091749960680e+04 1.040856999999999971e+04 0.000000000000000000e+00 2.114916979486858306e+00 9.199999999999999845e-02
8.801812600000000000e+07 1.000000000000000000e+00 6.500000000000000000e+01 4.478822800667410775e+03 1.258199091749960644e+04 1.040854000000000087e+04 0.000000000000000000e+00 3.826464678661108731e+00 4.169999999999999818e-01
8.801820600000000000e+07 1.000000000000000000e+00 6.600000000000000000e+01 4.478231800667412244e+03 1.257427091749960709e+04 1.040826000000000022e+04 0.000000000000000000e+00 5.800692924135260498e+00 9.199999999999999845e-02
8.801820700000000000e+07 1.000000000000000000e+00 6.600000000000000000e+01 4.474881800667411881e+03 1.257294091749960717e+04 1.040711000000000058e+04 0.000000000000000000e+00 4.334414741774119229e+00 1.000000000000000000e+01
8.801820700000000000e+07 1.000000000000000000e+00 6.600000000000000000e+01 4.474881800667411881e+03 1.257294091749960717e+04 1.040711000000000058e+04 0.000000000000000000e+00 4.334414741774119229e+00 5.436259999999999870e+00
8.236246400000000000e+07 1.000000000000000000e+00 6.600000000000000000e+01 4.439704800667412201e+03 1.269876091749960688e+04 9.820229999999999563e+03 0.000000000000000000e+00 2.173731556047359792e+00 1.339000000000000057e+01
8.236246400000000000e+07 1.000000000000000000e+00 6.600000000000000000e+01 4.439704800667412201e+03 1.269876091749960688e+04 9.820229999999999563e+03 0.000000000000000000e+00 2.173731556047359792e+00 5.440839999999999677e+00
8.236246400000000000e+07 1.000000000000000000e+00 6.600000000000000000e+01 4.439704800667412201e+03 1.269876091749960688e+04 9.820229999999999563e+03 0.000000000000000000e+00 2.173731556047359792e+00 2.743949999999999889e+00
8.236397800000000000e+07 0.000000000000000000e+00 6.500000000000000000e+01 4.439337800667412012e+03 1.272727091749960709e+04 9.723729999999999563e+03 0.000000000000000000e+00 3.632867223096672760e+00 2.400000000000000050e-02
8.236397800000000000e+07 0.000000000000000000e+00 6.500000000000000000e+01 4.441915800667411531e+03 1.272620091749960739e+04 9.724170000000000073e+03 0.000000000000000000e+00 2.147109853577135574e+00 2.400000000000000050e-02
8.236398200000000000e+07 1.000000000000000000e+00 6.600000000000000000e+01 4.429085800667411604e+03 1.272315091749960629e+04 9.734159999999999854e+03 0.000000000000000000e+00 9.472914101739958737e-01 1.078999999999999915e+01
8.236398200000000000e+07 1.000000000000000000e+00 6.600000000000000000e+01 4.429085800667411604e+03 1.272315091749960629e+04 9.734159999999999854e+03 0.000000000000000000e+00 9.472914101739958737e-01 5.238800000000000345e+00
8.236398200000000000e+07 1.000000000000000000e+00 6.600000000000000000e+01 4.429085800667411604e+03 1.272315091749960629e+04 9.734159999999999854e+03 0.000000000000000000e+00 9.472914101739958737e-01 5.040869999999999518e-01
3.071241100000000000e+07 1.000000000000000000e+00 6.500000000000000000e+01 4.226128800667411269e+03 1.385907691749960577e+04 3.412430000000000291e+03 0.000000000000000000e+00 7.994978765672613896e+00 1.078999999999999915e+01
3.071241100000000000e+07 1.000000000000000000e+00 6.500000000000000000e+01 4.226128800667411269e+03 1.385907691749960577e+04 3.412430000000000291e+03 0.000000000000000000e+00 7.994978765672613896e+00 6.986060000000000159e+00
3.071241100000000000e+07 1.000000000000000000e+00 6.500000000000000000e+01 4.226128800667411269e+03 1.385907691749960577e+04 3.412430000000000291e+03 0.000000000000000000e+00 7.994978765672613896e+00 1.352970000000000006e+00
7.117704800000000000e+07 0.000000000000000000e+00 6.500000000000000000e+01 3.030210800667411149e+03 1.291889091749960789e+04 8.543770000000000437e+03 1.000000000000000000e+00 2.651082963825796668e+00 6.200000000000000000e+01
