2.214721600000000000e+07 1.000000000000000000e+00 6.500000000000000000e+01 1.022619289408991972e+04 2.635459563697096200e+03 2.461800000000000182e+03 0.000000000000000000e+00 3.830693352070468460e+00 1.078999999999999915e+01
5.713628000000000000e+07 0.000000000000000000e+00 6.600000000000000000e+01 1.208750189408991901e+04 5.427987563697096448e+03 6.791416000000000167e+03 0.000000000000000000e+00 5.172717408732090405e+00 1.339000000000000057e+01
7.755341200000000000e+07 1.000000000000000000e+00 6.600000000000000000e+01 1.302056189408991850e+04 6.683387563697096084e+03 9.111190000000000509e+03 0.000000000000000000e+00 7.596174634688603433e+00 3.229999999999999716e+01
7.755598900000000000e+07 1.000000000000000000e+00 6.600000000000000000e+01 1.300992189408991908e+04 6.688677563697096957e+03 9.105540000000000873e+03 0.000000000000000000e+00 7.664107162784938865e+00 1.078999999999999915e+01
7.755511600000000000e+07 1.000000000000000000e+00 6.500000000000000000e+01 1.298954189408991806e+04 6.654507563697095065e+03 9.134659999999999854e+03 0.000000000000000000e+00 9.385181139129150196e+00 6.099999999999999867e-02
7.755501400000000000e+07 1.000000000000000000e+00 6.500000000000000000e+01 1.297993189408991930e+04 6.662637563697096084e+03 9.103750000000000000e+03 0.000000000000000000e+00 6.112247946772321860e+00 9.199999999999999845e-02
7.755501500000000000e+07 1.000000000000000000e+00 6.500000000000000000e+01 1.298564189408991842e+04 6.660437563697095356e+03 9.108450000000000728e+03 0.000000000000000000e+00 7.484542359956923852e-01 9.199999999999999845e-02
7.755443200000000000e+07 1.000000000000000000e+00 6.500000000000000000e+01 1.295199189408991879e+04 6.675777563697095502e+03 9.106780000000000655e+03 0.000000000000000000e+00 5.905866349949527638e+00 4.169999999999999818e-01
7.755443200000000000e+07 1.000000000000000000e+00 6.500000000000000000e+01 1.295003189408991966e+04 6.674327563697094774e+03 9.104989999999999782e+03 0.000000000000000000e+00 2.920968981246618856e+00 9.199999999999999845e-02
7.755443000000000000e+07 1.000000000000000000e+00 6.600000000000000000e+01 1.293885189408991937e+04 6.665017563697097103e+03 9.114069999999999709e+03 0.000000000000000000e+00 3.036974370331431139e+00 6.099999999999999867e-02
7.755443000000000000e+07 1.000000000000000000e+00 6.600000000000000000e+01 1.294156189408991850e+04 6.664697563697097394e+03 9.111719999999999345e+03 0.000000000000000000e+00 4.081482991743225597e+00 2.400000000000000050e-02
7.755509800000000000e+07 1.000000000000000000e+00 6.600000000000000000e+01 1.294450189408991901e+04 6.664037563697095720e+03 9.110889999999999418e+03 0.000000000000000000e+00 5.281577155221560460e+00 9.199999999999999845e-02
7.755613400000000000e+07 1.000000000000000000e+00 6.600000000000000000e+01 1.293759189408991915e+04 6.671977563697096230e+03 9.125370000000000800e+03 0.000000000000000000e+00 2.987496866319690803e+00 9.199999999999999845e-02
7.755613300000000000e+07 1.000000000000000000e+00 6.600000000000000000e+01 1.293512189408991981e+04 6.674437563697095356e+03 9.122940000000000509e+03 0.000000000000000000e+00 1.667798549813468201e+00 2.400000000000000050e-02
7.755442400000000000e+07 0.000000000000000000e+00 6.500000000000000000e+01 1.293698189408991857e+04 6.686387563697096084e+03 9.117950000000000728e+03 0.000000000000000000e+00 1.145746425452160100e+00 9.199999999999999845e-02
7.755442400000000000e+07 1.000000000000000000e+00 6.500000000000000000e+01 1.294201189408991922e+04 6.686907563697096521e+03 9.118620000000000800e+03 0.000000000000000000e+00 2.296426017493328420e+00 4.169999999999999818e-01
7.755442400000000000e+07 0.000000000000000000e+00 6.500000000000000000e+01 1.294109189408991915e+04 6.686337563697096812e+03 9.118100000000000364e+03 0.000000000000000000e+00 2.531504599681673184e+00 9.199999999999999845e-02
7.755442400000000000e+07 0.000000000000000000e+00 6.500000000000000000e+01 1.294010189408991937e+04 6.685687563697095356e+03 9.117600000000000364e+03 0.000000000000000000e+00 2.667084631943629436e+00 9.199999999999999845e-02
7.755442400000000000e+07 1.000000000000000000e+00 6.500000000000000000e+01 1.293833189408991893e+04 6.684857563697097248e+03 9.118869999999998981e+03 0.000000000000000000e+00 1.339506408413345451e+00 2.400000000000000050e-02
7.755442400000000000e+07 1.000000000000000000e+00 6.500000000000000000e+01 1.293773189408991857e+04 6.684337563697096812e+03 9.121590000000000146e+03 0.000000000000000000e+00 1.243338104349389628e+00 9.199999999999999845e-02
7.755613000000000000e+07 1.000000000000000000e+00 6.500000000000000000e+01 1.292491189408991886e+04 6.688187563697095356e+03 9.118780000000000655e+03 0.000000000000000000e+00 1.196686910179195262e+00 2.400000000000000050e-02
7.755613100000000000e+07 1.000000000000000000e+00 6.500000000000000000e+01 1.291815189408991864e+04 6.682237563697094629e+03 9.115130000000001019e+03 0.000000000000000000e+00 3.442816107979115969e+00 6.099999999999999867e-02
7.755612800000000000e+07 1.000000000000000000e+00 6.600000000000000000e+01 1.291310189408991937e+04 6.686517563697097103e+03 9.113119999999998981e+03 0.000000000000000000e+00 7.555299599814361500e+00 4.169999999999999818e-01
7.755612800000000000e+07 1.000000000000000000e+00 6.600000000000000000e+01 1.291408189408991893e+04 6.683947563697097394e+03 9.109600000000000364e+03 0.000000000000000000e+00 6.104290844609173483e+00 2.400000000000000050e-02
7.755613800000000000e+07 1.000000000000000000e+00 6.600000000000000000e+01 1.290862189408991981e+04 6.666787563697095720e+03 9.102469999999999345e+03 0.000000000000000000e+00 6.474155352169598920e+00 2.400000000000000050e-02
7.755613800000000000e+07 1.000000000000000000e+00 6.600000000000000000e+01 1.291085189408991937e+04 6.657817563697096375e+03 9.103280000000000655e+03 0.000000000000000000e+00 2.738971596921775831e+00 6.099999999999999867e-02
7.755613900000000000e+07 1.000000000000000000e+00 6.600000000000000000e+01 1.291222189408991835e+04 6.654237563697096448e+03 9.105870000000000800e+03 0.000000000000000000e+00 1.649082624228003890e+00 9.199999999999999845e-02
7.755605500000000000e+07 1.000000000000000000e+00 6.600000000000000000e+01 1.290437189408991981e+04 6.659887563697096084e+03 9.097239999999999782e+03 0.000000000000000000e+00 7.422341992247221576e+00 6.099999999999999867e-02
7.755613800000000000e+07 1.000000000000000000e+00 6.600000000000000000e+01 1.290624189408991879e+04 6.659907563697096521e+03 9.098510000000000218e+03 0.000000000000000000e+00 7.959647428371315669e+00 4.169999999999999818e-01
7.755613800000000000e+07 1.000000000000000000e+00 6.600000000000000000e+01 1.290624189408991879e+04 6.659907563697096521e+03 9.098510000000000218e+03 0.000000000000000000e+00 7.959647428371315669e+00 7.023810000000000109e+00
7.755583900000000000e+07 1.000000000000000000e+00 6.500000000000000000e+01 1.301007189408991871e+04 6.693827563697096593e+03 9.108959999999999127e+03 0.000000000000000000e+00 6.771143801664929462e+00 6.099999999999999867e-02
7.755584000000000000e+07 1.000000000000000000e+00 6.500000000000000000e+01 1.300830189408992010e+04 6.689407563697096521e+03 9.105850000000000364e+03 0.000000000000000000e+00 8.301201494524313773e+00 9.199999999999999845e-02
7.755340800000000000e+07 1.000000000000000000e+00 6.500000000000000000e+01 1.304311189408991959e+04 6.700707563697095793e+03 9.114370000000000800e+03 0.000000000000000000e+00 4.785968019237079041e+00 9.199999999999999845e-02
7.755340900000000000e+07 1.000000000000000000e+00 6.500000000000000000e+01 1.305241189408991886e+04 6.689017563697097103e+03 9.115659999999999854e+03 0.000000000000000000e+00 4.578159137217059360e+00 6.099999999999999867e-02
7.755457200000000000e+07 1.000000000000000000e+00 6.500000000000000000e+01 1.303374189408991879e+04 6.701487563697094629e+03 9.093559999999999491e+03 0.000000000000000000e+00 1.674482828289797887e+00 6.099999999999999867e-02
7.755455200000000000e+07 1.000000000000000000e+00 6.500000000000000000e+01 1.305542189408991908e+04 6.666427563697096957e+03 9.108819999999999709e+03 0.000000000000000000e+00 4.281562396563709960e+00 2.400000000000000050e-02
7.755455200000000000e+07 1.000000000000000000e+00 6.500000000000000000e+01 1.305451189408991922e+04 6.665307563697096157e+03 9.108739999999999782e+03 0.000000000000000000e+00 3.821098240015258440e+00 9.199999999999999845e-02
7.755455700000000000e+07 1.000000000000000000e+00 6.600000000000000000e+01 1.305854189408991988e+04 6.660707563697095793e+03 9.108309999999999491e+03 0.000000000000000000e+00 5.845145599059434538e+00 9.199999999999999845e-02
7.755455700000000000e+07 1.000000000000000000e+00 6.600000000000000000e+01 1.305989189408992024e+04 6.660817563697096375e+03 9.106399999999999636e+03 0.000000000000000000e+00 3.776527390388015437e+00 2.400000000000000050e-02
7.755455700000000000e+07 1.000000000000000000e+00 6.600000000000000000e+01 1.305980189408992010e+04 6.661057563697096157e+03 9.103389999999999418e+03 0.000000000000000000e+00 1.844792337575571262e+00 9.199999999999999845e-02
7.755455700000000000e+07 1.000000000000000000e+00 6.600000000000000000e+01 1.305799189408991879e+04 6.661427563697096957e+03 9.099190000000000509e+03 0.000000000000000000e+00 2.541159391162746584e+00 6.099999999999999867e-02
7.755455700000000000e+07 1.000000000000000000e+00 6.600000000000000000e+01 1.305959189408991915e+04 6.661787563697095720e+03 9.102119999999998981e+03 0.000000000000000000e+00 1.191895253902513163e+00 9.199999999999999845e-02
7.755473200000000000e+07 1.000000000000000000e+00 6.600000000000000000e+01 1.306773189408991857e+04 6.661047563697095939e+03 9.109819999999999709e+03 0.000000000000000000e+00 6.806619067258632860e+00 2.400000000000000050e-02
7.755473300000000000e+07 0.000000000000000000e+00 6.600000000000000000e+01 1.307668189408991930e+04 6.664267563697097103e+03 9.096159999999999854e+03 0.000000000000000000e+00 1.150945995294860413e+00 2.039999999999999869e-01
7.755473100000000000e+07 0.000000000000000000e+00 6.600000000000000000e+01 1.306978189408991966e+04 6.668537563697095720e+03 9.099209999999999127e+03 0.000000000000000000e+00 1.678618088324111080e+00 9.199999999999999845e-02
7.755473100000000000e+07 1.000000000000000000e+00 6.600000000000000000e+01 1.306514189408991842e+04 6.668507563697095065e+03 9.106559999999999491e+03 0.000000000000000000e+00 5.626287045727329073e+00 4.169999999999999818e-01
7.755472600000000000e+07 0.000000000000000000e+00 6.500000000000000000e+01 1.305772189408991835e+04 6.676997563697096666e+03 9.103639999999999418e+03 0.000000000000000000e+00 1.979856373948265302e+00 4.169999999999999818e-01
7.755472500000000000e+07 1.000000000000000000e+00 6.500000000000000000e+01 1.305862189408991981e+04 6.684067563697096375e+03 9.105119999999998981e+03 0.000000000000000000e+00 3.374931090627908414e+00 6.099999999999999867e-02
7.755472600000000000e+07 1.000000000000000000e+00 6.500000000000000000e+01 1.305888189408991821e+04 6.677497563697096666e+03 9.111690000000000509e+03 0.000000000000000000e+00 3.347520118256581245e+00 9.199999999999999845e-02
7.755455100000000000e+07 1.000000000000000000e+00 6.500000000000000000e+01 1.305742189408991908e+04 6.675667563697094920e+03 9.115659999999999854e+03 0.000000000000000000e+00 6.317536470029329720e+00 9.199999999999999845e-02
7.755455000000000000e+07 1.000000000000000000e+00 6.500000000000000000e+01 1.305148189408991857e+04 6.677507563697095065e+03 9.118450000000000728e+03 0.000000000000000000e+00 3.899472614463259657e+00 2.400000000000000050e-02
7.755340700000000000e+07 1.000000000000000000e+00 6.600000000000000000e+01 1.305226189408991922e+04 6.681217563697096011e+03 9.122459999999999127e+03 0.000000000000000000e+00 2.764214241400822392e+00 9.199999999999999845e-02
7.755340600000000000e+07 1.000000000000000000e+00 6.600000000000000000e+01 1.305396189408991995e+04 6.685727563697096230e+03 9.124379999999999200e+03 0.000000000000000000e+00 1.052201656183287648e+00 9.199999999999999845e-02
7.755340600000000000e+07 1.000000000000000000e+00 6.600000000000000000e+01 1.305492189408991908e+04 6.685767563697097103e+03 9.120280000000000655e+03 0.000000000000000000e+00 3.817530363165059892e+00 4.169999999999999818e-01
7.755340600000000000e+07 0.000000000000000000e+00 6.600000000000000000e+01 1.304854189408991806e+04 6.690487563697096448e+03 9.125630000000001019e+03 0.000000000000000000e+00 1.462264459768607416e+00 9.199999999999999845e-02
7.755340600000000000e+07 0.000000000000000000e+00 6.500000000000000000e+01 1.304726189408991922e+04 6.690757563697095065e+03 9.127530000000000655e+03 0.000000000000000000e+00 1.611108641534006125e+00 9.199999999999999845e-02
7.755340200000000000e+07 0.000000000000000000e+00 6.600000000000000000e+01 1.305412189408991981e+04 6.693907563697096521e+03 9.138729999999999563e+03 0.000000000000000000e+00 2.684785928146716127e+00 2.400000000000000050e-02
7.755340300000000000e+07 0.000000000000000000e+00 6.500000000000000000e+01 1.304983189408991893e+04 6.690217563697096011e+03 9.136829999999999927e+03 0.000000000000000000e+00 3.127060280461670949e+00 9.199999999999999845e-02
7.755340300000000000e+07 0.000000000000000000e+00 6.500000000000000000e+01 1.304974189408991879e+04 6.690307563697096157e+03 9.136790000000000873e+03 0.000000000000000000e+00 3.163423545296589534e+00 2.400000000000000050e-02
7.755340300000000000e+07 0.000000000000000000e+00 6.500000000000000000e+01 1.304967189408991908e+04 6.691157563697096521e+03 9.136799999999999272e+03 0.000000000000000000e+00 3.215552462549011725e+00 9.199999999999999845e-02
7.755340300000000000e+07 0.000000000000000000e+00 6.500000000000000000e+01 1.305064189408991842e+04 6.693517563697097103e+03 9.137319999999999709e+03 0.000000000000000000e+00 3.871249243320333822e+00 6.099999999999999867e-02
7.755331700000000000e+07 1.000000000000000000e+00 6.500000000000000000e+01 1.304224189408991879e+04 6.685127563697095866e+03 9.154659999999999854e+03 0.000000000000000000e+00 5.722893307924999284e+00 9.199999999999999845e-02
7.755331800000000000e+07 1.000000000000000000e+00 6.500000000000000000e+01 1.304413189408991821e+04 6.686997563697096666e+03 9.153319999999999709e+03 0.000000000000000000e+00 4.586491755995695918e+00 9.199999999999999845e-02
7.755331800000000000e+07 1.000000000000000000e+00 6.500000000000000000e+01 1.304430189408991828e+04 6.686897563697096302e+03 9.153180000000000291e+03 0.000000000000000000e+00 4.350227336470008588e+00 9.199999999999999845e-02
7.755447300000000000e+07 1.000000000000000000e+00 6.600000000000000000e+01 1.303320189408991973e+04 6.708347563697095211e+03 9.155010000000000218e+03 0.000000000000000000e+00 2.038622069374783852e+00 9.199999999999999845e-02
7.755447300000000000e+07 1.000000000000000000e+00 6.600000000000000000e+01 1.303240189408991864e+04 6.712987563697094629e+03 9.155639999999999418e+03 0.000000000000000000e+00 1.419751579702273059e+00 2.400000000000000050e-02
7.755602000000000000e+07 0.000000000000000000e+00 6.600000000000000000e+01 1.303448189408992039e+04 6.711617563697095648e+03 9.162229999999999563e+03 0.000000000000000000e+00 2.663795652052487029e+00 9.199999999999999845e-02
7.755602300000000000e+07 1.000000000000000000e+00 6.500000000000000000e+01 1.303096189408991995e+04 6.708327563697096593e+03 9.168840000000000146e+03 0.000000000000000000e+00 3.319429499030975173e+00 9.199999999999999845e-02
7.755602400000000000e+07 1.000000000000000000e+00 6.500000000000000000e+01 1.302431189408991850e+04 6.700717563697096011e+03 9.174090000000000146e+03 0.000000000000000000e+00 8.233497562002110470e+00 6.099999999999999867e-02
7.755439300000000000e+07 1.000000000000000000e+00 6.600000000000000000e+01 1.301965189408991864e+04 6.698807563697096157e+03 9.174479999999999563e+03 0.000000000000000000e+00 5.328329816444444589e+00 5.000000000000000000e-01
5.713628300000000000e+07 1.000000000000000000e+00 6.500000000000000000e+01 1.209777189408991944e+04 5.421267563697097103e+03 6.787869999999999891e+03 0.000000000000000000e+00 9.390105560370169968e+00 9.199999999999999845e-02
5.713760600000000000e+07 1.000000000000000000e+00 6.600000000000000000e+01 1.208419189408991951e+04 5.430757563697095065e+03 6.775460000000000036e+03 0.000000000000000000e+00 3.847398497648181426e+00 1.078999999999999915e+01
5.713760700000000000e+07 1.000000000000000000e+00 6.600000000000000000e+01 1.208538189408991821e+04 5.438557563697096157e+03 6.770104000000000269e+03 0.000000000000000000e+00 1.581108548392185398e+00 1.078999999999999915e+01
5.713630200000000000e+07 1.000000000000000000e+00 6.600000000000000000e+01 1.208555189408991828e+04 5.478727563697096230e+03 6.748300000000000182e+03 0.000000000000000000e+00 4.407250481643596451e+00 1.339000000000000057e+01
5.713630200000000000e+07 1.000000000000000000e+00 6.600000000000000000e+01 1.208482189408991871e+04 5.480897563697096302e+03 6.746827999999999520e+03 0.000000000000000000e+00 4.484827328965774740e+00 1.078999999999999915e+01
5.713630500000000000e+07 1.000000000000000000e+00 6.500000000000000000e+01 1.208372189408991835e+04 5.483267563697095284e+03 6.744573999999999614e+03 0.000000000000000000e+00 4.938496356503080165e+00 1.339000000000000057e+01
5.713630500000000000e+07 1.000000000000000000e+00 6.500000000000000000e+01 1.208247189408991835e+04 5.484817563697096375e+03 6.741907000000000153e+03 0.000000000000000000e+00 3.096307203652120421e+00 1.339000000000000057e+01
5.713769200000000000e+07 1.000000000000000000e+00 6.600000000000000000e+01 1.208055189408992010e+04 5.486047563697095939e+03 6.738278000000000247e+03 0.000000000000000000e+00 2.038396975515052389e+00 3.229999999999999716e+01
5.713769200000000000e+07 1.000000000000000000e+00 6.600000000000000000e+01 1.207723189408991857e+04 5.485907563697096521e+03 6.733500000000000000e+03 0.000000000000000000e+00 2.270676968489280245e+00 1.000000000000000000e+01
5.713768900000000000e+07 1.000000000000000000e+00 6.600000000000000000e+01 1.206623189408991857e+04 5.485447563697095575e+03 6.717646999999999935e+03 0.000000000000000000e+00 7.111902082244400347e+00 1.078999999999999915e+01
5.713768900000000000e+07 1.000000000000000000e+00 6.600000000000000000e+01 1.206507189408991871e+04 5.485567563697096375e+03 6.715733000000000175e+03 0.000000000000000000e+00 8.990443138472814510e+00 2.400000000000000050e-02
5.713768400000000000e+07 1.000000000000000000e+00 6.500000000000000000e+01 1.206708189408991893e+04 5.489527563697095502e+03 6.712256999999999607e+03 0.000000000000000000e+00 6.996418859246564814e+00 9.199999999999999845e-02
5.713637800000000000e+07 1.000000000000000000e+00 6.600000000000000000e+01 1.205984189408991915e+04 5.467137563697096084e+03 6.693770000000000437e+03 0.000000000000000000e+00 1.361422444910766583e+00 8.349999999999999645e-01
5.713637800000000000e+07 1.000000000000000000e+00 6.600000000000000000e+01 1.205984189408991915e+04 5.467137563697096084e+03 6.693770000000000437e+03 0.000000000000000000e+00 1.361422444910766583e+00 7.219529999999999781e+00
5.713768900000000000e+07 1.000000000000000000e+00 6.600000000000000000e+01 1.206844189408991951e+04 5.486977563697096230e+03 6.722265000000000327e+03 0.000000000000000000e+00 2.752113881724299826e+00 6.099999999999999867e-02
5.713768900000000000e+07 1.000000000000000000e+00 6.600000000000000000e+01 1.206874189408991879e+04 5.487197563697095575e+03 6.721934999999999491e+03 0.000000000000000000e+00 2.482129992296594700e+00 6.099999999999999867e-02
5.713768300000000000e+07 1.000000000000000000e+00 6.500000000000000000e+01 1.206364189408991842e+04 5.498007563697095065e+03 6.717344000000000051e+03 0.000000000000000000e+00 1.194285178056978314e+00 4.600000000000000200e-01
5.713768300000000000e+07 1.000000000000000000e+00 6.500000000000000000e+01 1.206434189408991915e+04 5.499697563697095575e+03 6.714047999999999774e+03 0.000000000000000000e+00 1.346933661716400721e+00 1.000000000000000000e+01
5.713768300000000000e+07 1.000000000000000000e+00 6.500000000000000000e+01 1.206434189408991915e+04 5.499697563697095575e+03 6.714047999999999774e+03 0.000000000000000000e+00 1.346933661716400721e+00 9.659739999999999993e-01
5.713768900000000000e+07 1.000000000000000000e+00 6.600000000000000000e+01 1.206679189408991988e+04 5.485037563697095720e+03 6.719086999999999534e+03 0.000000000000000000e+00 6.231289302906514393e+00 9.199999999999999845e-02
5.713769000000000000e+07 1.000000000000000000e+00 6.600000000000000000e+01 1.206886189408991959e+04 5.480757563697095065e+03 6.724055000000000291e+03 0.000000000000000000e+00 7.025887475311664687e+00 9.199999999999999845e-02
5.713630400000000000e+07 1.000000000000000000e+00 6.600000000000000000e+01 1.209213189408991821e+04 5.494817563697096375e+03 6.752244999999999891e+03 0.000000000000000000e+00 2.146965089264477378e+00 1.078999999999999915e+01
5.713630400000000000e+07 1.000000000000000000e+00 6.600000000000000000e+01 1.209213189408991821e+04 5.494817563697096375e+03 6.752244999999999891e+03 0.000000000000000000e+00 2.146965089264477378e+00 7.242040000000000255e+00
5.713630400000000000e+07 1.000000000000000000e+00 6.600000000000000000e+01 1.209213189408991821e+04 5.494817563697096375e+03 6.752244999999999891e+03 0.000000000000000000e+00 2.146965089264477378e+00 1.973950000000000093e+00
5.713630500000000000e+07 1.000000000000000000e+00 6.500000000000000000e+01 1.208238189408991821e+04 5.486197563697095575e+03 6.741210000000000036e+03 0.000000000000000000e+00 2.233653278194861258e+00 2.400000000000000050e-02
5.713630500000000000e+07 1.000000000000000000e+00 6.500000000000000000e+01 1.208385189408991937e+04 5.495027563697095502e+03 6.735296000000000276e+03 0.000000000000000000e+00 5.450680183067612816e+00 2.039999999999999869e-01
5.713768800000000000e+07 1.000000000000000000e+00 6.500000000000000000e+01 1.208178189408991966e+04 5.494647563697096302e+03 6.731318999999999505e+03 0.000000000000000000e+00 2.267446425913739017e+00 2.039999999999999869e-01
5.713768800000000000e+07 1.000000000000000000e+00 6.500000000000000000e+01 1.207693189408991930e+04 5.494027563697095502e+03 6.733636999999999716e+03 0.000000000000000000e+00 2.747294841602922588e+00 9.199999999999999845e-02
5.713769000000000000e+07 0.000000000000000000e+00 6.600000000000000000e+01 1.207292189408991908e+04 5.488467563697096011e+03 6.733739999999999782e+03 0.000000000000000000e+00 1.251529334649090552e+00 9.199999999999999845e-02
5.713768800000000000e+07 1.000000000000000000e+00 6.500000000000000000e+01 1.208088189408991821e+04 5.493797563697095939e+03 6.731238999999999578e+03 0.000000000000000000e+00 2.810473207036684240e+00 4.169999999999999818e-01
5.713768800000000000e+07 1.000000000000000000e+00 6.500000000000000000e+01 1.208125189408991901e+04 5.494027563697095502e+03 6.731110999999999876e+03 0.000000000000000000e+00 2.634027899373512671e+00 9.199999999999999845e-02
5.713630500000000000e+07 1.000000000000000000e+00 6.500000000000000000e+01 1.208367189408991908e+04 5.484277563697095502e+03 6.745561999999999898e+03 0.000000000000000000e+00 4.745803021864089644e+00 9.199999999999999845e-02
5.713630300000000000e+07 1.000000000000000000e+00 6.600000000000000000e+01 1.208819189408991951e+04 5.488777563697095502e+03 6.755511000000000422e+03 0.000000000000000000e+00 4.203330160967205131e+00 8.349999999999999645e-01
5.713630300000000000e+07 1.000000000000000000e+00 6.600000000000000000e+01 1.208819189408991951e+04 5.488777563697095502e+03 6.755511000000000422e+03 0.000000000000000000e+00 4.203330160967205131e+00 6.657790000000000319e+00
5.713630200000000000e+07 1.000000000000000000e+00 6.600000000000000000e+01 1.208482189408991871e+04 5.480897563697096302e+03 6.746827999999999520e+03 0.000000000000000000e+00 4.484827328965774740e+00 2.144130000000000091e+00
5.713630100000000000e+07 1.000000000000000000e+00 6.600000000000000000e+01 1.208739189408991842e+04 5.477677563697096957e+03 6.743677999999999884e+03 0.000000000000000000e+00 4.203525236464208170e+00 9.199999999999999845e-02
5.713630100000000000e+07 1.000000000000000000e+00 6.600000000000000000e+01 1.208743189408991930e+04 5.477627563697095866e+03 6.743511999999999716e+03 0.000000000000000000e+00 4.227660720903255509e+00 5.000000000000000000e-01
5.713630100000000000e+07 1.000000000000000000e+00 6.600000000000000000e+01 1.208301189408991922e+04 5.468737563697096448e+03 6.750211000000000240e+03 0.000000000000000000e+00 9.787244011739460348e+00 4.169999999999999818e-01
5.713630200000000000e+07 1.000000000000000000e+00 6.600000000000000000e+01 1.208787189408991981e+04 5.478787563697095720e+03 6.754854999999999563e+03 0.000000000000000000e+00 4.233324819668212058e+00 2.400000000000000050e-02
5.713630200000000000e+07 1.000000000000000000e+00 6.600000000000000000e+01 1.208759189408991915e+04 5.485077563697096593e+03 6.742604999999999563e+03 0.000000000000000000e+00 4.109524404848851731e+00 2.400000000000000050e-02
5.713630500000000000e+07 1.000000000000000000e+00 6.500000000000000000e+01 1.208575189408991901e+04 5.483337563697096812e+03 6.740658000000000357e+03 0.000000000000000000e+00 4.856100862404425733e+00 2.400000000000000050e-02
5.713630500000000000e+07 1.000000000000000000e+00 6.500000000000000000e+01 1.208684189408991915e+04 5.485637563697096084e+03 6.742845000000000255e+03 0.000000000000000000e+00 3.601811198344379683e+00 6.099999999999999867e-02
5.713630500000000000e+07 1.000000000000000000e+00 6.500000000000000000e+01 1.208684189408991915e+04 5.485647563697096302e+03 6.742876000000000204e+03 0.000000000000000000e+00 3.602631230428672282e+00 2.400000000000000050e-02
5.713630300000000000e+07 1.000000000000000000e+00 6.600000000000000000e+01 1.209547189408991835e+04 5.489467563697096011e+03 6.752551999999999680e+03 0.000000000000000000e+00 4.082362443159158083e+00 9.199999999999999845e-02
5.713629900000000000e+07 1.000000000000000000e+00 6.500000000000000000e+01 1.209903189408991966e+04 5.488947563697095575e+03 6.752907999999999447e+03 0.000000000000000000e+00 2.231199685750472117e+00 9.199999999999999845e-02
5.713629800000000000e+07 1.000000000000000000e+00 6.500000000000000000e+01 1.209765189408991864e+04 5.484147563697096302e+03 6.759296000000000276e+03 0.000000000000000000e+00 4.828526873167317213e+00 2.400000000000000050e-02
5.713629800000000000e+07 1.000000000000000000e+00 6.500000000000000000e+01 1.209912189408991981e+04 5.481887563697096084e+03 6.763679000000000087e+03 0.000000000000000000e+00 8.274121251129246346e+00 9.199999999999999845e-02
5.713629500000000000e+07 1.000000000000000000e+00 6.600000000000000000e+01 1.210254189408991806e+04 5.479517563697095284e+03 6.766351999999999862e+03 0.000000000000000000e+00 8.179041182141901345e+00 6.099999999999999867e-02
5.713629800000000000e+07 1.000000000000000000e+00 6.500000000000000000e+01 1.210447189408991835e+04 5.480407563697096521e+03 6.759470999999999549e+03 0.000000000000000000e+00 4.575512810297387212e+00 9.199999999999999845e-02
5.713629800000000000e+07 1.000000000000000000e+00 6.500000000000000000e+01 1.210475189408991901e+04 5.480297563697095939e+03 6.757474000000000160e+03 0.000000000000000000e+00 3.345236696288730993e+00 4.169999999999999818e-01
5.713630000000000000e+07 1.000000000000000000e+00 6.500000000000000000e+01 1.210986189408991959e+04 5.492877563697095866e+03 6.750386999999999716e+03 0.000000000000000000e+00 3.524441558862764889e+00 6.099999999999999867e-02
5.713621500000000000e+07 1.000000000000000000e+00 6.500000000000000000e+01 1.211347189408991835e+04 5.493037563697095720e+03 6.753547999999999774e+03 0.000000000000000000e+00 5.248591667569253438e+00 9.199999999999999845e-02
5.713630000000000000e+07 1.000000000000000000e+00 6.500000000000000000e+01 1.211691189408991886e+04 5.493557563697096157e+03 6.744701000000000022e+03 0.000000000000000000e+00 8.821597428083402193e+00 2.400000000000000050e-02
5.713621500000000000e+07 1.000000000000000000e+00 6.500000000000000000e+01 1.211069189408991951e+04 5.490797563697095939e+03 6.754409999999999854e+03 0.000000000000000000e+00 4.916946205718902618e+00 2.400000000000000050e-02
5.713629700000000000e+07 1.000000000000000000e+00 6.600000000000000000e+01 1.212003189408991966e+04 5.483187563697095356e+03 6.749279999999999745e+03 0.000000000000000000e+00 7.372653605096886942e+00 8.349999999999999645e-01
5.713629700000000000e+07 1.000000000000000000e+00 6.600000000000000000e+01 1.212003189408991966e+04 5.483187563697095356e+03 6.749279999999999745e+03 0.000000000000000000e+00 7.372653605096886942e+00 6.613540000000000418e+00
5.713760700000000000e+07 1.000000000000000000e+00 6.600000000000000000e+01 1.208538189408991821e+04 5.438557563697096157e+03 6.770104000000000269e+03 0.000000000000000000e+00 1.581108548392185398e+00 6.178230000000000111e+00
5.713628400000000000e+07 1.000000000000000000e+00 6.500000000000000000e+01 1.208711189408991959e+04 5.434447563697095575e+03 6.778381999999999607e+03 0.000000000000000000e+00 2.891003559914338439e+00 1.078999999999999915e+01
5.713628000000000000e+07 1.000000000000000000e+00 6.500000000000000000e+01 1.209991189408991886e+04 5.445807563697096157e+03 6.792579999999999927e+03 0.000000000000000000e+00 6.568747118260718665e+00 9.199999999999999845e-02
5.713628000000000000e+07 1.000000000000000000e+00 6.500000000000000000e+01 1.209626189408991922e+04 5.444967563697096011e+03 6.792039999999999964e+03 0.000000000000000000e+00 4.498125702570995976e+00 2.400000000000000050e-02
5.713628000000000000e+07 1.000000000000000000e+00 6.500000000000000000e+01 1.209341189408991886e+04 5.442887563697096084e+03 6.799470000000000255e+03 0.000000000000000000e+00 3.118878563551331862e+00 9.199999999999999845e-02
5.713627900000000000e+07 1.000000000000000000e+00 6.500000000000000000e+01 1.208977189408991944e+04 5.445307563697096157e+03 6.795945999999999913e+03 0.000000000000000000e+00 2.313046084162461380e+00 9.199999999999999845e-02
5.713619600000000000e+07 1.000000000000000000e+00 6.500000000000000000e+01 1.209227189408991944e+04 5.460387563697096084e+03 6.809398000000000138e+03 0.000000000000000000e+00 2.861069482154356081e+00 6.099999999999999867e-02
5.713619300000000000e+07 1.000000000000000000e+00 6.600000000000000000e+01 1.208940189408991864e+04 5.472587563697096812e+03 6.810154000000000451e+03 0.000000000000000000e+00 8.514320992686812417e+00 6.099999999999999867e-02
5.713618700000000000e+07 1.000000000000000000e+00 6.500000000000000000e+01 1.207416189408991886e+04 5.465877563697095866e+03 6.814162000000000262e+03 0.000000000000000000e+00 3.422446563691740717e+00 9.199999999999999845e-02
5.713618700000000000e+07 1.000000000000000000e+00 6.500000000000000000e+01 1.207337189408991981e+04 5.465557563697096157e+03 6.816984999999999673e+03 0.000000000000000000e+00 1.952079520182137040e+00 9.199999999999999845e-02
5.713618600000000000e+07 1.000000000000000000e+00 6.500000000000000000e+01 1.206666189408991886e+04 5.465527563697095502e+03 6.823402000000000044e+03 0.000000000000000000e+00 3.632009064735689297e+00 2.400000000000000050e-02
5.713698600000000000e+07 0.000000000000000000e+00 6.500000000000000000e+01 1.206741189408991886e+04 5.490607563697095429e+03 6.844880000000000109e+03 0.000000000000000000e+00 1.384832246088964824e+00 9.199999999999999845e-02
5.713698700000000000e+07 0.000000000000000000e+00 6.500000000000000000e+01 1.206689189408991842e+04 5.492847563697095211e+03 6.847404000000000451e+03 0.000000000000000000e+00 1.723734143885263581e+00 4.169999999999999818e-01
5.713699200000000000e+07 0.000000000000000000e+00 6.600000000000000000e+01 1.205462189408991981e+04 5.500997563697096666e+03 6.859509000000000015e+03 0.000000000000000000e+00 1.814879648264714485e+00 6.099999999999999867e-02
5.713699200000000000e+07 0.000000000000000000e+00 6.600000000000000000e+01 1.205636189408991959e+04 5.499997563697096666e+03 6.860527000000000044e+03 0.000000000000000000e+00 1.333314065976198393e+00 2.400000000000000050e-02
5.713699200000000000e+07 0.000000000000000000e+00 6.600000000000000000e+01 1.205447189408991835e+04 5.499977563697096230e+03 6.860472999999999956e+03 0.000000000000000000e+00 1.873719453588136741e+00 2.400000000000000050e-02
5.713699300000000000e+07 0.000000000000000000e+00 6.600000000000000000e+01 1.205416189408991886e+04 5.502547563697095939e+03 6.863461000000000240e+03 0.000000000000000000e+00 9.334839670514266663e-01 9.199999999999999845e-02
5.713699600000000000e+07 1.000000000000000000e+00 6.500000000000000000e+01 1.206073189408991857e+04 5.503917563697096739e+03 6.877137999999999920e+03 0.000000000000000000e+00 5.044965541443099610e+00 2.039999999999999869e-01
5.713610600000000000e+07 1.000000000000000000e+00 6.500000000000000000e+01 1.207072189408991835e+04 5.506617563697095648e+03 6.880654000000000451e+03 0.000000000000000000e+00 3.009944985283861563e+00 1.000000000000000000e+01
5.713610600000000000e+07 1.000000000000000000e+00 6.500000000000000000e+01 1.207072189408991835e+04 5.506617563697095648e+03 6.880654000000000451e+03 0.000000000000000000e+00 3.009944985283861563e+00 7.187120000000000175e-01
5.713628400000000000e+07 1.000000000000000000e+00 6.500000000000000000e+01 1.208711189408991959e+04 5.434447563697095575e+03 6.778381999999999607e+03 0.000000000000000000e+00 2.891003559914338439e+00 6.854930000000000412e+00
2.214721600000000000e+07 1.000000000000000000e+00 6.500000000000000000e+01 1.022550189408991901e+04 2.633153563697095706e+03 2.462780000000000655e+03 0.000000000000000000e+00 4.957203803992864088e+00 1.078999999999999915e+01
2.214754800000000000e+07 1.000000000000000000e+00 6.500000000000000000e+01 1.022524289408991899e+04 2.631453563697095888e+03 2.463390000000000327e+03 0.000000000000000000e+00 5.105483396971846943e+00 3.229999999999999716e+01
2.214754700000000000e+07 1.000000000000000000e+00 6.500000000000000000e+01 1.022782889408991832e+04 2.627742563697095648e+03 2.465559999999999491e+03 0.000000000000000000e+00 6.692234895074803624e+00 1.078999999999999915e+01
2.214736200000000000e+07 0.000000000000000000e+00 6.600000000000000000e+01 1.023759189408991915e+04 2.644612563697096448e+03 2.467699999999999818e+03 0.000000000000000000e+00 9.459656515181358305e-01 1.078999999999999915e+01
2.214728100000000000e+07 1.000000000000000000e+00 6.500000000000000000e+01 1.023638389408991861e+04 2.660259563697096382e+03 2.479240000000000691e+03 0.000000000000000000e+00 4.043402862715430146e+00 6.099999999999999867e-02
2.214727800000000000e+07 1.000000000000000000e+00 6.600000000000000000e+01 1.023777589408991844e+04 2.669584563697096200e+03 2.486470000000000255e+03 0.000000000000000000e+00 5.355005988780443538e+00 1.339000000000000057e+01
2.214727900000000000e+07 1.000000000000000000e+00 6.600000000000000000e+01 1.023651689408992024e+04 2.669487563697096448e+03 2.484590000000000146e+03 0.000000000000000000e+00 4.749637120046318550e+00 9.199999999999999845e-02
2.214814000000000000e+07 1.000000000000000000e+00 6.600000000000000000e+01 1.023949089408991858e+04 2.666920563697096441e+03 2.493820000000000618e+03 0.000000000000000000e+00 7.575440019662370794e+00 1.078999999999999915e+01
2.214727800000000000e+07 1.000000000000000000e+00 6.600000000000000000e+01 1.023924689408991981e+04 2.665062563697096266e+03 2.490310000000000400e+03 0.000000000000000000e+00 6.212987350445282608e+00 9.199999999999999845e-02
2.214813600000000000e+07 1.000000000000000000e+00 6.500000000000000000e+01 1.023854289408991826e+04 2.663220563697095713e+03 2.486460000000000036e+03 0.000000000000000000e+00 5.239202625167935778e+00 2.400000000000000050e-02
2.214813600000000000e+07 1.000000000000000000e+00 6.500000000000000000e+01 1.023689089408992004e+04 2.662839563697096310e+03 2.488110000000000582e+03 0.000000000000000000e+00 5.522126631768673022e+00 1.078999999999999915e+01
2.214814100000000000e+07 1.000000000000000000e+00 6.600000000000000000e+01 1.023518389408991789e+04 2.664133563697096179e+03 2.491460000000000036e+03 0.000000000000000000e+00 6.905333960530050774e+00 8.349999999999999645e-01
2.214814000000000000e+07 1.000000000000000000e+00 6.600000000000000000e+01 1.023668389408991789e+04 2.664817563697096375e+03 2.491050000000000182e+03 0.000000000000000000e+00 7.591297093429953513e+00 2.400000000000000050e-02
2.214727400000000000e+07 1.000000000000000000e+00 6.500000000000000000e+01 1.025061789408991899e+04 2.676523563697096506e+03 2.488670000000000073e+03 0.000000000000000000e+00 1.866216497684470843e+00 4.169999999999999818e-01
2.214727400000000000e+07 1.000000000000000000e+00 6.500000000000000000e+01 1.025121489408991874e+04 2.676909563697096019e+03 2.487970000000000255e+03 0.000000000000000000e+00 1.707879660207466621e+00 9.199999999999999845e-02
2.214727400000000000e+07 1.000000000000000000e+00 6.500000000000000000e+01 1.025400989408991882e+04 2.676746563697096462e+03 2.486409999999999854e+03 0.000000000000000000e+00 5.105273597441809530e-01 9.199999999999999845e-02
2.214727400000000000e+07 1.000000000000000000e+00 6.600000000000000000e+01 1.026377189408991944e+04 2.682599563697095618e+03 2.475650000000000546e+03 0.000000000000000000e+00 2.950576328499733503e+00 9.199999999999999845e-02
2.214727300000000000e+07 1.000000000000000000e+00 6.600000000000000000e+01 1.027608389408991934e+04 2.684981563697096135e+03 2.475340000000000146e+03 0.000000000000000000e+00 8.544498179131714721e+00 9.199999999999999845e-02
2.214727700000000000e+07 1.000000000000000000e+00 6.500000000000000000e+01 1.024939789408991783e+04 2.691886563697095880e+03 2.469199999999999818e+03 0.000000000000000000e+00 4.673396568590323596e+00 2.400000000000000050e-02
2.214727200000000000e+07 1.000000000000000000e+00 6.600000000000000000e+01 1.027334989408991896e+04 2.691941563697096171e+03 2.486239999999999782e+03 0.000000000000000000e+00 8.245499905843669097e+00 2.400000000000000050e-02
2.214727200000000000e+07 1.000000000000000000e+00 6.600000000000000000e+01 1.027423189408992039e+04 2.690598563697096324e+03 2.485980000000000473e+03 0.000000000000000000e+00 7.795220444702352758e+00 9.199999999999999845e-02
2.214727200000000000e+07 1.000000000000000000e+00 6.600000000000000000e+01 1.027687389408992021e+04 2.686599563697095618e+03 2.486789999999999964e+03 0.000000000000000000e+00 8.971081590491737145e+00 4.169999999999999818e-01
2.214727200000000000e+07 1.000000000000000000e+00 6.600000000000000000e+01 1.027687389408992021e+04 2.686599563697095618e+03 2.486789999999999964e+03 0.000000000000000000e+00 8.971081590491737145e+00 7.033220000000000027e+00
2.214813600000000000e+07 1.000000000000000000e+00 6.500000000000000000e+01 1.023689089408992004e+04 2.662839563697096310e+03 2.488110000000000582e+03 0.000000000000000000e+00 5.522126631768673022e+00 6.241119999999999557e+00
2.214814000000000000e+07 1.000000000000000000e+00 6.600000000000000000e+01 1.023949089408991858e+04 2.666920563697096441e+03 2.493820000000000618e+03 0.000000000000000000e+00 7.575440019662370794e+00 5.677830000000000155e+00
2.214727800000000000e+07 1.000000000000000000e+00 6.600000000000000000e+01 1.023827389408991803e+04 2.668818563697095669e+03 2.487869999999999891e+03 0.000000000000000000e+00 5.717828509974878237e+00 4.169999999999999818e-01
2.214727800000000000e+07 1.000000000000000000e+00 6.600000000000000000e+01 1.023827389408991803e+04 2.668818563697095669e+03 2.487869999999999891e+03 0.000000000000000000e+00 5.717828509974878237e+00 7.294340000000000046e+00
2.214736200000000000e+07 0.000000000000000000e+00 6.600000000000000000e+01 1.023986189408991777e+04 2.642450563697096186e+03 2.466199999999999818e+03 0.000000000000000000e+00 3.755440674722841266e+00 4.169999999999999818e-01
2.214736000000000000e+07 1.000000000000000000e+00 6.500000000000000000e+01 1.024162589408991880e+04 2.636881563697095771e+03 2.462340000000000146e+03 0.000000000000000000e+00 6.162128010116246557e+00 1.078999999999999915e+01
2.214736000000000000e+07 1.000000000000000000e+00 6.500000000000000000e+01 1.024162589408991880e+04 2.636881563697095771e+03 2.462340000000000146e+03 0.000000000000000000e+00 6.162128010116246557e+00 6.117609999999999992e+00
2.214736000000000000e+07 1.000000000000000000e+00 6.500000000000000000e+01 1.024162589408991880e+04 2.636881563697095771e+03 2.462340000000000146e+03 0.000000000000000000e+00 6.162128010116246557e+00 5.824200000000000266e+00
2.214736100000000000e+07 1.000000000000000000e+00 6.500000000000000000e+01 1.022860989408991918e+04 2.625067563697096375e+03 2.470000000000000000e+03 0.000000000000000000e+00 7.047025938336090256e+00 6.099999999999999867e-02
2.214754800000000000e+07 1.000000000000000000e+00 6.500000000000000000e+01 1.022505089408991989e+04 2.627588563697096106e+03 2.463489999999999782e+03 0.000000000000000000e+00 4.603784118275202175e+00 2.039999999999999869e-01
2.214754800000000000e+07 1.000000000000000000e+00 6.500000000000000000e+01 1.022558589408991975e+04 2.625249563697096164e+03 2.463100000000000364e+03 0.000000000000000000e+00 5.771794119239255672e+00 2.400000000000000050e-02
2.214820700000000000e+07 1.000000000000000000e+00 6.500000000000000000e+01 1.025050189408991901e+04 2.607410563697096222e+03 2.468389999999999418e+03 0.000000000000000000e+00 7.787228415390916147e+00 9.199999999999999845e-02
2.214820700000000000e+07 1.000000000000000000e+00 6.500000000000000000e+01 1.025271389408992036e+04 2.610269563697095691e+03 2.471840000000000146e+03 0.000000000000000000e+00 3.503102628314533895e+00 9.199999999999999845e-02
2.214812700000000000e+07 1.000000000000000000e+00 6.600000000000000000e+01 1.025751189408991922e+04 2.631544563697096237e+03 2.474329999999999927e+03 0.000000000000000000e+00 2.584122286870970786e+00 9.199999999999999845e-02
2.214812700000000000e+07 1.000000000000000000e+00 6.600000000000000000e+01 1.025856389408991890e+04 2.632797563697095939e+03 2.474099999999999454e+03 0.000000000000000000e+00 2.151009687614791055e+00 9.199999999999999845e-02
2.214812700000000000e+07 1.000000000000000000e+00 6.600000000000000000e+01 1.025883189408991893e+04 2.632993563697095851e+03 2.474109999999999673e+03 0.000000000000000000e+00 2.072415324608392506e+00 6.099999999999999867e-02
2.214812800000000000e+07 0.000000000000000000e+00 6.500000000000000000e+01 1.025306889408991992e+04 2.638694563697095873e+03 2.467079999999999927e+03 0.000000000000000000e+00 1.158172414165949959e+00 9.199999999999999845e-02
2.214813200000000000e+07 1.000000000000000000e+00 6.500000000000000000e+01 1.024448989408991838e+04 2.638335563697096404e+03 2.488129999999999200e+03 0.000000000000000000e+00 1.394496578558036992e+00 4.169999999999999818e-01
2.214813200000000000e+07 1.000000000000000000e+00 6.500000000000000000e+01 1.024106989408992013e+04 2.635779563697095909e+03 2.492259999999999309e+03 0.000000000000000000e+00 3.634594113670276183e+00 9.199999999999999845e-02
2.214813200000000000e+07 1.000000000000000000e+00 6.500000000000000000e+01 1.024104989408991969e+04 2.635772563697096302e+03 2.492239999999999782e+03 0.000000000000000000e+00 3.634834675164181572e+00 6.099999999999999867e-02
2.214813200000000000e+07 1.000000000000000000e+00 6.500000000000000000e+01 1.024104989408991969e+04 2.635772563697096302e+03 2.492239999999999782e+03 0.000000000000000000e+00 3.634834675164181572e+00 7.380489999999999995e+00
2.214721600000000000e+07 1.000000000000000000e+00 6.500000000000000000e+01 1.022550189408991901e+04 2.633153563697095706e+03 2.462780000000000655e+03 0.000000000000000000e+00 4.957203803992864088e+00 3.977289999999999992e+00
2.306704900000000000e+07 0.000000000000000000e+00 6.600000000000000000e+01 1.020147789408991957e+04 2.710514563697096492e+03 2.749659999999999854e+03 1.000000000000000000e+00 1.571873567225753554e+00 2.360000000000000000e+02
8.976591100000000000e+07 0.000000000000000000e+00 6.600000000000000000e+01 8.730011894089919224e+03 3.627087563697096812e+03 1.050702000000000044e+04 1.000000000000000000e+00 1.087912174709627644e+00 2.360000000000000000e+02
2.306848000000000000e+07 1.000000000000000000e+00 6.500000000000000000e+01 1.020354589408991887e+04 2.721093563697096215e+03 2.768479999999999563e+03 1.000000000000000000e+00 8.119780748306686391e-01 2.360000000000000000e+02
2.306713400000000000e+07 1.000000000000000000e+00 6.600000000000000000e+01 1.016391289408991906e+04 2.745598563697096324e+03 2.744359999999999673e+03 1.000000000000000000e+00 7.179087866426683284e-01 2.360000000000000000e+02
2.306831400000000000e+07 0.000000000000000000e+00 6.600000000000000000e+01 1.018860889408991898e+04 2.723444563697095873e+03 2.754710000000000036e+03 1.000000000000000000e+00 1.475733873666426721e+00 2.360000000000000000e+02
1.082251690000000000e+08 1.000000000000000000e+00 6.600000000000000000e+01 8.038441894089919515e+03 4.583297563697095939e+03 1.285837999999999920e+04 1.000000000000000000e+00 8.259408669404220138e-01 2.360000000000000000e+02
1.741224000000000000e+07 0.000000000000000000e+00 6.600000000000000000e+01 1.028627889408991905e+04 2.664445563697096077e+03 2.230800000000000182e+03 1.000000000000000000e+00 2.894884192752726015e+00 2.360000000000000000e+02
