3.163505000000000000e+07 1.000000000000000000e+00 6.600000000000000000e+01 7.130199999999995271e+02 1.386634021271219171e+04 3.761969912999145890e+03 0.000000000000000000e+00 6.465068304549800970e+00 1.078999999999999915e+01
3.163448600000000000e+07 1.000000000000000000e+00 6.600000000000000000e+01 6.990300000000006548e+02 1.383089321271219342e+04 3.798295912999145912e+03 0.000000000000000000e+00 8.049917998466264990e+00 1.078999999999999915e+01
3.163448600000000000e+07 1.000000000000000000e+00 6.600000000000000000e+01 7.015899999999992360e+02 1.382245321271219291e+04 3.796493912999145323e+03 0.000000000000000000e+00 4.633667614695822223e+00 2.400000000000000050e-02
3.163448600000000000e+07 1.000000000000000000e+00 6.600000000000000000e+01 7.015700000000006185e+02 1.382241621271219265e+04 3.796493912999145323e+03 0.000000000000000000e+00 4.650821564279847387e+00 5.000000000000000000e-01
3.163448600000000000e+07 1.000000000000000000e+00 6.600000000000000000e+01 7.014200000000000728e+02 1.382203021271219404e+04 3.796495912999145730e+03 0.000000000000000000e+00 4.807150243226482544e+00 2.400000000000000050e-02
3.163448200000000000e+07 1.000000000000000000e+00 6.500000000000000000e+01 6.982199999999993452e+02 1.381805321271219327e+04 3.793823912999145250e+03 0.000000000000000000e+00 3.634256124546948463e+00 9.199999999999999845e-02
3.163448200000000000e+07 1.000000000000000000e+00 6.500000000000000000e+01 6.963599999999996726e+02 1.381822321271219334e+04 3.793064912999145236e+03 0.000000000000000000e+00 2.238226076216006888e+00 2.400000000000000050e-02
3.163448200000000000e+07 1.000000000000000000e+00 6.500000000000000000e+01 6.937300000000004729e+02 1.381932421271219209e+04 3.792534912999145490e+03 0.000000000000000000e+00 2.042911398325546024e+00 4.169999999999999818e-01
3.163448200000000000e+07 1.000000000000000000e+00 6.500000000000000000e+01 6.937300000000004729e+02 1.381932421271219209e+04 3.792534912999145490e+03 0.000000000000000000e+00 2.042911398325546024e+00 7.148100000000000342e+00
3.163448600000000000e+07 1.000000000000000000e+00 6.600000000000000000e+01 6.990300000000006548e+02 1.383089321271219342e+04 3.798295912999145912e+03 0.000000000000000000e+00 8.049917998466264990e+00 2.137309999999999821e+00
3.163367900000000000e+07 1.000000000000000000e+00 6.500000000000000000e+01 6.928000000000001819e+02 1.385532821271219291e+04 3.782862912999145919e+03 0.000000000000000000e+00 4.033558806809372399e+00 2.400000000000000050e-02
3.163367900000000000e+07 1.000000000000000000e+00 6.500000000000000000e+01 6.904800000000004729e+02 1.385777121271219221e+04 3.783851912999145497e+03 0.000000000000000000e+00 1.434051418908262265e+00 1.339000000000000057e+01
3.163367900000000000e+07 1.000000000000000000e+00 6.500000000000000000e+01 6.904800000000004729e+02 1.385777121271219221e+04 3.783851912999145497e+03 0.000000000000000000e+00 1.434051418908262265e+00 2.517729999999999801e+00
3.163367900000000000e+07 1.000000000000000000e+00 6.500000000000000000e+01 6.904800000000004729e+02 1.385777121271219221e+04 3.783851912999145497e+03 0.000000000000000000e+00 1.434051418908262265e+00 1.282909999999999995e+00
3.163373600000000000e+07 1.000000000000000000e+00 6.500000000000000000e+01 7.351100000000005821e+02 1.383177921271219384e+04 3.732058912999145832e+03 0.000000000000000000e+00 2.106161226168975276e+00 1.339000000000000057e+01
3.163525600000000000e+07 1.000000000000000000e+00 6.600000000000000000e+01 7.397800000000006548e+02 1.380524421271219398e+04 3.722166912999146007e+03 0.000000000000000000e+00 2.488627782788738863e+00 1.078999999999999915e+01
3.163529200000000000e+07 1.000000000000000000e+00 6.500000000000000000e+01 7.438099999999994907e+02 1.373359621271219294e+04 3.745487912999145919e+03 0.000000000000000000e+00 5.985192713247778684e+00 1.339000000000000057e+01
3.163526000000000000e+07 1.000000000000000000e+00 6.500000000000000000e+01 7.294699999999993452e+02 1.379338021271219259e+04 3.711478912999145905e+03 0.000000000000000000e+00 8.764156312359371981e+00 6.099999999999999867e-02
3.163373700000000000e+07 1.000000000000000000e+00 6.600000000000000000e+01 7.276500000000005457e+02 1.381640721271219263e+04 3.738611912999145716e+03 0.000000000000000000e+00 1.418309851583448022e+00 2.400000000000000050e-02
3.163373700000000000e+07 1.000000000000000000e+00 6.600000000000000000e+01 7.260900000000001455e+02 1.382353721271219183e+04 3.746008912999145650e+03 0.000000000000000000e+00 3.444300719954171974e+00 9.199999999999999845e-02
3.163373700000000000e+07 1.000000000000000000e+00 6.600000000000000000e+01 7.260900000000001455e+02 1.382353721271219183e+04 3.746008912999145650e+03 0.000000000000000000e+00 3.444300719954171974e+00 7.346169999999999867e+00
3.163374500000000000e+07 1.000000000000000000e+00 6.500000000000000000e+01 6.954500000000007276e+02 1.382697121271219294e+04 3.730559912999146036e+03 0.000000000000000000e+00 2.933896116038878787e+00 1.078999999999999915e+01
3.163374500000000000e+07 1.000000000000000000e+00 6.500000000000000000e+01 6.954500000000007276e+02 1.382706221271219329e+04 3.727302912999145519e+03 0.000000000000000000e+00 5.167309917167047573e+00 4.169999999999999818e-01
3.163511900000000000e+07 1.000000000000000000e+00 6.500000000000000000e+01 7.002500000000000000e+02 1.383135021271219375e+04 3.721664912999145599e+03 0.000000000000000000e+00 4.722125599003136109e+00 6.099999999999999867e-02
3.163511900000000000e+07 1.000000000000000000e+00 6.500000000000000000e+01 7.028899999999994179e+02 1.382611921271219398e+04 3.712904912999145381e+03 0.000000000000000000e+00 7.245442835667304848e+00 2.039999999999999869e-01
3.163511900000000000e+07 1.000000000000000000e+00 6.500000000000000000e+01 7.045000000000000000e+02 1.382417721271219307e+04 3.716679912999145927e+03 0.000000000000000000e+00 8.392652813879735163e+00 1.339000000000000057e+01
3.163511900000000000e+07 1.000000000000000000e+00 6.500000000000000000e+01 7.045000000000000000e+02 1.382417721271219307e+04 3.716679912999145927e+03 0.000000000000000000e+00 8.392652813879735163e+00 2.115629999999999900e+00
3.163511900000000000e+07 1.000000000000000000e+00 6.500000000000000000e+01 7.045000000000000000e+02 1.382417721271219307e+04 3.716679912999145927e+03 0.000000000000000000e+00 8.392652813879735163e+00 2.108150000000000190e+00
3.163374500000000000e+07 1.000000000000000000e+00 6.500000000000000000e+01 6.954500000000007276e+02 1.382697121271219294e+04 3.730559912999146036e+03 0.000000000000000000e+00 2.933896116038878787e+00 8.353610000000000202e-01
3.163143600000000000e+07 0.000000000000000000e+00 6.500000000000000000e+01 5.488900000000003274e+02 1.385016121271219345e+04 3.816410912999145694e+03 1.000000000000000000e+00 8.008813299034238664e-01 1.110000000000000000e+02
3.163144100000000000e+07 0.000000000000000000e+00 6.500000000000000000e+01 5.675700000000006185e+02 1.385265221271219343e+04 3.814614912999145417e+03 1.000000000000000000e+00 2.564746840103438341e+00 1.110000000000000000e+02
3.163377800000000000e+07 0.000000000000000000e+00 6.600000000000000000e+01 6.477800000000006548e+02 1.386503921271219224e+04 3.737703912999145359e+03 1.000000000000000000e+00 2.164068785388140181e+00 1.110000000000000000e+02
3.163143400000000000e+07 0.000000000000000000e+00 6.600000000000000000e+01 5.440799999999999272e+02 1.385652521271219302e+04 3.825808912999145832e+03 1.000000000000000000e+00 8.930184193334181897e-01 1.110000000000000000e+02
3.163143400000000000e+07 0.000000000000000000e+00 6.600000000000000000e+01 5.416899999999995998e+02 1.385686121271219235e+04 3.827747912999145228e+03 1.000000000000000000e+00 2.854184796145613934e+00 1.110000000000000000e+02
