2.422885300000000000e+07 1.000000000000000000e+00 6.500000000000000000e+01 1.078828225519142143e+04 6.469792027119140585e+03 2.801070000000000618e+03 0.000000000000000000e+00 9.540069114592268917e-01 1.078999999999999915e+01
2.983882200000000000e+07 0.000000000000000000e+00 6.600000000000000000e+01 1.016016125519142224e+04 6.872106527119140083e+03 3.366989999999999782e+03 0.000000000000000000e+00 2.101160857520974812e+00 3.229999999999999716e+01
4.670111600000000000e+07 1.000000000000000000e+00 6.600000000000000000e+01 7.142243255191421667e+03 8.211280527119139151e+03 5.483939999999999600e+03 0.000000000000000000e+00 1.627957358504284580e+00 1.339000000000000057e+01
4.670183600000000000e+07 1.000000000000000000e+00 6.600000000000000000e+01 7.103533255191421631e+03 8.227240527119141916e+03 5.521720000000000255e+03 0.000000000000000000e+00 9.392766299316489764e+00 3.229999999999999716e+01
4.949708200000000000e+07 1.000000000000000000e+00 6.600000000000000000e+01 6.758043255191421849e+03 8.324010527119138715e+03 5.820360000000000582e+03 0.000000000000000000e+00 9.324403253445677109e+00 1.605000000000000071e+01
5.285412400000000000e+07 1.000000000000000000e+00 6.500000000000000000e+01 6.374943255191421486e+03 8.386850527119138860e+03 6.162220000000000255e+03 0.000000000000000000e+00 1.955128222327179754e+00 1.078999999999999915e+01
5.285319300000000000e+07 1.000000000000000000e+00 6.500000000000000000e+01 6.288363255191421558e+03 8.406270527119140752e+03 6.226159999999999854e+03 0.000000000000000000e+00 8.383836726696491937e+00 1.078999999999999915e+01
6.921194100000000000e+07 0.000000000000000000e+00 6.500000000000000000e+01 4.664413255191421740e+03 8.290750527119140315e+03 8.083061999999999898e+03 0.000000000000000000e+00 3.945413697631517280e+00 1.339000000000000057e+01
6.921049500000000000e+07 1.000000000000000000e+00 6.600000000000000000e+01 4.636823255191421595e+03 8.292410527119140170e+03 8.123579999999999927e+03 0.000000000000000000e+00 4.591233603695212828e+00 1.339000000000000057e+01
1.005777920000000000e+08 0.000000000000000000e+00 6.500000000000000000e+01 3.609003255191421886e+03 7.860620527119140206e+03 1.187011999999999898e+04 0.000000000000000000e+00 2.246170522918066847e+00 1.078999999999999915e+01
1.005777950000000000e+08 0.000000000000000000e+00 6.600000000000000000e+01 3.596703255191421704e+03 7.855370527119140206e+03 1.186972000000000116e+04 0.000000000000000000e+00 6.307982785859963748e+00 2.039999999999999869e-01
1.005777950000000000e+08 0.000000000000000000e+00 6.500000000000000000e+01 3.608253255191421886e+03 7.852290527119140279e+03 1.186859000000000015e+04 0.000000000000000000e+00 2.074793719799480129e+00 6.099999999999999867e-02
1.005777940000000000e+08 0.000000000000000000e+00 6.600000000000000000e+01 3.609873255191421777e+03 7.852320527119140934e+03 1.186670000000000073e+04 0.000000000000000000e+00 2.785978327554726075e+00 9.199999999999999845e-02
1.005777960000000000e+08 1.000000000000000000e+00 6.500000000000000000e+01 3.614063255191422286e+03 7.847410527119141079e+03 1.186893000000000029e+04 0.000000000000000000e+00 1.966890287103344459e+00 5.000000000000000000e-01
1.005777910000000000e+08 0.000000000000000000e+00 6.600000000000000000e+01 3.614353255191422249e+03 7.859410527119141079e+03 1.188157999999999993e+04 0.000000000000000000e+00 3.660538457341016905e+00 9.199999999999999845e-02
1.005777900000000000e+08 0.000000000000000000e+00 6.600000000000000000e+01 3.613923255191421958e+03 7.862690527119139915e+03 1.188295000000000073e+04 0.000000000000000000e+00 4.396524612015630495e+00 9.199999999999999845e-02
1.005777890000000000e+08 1.000000000000000000e+00 6.600000000000000000e+01 3.618833255191422722e+03 7.863860527119139988e+03 1.188893999999999869e+04 0.000000000000000000e+00 1.090988954484357842e+00 2.039999999999999869e-01
1.005777890000000000e+08 1.000000000000000000e+00 6.600000000000000000e+01 3.617243255191422577e+03 7.862430527119139697e+03 1.189026000000000022e+04 0.000000000000000000e+00 2.967475329189104283e+00 2.400000000000000050e-02
1.005777890000000000e+08 1.000000000000000000e+00 6.600000000000000000e+01 3.620473255191422140e+03 7.863430527119139697e+03 1.189107999999999993e+04 0.000000000000000000e+00 2.234154804722959575e+00 9.199999999999999845e-02
1.005775880000000000e+08 1.000000000000000000e+00 6.500000000000000000e+01 3.633503255191420976e+03 7.909480527119140788e+03 1.172513999999999942e+04 0.000000000000000000e+00 9.738011050591472539e+00 4.169999999999999818e-01
1.005775880000000000e+08 1.000000000000000000e+00 6.500000000000000000e+01 3.633323255191421595e+03 7.909900527119140861e+03 1.172493000000000029e+04 0.000000000000000000e+00 9.775923799446845308e+00 5.000000000000000000e-01
1.005775880000000000e+08 1.000000000000000000e+00 6.500000000000000000e+01 3.633323255191421595e+03 7.909900527119140861e+03 1.172493000000000029e+04 0.000000000000000000e+00 9.775923799446845308e+00 7.166249999999999787e+00
1.005761500000000000e+08 1.000000000000000000e+00 6.500000000000000000e+01 3.646993255191422577e+03 7.893290527119140279e+03 1.169111000000000058e+04 0.000000000000000000e+00 8.770232701752876281e+00 9.199999999999999845e-02
1.005761500000000000e+08 1.000000000000000000e+00 6.500000000000000000e+01 3.647043255191421849e+03 7.893390527119140643e+03 1.169143999999999869e+04 0.000000000000000000e+00 8.985695665102117147e+00 2.400000000000000050e-02
1.005761500000000000e+08 1.000000000000000000e+00 6.500000000000000000e+01 3.647883255191421995e+03 7.896260527119139624e+03 1.169353000000000065e+04 0.000000000000000000e+00 8.920089611045394662e+00 9.199999999999999845e-02
1.005761600000000000e+08 1.000000000000000000e+00 6.500000000000000000e+01 3.627773255191422322e+03 7.913190527119139915e+03 1.169126000000000022e+04 0.000000000000000000e+00 1.963421596626024002e+00 2.400000000000000050e-02
6.920926000000000000e+07 1.000000000000000000e+00 6.600000000000000000e+01 4.566543255191420940e+03 8.265910527119140170e+03 8.224860000000000582e+03 0.000000000000000000e+00 5.965849969897589311e+00 9.199999999999999845e-02
6.920925900000000000e+07 1.000000000000000000e+00 6.600000000000000000e+01 4.567663255191421740e+03 8.264150527119141771e+03 8.227421000000000276e+03 0.000000000000000000e+00 6.975333938450213545e+00 9.199999999999999845e-02
6.921049500000000000e+07 1.000000000000000000e+00 6.600000000000000000e+01 4.638043255191421849e+03 8.298460527119139442e+03 8.125466000000000349e+03 0.000000000000000000e+00 6.519455870763833261e+00 6.099999999999999867e-02
6.921049500000000000e+07 1.000000000000000000e+00 6.600000000000000000e+01 4.638843255191422031e+03 8.300030527119139151e+03 8.127615999999999985e+03 0.000000000000000000e+00 6.212326001333195791e+00 6.099999999999999867e-02
6.921049500000000000e+07 1.000000000000000000e+00 6.600000000000000000e+01 4.643863255191422468e+03 8.297250527119140315e+03 8.124034999999999854e+03 0.000000000000000000e+00 8.403490501702505000e+00 6.099999999999999867e-02
6.921049500000000000e+07 1.000000000000000000e+00 6.600000000000000000e+01 4.639953255191421704e+03 8.298310527119141625e+03 8.127250000000000000e+03 0.000000000000000000e+00 5.914641523063115081e+00 9.199999999999999845e-02
6.921049500000000000e+07 1.000000000000000000e+00 6.600000000000000000e+01 4.639833255191421813e+03 8.292540527119141188e+03 8.129422999999999774e+03 0.000000000000000000e+00 1.296017259371782249e+00 1.339000000000000057e+01
6.921049600000000000e+07 1.000000000000000000e+00 6.600000000000000000e+01 4.639323255191422504e+03 8.290870527119139297e+03 8.131686999999999898e+03 0.000000000000000000e+00 1.640544306078396630e+00 1.078999999999999915e+01
6.921049600000000000e+07 1.000000000000000000e+00 6.600000000000000000e+01 4.639323255191422504e+03 8.290870527119139297e+03 8.131686999999999898e+03 0.000000000000000000e+00 1.640544306078396630e+00 4.087439999999999962e+00
6.921049600000000000e+07 1.000000000000000000e+00 6.600000000000000000e+01 4.639323255191422504e+03 8.290870527119139297e+03 8.131686999999999898e+03 0.000000000000000000e+00 1.640544306078396630e+00 2.113980000000000192e+00
6.921049500000000000e+07 1.000000000000000000e+00 6.600000000000000000e+01 4.639833255191421813e+03 8.292540527119141188e+03 8.129422999999999774e+03 0.000000000000000000e+00 1.296017259371782249e+00 3.817079999999999806e+00
6.921194100000000000e+07 0.000000000000000000e+00 6.500000000000000000e+01 4.664413255191421740e+03 8.290590527119140461e+03 8.083520000000000437e+03 0.000000000000000000e+00 3.585448056705373254e+00 1.078999999999999915e+01
6.921186000000000000e+07 1.000000000000000000e+00 6.500000000000000000e+01 4.667093255191421122e+03 8.296110527119140897e+03 8.089042999999999665e+03 0.000000000000000000e+00 1.649623763186969905e+00 9.199999999999999845e-02
6.921186000000000000e+07 1.000000000000000000e+00 6.500000000000000000e+01 4.669683255191422177e+03 8.296030527119139151e+03 8.090475000000000364e+03 0.000000000000000000e+00 2.282942210373966496e+00 1.078999999999999915e+01
6.921185600000000000e+07 1.000000000000000000e+00 6.600000000000000000e+01 4.679963255191421013e+03 8.297120527119139297e+03 8.090640999999999622e+03 0.000000000000000000e+00 1.901827236819860545e+00 6.099999999999999867e-02
6.921202700000000000e+07 1.000000000000000000e+00 6.600000000000000000e+01 4.670403255191421522e+03 8.298250527119140315e+03 8.094146999999999935e+03 0.000000000000000000e+00 1.815738912108899372e+00 2.400000000000000050e-02
6.921185400000000000e+07 0.000000000000000000e+00 6.600000000000000000e+01 4.686613255191421558e+03 8.291270527119140752e+03 8.099900999999999840e+03 0.000000000000000000e+00 2.505129933456889724e+00 4.169999999999999818e-01
6.921185200000000000e+07 1.000000000000000000e+00 6.600000000000000000e+01 4.694033255191421631e+03 8.286100527119138860e+03 8.102212999999999738e+03 0.000000000000000000e+00 1.870854351900725465e+00 6.099999999999999867e-02
6.921185200000000000e+07 0.000000000000000000e+00 6.600000000000000000e+01 4.692983255191421449e+03 8.288380527119141334e+03 8.097136000000000422e+03 0.000000000000000000e+00 7.080438117763913075e-01 2.400000000000000050e-02
6.921185200000000000e+07 1.000000000000000000e+00 6.600000000000000000e+01 4.694103255191421340e+03 8.282000527119140315e+03 8.103242000000000189e+03 0.000000000000000000e+00 5.498036589441428923e+00 9.199999999999999845e-02
6.921185300000000000e+07 1.000000000000000000e+00 6.600000000000000000e+01 4.690653255191421522e+03 8.286550527119139588e+03 8.098110999999999876e+03 0.000000000000000000e+00 4.613499351408706373e-01 2.400000000000000050e-02
6.921185600000000000e+07 1.000000000000000000e+00 6.500000000000000000e+01 4.682193255191421486e+03 8.282900527119141771e+03 8.104070999999999913e+03 0.000000000000000000e+00 9.207081465484819205e+00 5.000000000000000000e-01
6.921185400000000000e+07 1.000000000000000000e+00 6.600000000000000000e+01 4.682973255191422140e+03 8.289310527119141625e+03 8.096643000000000029e+03 0.000000000000000000e+00 3.202993994455273441e+00 9.199999999999999845e-02
6.921201900000000000e+07 1.000000000000000000e+00 6.500000000000000000e+01 4.691353255191422249e+03 8.302580527119138424e+03 8.073890999999999622e+03 0.000000000000000000e+00 1.754996145726982926e+00 2.039999999999999869e-01
6.921201900000000000e+07 1.000000000000000000e+00 6.500000000000000000e+01 4.692683255191422177e+03 8.303770527119140752e+03 8.075778000000000247e+03 0.000000000000000000e+00 8.810919211816446994e-01 9.199999999999999845e-02
6.921168800000000000e+07 1.000000000000000000e+00 6.500000000000000000e+01 4.693873255191421777e+03 8.294910527119140170e+03 8.067689000000000306e+03 0.000000000000000000e+00 4.706905782192105647e+00 2.400000000000000050e-02
6.921168800000000000e+07 1.000000000000000000e+00 6.500000000000000000e+01 4.703033255191421631e+03 8.292070527119140024e+03 8.061524999999999636e+03 0.000000000000000000e+00 4.769780477504119709e+00 2.039999999999999869e-01
6.921168800000000000e+07 1.000000000000000000e+00 6.500000000000000000e+01 4.698843255191422031e+03 8.290580527119138424e+03 8.062246000000000095e+03 0.000000000000000000e+00 8.156175968878341953e-01 4.169999999999999818e-01
6.921187100000000000e+07 1.000000000000000000e+00 6.500000000000000000e+01 4.700083255191421813e+03 8.297960527119139442e+03 8.065173999999999978e+03 0.000000000000000000e+00 6.145859913375396388e+00 2.400000000000000050e-02
6.921187100000000000e+07 1.000000000000000000e+00 6.500000000000000000e+01 4.700543255191420940e+03 8.299520527119140752e+03 8.069363999999999578e+03 0.000000000000000000e+00 6.798608836159707458e+00 4.169999999999999818e-01
6.921309600000000000e+07 1.000000000000000000e+00 6.500000000000000000e+01 4.707633255191421995e+03 8.292920527119138569e+03 8.063033999999999651e+03 0.000000000000000000e+00 4.700475427791320548e+00 2.400000000000000050e-02
6.921309500000000000e+07 1.000000000000000000e+00 6.500000000000000000e+01 4.706853255191422249e+03 8.282320527119140024e+03 8.055277000000000044e+03 0.000000000000000000e+00 3.909876461534754544e+00 2.400000000000000050e-02
6.921183600000000000e+07 1.000000000000000000e+00 6.500000000000000000e+01 4.701833255191421813e+03 8.279430527119140606e+03 8.057501000000000204e+03 0.000000000000000000e+00 2.965786064328618021e+00 9.199999999999999845e-02
6.921168600000000000e+07 1.000000000000000000e+00 6.500000000000000000e+01 4.700153255191421522e+03 8.277650527119141771e+03 8.058798999999999978e+03 0.000000000000000000e+00 1.192510987377805698e+00 6.099999999999999867e-02
6.921183500000000000e+07 1.000000000000000000e+00 6.600000000000000000e+01 4.695883255191421995e+03 8.273610527119140897e+03 8.057284999999999854e+03 0.000000000000000000e+00 2.937315386618633450e+00 8.349999999999999645e-01
6.921183500000000000e+07 1.000000000000000000e+00 6.600000000000000000e+01 4.695883255191421995e+03 8.273610527119140897e+03 8.057284999999999854e+03 0.000000000000000000e+00 2.937315386618633450e+00 6.917679999999999829e+00
6.921186000000000000e+07 1.000000000000000000e+00 6.500000000000000000e+01 4.669683255191422177e+03 8.296030527119139151e+03 8.090475000000000364e+03 0.000000000000000000e+00 2.282942210373966496e+00 1.495840000000000058e+00
6.921194100000000000e+07 0.000000000000000000e+00 6.500000000000000000e+01 4.664413255191421740e+03 8.290590527119140461e+03 8.083520000000000437e+03 0.000000000000000000e+00 3.585448056705373254e+00 1.510539999999999994e+00
5.285319300000000000e+07 1.000000000000000000e+00 6.500000000000000000e+01 6.288703255191421704e+03 8.402690527119139006e+03 6.227119999999999891e+03 0.000000000000000000e+00 9.817753593212943386e+00 2.039999999999999869e-01
5.285409600000000000e+07 1.000000000000000000e+00 6.500000000000000000e+01 6.288563255191421376e+03 8.410940527119139006e+03 6.208989999999999782e+03 0.000000000000000000e+00 3.263090102222359068e+00 2.400000000000000050e-02
5.285409500000000000e+07 1.000000000000000000e+00 6.600000000000000000e+01 6.299893255191421304e+03 8.416600527119138860e+03 6.203250000000000000e+03 0.000000000000000000e+00 2.094543904390376632e+00 9.199999999999999845e-02
5.285409500000000000e+07 1.000000000000000000e+00 6.600000000000000000e+01 6.299763255191422104e+03 8.417680527119140606e+03 6.203699999999999818e+03 0.000000000000000000e+00 1.733833439229062412e+00 9.199999999999999845e-02
5.285409400000000000e+07 1.000000000000000000e+00 6.600000000000000000e+01 6.293703255191421704e+03 8.423710527119139442e+03 6.200000000000000000e+03 0.000000000000000000e+00 2.585413687525495607e+00 4.169999999999999818e-01
5.285409100000000000e+07 1.000000000000000000e+00 6.600000000000000000e+01 6.280043255191421849e+03 8.411930527119140606e+03 6.187229999999999563e+03 0.000000000000000000e+00 8.428112406561783843e+00 1.078999999999999915e+01
5.285409100000000000e+07 1.000000000000000000e+00 6.600000000000000000e+01 6.280043255191421849e+03 8.411930527119140606e+03 6.187229999999999563e+03 0.000000000000000000e+00 8.428112406561783843e+00 3.466699999999999893e+00
5.285409100000000000e+07 1.000000000000000000e+00 6.600000000000000000e+01 6.280043255191421849e+03 8.411930527119140606e+03 6.187229999999999563e+03 0.000000000000000000e+00 8.428112406561783843e+00 2.834220000000000184e+00
5.285412400000000000e+07 1.000000000000000000e+00 6.500000000000000000e+01 6.374783255191421631e+03 8.386330527119138424e+03 6.162970000000000255e+03 0.000000000000000000e+00 1.065185664840377022e+00 1.078999999999999915e+01
5.285412400000000000e+07 1.000000000000000000e+00 6.500000000000000000e+01 6.370423255191421958e+03 8.382210527119139442e+03 6.165690000000000509e+03 0.000000000000000000e+00 5.747672116671318499e+00 6.099999999999999867e-02
5.228846200000000000e+07 1.000000000000000000e+00 6.600000000000000000e+01 6.350893255191422213e+03 8.351920527119138569e+03 6.174520000000000437e+03 0.000000000000000000e+00 9.811654292399511590e+00 1.078999999999999915e+01
5.228756000000000000e+07 1.000000000000000000e+00 6.500000000000000000e+01 6.338263255191422104e+03 8.344280527119139151e+03 6.169600000000000364e+03 0.000000000000000000e+00 5.879772404373786010e+00 6.099999999999999867e-02
5.228763800000000000e+07 1.000000000000000000e+00 6.500000000000000000e+01 6.329273255191422322e+03 8.324080527119138424e+03 6.186340000000000146e+03 0.000000000000000000e+00 4.525378086564640689e+00 9.199999999999999845e-02
5.228764200000000000e+07 1.000000000000000000e+00 6.600000000000000000e+01 6.321773255191422322e+03 8.314810527119141625e+03 6.171100000000000364e+03 0.000000000000000000e+00 2.518582467293256855e+00 2.400000000000000050e-02
5.228764700000000000e+07 1.000000000000000000e+00 6.500000000000000000e+01 6.314123255191421777e+03 8.320480527119139879e+03 6.161460000000000036e+03 0.000000000000000000e+00 1.266942281892311950e+00 6.099999999999999867e-02
5.228765500000000000e+07 1.000000000000000000e+00 6.500000000000000000e+01 6.298163255191421740e+03 8.311210527119139442e+03 6.154930000000000291e+03 0.000000000000000000e+00 1.805661154009581715e+00 8.220000000000000639e+00
5.228842600000000000e+07 1.000000000000000000e+00 6.600000000000000000e+01 6.299943255191422395e+03 8.314120527119139297e+03 6.155639999999999418e+03 0.000000000000000000e+00 3.268262914913378392e+00 9.199999999999999845e-02
5.228765100000000000e+07 1.000000000000000000e+00 6.600000000000000000e+01 6.307033255191421631e+03 8.312580527119138424e+03 6.153449999999999818e+03 0.000000000000000000e+00 2.186122374178228966e+00 6.099999999999999867e-02
5.228842200000000000e+07 0.000000000000000000e+00 6.500000000000000000e+01 6.318233255191421449e+03 8.313190527119139006e+03 6.149800000000000182e+03 0.000000000000000000e+00 1.356842530438942429e+00 9.199999999999999845e-02
5.228764700000000000e+07 0.000000000000000000e+00 6.600000000000000000e+01 6.321413255191421740e+03 8.312450527119141043e+03 6.157899999999999636e+03 0.000000000000000000e+00 1.045090560440869565e+00 9.199999999999999845e-02
5.228764700000000000e+07 0.000000000000000000e+00 6.600000000000000000e+01 6.321383255191421995e+03 8.312490527119141916e+03 6.157750000000000000e+03 0.000000000000000000e+00 9.621762507826875366e-01 6.099999999999999867e-02
5.228764700000000000e+07 1.000000000000000000e+00 6.600000000000000000e+01 6.327483255191421449e+03 8.314070527119140024e+03 6.153510000000000218e+03 0.000000000000000000e+00 1.557034250406850395e+00 9.199999999999999845e-02
5.228764300000000000e+07 1.000000000000000000e+00 6.500000000000000000e+01 6.329433255191421267e+03 8.300110527119140897e+03 6.165119999999999891e+03 0.000000000000000000e+00 4.256717029022741627e+00 6.099999999999999867e-02
5.228764400000000000e+07 0.000000000000000000e+00 6.500000000000000000e+01 6.323773255191422322e+03 8.304760527119138715e+03 6.163309999999999491e+03 0.000000000000000000e+00 5.181691768139009113e+00 9.199999999999999845e-02
5.228764800000000000e+07 1.000000000000000000e+00 6.600000000000000000e+01 6.323323255191421595e+03 8.306880527119141334e+03 6.151539999999999964e+03 0.000000000000000000e+00 3.266321934669700777e+00 8.349999999999999645e-01
5.228764800000000000e+07 1.000000000000000000e+00 6.600000000000000000e+01 6.323323255191421595e+03 8.306880527119141334e+03 6.151539999999999964e+03 0.000000000000000000e+00 3.266321934669700777e+00 6.966239999999999988e+00
5.228846000000000000e+07 1.000000000000000000e+00 6.500000000000000000e+01 6.348543255191421849e+03 8.352190527119139006e+03 6.209960000000000036e+03 0.000000000000000000e+00 7.748531860684131800e+00 2.400000000000000050e-02
5.285412800000000000e+07 1.000000000000000000e+00 6.600000000000000000e+01 6.366873255191421777e+03 8.395190527119139006e+03 6.164050000000000182e+03 0.000000000000000000e+00 5.448456812538539751e+00 2.400000000000000050e-02
5.285412800000000000e+07 1.000000000000000000e+00 6.600000000000000000e+01 6.369463255191421922e+03 8.397580527119138424e+03 6.162859999999999673e+03 0.000000000000000000e+00 2.044027191391228460e+00 1.078999999999999915e+01
5.285412800000000000e+07 1.000000000000000000e+00 6.600000000000000000e+01 6.369463255191421922e+03 8.397580527119138424e+03 6.162859999999999673e+03 0.000000000000000000e+00 2.044027191391228460e+00 6.850150000000000183e+00
5.285412800000000000e+07 1.000000000000000000e+00 6.600000000000000000e+01 6.369463255191421922e+03 8.397580527119138424e+03 6.162859999999999673e+03 0.000000000000000000e+00 2.044027191391228460e+00 1.906049999999999967e-01
4.949446300000000000e+07 0.000000000000000000e+00 6.600000000000000000e+01 6.742393255191422213e+03 8.304160527119140170e+03 5.792649999999999636e+03 0.000000000000000000e+00 5.402327269426592249e-01 4.169999999999999818e-01
4.949446500000000000e+07 1.000000000000000000e+00 6.600000000000000000e+01 6.733883255191421995e+03 8.304490527119138278e+03 5.785069999999999709e+03 0.000000000000000000e+00 4.097224319903124190e+00 2.400000000000000050e-02
4.949446300000000000e+07 1.000000000000000000e+00 6.600000000000000000e+01 6.742173255191421958e+03 8.320590527119140461e+03 5.789710000000000036e+03 0.000000000000000000e+00 9.427385684209991012e+00 9.199999999999999845e-02
4.949589100000000000e+07 1.000000000000000000e+00 6.500000000000000000e+01 6.713243255191421667e+03 8.326180527119140606e+03 5.752960000000000036e+03 0.000000000000000000e+00 8.887907520346846724e+00 4.169999999999999818e-01
4.949596300000000000e+07 1.000000000000000000e+00 6.600000000000000000e+01 6.716383255191421995e+03 8.322270527119140752e+03 5.752889999999999418e+03 0.000000000000000000e+00 8.117868735812846737e+00 9.199999999999999845e-02
4.949579300000000000e+07 1.000000000000000000e+00 6.500000000000000000e+01 6.725593255191422031e+03 8.307780527119139151e+03 5.766489999999999782e+03 0.000000000000000000e+00 6.612689685165388020e+00 9.199999999999999845e-02
4.949579000000000000e+07 1.000000000000000000e+00 6.600000000000000000e+01 6.728123255191421777e+03 8.306270527119140752e+03 5.767800000000000182e+03 0.000000000000000000e+00 7.105340946052760565e+00 9.199999999999999845e-02
4.949579200000000000e+07 1.000000000000000000e+00 6.500000000000000000e+01 6.728553255191422068e+03 8.307040527119141188e+03 5.760579999999999927e+03 0.000000000000000000e+00 6.514242301272167524e+00 2.400000000000000050e-02
4.949579400000000000e+07 1.000000000000000000e+00 6.500000000000000000e+01 6.717973255191422140e+03 8.299790527119141188e+03 5.769639999999999418e+03 0.000000000000000000e+00 1.444768581401656871e+00 6.099999999999999867e-02
4.949597100000000000e+07 1.000000000000000000e+00 6.500000000000000000e+01 6.703363255191421558e+03 8.299450527119141043e+03 5.781440000000000509e+03 0.000000000000000000e+00 8.224104933802445672e+00 1.000000000000000021e-02
4.949579600000000000e+07 1.000000000000000000e+00 6.500000000000000000e+01 6.705453255191421704e+03 8.294510527119138715e+03 5.774109999999999673e+03 0.000000000000000000e+00 4.524514999891696476e+00 9.199999999999999845e-02
4.949446200000000000e+07 1.000000000000000000e+00 6.500000000000000000e+01 6.726083255191421813e+03 8.290630527119141334e+03 5.792789999999999964e+03 0.000000000000000000e+00 7.500592885073408489e+00 9.199999999999999845e-02
4.949579700000000000e+07 1.000000000000000000e+00 6.500000000000000000e+01 6.705763255191422104e+03 8.283470527119141479e+03 5.771750000000000000e+03 0.000000000000000000e+00 9.335261471784837894e+00 4.169999999999999818e-01
4.949579700000000000e+07 1.000000000000000000e+00 6.500000000000000000e+01 6.703723255191422140e+03 8.284700527119141043e+03 5.774010000000000218e+03 0.000000000000000000e+00 9.610930978770294786e+00 2.400000000000000050e-02
4.949579700000000000e+07 1.000000000000000000e+00 6.500000000000000000e+01 6.703853255191421340e+03 8.284160527119140170e+03 5.773979999999999563e+03 0.000000000000000000e+00 9.965478379876566706e+00 9.199999999999999845e-02
4.949609900000000000e+07 1.000000000000000000e+00 6.600000000000000000e+01 6.691583255191421813e+03 8.261460527119139442e+03 5.767440000000000509e+03 0.000000000000000000e+00 9.364630246174913353e+00 9.199999999999999845e-02
4.949609900000000000e+07 1.000000000000000000e+00 6.600000000000000000e+01 6.691833255191421813e+03 8.260990527119138278e+03 5.768139999999999418e+03 0.000000000000000000e+00 8.593066027401762952e+00 1.037880000000000003e+01
4.670183600000000000e+07 1.000000000000000000e+00 6.600000000000000000e+01 7.103533255191421631e+03 8.227240527119141916e+03 5.521720000000000255e+03 0.000000000000000000e+00 9.392766299316489764e+00 1.625469999999999970e+00
4.670111500000000000e+07 1.000000000000000000e+00 6.600000000000000000e+01 7.138903255191421522e+03 8.207190527119139006e+03 5.486489999999999782e+03 0.000000000000000000e+00 2.280602378014246590e+00 1.078999999999999915e+01
4.670111500000000000e+07 1.000000000000000000e+00 6.600000000000000000e+01 7.138903255191421522e+03 8.207190527119139006e+03 5.486489999999999782e+03 0.000000000000000000e+00 2.280602378014246590e+00 6.449950000000000294e+00
4.670111500000000000e+07 1.000000000000000000e+00 6.600000000000000000e+01 7.138903255191421522e+03 8.207190527119139006e+03 5.486489999999999782e+03 0.000000000000000000e+00 2.280602378014246590e+00 1.351839999999999931e+00
2.983882200000000000e+07 0.000000000000000000e+00 6.600000000000000000e+01 1.016069425519142169e+04 6.873888527119140235e+03 3.370590000000000146e+03 0.000000000000000000e+00 1.069615946320292998e+00 1.605000000000000071e+01
2.983882200000000000e+07 0.000000000000000000e+00 6.600000000000000000e+01 1.016075525519142138e+04 6.875983527119140490e+03 3.373989999999999782e+03 0.000000000000000000e+00 1.843598696952830851e+00 3.229999999999999716e+01
2.983882400000000000e+07 1.000000000000000000e+00 6.500000000000000000e+01 1.017065425519142082e+04 6.884733527119140490e+03 3.383210000000000036e+03 0.000000000000000000e+00 5.838366786920879292e+00 1.339000000000000057e+01
2.983882400000000000e+07 1.000000000000000000e+00 6.500000000000000000e+01 1.017144925519142271e+04 6.881926527119140701e+03 3.382779999999999745e+03 0.000000000000000000e+00 6.515136901564931193e+00 1.078999999999999915e+01
2.983754100000000000e+07 1.000000000000000000e+00 6.500000000000000000e+01 1.017492025519142226e+04 6.877068527119140526e+03 3.382779999999999745e+03 0.000000000000000000e+00 7.727683030497158434e+00 1.078999999999999915e+01
2.983883500000000000e+07 1.000000000000000000e+00 6.500000000000000000e+01 1.019476325519142119e+04 6.865578527119139835e+03 3.369170000000000073e+03 0.000000000000000000e+00 4.978126330820987988e+00 9.199999999999999845e-02
2.983883000000000000e+07 1.000000000000000000e+00 6.600000000000000000e+01 1.018311625519142217e+04 6.865911527119140374e+03 3.370029999999999745e+03 0.000000000000000000e+00 7.395263625084838033e+00 9.199999999999999845e-02
2.983883000000000000e+07 1.000000000000000000e+00 6.600000000000000000e+01 1.018311625519142217e+04 6.865911527119140374e+03 3.370029999999999745e+03 0.000000000000000000e+00 7.395263625084838033e+00 7.360170000000000101e+00
2.983883000000000000e+07 1.000000000000000000e+00 6.600000000000000000e+01 1.018237225519142157e+04 6.867338527119140053e+03 3.375630000000000109e+03 0.000000000000000000e+00 9.866081257173906494e+00 4.169999999999999818e-01
2.983754100000000000e+07 1.000000000000000000e+00 6.500000000000000000e+01 1.017506625519142108e+04 6.877010527119140534e+03 3.382909999999999854e+03 0.000000000000000000e+00 7.815505075802271939e+00 2.039999999999999869e-01
2.983754100000000000e+07 1.000000000000000000e+00 6.500000000000000000e+01 1.017536925519142096e+04 6.876707527119140650e+03 3.383140000000000327e+03 0.000000000000000000e+00 7.976066499327224335e+00 8.349999999999999645e-01
2.983754100000000000e+07 1.000000000000000000e+00 6.500000000000000000e+01 1.017536925519142096e+04 6.876707527119140650e+03 3.383140000000000327e+03 0.000000000000000000e+00 7.976066499327224335e+00 7.394180000000000419e+00
2.983882400000000000e+07 1.000000000000000000e+00 6.500000000000000000e+01 1.016750825519142199e+04 6.882003527119140017e+03 3.381380000000000109e+03 0.000000000000000000e+00 4.468396424187903726e+00 9.199999999999999845e-02
2.983882400000000000e+07 1.000000000000000000e+00 6.500000000000000000e+01 1.016711825519142076e+04 6.882010527119140534e+03 3.381250000000000000e+03 0.000000000000000000e+00 4.439010175033735628e+00 1.078999999999999915e+01
2.983882400000000000e+07 1.000000000000000000e+00 6.500000000000000000e+01 1.016711825519142076e+04 6.882010527119140534e+03 3.381250000000000000e+03 0.000000000000000000e+00 4.439010175033735628e+00 4.866450000000000387e+00
2.983882400000000000e+07 1.000000000000000000e+00 6.500000000000000000e+01 1.016711825519142076e+04 6.882010527119140534e+03 3.381250000000000000e+03 0.000000000000000000e+00 4.439010175033735628e+00 2.329439999999999955e+00
2.983886100000000000e+07 1.000000000000000000e+00 6.600000000000000000e+01 1.019357525519142291e+04 6.840194527119139821e+03 3.399890000000000327e+03 0.000000000000000000e+00 4.053816836108261157e+00 4.169999999999999818e-01
2.983745600000000000e+07 1.000000000000000000e+00 6.600000000000000000e+01 1.018407125519142210e+04 6.841147527119140250e+03 3.396090000000000146e+03 0.000000000000000000e+00 5.846000718627876402e+00 9.199999999999999845e-02
2.983745300000000000e+07 1.000000000000000000e+00 6.500000000000000000e+01 1.018173625519142297e+04 6.832739527119139893e+03 3.401640000000000327e+03 0.000000000000000000e+00 2.165828289687000474e+00 2.039999999999999869e-01
2.983740900000000000e+07 1.000000000000000000e+00 6.500000000000000000e+01 1.020672625519142093e+04 6.820406527119140264e+03 3.414910000000000309e+03 0.000000000000000000e+00 2.589101221158131683e+00 9.199999999999999845e-02
2.983740800000000000e+07 1.000000000000000000e+00 6.500000000000000000e+01 1.020301125519142079e+04 6.823909527119139966e+03 3.411740000000000236e+03 0.000000000000000000e+00 1.062709191458729663e+00 6.099999999999999867e-02
2.983886200000000000e+07 1.000000000000000000e+00 6.600000000000000000e+01 1.020156725519142128e+04 6.830990527119140097e+03 3.402680000000000291e+03 0.000000000000000000e+00 4.948323193540162812e+00 9.199999999999999845e-02
2.983886000000000000e+07 1.000000000000000000e+00 6.500000000000000000e+01 1.020785325519142134e+04 6.832444527119139821e+03 3.404939999999999600e+03 0.000000000000000000e+00 2.152187369668443040e+00 2.039999999999999869e-01
2.983886000000000000e+07 1.000000000000000000e+00 6.500000000000000000e+01 1.021014525519142262e+04 6.833441527119140119e+03 3.406209999999999582e+03 0.000000000000000000e+00 2.779734482650791705e+00 6.099999999999999867e-02
2.983886000000000000e+07 1.000000000000000000e+00 6.500000000000000000e+01 1.021019425519142169e+04 6.833500527119140315e+03 3.406250000000000000e+03 0.000000000000000000e+00 2.791955193560826221e+00 9.199999999999999845e-02
2.983886000000000000e+07 1.000000000000000000e+00 6.500000000000000000e+01 1.021092725519142186e+04 6.834366527119140301e+03 3.406829999999999927e+03 0.000000000000000000e+00 3.115526049097396388e+00 9.199999999999999845e-02
2.983740700000000000e+07 1.000000000000000000e+00 6.500000000000000000e+01 1.020444825519142250e+04 6.823016527119139937e+03 3.402250000000000000e+03 0.000000000000000000e+00 8.875841975802477579e-01 9.199999999999999845e-02
2.983740700000000000e+07 1.000000000000000000e+00 6.500000000000000000e+01 1.020456225519142208e+04 6.823734527119139784e+03 3.402270000000000437e+03 0.000000000000000000e+00 6.993073963028959561e-01 4.169999999999999818e-01
2.983740700000000000e+07 1.000000000000000000e+00 6.500000000000000000e+01 1.020312725519142259e+04 6.824770527119139842e+03 3.399480000000000473e+03 0.000000000000000000e+00 3.756391889299592002e+00 9.199999999999999845e-02
2.983885900000000000e+07 1.000000000000000000e+00 6.500000000000000000e+01 1.020681425519142067e+04 6.826618527119139799e+03 3.402420000000000073e+03 0.000000000000000000e+00 2.903966819869129967e+00 5.000000000000000000e-01
2.983741000000000000e+07 1.000000000000000000e+00 6.600000000000000000e+01 1.021849125519142217e+04 6.831137527119140032e+03 3.399750000000000000e+03 0.000000000000000000e+00 5.023656535009552115e+00 9.199999999999999845e-02
2.983885500000000000e+07 1.000000000000000000e+00 6.600000000000000000e+01 1.022138225519142179e+04 6.826574527119139930e+03 3.384010000000000218e+03 0.000000000000000000e+00 5.169889902195573761e+00 9.199999999999999845e-02
2.983877700000000000e+07 1.000000000000000000e+00 6.600000000000000000e+01 1.021390025519142182e+04 6.819653527119140563e+03 3.384390000000000327e+03 0.000000000000000000e+00 7.720856764943288653e+00 6.099999999999999867e-02
2.983877800000000000e+07 1.000000000000000000e+00 6.600000000000000000e+01 1.020965125519142202e+04 6.816935527119139806e+03 3.387970000000000255e+03 0.000000000000000000e+00 4.779280887587625593e+00 4.169999999999999818e-01
2.983877800000000000e+07 0.000000000000000000e+00 6.600000000000000000e+01 1.020605325519142207e+04 6.805887527119140032e+03 3.389369999999999891e+03 0.000000000000000000e+00 5.222781683450276269e+00 2.039999999999999869e-01
2.983877800000000000e+07 0.000000000000000000e+00 6.600000000000000000e+01 1.020456525519142087e+04 6.806120527119140206e+03 3.388170000000000073e+03 0.000000000000000000e+00 3.703806299043119754e+00 6.099999999999999867e-02
2.983878000000000000e+07 0.000000000000000000e+00 6.600000000000000000e+01 1.019571125519142151e+04 6.803934527119140512e+03 3.387899999999999636e+03 0.000000000000000000e+00 1.581939589435935822e+00 9.199999999999999845e-02
2.983878200000000000e+07 1.000000000000000000e+00 6.600000000000000000e+01 1.018401825519142221e+04 6.807727527119140177e+03 3.384539999999999964e+03 0.000000000000000000e+00 7.180622724678979552e+00 9.199999999999999845e-02
2.983878200000000000e+07 1.000000000000000000e+00 6.600000000000000000e+01 1.018401825519142221e+04 6.807727527119140177e+03 3.384539999999999964e+03 0.000000000000000000e+00 7.180622724678979552e+00 7.362090000000000245e+00
2.983882400000000000e+07 1.000000000000000000e+00 6.500000000000000000e+01 1.016659025519142233e+04 6.877789527119140075e+03 3.373720000000000255e+03 0.000000000000000000e+00 9.874038063388840269e-01 6.099999999999999867e-02
2.983882400000000000e+07 1.000000000000000000e+00 6.500000000000000000e+01 1.016682625519142312e+04 6.877906527119140264e+03 3.373710000000000036e+03 0.000000000000000000e+00 1.039158252146173078e+00 9.199999999999999845e-02
2.983882900000000000e+07 1.000000000000000000e+00 6.600000000000000000e+01 1.018029225519142165e+04 6.888572527119140432e+03 3.366980000000000473e+03 0.000000000000000000e+00 3.718522684554588675e+00 9.199999999999999845e-02
2.983882800000000000e+07 1.000000000000000000e+00 6.600000000000000000e+01 1.018320825519142090e+04 6.891794527119140184e+03 3.361880000000000109e+03 0.000000000000000000e+00 8.457336937016068035e+00 1.078999999999999915e+01
2.983882800000000000e+07 1.000000000000000000e+00 6.600000000000000000e+01 1.018320825519142090e+04 6.891794527119140184e+03 3.361880000000000109e+03 0.000000000000000000e+00 8.457336937016068035e+00 5.900009999999999977e+00
2.983882800000000000e+07 1.000000000000000000e+00 6.600000000000000000e+01 1.018320825519142090e+04 6.891794527119140184e+03 3.361880000000000109e+03 0.000000000000000000e+00 8.457336937016068035e+00 4.317870000000000097e+00
2.983882300000000000e+07 0.000000000000000000e+00 6.600000000000000000e+01 1.016234025519142233e+04 6.871405527119140061e+03 3.369069999999999709e+03 0.000000000000000000e+00 1.656264976121214483e+00 4.169999999999999818e-01
2.983882200000000000e+07 0.000000000000000000e+00 6.600000000000000000e+01 1.016234125519142253e+04 6.870217527119139959e+03 3.368430000000000291e+03 0.000000000000000000e+00 1.635883632454155912e+00 9.199999999999999845e-02
2.983746100000000000e+07 0.000000000000000000e+00 6.500000000000000000e+01 1.016486025519142277e+04 6.844234527119139784e+03 3.384729999999999563e+03 0.000000000000000000e+00 3.386425648907412267e+00 6.099999999999999867e-02
2.983746000000000000e+07 0.000000000000000000e+00 6.600000000000000000e+01 1.016125525519142138e+04 6.841860527119139988e+03 3.388760000000000218e+03 0.000000000000000000e+00 2.450529319370533532e+00 1.000000000000000000e+01
2.983746000000000000e+07 0.000000000000000000e+00 6.600000000000000000e+01 1.016125525519142138e+04 6.841860527119139988e+03 3.388760000000000218e+03 0.000000000000000000e+00 2.450529319370533532e+00 1.617539999999999950e-02
2.422885300000000000e+07 1.000000000000000000e+00 6.500000000000000000e+01 1.079207025519142189e+04 6.471253027119139915e+03 2.802399999999999636e+03 0.000000000000000000e+00 3.331707553215947026e+00 9.199999999999999845e-02
2.422884800000000000e+07 1.000000000000000000e+00 6.600000000000000000e+01 1.080311925519142096e+04 6.486145327119140347e+03 2.815949999999999818e+03 0.000000000000000000e+00 8.765334626119191341e+00 1.078999999999999915e+01
2.422884800000000000e+07 1.000000000000000000e+00 6.600000000000000000e+01 1.080478125519142122e+04 6.490958327119140449e+03 2.816800000000000182e+03 0.000000000000000000e+00 9.787223437368707479e+00 4.169999999999999818e-01
2.422884800000000000e+07 1.000000000000000000e+00 6.600000000000000000e+01 1.079779425519142205e+04 6.489976527119139973e+03 2.816539999999999964e+03 0.000000000000000000e+00 4.382838093851688654e+00 7.916319999999999801e+00
2.422884800000000000e+07 1.000000000000000000e+00 6.600000000000000000e+01 1.080311925519142096e+04 6.486145327119140347e+03 2.815949999999999818e+03 0.000000000000000000e+00 8.765334626119191341e+00 4.404110000000000191e+00
1.290555900000000000e+07 1.000000000000000000e+00 6.500000000000000000e+01 1.127298025519142175e+04 6.434499997119140062e+03 1.546950000000000728e+03 1.000000000000000000e+00 3.388790956032787793e-01 1.550000000000000000e+02
1.290547800000000000e+07 0.000000000000000000e+00 6.600000000000000000e+01 1.126816525519142306e+04 6.416714027119140155e+03 1.530119999999999891e+03 1.000000000000000000e+00 1.143809166433173319e+00 1.550000000000000000e+02
8.086119800000000000e+07 0.000000000000000000e+00 6.600000000000000000e+01 1.325647325519142214e+04 7.751340527119139551e+03 9.360340000000000146e+03 1.000000000000000000e+00 1.776581926838498804e+00 1.550000000000000000e+02
1.290556000000000000e+07 1.000000000000000000e+00 6.500000000000000000e+01 1.127412725519142259e+04 6.445045657119139833e+03 1.556230000000000473e+03 1.000000000000000000e+00 6.194151806135519411e-01 1.550000000000000000e+02
1.290547200000000000e+07 0.000000000000000000e+00 6.500000000000000000e+01 1.128700225519142259e+04 6.419581527119140446e+03 1.532739999999999782e+03 1.000000000000000000e+00 1.312770715589270276e+00 1.550000000000000000e+02
1.290546600000000000e+07 0.000000000000000000e+00 6.600000000000000000e+01 1.130625925519142220e+04 6.429738727119140094e+03 1.541210000000000036e+03 1.000000000000000000e+00 2.234428582754455661e+00 1.550000000000000000e+02
