8.074806200000000000e+07 1.000000000000000000e+00 6.500000000000000000e+01 1.022884453490437045e+04 7.231751114516119742e+03 9.452049999999999272e+03 0.000000000000000000e+00 9.408085079253005745e+00 6.099999999999999867e-02
8.074806400000000000e+07 1.000000000000000000e+00 6.500000000000000000e+01 1.021836253490437048e+04 7.235482614516119611e+03 9.468899999999999636e+03 0.000000000000000000e+00 7.492990964912300100e+00 9.199999999999999845e-02
8.074806400000000000e+07 1.000000000000000000e+00 6.500000000000000000e+01 1.021855753490437019e+04 7.235603314516119099e+03 9.468790000000000873e+03 0.000000000000000000e+00 7.591233626174349602e+00 2.400000000000000050e-02
8.074806100000000000e+07 1.000000000000000000e+00 6.600000000000000000e+01 1.020070753490436982e+04 7.227459114516119371e+03 9.461510000000000218e+03 0.000000000000000000e+00 1.926192972492388522e+00 2.400000000000000050e-02
8.074806100000000000e+07 1.000000000000000000e+00 6.600000000000000000e+01 1.020023753490437048e+04 7.228539014516119096e+03 9.462000000000000000e+03 0.000000000000000000e+00 3.169896326235602579e+00 5.000000000000000000e-01
8.074805700000000000e+07 1.000000000000000000e+00 6.500000000000000000e+01 1.020052553490437094e+04 7.224636614516119153e+03 9.454760000000000218e+03 0.000000000000000000e+00 1.464924530264168911e+00 4.169999999999999818e-01
8.074805400000000000e+07 1.000000000000000000e+00 6.600000000000000000e+01 1.020488653490436991e+04 7.222426014516119722e+03 9.446290000000000873e+03 0.000000000000000000e+00 2.590142350404347926e+00 6.099999999999999867e-02
8.074805400000000000e+07 1.000000000000000000e+00 6.600000000000000000e+01 1.020293153490437180e+04 7.222034214516119391e+03 9.446079999999999927e+03 0.000000000000000000e+00 1.706358445472590857e+00 2.400000000000000050e-02
8.074805300000000000e+07 1.000000000000000000e+00 6.600000000000000000e+01 1.019515453490436994e+04 7.222155914516119083e+03 9.446229999999999563e+03 0.000000000000000000e+00 2.882785041358648659e+00 4.169999999999999818e-01
8.074805300000000000e+07 1.000000000000000000e+00 6.600000000000000000e+01 1.019272653490437006e+04 7.227386214516119253e+03 9.443840000000000146e+03 0.000000000000000000e+00 8.405263424568060415e+00 9.199999999999999845e-02
8.074805300000000000e+07 1.000000000000000000e+00 6.600000000000000000e+01 1.019289853490437054e+04 7.227745514516119329e+03 9.443159999999999854e+03 0.000000000000000000e+00 8.783748456369179891e+00 4.169999999999999818e-01
8.074805300000000000e+07 1.000000000000000000e+00 6.600000000000000000e+01 1.019110653490437107e+04 7.227956014516119467e+03 9.442959999999999127e+03 0.000000000000000000e+00 9.777459312561232352e+00 6.099999999999999867e-02
8.074804900000000000e+07 1.000000000000000000e+00 6.500000000000000000e+01 1.019586453490437088e+04 7.215486814516119011e+03 9.443829999999999927e+03 0.000000000000000000e+00 4.049547444177479250e+00 2.400000000000000050e-02
8.074804900000000000e+07 0.000000000000000000e+00 6.500000000000000000e+01 1.019380353490437119e+04 7.213058214516119733e+03 9.445829999999999927e+03 0.000000000000000000e+00 2.875492209710671876e+00 6.099999999999999867e-02
8.074804800000000000e+07 0.000000000000000000e+00 6.500000000000000000e+01 1.018782653490437042e+04 7.208051914516119723e+03 9.444629999999999200e+03 0.000000000000000000e+00 2.886202029057246321e+00 4.169999999999999818e-01
8.074804800000000000e+07 0.000000000000000000e+00 6.500000000000000000e+01 1.018782653490437042e+04 7.208051914516119723e+03 9.444629999999999200e+03 0.000000000000000000e+00 2.886202029057246321e+00 7.127489999999999881e+00
6.944548200000000000e+07 1.000000000000000000e+00 6.500000000000000000e+01 9.776505534904370506e+03 8.033836914516119577e+03 8.039131999999999607e+03 1.000000000000000000e+00 7.547391928401477879e-01 9.500000000000000000e+01
6.063680300000000000e+07 1.000000000000000000e+00 6.500000000000000000e+01 9.831261534904369910e+03 7.877604914516119607e+03 7.200710000000000036e+03 1.000000000000000000e+00 7.376251194930196764e-01 9.500000000000000000e+01
