4.386904100000000000e+07 1.000000000000000000e+00 6.600000000000000000e+01 6.798065061880886788e+03 7.700584688785965227e+03 5.092029999999999745e+03 0.000000000000000000e+00 5.330175357537317637e+00 1.339000000000000057e+01
5.234833300000000000e+07 1.000000000000000000e+00 6.600000000000000000e+01 6.807976061880886846e+03 7.096264688785964609e+03 6.070659999999999854e+03 0.000000000000000000e+00 5.714206640756616551e+00 1.339000000000000057e+01
5.800863300000000000e+07 1.000000000000000000e+00 6.600000000000000000e+01 6.845810061880886678e+03 6.298334688785964318e+03 6.827081000000000131e+03 0.000000000000000000e+00 1.394311802397739219e+00 1.339000000000000057e+01
5.800855200000000000e+07 1.000000000000000000e+00 6.600000000000000000e+01 6.807331061880887319e+03 6.329094688785964536e+03 6.823951000000000022e+03 0.000000000000000000e+00 8.256951697015866287e+00 1.078999999999999915e+01
4.888215700000000000e+07 1.000000000000000000e+00 6.600000000000000000e+01 5.022792061880886649e+03 8.742710688785966340e+03 5.703550000000000182e+03 0.000000000000000000e+00 9.274500465900992197e+00 1.339000000000000057e+01
4.888215400000000000e+07 1.000000000000000000e+00 6.600000000000000000e+01 4.997302061880886868e+03 8.738039688785964245e+03 5.679550000000000182e+03 0.000000000000000000e+00 2.191791063265112527e+00 1.605000000000000071e+01
4.092545600000000000e+07 0.000000000000000000e+00 6.500000000000000000e+01 4.507782061880887341e+03 8.283963688785965132e+03 4.801280000000000655e+03 0.000000000000000000e+00 5.360262989331442185e+00 1.078999999999999915e+01
4.092566600000000000e+07 1.000000000000000000e+00 6.600000000000000000e+01 4.438662061880887450e+03 8.221383688785965205e+03 4.683329999999999927e+03 0.000000000000000000e+00 7.506266949856726711e+00 1.078999999999999915e+01
3.825718600000000000e+07 1.000000000000000000e+00 6.600000000000000000e+01 4.248732061880887159e+03 8.084238688785964769e+03 4.422159999999999854e+03 0.000000000000000000e+00 8.102496232720236335e+00 1.339000000000000057e+01
3.269730300000000000e+07 1.000000000000000000e+00 6.500000000000000000e+01 3.722102061880887049e+03 7.912934688785964681e+03 3.816530000000000200e+03 0.000000000000000000e+00 5.882820497297857720e+00 1.605000000000000071e+01
3.825718600000000000e+07 1.000000000000000000e+00 6.600000000000000000e+01 4.248732061880887159e+03 8.084238688785964769e+03 4.422159999999999854e+03 0.000000000000000000e+00 8.102496232720236335e+00 5.848889999999999922e+00
4.092566200000000000e+07 1.000000000000000000e+00 6.500000000000000000e+01 4.442952061880886504e+03 8.217837688785964929e+03 4.679619999999999891e+03 0.000000000000000000e+00 7.790607992248731684e+00 1.078999999999999915e+01
4.092566200000000000e+07 1.000000000000000000e+00 6.500000000000000000e+01 4.442952061880886504e+03 8.217837688785964929e+03 4.679619999999999891e+03 0.000000000000000000e+00 7.790607992248731684e+00 3.093679999999999986e+00
4.092545600000000000e+07 0.000000000000000000e+00 6.500000000000000000e+01 4.507782061880887341e+03 8.283963688785965132e+03 4.801280000000000655e+03 0.000000000000000000e+00 5.360262989331442185e+00 5.943240000000000300e+00
4.092545200000000000e+07 1.000000000000000000e+00 6.500000000000000000e+01 4.509152061880887231e+03 8.287726688785965962e+03 4.826489999999999782e+03 0.000000000000000000e+00 7.124384761498426144e+00 9.199999999999999845e-02
4.092545100000000000e+07 1.000000000000000000e+00 6.500000000000000000e+01 4.501542061880886649e+03 8.285223688785965351e+03 4.825049999999999272e+03 0.000000000000000000e+00 2.963249552318657276e+00 6.099999999999999867e-02
4.092642100000000000e+07 1.000000000000000000e+00 6.600000000000000000e+01 4.499562061880887086e+03 8.280934688785964681e+03 4.833100000000000364e+03 0.000000000000000000e+00 2.987545801488324937e+00 1.078999999999999915e+01
4.092642400000000000e+07 1.000000000000000000e+00 6.500000000000000000e+01 4.500192061880886286e+03 8.292788688785964041e+03 4.835219999999999345e+03 0.000000000000000000e+00 8.605960221953665723e+00 9.199999999999999845e-02
4.092642400000000000e+07 1.000000000000000000e+00 6.500000000000000000e+01 4.499892061880887013e+03 8.293500688785965394e+03 4.833940000000000509e+03 0.000000000000000000e+00 9.836824885488029580e+00 2.400000000000000050e-02
4.092642400000000000e+07 1.000000000000000000e+00 6.500000000000000000e+01 4.498422061880887668e+03 8.293591688785963925e+03 4.834699999999999818e+03 0.000000000000000000e+00 8.653958276823328077e+00 1.078999999999999915e+01
4.092642400000000000e+07 1.000000000000000000e+00 6.500000000000000000e+01 4.498422061880887668e+03 8.293591688785963925e+03 4.834699999999999818e+03 0.000000000000000000e+00 8.653958276823328077e+00 2.146110000000000184e+00
4.092642400000000000e+07 1.000000000000000000e+00 6.500000000000000000e+01 4.498422061880887668e+03 8.293591688785963925e+03 4.834699999999999818e+03 0.000000000000000000e+00 8.653958276823328077e+00 7.031209999999999960e-01
4.092642100000000000e+07 1.000000000000000000e+00 6.600000000000000000e+01 4.499562061880887086e+03 8.280934688785964681e+03 4.833100000000000364e+03 0.000000000000000000e+00 2.987545801488324937e+00 7.493710000000000093e-01
4.092815800000000000e+07 1.000000000000000000e+00 6.500000000000000000e+01 4.536632061880886795e+03 8.311709688785966136e+03 4.838340000000000146e+03 0.000000000000000000e+00 9.618763446101514347e+00 2.400000000000000050e-02
4.092653000000000000e+07 1.000000000000000000e+00 6.600000000000000000e+01 4.535732061880887159e+03 8.302839688785965336e+03 4.825390000000000327e+03 0.000000000000000000e+00 9.802068847696110865e+00 9.199999999999999845e-02
4.092545500000000000e+07 1.000000000000000000e+00 6.600000000000000000e+01 4.511262061880887813e+03 8.270766688785965016e+03 4.820680000000000291e+03 0.000000000000000000e+00 7.574969312559312051e+00 9.199999999999999845e-02
4.092545200000000000e+07 1.000000000000000000e+00 6.500000000000000000e+01 4.512122061880886577e+03 8.286964688785965336e+03 4.820319999999999709e+03 0.000000000000000000e+00 7.988018834011798575e+00 9.199999999999999845e-02
4.092545200000000000e+07 1.000000000000000000e+00 6.500000000000000000e+01 4.513852061880886140e+03 8.288252688785963983e+03 4.819800000000000182e+03 0.000000000000000000e+00 9.471531877845103864e+00 2.400000000000000050e-02
4.092660600000000000e+07 1.000000000000000000e+00 6.500000000000000000e+01 4.528772061880887122e+03 8.306715688785963721e+03 4.800430000000000291e+03 0.000000000000000000e+00 1.320557221341112086e+00 6.099999999999999867e-02
4.092660600000000000e+07 0.000000000000000000e+00 6.500000000000000000e+01 4.527022061880887122e+03 8.302536688785965453e+03 4.800739999999999782e+03 0.000000000000000000e+00 1.027827962902336578e+00 6.099999999999999867e-02
4.092660500000000000e+07 1.000000000000000000e+00 6.500000000000000000e+01 4.517332061880886613e+03 8.302937688785965292e+03 4.805529999999999745e+03 0.000000000000000000e+00 4.641700175740406387e+00 9.199999999999999845e-02
4.092660500000000000e+07 1.000000000000000000e+00 6.500000000000000000e+01 4.516682061880886977e+03 8.305276688785965234e+03 4.804949999999999818e+03 0.000000000000000000e+00 5.208487658282978217e+00 9.199999999999999845e-02
4.092815300000000000e+07 1.000000000000000000e+00 6.500000000000000000e+01 4.522352061880887049e+03 8.320894688785963808e+03 4.807939999999999600e+03 0.000000000000000000e+00 3.034101305287983052e+00 4.169999999999999818e-01
4.092815200000000000e+07 1.000000000000000000e+00 6.500000000000000000e+01 4.526182061880886977e+03 8.319322688785965511e+03 4.809119999999999891e+03 0.000000000000000000e+00 2.402329728890100213e+00 2.400000000000000050e-02
4.092815100000000000e+07 1.000000000000000000e+00 6.500000000000000000e+01 4.529702061880886504e+03 8.305798688785966078e+03 4.806469999999999345e+03 0.000000000000000000e+00 3.456007287816898366e+00 4.169999999999999818e-01
4.092660700000000000e+07 0.000000000000000000e+00 6.500000000000000000e+01 4.529832061880887522e+03 8.304765688785964812e+03 4.805600000000000364e+03 0.000000000000000000e+00 3.108352940920935392e+00 9.199999999999999845e-02
4.092660700000000000e+07 1.000000000000000000e+00 6.600000000000000000e+01 4.528452061880886504e+03 8.293887688785966020e+03 4.808069999999999709e+03 0.000000000000000000e+00 3.875517180471602430e+00 9.199999999999999845e-02
4.092660800000000000e+07 1.000000000000000000e+00 6.600000000000000000e+01 4.535232061880887159e+03 8.300155688785966049e+03 4.811010000000000218e+03 0.000000000000000000e+00 1.084184575074892409e+00 5.000000000000000000e-01
4.092661100000000000e+07 1.000000000000000000e+00 6.500000000000000000e+01 4.541092061880886831e+03 8.300000688785965394e+03 4.811710000000000036e+03 0.000000000000000000e+00 3.324577356772876247e+00 2.400000000000000050e-02
4.092661000000000000e+07 0.000000000000000000e+00 6.500000000000000000e+01 4.539592061880887741e+03 8.303912688785963837e+03 4.809479999999999563e+03 0.000000000000000000e+00 2.460739529397810266e+00 2.400000000000000050e-02
4.092661000000000000e+07 0.000000000000000000e+00 6.600000000000000000e+01 4.539512061880886904e+03 8.306415688785964448e+03 4.809789999999999964e+03 0.000000000000000000e+00 2.284062687528141566e+00 9.199999999999999845e-02
4.092661000000000000e+07 0.000000000000000000e+00 6.600000000000000000e+01 4.540862061880887268e+03 8.308429688785965482e+03 4.808389999999999418e+03 0.000000000000000000e+00 1.847140592181103935e+00 9.199999999999999845e-02
4.092661200000000000e+07 1.000000000000000000e+00 6.500000000000000000e+01 4.548172061880887668e+03 8.298151688785965234e+03 4.816479999999999563e+03 0.000000000000000000e+00 3.983796535266624694e+00 9.199999999999999845e-02
4.092653200000000000e+07 1.000000000000000000e+00 6.600000000000000000e+01 4.548832061880886613e+03 8.296194688785964900e+03 4.818050000000000182e+03 0.000000000000000000e+00 2.274155680988851014e+00 9.199999999999999845e-02
4.092653200000000000e+07 1.000000000000000000e+00 6.600000000000000000e+01 4.552612061880887268e+03 8.296201688785964507e+03 4.817940000000000509e+03 0.000000000000000000e+00 1.899349658141301633e+00 4.169999999999999818e-01
4.092661200000000000e+07 1.000000000000000000e+00 6.500000000000000000e+01 4.551482061880887159e+03 8.298966688785963925e+03 4.816760000000000218e+03 0.000000000000000000e+00 3.208553483260510042e+00 2.400000000000000050e-02
4.092661200000000000e+07 1.000000000000000000e+00 6.500000000000000000e+01 4.552402061880887231e+03 8.299800688785964667e+03 4.816549999999999272e+03 0.000000000000000000e+00 3.053220367212169162e+00 9.199999999999999845e-02
4.092661200000000000e+07 1.000000000000000000e+00 6.500000000000000000e+01 4.554372061880887486e+03 8.300590688785965540e+03 4.817489999999999782e+03 0.000000000000000000e+00 4.662205991081772360e+00 4.169999999999999818e-01
4.092653200000000000e+07 1.000000000000000000e+00 6.600000000000000000e+01 4.554562061880887086e+03 8.299990688785965176e+03 4.819840000000000146e+03 0.000000000000000000e+00 4.819776791889697876e+00 6.099999999999999867e-02
4.092653200000000000e+07 1.000000000000000000e+00 6.600000000000000000e+01 4.554582061880886613e+03 8.301454688785965118e+03 4.821329999999999927e+03 0.000000000000000000e+00 5.157662950612724728e+00 4.169999999999999818e-01
4.092653200000000000e+07 1.000000000000000000e+00 6.600000000000000000e+01 4.554582061880886613e+03 8.301454688785965118e+03 4.821329999999999927e+03 0.000000000000000000e+00 5.157662950612724728e+00 7.264429999999999943e+00
4.092815400000000000e+07 1.000000000000000000e+00 6.600000000000000000e+01 4.534562061880887086e+03 8.308936688785965089e+03 4.819100000000000364e+03 0.000000000000000000e+00 3.669432849138093644e+00 9.199999999999999845e-02
4.092815600000000000e+07 1.000000000000000000e+00 6.600000000000000000e+01 4.519252061880887595e+03 8.305386688785965816e+03 4.820260000000000218e+03 0.000000000000000000e+00 8.265993937608326902e+00 2.400000000000000050e-02
4.092815600000000000e+07 1.000000000000000000e+00 6.600000000000000000e+01 4.519572061880887304e+03 8.307044688785965263e+03 4.818559999999999491e+03 0.000000000000000000e+00 6.100304639907940363e+00 2.400000000000000050e-02
4.888215400000000000e+07 1.000000000000000000e+00 6.600000000000000000e+01 4.996932061880886977e+03 8.737635688785965613e+03 5.679270000000000437e+03 0.000000000000000000e+00 2.195329618552584350e+00 1.078999999999999915e+01
4.888215400000000000e+07 1.000000000000000000e+00 6.600000000000000000e+01 4.996332061880887522e+03 8.737273688785964623e+03 5.679000000000000000e+03 0.000000000000000000e+00 2.582882962115536696e+00 6.099999999999999867e-02
4.888215500000000000e+07 1.000000000000000000e+00 6.600000000000000000e+01 4.999292061880886649e+03 8.738751688785963779e+03 5.684659999999999854e+03 0.000000000000000000e+00 3.121416527800653817e+00 1.339000000000000057e+01
4.888215300000000000e+07 1.000000000000000000e+00 6.500000000000000000e+01 5.014022061880887122e+03 8.734867688785965584e+03 5.687970000000000255e+03 0.000000000000000000e+00 1.880554170402330305e+00 4.169999999999999818e-01
4.888087900000000000e+07 1.000000000000000000e+00 6.500000000000000000e+01 4.998352061880887049e+03 8.748349688785965554e+03 5.678829999999999927e+03 0.000000000000000000e+00 4.072686576823490334e+00 6.099999999999999867e-02
4.888087900000000000e+07 1.000000000000000000e+00 6.500000000000000000e+01 4.998262061880886904e+03 8.749622688785964783e+03 5.679289999999999964e+03 0.000000000000000000e+00 4.411157519693303719e+00 1.078999999999999915e+01
4.888087900000000000e+07 1.000000000000000000e+00 6.500000000000000000e+01 4.998262061880886904e+03 8.749622688785964783e+03 5.679289999999999964e+03 0.000000000000000000e+00 4.411157519693303719e+00 2.921499999999999986e+00
4.888087900000000000e+07 1.000000000000000000e+00 6.500000000000000000e+01 4.998262061880886904e+03 8.749622688785964783e+03 5.679289999999999964e+03 0.000000000000000000e+00 4.411157519693303719e+00 2.411190000000000000e-01
4.888215500000000000e+07 1.000000000000000000e+00 6.600000000000000000e+01 4.999292061880886649e+03 8.738751688785963779e+03 5.684659999999999854e+03 0.000000000000000000e+00 3.121416527800653817e+00 2.880240000000000133e+00
4.888215400000000000e+07 1.000000000000000000e+00 6.600000000000000000e+01 4.996932061880886977e+03 8.737635688785965613e+03 5.679270000000000437e+03 0.000000000000000000e+00 2.195329618552584350e+00 3.628730000000000011e+00
4.888224000000000000e+07 1.000000000000000000e+00 6.600000000000000000e+01 5.018112061880887268e+03 8.750173688785966078e+03 5.706300000000000182e+03 0.000000000000000000e+00 4.286486076890162700e+00 9.199999999999999845e-02
4.888223500000000000e+07 1.000000000000000000e+00 6.500000000000000000e+01 5.020582061880887522e+03 8.752386688785965816e+03 5.706029999999999745e+03 0.000000000000000000e+00 3.405572558411558592e+00 9.199999999999999845e-02
4.888223500000000000e+07 0.000000000000000000e+00 6.500000000000000000e+01 5.021142061880887013e+03 8.761573688785963895e+03 5.705579999999999927e+03 0.000000000000000000e+00 1.777480458831441457e+00 2.400000000000000050e-02
4.888223400000000000e+07 0.000000000000000000e+00 6.500000000000000000e+01 5.021662061880887450e+03 8.766967688785964128e+03 5.702110000000000582e+03 0.000000000000000000e+00 1.274998131342564456e+00 6.099999999999999867e-02
4.888223300000000000e+07 0.000000000000000000e+00 6.600000000000000000e+01 5.019842061880886831e+03 8.770379688785964390e+03 5.700220000000000255e+03 0.000000000000000000e+00 4.978578371730824625e-01 6.099999999999999867e-02
4.888223500000000000e+07 1.000000000000000000e+00 6.600000000000000000e+01 5.014772061880887122e+03 8.774801688785964870e+03 5.706979999999999563e+03 0.000000000000000000e+00 3.143402433605563928e+00 9.199999999999999845e-02
4.888222900000000000e+07 1.000000000000000000e+00 6.500000000000000000e+01 5.017862061880886358e+03 8.781995688785966195e+03 5.686260000000000218e+03 0.000000000000000000e+00 5.736855840373844551e+00 2.400000000000000050e-02
4.888222900000000000e+07 1.000000000000000000e+00 6.500000000000000000e+01 5.019382061880886795e+03 8.777186688785965089e+03 5.685310000000000400e+03 0.000000000000000000e+00 3.909652444139014804e+00 9.199999999999999845e-02
4.888096400000000000e+07 1.000000000000000000e+00 6.600000000000000000e+01 5.018172061880887668e+03 8.776141688785965016e+03 5.680739999999999782e+03 0.000000000000000000e+00 3.256814321058947304e+00 2.400000000000000050e-02
4.888096400000000000e+07 1.000000000000000000e+00 6.600000000000000000e+01 5.018172061880887668e+03 8.776141688785965016e+03 5.680739999999999782e+03 0.000000000000000000e+00 3.256814321058947304e+00 7.388530000000000264e+00
4.888277200000000000e+07 1.000000000000000000e+00 6.600000000000000000e+01 5.169202061880887413e+03 8.491577688785964710e+03 5.886949999999999818e+03 0.000000000000000000e+00 8.840342341034306273e+00 2.400000000000000050e-02
4.888277300000000000e+07 1.000000000000000000e+00 6.600000000000000000e+01 5.162372061880886577e+03 8.497797688785965875e+03 5.882579999999999927e+03 0.000000000000000000e+00 2.469338387748781560e+00 9.199999999999999845e-02
4.888277300000000000e+07 1.000000000000000000e+00 6.600000000000000000e+01 5.167422061880886758e+03 8.499303688785965278e+03 5.878880000000000109e+03 0.000000000000000000e+00 7.045663874255267523e+00 4.169999999999999818e-01
4.888277300000000000e+07 1.000000000000000000e+00 6.600000000000000000e+01 5.164062061880887086e+03 8.501536688785965453e+03 5.877869999999999891e+03 0.000000000000000000e+00 4.121779725743329514e+00 9.199999999999999845e-02
4.888277400000000000e+07 1.000000000000000000e+00 6.600000000000000000e+01 5.157952061880886504e+03 8.502377688785963983e+03 5.870210000000000036e+03 0.000000000000000000e+00 7.810037866527250294e+00 9.199999999999999845e-02
4.888366000000000000e+07 1.000000000000000000e+00 6.500000000000000000e+01 5.149622061880886577e+03 8.512243688785965787e+03 5.869199999999999818e+03 0.000000000000000000e+00 2.341708746876471015e+00 9.199999999999999845e-02
4.888366000000000000e+07 1.000000000000000000e+00 6.500000000000000000e+01 5.149622061880886577e+03 8.512243688785965787e+03 5.869199999999999818e+03 0.000000000000000000e+00 2.341708746876471015e+00 7.349380000000000024e+00
4.888393900000000000e+07 1.000000000000000000e+00 6.500000000000000000e+01 5.289112061880887268e+03 8.442533688785964841e+03 5.842000000000000000e+03 0.000000000000000000e+00 9.843239427685118059e+00 4.169999999999999818e-01
4.888474300000000000e+07 1.000000000000000000e+00 6.600000000000000000e+01 5.274592061880886831e+03 8.430299688785966282e+03 5.849220000000000255e+03 0.000000000000000000e+00 7.051773560553990627e+00 9.199999999999999845e-02
4.888474300000000000e+07 1.000000000000000000e+00 6.600000000000000000e+01 5.270712061880886722e+03 8.425959688785966136e+03 5.847100000000000364e+03 0.000000000000000000e+00 5.094222560063174754e+00 2.400000000000000050e-02
4.888474300000000000e+07 1.000000000000000000e+00 6.600000000000000000e+01 5.270612061880887268e+03 8.425954688785965118e+03 5.847110000000000582e+03 0.000000000000000000e+00 5.033071848029578632e+00 4.169999999999999818e-01
4.888473800000000000e+07 1.000000000000000000e+00 6.500000000000000000e+01 5.273642061880887013e+03 8.420598688785965351e+03 5.838510000000000218e+03 0.000000000000000000e+00 5.853264293016709807e+00 6.099999999999999867e-02
4.888473800000000000e+07 1.000000000000000000e+00 6.500000000000000000e+01 5.269842061880886831e+03 8.418968688785964332e+03 5.838130000000000109e+03 0.000000000000000000e+00 2.098253832812523978e+00 9.199999999999999845e-02
4.888473900000000000e+07 1.000000000000000000e+00 6.500000000000000000e+01 5.265862061880887268e+03 8.420552688785965074e+03 5.844159999999999854e+03 0.000000000000000000e+00 3.149004953849559918e+00 6.099999999999999867e-02
4.888473900000000000e+07 1.000000000000000000e+00 6.500000000000000000e+01 5.267952061880886504e+03 8.419348688785965351e+03 5.844659999999999854e+03 0.000000000000000000e+00 8.295009734023646164e-01 9.199999999999999845e-02
4.888474200000000000e+07 0.000000000000000000e+00 6.600000000000000000e+01 5.258922061880886758e+03 8.423110688785964157e+03 5.846390000000000327e+03 0.000000000000000000e+00 1.034075428183117928e+00 4.169999999999999818e-01
4.888474200000000000e+07 0.000000000000000000e+00 6.600000000000000000e+01 5.258922061880886758e+03 8.423110688785964157e+03 5.846390000000000327e+03 0.000000000000000000e+00 1.034075428183117928e+00 7.329130000000000145e+00
5.795306100000000000e+07 0.000000000000000000e+00 6.500000000000000000e+01 6.541043061880886853e+03 6.540384688785965409e+03 6.784097999999999956e+03 0.000000000000000000e+00 4.560813437691423999e+00 2.400000000000000050e-02
5.795314200000000000e+07 1.000000000000000000e+00 6.600000000000000000e+01 6.543985061880886860e+03 6.536284688785965045e+03 6.789759000000000015e+03 0.000000000000000000e+00 1.595881593570652512e+00 6.099999999999999867e-02
5.795314200000000000e+07 1.000000000000000000e+00 6.600000000000000000e+01 6.543902061880887231e+03 6.536414688785965154e+03 6.790487000000000080e+03 0.000000000000000000e+00 1.419986128734298303e+00 4.169999999999999818e-01
5.795313900000000000e+07 1.000000000000000000e+00 6.600000000000000000e+01 6.544018061880887217e+03 6.529994688785965081e+03 6.804546999999999571e+03 0.000000000000000000e+00 9.467942969467455505e-01 6.099999999999999867e-02
5.795314100000000000e+07 0.000000000000000000e+00 6.500000000000000000e+01 6.540041061880887355e+03 6.532474688785965554e+03 6.800466000000000349e+03 0.000000000000000000e+00 1.703062885056650266e+00 9.199999999999999845e-02
5.795314200000000000e+07 0.000000000000000000e+00 6.600000000000000000e+01 6.536715061880887333e+03 6.535954688785965118e+03 6.795686999999999898e+03 0.000000000000000000e+00 1.375674244086458886e+00 2.400000000000000050e-02
5.795314200000000000e+07 1.000000000000000000e+00 6.600000000000000000e+01 6.540384061880887202e+03 6.535624688785965191e+03 6.793971999999999753e+03 0.000000000000000000e+00 1.407020508759256661e+00 2.400000000000000050e-02
5.795314300000000000e+07 1.000000000000000000e+00 6.500000000000000000e+01 6.543729061880886547e+03 6.525664688785965154e+03 6.796884000000000015e+03 0.000000000000000000e+00 2.750618022287901532e+00 9.199999999999999845e-02
5.795296800000000000e+07 1.000000000000000000e+00 6.600000000000000000e+01 6.558700061880887006e+03 6.515844688785964536e+03 6.802628999999999905e+03 0.000000000000000000e+00 1.385370063020467279e+00 2.400000000000000050e-02
5.795279600000000000e+07 1.000000000000000000e+00 6.500000000000000000e+01 6.570225061880886642e+03 6.516454688785965118e+03 6.800814000000000306e+03 0.000000000000000000e+00 2.034206953000844198e+00 2.400000000000000050e-02
5.795279700000000000e+07 0.000000000000000000e+00 6.500000000000000000e+01 6.568294061880887057e+03 6.515684688785964681e+03 6.806993999999999687e+03 0.000000000000000000e+00 6.424588253612504296e-01 6.099999999999999867e-02
5.795279700000000000e+07 0.000000000000000000e+00 6.500000000000000000e+01 6.567747061880886577e+03 6.516234688785964863e+03 6.807824999999999818e+03 0.000000000000000000e+00 1.219657764210098083e+00 8.349999999999999645e-01
5.795279900000000000e+07 0.000000000000000000e+00 6.500000000000000000e+01 6.563574061880886802e+03 6.520604688785964754e+03 6.812613000000000284e+03 0.000000000000000000e+00 1.249112520592449593e+00 2.400000000000000050e-02
5.795279900000000000e+07 0.000000000000000000e+00 6.500000000000000000e+01 6.563493061880886671e+03 6.520644688785965627e+03 6.812729000000000269e+03 0.000000000000000000e+00 1.156882953142844617e+00 4.600000000000000200e-01
5.795279900000000000e+07 0.000000000000000000e+00 6.500000000000000000e+01 6.563493061880886671e+03 6.520644688785965627e+03 6.812729000000000269e+03 0.000000000000000000e+00 1.156882953142844617e+00 7.088079999999999714e+00
5.795305900000000000e+07 1.000000000000000000e+00 6.600000000000000000e+01 6.553097061880886940e+03 6.552194688785964900e+03 6.780779999999999745e+03 0.000000000000000000e+00 7.466084942787379219e+00 9.199999999999999845e-02
5.795305300000000000e+07 1.000000000000000000e+00 6.500000000000000000e+01 6.556158061880886635e+03 6.558434688785964681e+03 6.773557999999999993e+03 0.000000000000000000e+00 9.698686790734804219e+00 1.078999999999999915e+01
5.795305300000000000e+07 1.000000000000000000e+00 6.500000000000000000e+01 6.556158061880886635e+03 6.558434688785964681e+03 6.773557999999999993e+03 0.000000000000000000e+00 9.698686790734804219e+00 2.621789999999999843e+00
5.800855200000000000e+07 1.000000000000000000e+00 6.600000000000000000e+01 6.807331061880887319e+03 6.329094688785964536e+03 6.823951000000000022e+03 0.000000000000000000e+00 8.256951697015866287e+00 4.581900000000000084e+00
5.800863400000000000e+07 1.000000000000000000e+00 6.600000000000000000e+01 6.848420061880887260e+03 6.289104688785964754e+03 6.829177999999999884e+03 0.000000000000000000e+00 6.846254983427702889e+00 1.078999999999999915e+01
5.800862900000000000e+07 1.000000000000000000e+00 6.500000000000000000e+01 6.848686061880886882e+03 6.284044688785965263e+03 6.830233000000000175e+03 0.000000000000000000e+00 7.515072841864097519e+00 1.078999999999999915e+01
5.800946800000000000e+07 1.000000000000000000e+00 6.600000000000000000e+01 6.832196061880887100e+03 6.287114688785964972e+03 6.828409999999999854e+03 0.000000000000000000e+00 3.881297105083788779e+00 6.099999999999999867e-02
5.800863100000000000e+07 0.000000000000000000e+00 6.600000000000000000e+01 6.846427061880886868e+03 6.299084688785965227e+03 6.835512999999999920e+03 0.000000000000000000e+00 1.991156699866496682e+00 2.400000000000000050e-02
5.800863000000000000e+07 1.000000000000000000e+00 6.600000000000000000e+01 6.859812061880887086e+03 6.307274688785964827e+03 6.841728000000000065e+03 0.000000000000000000e+00 7.880394043626663958e+00 1.078999999999999915e+01
5.800863000000000000e+07 1.000000000000000000e+00 6.600000000000000000e+01 6.859812061880887086e+03 6.307274688785964827e+03 6.841728000000000065e+03 0.000000000000000000e+00 7.880394043626663958e+00 3.124709999999999877e+00
5.800863000000000000e+07 1.000000000000000000e+00 6.600000000000000000e+01 6.859812061880887086e+03 6.307274688785964827e+03 6.841728000000000065e+03 0.000000000000000000e+00 7.880394043626663958e+00 2.719469999999999832e+00
5.800862900000000000e+07 1.000000000000000000e+00 6.500000000000000000e+01 6.848686061880886882e+03 6.284044688785965263e+03 6.830233000000000175e+03 0.000000000000000000e+00 7.515072841864097519e+00 1.332200000000000051e+00
5.800863100000000000e+07 1.000000000000000000e+00 6.600000000000000000e+01 6.851491061880887173e+03 6.301814688785964790e+03 6.836065999999999804e+03 0.000000000000000000e+00 1.350405245525304831e+00 2.400000000000000050e-02
5.800863300000000000e+07 0.000000000000000000e+00 6.600000000000000000e+01 6.852968061880887035e+03 6.290494688785965081e+03 6.827788999999999760e+03 0.000000000000000000e+00 4.767747869811436168e+00 1.078999999999999915e+01
5.800863300000000000e+07 0.000000000000000000e+00 6.600000000000000000e+01 6.852968061880887035e+03 6.290494688785965081e+03 6.827788999999999760e+03 0.000000000000000000e+00 4.767747869811436168e+00 4.892439999999999678e+00
5.800863300000000000e+07 0.000000000000000000e+00 6.600000000000000000e+01 6.852968061880887035e+03 6.290494688785965081e+03 6.827788999999999760e+03 0.000000000000000000e+00 4.767747869811436168e+00 1.995030000000000137e-01
5.234744200000000000e+07 1.000000000000000000e+00 6.600000000000000000e+01 6.822843061880887035e+03 7.060724688785965554e+03 6.145529999999999745e+03 0.000000000000000000e+00 7.646559976353857202e+00 6.099999999999999867e-02
5.234744200000000000e+07 1.000000000000000000e+00 6.600000000000000000e+01 6.827354061880886547e+03 7.064584688785965227e+03 6.147699999999999818e+03 0.000000000000000000e+00 4.870414408946586171e+00 1.078999999999999915e+01
5.234744200000000000e+07 1.000000000000000000e+00 6.600000000000000000e+01 6.827354061880886547e+03 7.064584688785965227e+03 6.147699999999999818e+03 0.000000000000000000e+00 4.870414408946586171e+00 6.256090000000000373e+00
5.234744200000000000e+07 1.000000000000000000e+00 6.600000000000000000e+01 6.827354061880886547e+03 7.064584688785965227e+03 6.147699999999999818e+03 0.000000000000000000e+00 4.870414408946586171e+00 2.959940000000000015e+00
5.234743900000000000e+07 1.000000000000000000e+00 6.500000000000000000e+01 6.827220061880887442e+03 7.075544688785965263e+03 6.171680000000000291e+03 0.000000000000000000e+00 8.136615352606842322e+00 6.099999999999999867e-02
5.234743900000000000e+07 1.000000000000000000e+00 6.500000000000000000e+01 6.826807061880886977e+03 7.076324688785965009e+03 6.171079999999999927e+03 0.000000000000000000e+00 8.659975449663182445e+00 9.199999999999999845e-02
5.234743900000000000e+07 1.000000000000000000e+00 6.500000000000000000e+01 6.826478061880887253e+03 7.075634688785965409e+03 6.173060000000000400e+03 0.000000000000000000e+00 9.351664319602184250e+00 4.169999999999999818e-01
5.234743900000000000e+07 1.000000000000000000e+00 6.500000000000000000e+01 6.828290061880887151e+03 7.075004688785965300e+03 6.175050000000000182e+03 0.000000000000000000e+00 9.408437805105524632e+00 6.099999999999999867e-02
5.234752200000000000e+07 1.000000000000000000e+00 6.600000000000000000e+01 6.847315061880886788e+03 7.084034688785965045e+03 6.185090000000000146e+03 0.000000000000000000e+00 1.718845667319734982e+00 4.169999999999999818e-01
5.234752100000000000e+07 1.000000000000000000e+00 6.600000000000000000e+01 6.849207061880886613e+03 7.080224688785965554e+03 6.186579999999999927e+03 0.000000000000000000e+00 3.844367254721647420e+00 9.199999999999999845e-02
5.234752100000000000e+07 0.000000000000000000e+00 6.600000000000000000e+01 6.849931061880886773e+03 7.086264688785964609e+03 6.190699999999999818e+03 0.000000000000000000e+00 5.519339422818146268e+00 9.199999999999999845e-02
5.234752300000000000e+07 1.000000000000000000e+00 6.600000000000000000e+01 6.849584061880887020e+03 7.089194688785964900e+03 6.189380000000000109e+03 0.000000000000000000e+00 4.980336090448830966e+00 9.199999999999999845e-02
5.234752300000000000e+07 1.000000000000000000e+00 6.600000000000000000e+01 6.848017061880887013e+03 7.090514688785964609e+03 6.190360000000000582e+03 0.000000000000000000e+00 5.531387912095970805e+00 9.199999999999999845e-02
5.234752300000000000e+07 1.000000000000000000e+00 6.600000000000000000e+01 6.849791061880887355e+03 7.095694688785964900e+03 6.185199999999999818e+03 0.000000000000000000e+00 2.487269801743968056e+00 9.199999999999999845e-02
5.234833000000000000e+07 1.000000000000000000e+00 6.500000000000000000e+01 6.828636061880886700e+03 7.099764688785964609e+03 6.086420000000000073e+03 0.000000000000000000e+00 3.427379306419552574e+00 4.169999999999999818e-01
5.234833000000000000e+07 1.000000000000000000e+00 6.500000000000000000e+01 6.832680061880887479e+03 7.102484688785964863e+03 6.087760000000000218e+03 0.000000000000000000e+00 2.373748849043565645e+00 4.600000000000000200e-01
5.234832900000000000e+07 1.000000000000000000e+00 6.500000000000000000e+01 6.834031061880887137e+03 7.094454688785965118e+03 6.078860000000000582e+03 0.000000000000000000e+00 5.536926584076530489e+00 4.169999999999999818e-01
5.234832900000000000e+07 1.000000000000000000e+00 6.500000000000000000e+01 6.834031061880887137e+03 7.094454688785965118e+03 6.078860000000000582e+03 0.000000000000000000e+00 5.536926584076530489e+00 7.016610000000000014e+00
5.234833300000000000e+07 1.000000000000000000e+00 6.600000000000000000e+01 6.804863061880886562e+03 7.096144688785964718e+03 6.068170000000000073e+03 0.000000000000000000e+00 8.352426363613526306e+00 2.400000000000000050e-02
5.234833300000000000e+07 1.000000000000000000e+00 6.600000000000000000e+01 6.803933061880887180e+03 7.097894688785964718e+03 6.064949999999999818e+03 0.000000000000000000e+00 7.700878329629735397e+00 9.199999999999999845e-02
4.386904100000000000e+07 1.000000000000000000e+00 6.600000000000000000e+01 6.802694061880886693e+03 7.701774688785964827e+03 5.099469999999999345e+03 0.000000000000000000e+00 1.851770780972729069e+00 2.400000000000000050e-02
4.386914400000000000e+07 1.000000000000000000e+00 6.600000000000000000e+01 6.784729061880887457e+03 7.765644688785964718e+03 5.181600000000000364e+03 0.000000000000000000e+00 9.474439918385410664e+00 9.199999999999999845e-02
4.386914400000000000e+07 1.000000000000000000e+00 6.600000000000000000e+01 6.785402061880887231e+03 7.765994688785965081e+03 5.181329999999999927e+03 0.000000000000000000e+00 8.811362846288258055e+00 4.169999999999999818e-01
2.067694700000000000e+07 1.000000000000000000e+00 6.600000000000000000e+01 6.979248061880886780e+03 9.136492688785965584e+03 2.360920000000000073e+03 0.000000000000000000e+00 9.058086663454348653e+00 1.339000000000000057e+01
2.067575700000000000e+07 1.000000000000000000e+00 6.500000000000000000e+01 6.958794061880887057e+03 9.167113688785964769e+03 2.371009999999999309e+03 0.000000000000000000e+00 7.650439798401013292e+00 9.199999999999999845e-02
2.067575700000000000e+07 1.000000000000000000e+00 6.500000000000000000e+01 6.958309061880887384e+03 9.168375688785965394e+03 2.370920000000000073e+03 0.000000000000000000e+00 6.496144208703080736e+00 1.078999999999999915e+01
2.067575800000000000e+07 1.000000000000000000e+00 6.500000000000000000e+01 6.956209061880887020e+03 9.172888688785966224e+03 2.370589999999999236e+03 0.000000000000000000e+00 2.009233614154029901e+00 1.078999999999999915e+01
2.067575700000000000e+07 1.000000000000000000e+00 6.500000000000000000e+01 6.955077061880887413e+03 9.170893688785965423e+03 2.364329999999999927e+03 0.000000000000000000e+00 5.851821143309066997e+00 9.199999999999999845e-02
2.067575800000000000e+07 1.000000000000000000e+00 6.500000000000000000e+01 6.956209061880887020e+03 9.172888688785966224e+03 2.370589999999999236e+03 0.000000000000000000e+00 2.009233614154029901e+00 6.850500000000000256e+00
2.067576000000000000e+07 1.000000000000000000e+00 6.600000000000000000e+01 6.937593061880887035e+03 9.176594688785964536e+03 2.360300000000000182e+03 0.000000000000000000e+00 1.645281503013409141e+00 1.078999999999999915e+01
2.067576000000000000e+07 1.000000000000000000e+00 6.600000000000000000e+01 6.937593061880887035e+03 9.176594688785964536e+03 2.360300000000000182e+03 0.000000000000000000e+00 1.645281503013409141e+00 1.811150000000000038e+00
2.067576000000000000e+07 1.000000000000000000e+00 6.600000000000000000e+01 6.937593061880887035e+03 9.176594688785964536e+03 2.360300000000000182e+03 0.000000000000000000e+00 1.645281503013409141e+00 1.925580000000000069e-01
2.067575600000000000e+07 1.000000000000000000e+00 6.500000000000000000e+01 6.943659061880886838e+03 9.162545688785965467e+03 2.360769999999999527e+03 0.000000000000000000e+00 8.607686971107769480e+00 1.078999999999999915e+01
2.067575600000000000e+07 1.000000000000000000e+00 6.500000000000000000e+01 6.943659061880886838e+03 9.162545688785965467e+03 2.360769999999999527e+03 0.000000000000000000e+00 8.607686971107769480e+00 3.593589999999999840e+00
2.067575600000000000e+07 1.000000000000000000e+00 6.500000000000000000e+01 6.943659061880886838e+03 9.162545688785965467e+03 2.360769999999999527e+03 0.000000000000000000e+00 8.607686971107769480e+00 2.556200000000000028e+00
2.067695200000000000e+07 1.000000000000000000e+00 6.500000000000000000e+01 6.965753061880886889e+03 9.144474688785965554e+03 2.357929999999999382e+03 0.000000000000000000e+00 8.710838449714273679e+00 2.039999999999999869e-01
2.067695100000000000e+07 1.000000000000000000e+00 6.500000000000000000e+01 6.962951061880887210e+03 9.133728688785966369e+03 2.355680000000000291e+03 0.000000000000000000e+00 3.891612873397219285e+00 4.169999999999999818e-01
2.067695000000000000e+07 1.000000000000000000e+00 6.600000000000000000e+01 6.960044061880887057e+03 9.132406688785966253e+03 2.362720000000000255e+03 0.000000000000000000e+00 2.605254072890212935e+00 2.400000000000000050e-02
2.067694900000000000e+07 1.000000000000000000e+00 6.600000000000000000e+01 6.962707061880886613e+03 9.132252688785963983e+03 2.362660000000000764e+03 0.000000000000000000e+00 2.140447016951157799e+00 9.199999999999999845e-02
2.067694800000000000e+07 1.000000000000000000e+00 6.600000000000000000e+01 6.971504061880887093e+03 9.137555688785963866e+03 2.360860000000000582e+03 0.000000000000000000e+00 6.222997160931169169e+00 4.169999999999999818e-01
2.067694800000000000e+07 1.000000000000000000e+00 6.600000000000000000e+01 6.971504061880887093e+03 9.137555688785963866e+03 2.360860000000000582e+03 0.000000000000000000e+00 6.222997160931169169e+00 7.037759999999999572e+00
2.067576400000000000e+07 1.000000000000000000e+00 6.600000000000000000e+01 6.963931061880886773e+03 9.191228688785966369e+03 2.349370000000000800e+03 0.000000000000000000e+00 8.383156311194959187e+00 6.099999999999999867e-02
2.067576400000000000e+07 0.000000000000000000e+00 6.600000000000000000e+01 6.952534061880886838e+03 9.192239688785964972e+03 2.354730000000000473e+03 0.000000000000000000e+00 8.919761067959424139e-01 9.199999999999999845e-02
2.067576300000000000e+07 1.000000000000000000e+00 6.600000000000000000e+01 6.949787061880887450e+03 9.180872688785964783e+03 2.346439999999999600e+03 0.000000000000000000e+00 7.513877262741671892e+00 9.199999999999999845e-02
2.067576300000000000e+07 1.000000000000000000e+00 6.600000000000000000e+01 6.950323061880886598e+03 9.181580688785965322e+03 2.343180000000000291e+03 0.000000000000000000e+00 9.928740080028843451e+00 2.400000000000000050e-02
2.067694500000000000e+07 1.000000000000000000e+00 6.500000000000000000e+01 6.960475061880886642e+03 9.113052688785965074e+03 2.367439999999999600e+03 0.000000000000000000e+00 2.706426260293236297e+00 9.199999999999999845e-02
2.067694500000000000e+07 1.000000000000000000e+00 6.500000000000000000e+01 6.961481061880886955e+03 9.119036688785965453e+03 2.371590000000000146e+03 0.000000000000000000e+00 2.734515098446387960e+00 4.169999999999999818e-01
2.067694500000000000e+07 1.000000000000000000e+00 6.500000000000000000e+01 6.961481061880886955e+03 9.119036688785965453e+03 2.371590000000000146e+03 0.000000000000000000e+00 2.734515098446387960e+00 7.084349999999999703e+00
2.067694700000000000e+07 1.000000000000000000e+00 6.600000000000000000e+01 6.983487061880887268e+03 9.131060688785964885e+03 2.361029999999999745e+03 0.000000000000000000e+00 8.661487693121022957e+00 9.199999999999999845e-02
2.067694700000000000e+07 1.000000000000000000e+00 6.600000000000000000e+01 6.976352061880887049e+03 9.139057688785964274e+03 2.365810000000000400e+03 0.000000000000000000e+00 9.129716510157587450e+00 2.039999999999999869e-01
2.067694300000000000e+07 0.000000000000000000e+00 6.500000000000000000e+01 6.976989061880886766e+03 9.117445688785965103e+03 2.367060000000000400e+03 0.000000000000000000e+00 3.961581093752269300e+00 6.099999999999999867e-02
2.067694300000000000e+07 0.000000000000000000e+00 6.500000000000000000e+01 6.976753061880886889e+03 9.115286688785965453e+03 2.369070000000000618e+03 0.000000000000000000e+00 2.544079278796340660e+00 4.169999999999999818e-01
2.067693700000000000e+07 0.000000000000000000e+00 6.500000000000000000e+01 6.972750061880887188e+03 9.100361688785964361e+03 2.381479999999999563e+03 0.000000000000000000e+00 1.364596401280131266e+00 2.400000000000000050e-02
2.067693300000000000e+07 1.000000000000000000e+00 6.600000000000000000e+01 6.969192061880887195e+03 9.088203688785964914e+03 2.386000000000000000e+03 0.000000000000000000e+00 1.126123424003457885e+00 1.000000000000000000e+01
2.067693300000000000e+07 1.000000000000000000e+00 6.600000000000000000e+01 6.969192061880887195e+03 9.088203688785964914e+03 2.386000000000000000e+03 0.000000000000000000e+00 1.126123424003457885e+00 1.192749999999999977e+00
1.897996500000000000e+07 1.000000000000000000e+00 6.500000000000000000e+01 6.984142061880887013e+03 9.104506688785964798e+03 2.076070000000000618e+03 0.000000000000000000e+00 8.587778224170454777e+00 4.169999999999999818e-01
1.897996500000000000e+07 1.000000000000000000e+00 6.500000000000000000e+01 6.983372061880886577e+03 9.099446688785965307e+03 2.072170000000000073e+03 0.000000000000000000e+00 4.384276404306577390e+00 9.199999999999999845e-02
1.897996400000000000e+07 1.000000000000000000e+00 6.500000000000000000e+01 6.989866061880887173e+03 9.096017688785965220e+03 2.074149999999999636e+03 0.000000000000000000e+00 2.428656981093240130e+00 2.400000000000000050e-02
1.897996300000000000e+07 1.000000000000000000e+00 6.500000000000000000e+01 6.990824061880886802e+03 9.091494688785965991e+03 2.080629999999999200e+03 0.000000000000000000e+00 6.112162519064235688e+00 2.400000000000000050e-02
1.897996000000000000e+07 1.000000000000000000e+00 6.600000000000000000e+01 6.983709061880887020e+03 9.095903688785965642e+03 2.089000000000000000e+03 0.000000000000000000e+00 5.824407150003391820e+00 5.000000000000000000e-01
1.897868300000000000e+07 1.000000000000000000e+00 6.600000000000000000e+01 6.954827061880887413e+03 9.114689688785965700e+03 2.091360000000000582e+03 0.000000000000000000e+00 6.740954985119829601e+00 4.169999999999999818e-01
1.897868400000000000e+07 1.000000000000000000e+00 6.600000000000000000e+01 6.956870061880887079e+03 9.113844688785964536e+03 2.089680000000000291e+03 0.000000000000000000e+00 6.834884200792862963e+00 9.199999999999999845e-02
1.897868400000000000e+07 1.000000000000000000e+00 6.600000000000000000e+01 6.963673061880886962e+03 9.117996688785966398e+03 2.087589999999999236e+03 0.000000000000000000e+00 5.312287237428937381e+00 2.400000000000000050e-02
1.897868400000000000e+07 1.000000000000000000e+00 6.600000000000000000e+01 6.964179061880887275e+03 9.114749688785965191e+03 2.087480000000000473e+03 0.000000000000000000e+00 7.590491236383702933e+00 9.199999999999999845e-02
1.897868500000000000e+07 1.000000000000000000e+00 6.600000000000000000e+01 6.965784061880886838e+03 9.113375688785965394e+03 2.087319999999999709e+03 0.000000000000000000e+00 8.884934753189677181e+00 2.400000000000000050e-02
1.897868900000000000e+07 1.000000000000000000e+00 6.500000000000000000e+01 6.970990061880886969e+03 9.120642688785965220e+03 2.070250000000000000e+03 0.000000000000000000e+00 4.474018141789620095e+00 9.199999999999999845e-02
1.897869000000000000e+07 1.000000000000000000e+00 6.500000000000000000e+01 6.972138061880887108e+03 9.115452688785964710e+03 2.068550000000000182e+03 0.000000000000000000e+00 1.771327150597453715e+00 6.099999999999999867e-02
1.897997200000000000e+07 1.000000000000000000e+00 6.600000000000000000e+01 6.976903061880887435e+03 9.119446688785965307e+03 2.052500000000000000e+03 0.000000000000000000e+00 7.284401708483910554e+00 2.400000000000000050e-02
1.897997200000000000e+07 1.000000000000000000e+00 6.600000000000000000e+01 6.978625061880887188e+03 9.116755688785964594e+03 2.051600000000000364e+03 0.000000000000000000e+00 4.478789515289892442e+00 6.099999999999999867e-02
1.897997100000000000e+07 0.000000000000000000e+00 6.600000000000000000e+01 6.977552061880886868e+03 9.107923688785966078e+03 2.045989999999999782e+03 0.000000000000000000e+00 1.156648051184311132e+00 9.199999999999999845e-02
1.897997200000000000e+07 1.000000000000000000e+00 6.600000000000000000e+01 6.976593061880887035e+03 9.114000688785965394e+03 2.048149999999999636e+03 0.000000000000000000e+00 1.949515741840051497e+00 9.199999999999999845e-02
1.897997500000000000e+07 1.000000000000000000e+00 6.500000000000000000e+01 6.977920061880887260e+03 9.122083688785965933e+03 2.044920000000000073e+03 0.000000000000000000e+00 2.204157796636611710e+00 4.169999999999999818e-01
1.897997500000000000e+07 1.000000000000000000e+00 6.500000000000000000e+01 6.977383061880886999e+03 9.122673688785966078e+03 2.044310000000000400e+03 0.000000000000000000e+00 2.126229828420491241e+00 7.038599999999999746e+00
4.826483600000000000e+07 0.000000000000000000e+00 6.500000000000000000e+01 8.024998061880886780e+03 1.220104468878596526e+04 5.782569999999999709e+03 1.000000000000000000e+00 1.828888159032196814e+00 2.710000000000000000e+02
4.826670900000000000e+07 1.000000000000000000e+00 6.600000000000000000e+01 8.002547061880887668e+03 1.211315468878596403e+04 5.880489999999999782e+03 1.000000000000000000e+00 5.530821177273050893e-01 2.710000000000000000e+02
4.826379400000000000e+07 1.000000000000000000e+00 6.500000000000000000e+01 8.033513061880886198e+03 1.221181468878596388e+04 5.750170000000000073e+03 1.000000000000000000e+00 7.405206269315770529e-01 2.710000000000000000e+02
