4.835616500000000000e+07 1.000000000000000000e+00 6.500000000000000000e+01 6.045626695667245258e+03 1.152641996004158136e+04 5.851130000000000109e+03 0.000000000000000000e+00 6.836111794614025072e+00 3.229999999999999716e+01
5.459682600000000000e+07 0.000000000000000000e+00 6.600000000000000000e+01 7.472536695667245112e+03 1.078613996004158253e+04 6.442260000000000218e+03 0.000000000000000000e+00 1.524458658898212526e+00 1.078999999999999915e+01
6.030230300000000000e+07 1.000000000000000000e+00 6.500000000000000000e+01 8.358076695667245076e+03 9.854449960041582017e+03 7.057300000000000182e+03 0.000000000000000000e+00 8.631383645786099734e+00 1.339000000000000057e+01
6.030143300000000000e+07 1.000000000000000000e+00 6.500000000000000000e+01 8.404766695667243766e+03 9.775779960041581944e+03 7.105005000000000109e+03 0.000000000000000000e+00 3.262447149880645547e+00 1.339000000000000057e+01
6.414320500000000000e+07 0.000000000000000000e+00 6.500000000000000000e+01 8.931406695667246822e+03 9.583279960041581944e+03 7.545555199999999786e+03 0.000000000000000000e+00 2.342811193786134893e+00 1.339000000000000057e+01
6.414320500000000000e+07 0.000000000000000000e+00 6.500000000000000000e+01 8.931406695667246822e+03 9.583279960041581944e+03 7.545555199999999786e+03 0.000000000000000000e+00 2.342811193786134893e+00 6.766339999999999577e+00
6.029954100000000000e+07 1.000000000000000000e+00 6.500000000000000000e+01 8.448486695667244931e+03 9.685529960041581944e+03 7.237095999999999549e+03 0.000000000000000000e+00 2.477492206686956244e+00 6.099999999999999867e-02
6.029954000000000000e+07 1.000000000000000000e+00 6.500000000000000000e+01 8.444536695667244203e+03 9.684659960041581144e+03 7.230984999999999673e+03 0.000000000000000000e+00 2.309055717728676793e+00 4.169999999999999818e-01
6.029953400000000000e+07 1.000000000000000000e+00 6.600000000000000000e+01 8.429246695667246968e+03 9.678719960041580634e+03 7.223948999999999614e+03 0.000000000000000000e+00 6.804759852488798444e+00 9.199999999999999845e-02
6.029953300000000000e+07 1.000000000000000000e+00 6.600000000000000000e+01 8.423756695667245367e+03 9.678299960041582381e+03 7.224253999999999905e+03 0.000000000000000000e+00 7.626723439004448934e+00 9.199999999999999845e-02
6.030052800000000000e+07 1.000000000000000000e+00 6.600000000000000000e+01 8.433006695667245367e+03 9.690369960041582090e+03 7.229301999999999680e+03 0.000000000000000000e+00 3.370670589917972748e+00 4.169999999999999818e-01
6.030052800000000000e+07 1.000000000000000000e+00 6.600000000000000000e+01 8.433006695667245367e+03 9.690369960041582090e+03 7.229301999999999680e+03 0.000000000000000000e+00 3.370670589917972748e+00 7.281480000000000175e+00
6.029946900000000000e+07 1.000000000000000000e+00 6.600000000000000000e+01 8.495666695667245222e+03 9.653929960041581580e+03 7.185426999999999680e+03 0.000000000000000000e+00 4.901660414526469722e+00 2.039999999999999869e-01
6.029947200000000000e+07 1.000000000000000000e+00 6.500000000000000000e+01 8.491706695667246095e+03 9.651469960041580634e+03 7.179461999999999534e+03 0.000000000000000000e+00 2.462975672903663149e+00 2.400000000000000050e-02
6.029947200000000000e+07 1.000000000000000000e+00 6.500000000000000000e+01 8.492496695667246968e+03 9.653049960041582381e+03 7.179409999999999854e+03 0.000000000000000000e+00 2.577170706601507266e+00 9.199999999999999845e-02
6.029947200000000000e+07 1.000000000000000000e+00 6.500000000000000000e+01 8.494146695667244785e+03 9.657269960041581726e+03 7.176922999999999774e+03 0.000000000000000000e+00 5.644176477026555894e+00 9.199999999999999845e-02
6.029947600000000000e+07 1.000000000000000000e+00 6.500000000000000000e+01 8.474836695667247113e+03 9.643069960041580998e+03 7.182442000000000007e+03 0.000000000000000000e+00 1.823114362220771723e+00 6.099999999999999867e-02
6.029947800000000000e+07 1.000000000000000000e+00 6.500000000000000000e+01 8.467916695667245222e+03 9.629879960041580489e+03 7.179435999999999694e+03 0.000000000000000000e+00 9.614923723941560141e+00 2.400000000000000050e-02
6.029946500000000000e+07 1.000000000000000000e+00 6.500000000000000000e+01 8.480966695667244494e+03 9.645179960041581580e+03 7.212354999999999563e+03 0.000000000000000000e+00 9.879570548010590869e+00 2.400000000000000050e-02
6.029945700000000000e+07 1.000000000000000000e+00 6.500000000000000000e+01 8.488956695667246095e+03 9.619419960041581362e+03 7.213132999999999811e+03 0.000000000000000000e+00 2.283138080416029059e+00 4.169999999999999818e-01
6.029945700000000000e+07 1.000000000000000000e+00 6.500000000000000000e+01 8.481596695667245513e+03 9.617459960041582235e+03 7.207826000000000022e+03 0.000000000000000000e+00 9.418019765820606182e+00 4.169999999999999818e-01
6.029946200000000000e+07 1.000000000000000000e+00 6.600000000000000000e+01 8.486436695667245658e+03 9.618559960041580780e+03 7.205248999999999796e+03 0.000000000000000000e+00 7.476264470908722259e+00 2.039999999999999869e-01
6.029945800000000000e+07 1.000000000000000000e+00 6.500000000000000000e+01 8.493756695667245367e+03 9.618139960041582526e+03 7.202590000000000146e+03 0.000000000000000000e+00 4.590910555832563134e+00 9.199999999999999845e-02
6.029946300000000000e+07 1.000000000000000000e+00 6.600000000000000000e+01 8.495546695667246240e+03 9.621069960041580998e+03 7.202211000000000240e+03 0.000000000000000000e+00 4.265091784071223913e+00 9.199999999999999845e-02
6.029945400000000000e+07 1.000000000000000000e+00 6.600000000000000000e+01 8.497836695667247113e+03 9.605689960041581799e+03 7.213715000000000146e+03 0.000000000000000000e+00 1.814732630346641118e+00 9.199999999999999845e-02
6.029945400000000000e+07 1.000000000000000000e+00 6.600000000000000000e+01 8.496556695667244639e+03 9.602059960041580780e+03 7.208326000000000022e+03 0.000000000000000000e+00 7.656257854865910595e+00 9.199999999999999845e-02
6.029854600000000000e+07 1.000000000000000000e+00 6.600000000000000000e+01 8.491926695667247259e+03 9.605129960041580489e+03 7.207215000000000146e+03 0.000000000000000000e+00 6.924191083483136389e+00 6.099999999999999867e-02
6.029945700000000000e+07 1.000000000000000000e+00 6.500000000000000000e+01 8.493746695667246968e+03 9.609079960041581217e+03 7.206225000000000364e+03 0.000000000000000000e+00 8.939545185360943336e+00 9.199999999999999845e-02
6.029846400000000000e+07 1.000000000000000000e+00 6.500000000000000000e+01 8.501936695667245658e+03 9.600769960041581726e+03 7.194994999999999891e+03 0.000000000000000000e+00 8.845584024562418435e+00 9.199999999999999845e-02
6.029855000000000000e+07 1.000000000000000000e+00 6.500000000000000000e+01 8.497956695667246095e+03 9.600299960041582381e+03 7.193155999999999949e+03 0.000000000000000000e+00 8.003554848642327357e+00 6.099999999999999867e-02
6.029855000000000000e+07 1.000000000000000000e+00 6.500000000000000000e+01 8.497956695667246095e+03 9.600299960041582381e+03 7.193155999999999949e+03 0.000000000000000000e+00 8.003554848642327357e+00 7.367370000000000196e+00
6.030044200000000000e+07 1.000000000000000000e+00 6.500000000000000000e+01 8.463806695667244639e+03 9.681979960041582672e+03 7.189337999999999738e+03 0.000000000000000000e+00 6.747081858201867455e+00 1.078999999999999915e+01
6.030044200000000000e+07 1.000000000000000000e+00 6.500000000000000000e+01 8.464436695667245658e+03 9.681949960041580198e+03 7.191354999999999563e+03 0.000000000000000000e+00 6.331201713698798805e+00 1.339000000000000057e+01
6.029947200000000000e+07 1.000000000000000000e+00 6.500000000000000000e+01 8.492556695667244639e+03 9.657879960041580489e+03 7.184194999999999709e+03 0.000000000000000000e+00 9.205819155984586999e+00 9.199999999999999845e-02
6.029946900000000000e+07 1.000000000000000000e+00 6.600000000000000000e+01 8.487246695667246968e+03 9.654039960041580343e+03 7.193082999999999629e+03 0.000000000000000000e+00 5.642504114667336701e+00 9.199999999999999845e-02
6.030044200000000000e+07 1.000000000000000000e+00 6.500000000000000000e+01 8.464436695667245658e+03 9.681949960041580198e+03 7.191354999999999563e+03 0.000000000000000000e+00 6.331201713698798805e+00 6.094960000000000377e+00
6.030044200000000000e+07 1.000000000000000000e+00 6.500000000000000000e+01 8.459346695667245513e+03 9.682979960041582672e+03 7.191493999999999687e+03 0.000000000000000000e+00 4.427596003457068718e+00 4.169999999999999818e-01
6.030044400000000000e+07 1.000000000000000000e+00 6.500000000000000000e+01 8.455486695667244931e+03 9.686009960041581508e+03 7.207038999999999760e+03 0.000000000000000000e+00 2.078621592323847356e+00 6.099999999999999867e-02
6.030143300000000000e+07 1.000000000000000000e+00 6.500000000000000000e+01 8.408776695667245804e+03 9.775959960041582235e+03 7.098902000000000044e+03 0.000000000000000000e+00 5.756091720800614375e+00 9.199999999999999845e-02
6.030135300000000000e+07 1.000000000000000000e+00 6.600000000000000000e+01 8.431496695667246968e+03 9.789039960041580343e+03 7.086047999999999774e+03 0.000000000000000000e+00 4.748255221482565069e+00 9.199999999999999845e-02
6.030135100000000000e+07 1.000000000000000000e+00 6.600000000000000000e+01 8.421636695667246386e+03 9.790149960041580925e+03 7.079649000000000342e+03 0.000000000000000000e+00 1.805148445952943437e+00 2.400000000000000050e-02
6.030135300000000000e+07 1.000000000000000000e+00 6.600000000000000000e+01 8.424686695667245658e+03 9.798969960041580634e+03 7.084614999999999782e+03 0.000000000000000000e+00 2.851976510609187887e+00 9.199999999999999845e-02
6.030135000000000000e+07 0.000000000000000000e+00 6.500000000000000000e+01 8.428296695667246240e+03 9.806729960041582672e+03 7.067457000000000335e+03 0.000000000000000000e+00 2.336966059241104787e+00 2.400000000000000050e-02
6.030134900000000000e+07 1.000000000000000000e+00 6.600000000000000000e+01 8.416026695667245804e+03 9.793519960041581726e+03 7.066757999999999811e+03 0.000000000000000000e+00 5.596677413890362551e+00 6.099999999999999867e-02
6.030103100000000000e+07 1.000000000000000000e+00 6.500000000000000000e+01 8.405026695667245804e+03 9.772009960041581508e+03 7.052618000000000393e+03 0.000000000000000000e+00 9.145674562730663482e+00 6.099999999999999867e-02
6.030103200000000000e+07 1.000000000000000000e+00 6.500000000000000000e+01 8.393506695667245367e+03 9.772359960041581871e+03 7.057024000000000342e+03 0.000000000000000000e+00 1.715712963143179781e+00 5.000000000000000000e-01
6.030103200000000000e+07 1.000000000000000000e+00 6.500000000000000000e+01 8.395546695667246240e+03 9.768739960041581071e+03 7.052261000000000422e+03 0.000000000000000000e+00 5.317759113876081578e+00 9.199999999999999845e-02
6.030111400000000000e+07 1.000000000000000000e+00 6.600000000000000000e+01 8.390276695667245804e+03 9.765839960041581435e+03 7.050649999999999636e+03 0.000000000000000000e+00 3.347269012463518933e+00 9.199999999999999845e-02
6.030111400000000000e+07 1.000000000000000000e+00 6.600000000000000000e+01 8.392796695667246240e+03 9.761399960041580925e+03 7.051841000000000349e+03 0.000000000000000000e+00 2.629051280496315535e+00 9.199999999999999845e-02
6.030111400000000000e+07 1.000000000000000000e+00 6.600000000000000000e+01 8.391226695667246531e+03 9.757559960041580780e+03 7.051654000000000451e+03 0.000000000000000000e+00 2.637290977453941476e+00 9.199999999999999845e-02
6.030103400000000000e+07 0.000000000000000000e+00 6.500000000000000000e+01 8.384446695667244057e+03 9.783469960041580634e+03 7.055779999999999745e+03 0.000000000000000000e+00 4.523434758864242511e+00 6.099999999999999867e-02
6.030237600000000000e+07 1.000000000000000000e+00 6.500000000000000000e+01 8.369426695667247259e+03 9.781659960041581144e+03 7.058318000000000211e+03 0.000000000000000000e+00 2.890341222192843063e+00 4.169999999999999818e-01
6.030237600000000000e+07 1.000000000000000000e+00 6.500000000000000000e+01 8.372046695667246240e+03 9.780059960041580780e+03 7.059038000000000466e+03 0.000000000000000000e+00 4.878310065626392245e+00 9.199999999999999845e-02
6.030103500000000000e+07 1.000000000000000000e+00 6.500000000000000000e+01 8.373026695667245804e+03 9.779259960041581508e+03 7.062029000000000451e+03 0.000000000000000000e+00 4.293239250092544701e+00 6.099999999999999867e-02
6.030103500000000000e+07 1.000000000000000000e+00 6.500000000000000000e+01 8.373226695667246531e+03 9.776039960041580343e+03 7.061594000000000051e+03 0.000000000000000000e+00 2.664531639452747402e+00 9.199999999999999845e-02
6.030103500000000000e+07 1.000000000000000000e+00 6.500000000000000000e+01 8.372366695667245949e+03 9.770569960041580998e+03 7.061247999999999593e+03 0.000000000000000000e+00 6.582891845920674001e+00 9.199999999999999845e-02
6.030103900000000000e+07 1.000000000000000000e+00 6.600000000000000000e+01 8.373166695667245222e+03 9.770029960041581944e+03 7.062706000000000131e+03 0.000000000000000000e+00 6.219580243141241915e+00 6.099999999999999867e-02
6.030103800000000000e+07 1.000000000000000000e+00 6.600000000000000000e+01 8.375736695667244931e+03 9.761659960041581144e+03 7.070820999999999913e+03 0.000000000000000000e+00 2.291037086015141000e+00 2.400000000000000050e-02
6.030096300000000000e+07 1.000000000000000000e+00 6.500000000000000000e+01 8.380396695667244785e+03 9.755189960041581799e+03 7.073353000000000065e+03 0.000000000000000000e+00 4.961733270831311104e-01 9.199999999999999845e-02
6.030096400000000000e+07 1.000000000000000000e+00 6.500000000000000000e+01 8.385826695667245076e+03 9.759979960041582672e+03 7.069556000000000495e+03 0.000000000000000000e+00 5.004457366305813615e+00 9.199999999999999845e-02
6.029981900000000000e+07 1.000000000000000000e+00 6.500000000000000000e+01 8.394526695667245804e+03 9.757049960041582381e+03 7.073645000000000437e+03 0.000000000000000000e+00 9.422256979225846152e+00 2.400000000000000050e-02
6.030096400000000000e+07 1.000000000000000000e+00 6.500000000000000000e+01 8.388656695667246822e+03 9.751369960041582090e+03 7.073405999999999949e+03 0.000000000000000000e+00 7.025248388480814121e+00 9.199999999999999845e-02
6.030096400000000000e+07 1.000000000000000000e+00 6.500000000000000000e+01 8.385276695667245804e+03 9.752799960041582381e+03 7.072597999999999956e+03 0.000000000000000000e+00 3.407777857810391442e+00 9.199999999999999845e-02
6.030096200000000000e+07 1.000000000000000000e+00 6.500000000000000000e+01 8.381026695667245804e+03 9.753239960041581071e+03 7.084449999999999818e+03 0.000000000000000000e+00 4.862665415802897684e+00 9.199999999999999845e-02
6.029981600000000000e+07 1.000000000000000000e+00 6.600000000000000000e+01 8.386106695667243912e+03 9.753849960041581653e+03 7.094529000000000451e+03 0.000000000000000000e+00 3.010288300608668255e+00 9.199999999999999845e-02
6.029981600000000000e+07 1.000000000000000000e+00 6.600000000000000000e+01 8.386106695667243912e+03 9.753849960041581653e+03 7.094529000000000451e+03 0.000000000000000000e+00 3.010288300608668255e+00 7.316849999999999632e+00
6.030336200000000000e+07 0.000000000000000000e+00 6.500000000000000000e+01 8.259656695667246822e+03 9.897249960041581289e+03 7.015113000000000284e+03 0.000000000000000000e+00 3.880296726464242507e+00 2.400000000000000050e-02
6.030336600000000000e+07 1.000000000000000000e+00 6.600000000000000000e+01 8.266326695667245076e+03 9.903089960041581435e+03 7.018417000000000371e+03 0.000000000000000000e+00 3.286212136656300853e+00 4.169999999999999818e-01
6.030216900000000000e+07 1.000000000000000000e+00 6.500000000000000000e+01 8.260656695667246822e+03 9.895129960041580489e+03 7.028516999999999825e+03 0.000000000000000000e+00 6.393005566496110958e+00 2.400000000000000050e-02
6.030216900000000000e+07 1.000000000000000000e+00 6.500000000000000000e+01 8.264066695667246677e+03 9.892649960041580925e+03 7.026003999999999905e+03 0.000000000000000000e+00 7.336575005929765858e+00 2.400000000000000050e-02
6.030208800000000000e+07 1.000000000000000000e+00 6.600000000000000000e+01 8.253526695667245804e+03 9.916689960041581799e+03 7.017676000000000386e+03 0.000000000000000000e+00 1.312931240060589477e+00 2.400000000000000050e-02
6.030208700000000000e+07 0.000000000000000000e+00 6.500000000000000000e+01 8.254156695667246822e+03 9.908449960041582017e+03 7.023911000000000058e+03 0.000000000000000000e+00 4.086775260158082901e+00 5.000000000000000000e-01
6.030208700000000000e+07 0.000000000000000000e+00 6.500000000000000000e+01 8.254156695667246822e+03 9.910039960041580343e+03 7.023753999999999905e+03 0.000000000000000000e+00 2.600008453693735344e+00 6.099999999999999867e-02
6.030208700000000000e+07 0.000000000000000000e+00 6.600000000000000000e+01 8.253726695667246531e+03 9.913219960041580634e+03 7.023322000000000116e+03 0.000000000000000000e+00 1.084903847522385334e+00 9.199999999999999845e-02
6.030208800000000000e+07 1.000000000000000000e+00 6.600000000000000000e+01 8.252146695667244785e+03 9.925389960041582526e+03 7.014639000000000124e+03 0.000000000000000000e+00 5.032954922676156073e+00 4.169999999999999818e-01
6.030208800000000000e+07 1.000000000000000000e+00 6.600000000000000000e+01 8.252146695667244785e+03 9.925389960041582526e+03 7.014639000000000124e+03 0.000000000000000000e+00 5.032954922676156073e+00 7.020069999999999588e+00
5.465505900000000000e+07 1.000000000000000000e+00 6.500000000000000000e+01 7.800456695667245185e+03 1.062204996004158238e+04 6.547820999999999913e+03 0.000000000000000000e+00 4.239518464318009272e+00 2.039999999999999869e-01
5.465505900000000000e+07 1.000000000000000000e+00 6.500000000000000000e+01 7.804156695667245913e+03 1.062349996004158129e+04 6.547037000000000262e+03 0.000000000000000000e+00 5.716634902086723535e+00 9.199999999999999845e-02
5.465596800000000000e+07 1.000000000000000000e+00 6.500000000000000000e+01 7.811596695667246422e+03 1.062600996004158151e+04 6.538577999999999520e+03 0.000000000000000000e+00 6.411127464526415132e+00 2.400000000000000050e-02
5.465596900000000000e+07 1.000000000000000000e+00 6.500000000000000000e+01 7.809476695667245622e+03 1.062364996004158093e+04 6.547226999999999862e+03 0.000000000000000000e+00 3.889846072935669863e+00 9.199999999999999845e-02
5.465506100000000000e+07 1.000000000000000000e+00 6.500000000000000000e+01 7.813976695667245622e+03 1.062277996004158194e+04 6.549568000000000211e+03 0.000000000000000000e+00 4.907763123311100095e+00 9.199999999999999845e-02
5.465506000000000000e+07 1.000000000000000000e+00 6.500000000000000000e+01 7.811326695667245986e+03 1.061767996004158158e+04 6.546859000000000378e+03 0.000000000000000000e+00 3.076170387778867088e+00 4.169999999999999818e-01
5.465505900000000000e+07 1.000000000000000000e+00 6.500000000000000000e+01 7.802986695667245840e+03 1.061868996004158180e+04 6.550608000000000175e+03 0.000000000000000000e+00 8.924498542743333207e-01 9.199999999999999845e-02
5.465505700000000000e+07 1.000000000000000000e+00 6.500000000000000000e+01 7.798576695667245986e+03 1.060877996004158194e+04 6.549220000000000255e+03 0.000000000000000000e+00 6.863920222050391429e-01 6.099999999999999867e-02
5.465597300000000000e+07 1.000000000000000000e+00 6.600000000000000000e+01 7.803866695667245040e+03 1.061205996004158078e+04 6.552703999999999724e+03 0.000000000000000000e+00 1.965538624071738960e+00 4.169999999999999818e-01
5.465596700000000000e+07 1.000000000000000000e+00 6.500000000000000000e+01 7.808826695667245986e+03 1.062237996004158231e+04 6.532108000000000175e+03 0.000000000000000000e+00 3.475870735152851054e+00 2.400000000000000050e-02
5.465596200000000000e+07 1.000000000000000000e+00 6.600000000000000000e+01 7.823926695667244530e+03 1.061652996004158194e+04 6.508485999999999876e+03 0.000000000000000000e+00 9.482684257859310684e-01 2.039999999999999869e-01
5.465596100000000000e+07 1.000000000000000000e+00 6.600000000000000000e+01 7.827806695667245549e+03 1.061135996004158187e+04 6.505050999999999476e+03 0.000000000000000000e+00 4.528320487990607823e+00 2.400000000000000050e-02
5.465596100000000000e+07 1.000000000000000000e+00 6.600000000000000000e+01 7.831536695667245112e+03 1.060953996004158034e+04 6.501989999999999782e+03 0.000000000000000000e+00 3.328069447064346154e+00 9.199999999999999845e-02
5.465596200000000000e+07 1.000000000000000000e+00 6.600000000000000000e+01 7.822926695667246349e+03 1.061802996004158194e+04 6.504101000000000568e+03 0.000000000000000000e+00 3.933059484986869414e+00 9.199999999999999845e-02
5.465596200000000000e+07 0.000000000000000000e+00 6.600000000000000000e+01 7.824386695667245476e+03 1.062545996004158224e+04 6.516528000000000247e+03 0.000000000000000000e+00 3.593518160484284962e+00 9.199999999999999845e-02
5.465595900000000000e+07 1.000000000000000000e+00 6.500000000000000000e+01 7.827496695667246058e+03 1.063439996004158093e+04 6.514155999999999949e+03 0.000000000000000000e+00 4.117382334606971561e+00 2.400000000000000050e-02
5.465595900000000000e+07 1.000000000000000000e+00 6.500000000000000000e+01 7.827086695667246204e+03 1.063405996004158078e+04 6.513777000000000044e+03 0.000000000000000000e+00 3.837475682517787590e+00 2.039999999999999869e-01
5.465515300000000000e+07 1.000000000000000000e+00 6.600000000000000000e+01 7.821796695667245331e+03 1.063169996004158202e+04 6.504494999999999891e+03 0.000000000000000000e+00 7.803293914049945101e+00 2.400000000000000050e-02
5.465515300000000000e+07 1.000000000000000000e+00 6.600000000000000000e+01 7.821816695667245767e+03 1.062963996004158253e+04 6.501782000000000153e+03 0.000000000000000000e+00 8.465426200990169292e+00 8.349999999999999645e-01
5.465596200000000000e+07 1.000000000000000000e+00 6.600000000000000000e+01 7.822056695667245549e+03 1.063190996004158114e+04 6.509020999999999731e+03 0.000000000000000000e+00 7.023787637021379204e+00 9.199999999999999845e-02
5.465595900000000000e+07 1.000000000000000000e+00 6.500000000000000000e+01 7.821066695667245767e+03 1.063613996004158253e+04 6.512690999999999804e+03 0.000000000000000000e+00 9.328447778342937369e+00 8.220000000000000639e+00
5.465595900000000000e+07 1.000000000000000000e+00 6.500000000000000000e+01 7.821066695667245767e+03 1.063613996004158253e+04 6.512690999999999804e+03 0.000000000000000000e+00 9.328447778342937369e+00 1.312480000000000091e+00
5.459736800000000000e+07 1.000000000000000000e+00 6.600000000000000000e+01 7.589126695667245258e+03 1.058931996004158282e+04 6.489979999999999563e+03 0.000000000000000000e+00 9.456531352365802334e+00 6.099999999999999867e-02
5.459736400000000000e+07 1.000000000000000000e+00 6.500000000000000000e+01 7.588726695667245622e+03 1.059073996004158107e+04 6.488579999999999927e+03 0.000000000000000000e+00 9.037667033139165085e+00 2.400000000000000050e-02
5.459736400000000000e+07 1.000000000000000000e+00 6.500000000000000000e+01 7.584936695667246568e+03 1.059383996004158143e+04 6.483819999999999709e+03 0.000000000000000000e+00 2.527736636196825426e+00 9.199999999999999845e-02
5.459736400000000000e+07 1.000000000000000000e+00 6.500000000000000000e+01 7.591006695667246277e+03 1.059522996004158085e+04 6.480880000000000109e+03 0.000000000000000000e+00 8.070013061819317102e+00 9.199999999999999845e-02
5.459682600000000000e+07 0.000000000000000000e+00 6.600000000000000000e+01 7.472536695667245112e+03 1.078613996004158253e+04 6.442260000000000218e+03 0.000000000000000000e+00 1.524458658898212526e+00 4.925569999999999560e+00
5.458994500000000000e+07 1.000000000000000000e+00 6.600000000000000000e+01 7.044466695667245403e+03 1.103939996004158093e+04 6.348409999999999854e+03 0.000000000000000000e+00 3.509395148184094815e+00 9.199999999999999845e-02
5.458986200000000000e+07 1.000000000000000000e+00 6.500000000000000000e+01 7.056606695667244821e+03 1.102639996004158093e+04 6.345859999999999673e+03 0.000000000000000000e+00 2.867741501406099847e+00 9.199999999999999845e-02
5.342165800000000000e+07 1.000000000000000000e+00 6.600000000000000000e+01 6.312436695667246568e+03 1.135787996004158049e+04 6.035350000000000364e+03 0.000000000000000000e+00 1.859219039830927178e+00 4.169999999999999818e-01
5.342165900000000000e+07 1.000000000000000000e+00 6.600000000000000000e+01 6.302786695667245112e+03 1.135536996004158209e+04 6.035309999999999491e+03 0.000000000000000000e+00 7.986769317122198508e+00 9.199999999999999845e-02
5.342165800000000000e+07 1.000000000000000000e+00 6.600000000000000000e+01 6.304176695667246349e+03 1.135800996004158151e+04 6.036569999999999709e+03 0.000000000000000000e+00 7.327770235615657768e+00 9.199999999999999845e-02
5.342165800000000000e+07 1.000000000000000000e+00 6.600000000000000000e+01 6.305466695667245403e+03 1.135966996004158136e+04 6.038210000000000036e+03 0.000000000000000000e+00 7.155193693082849471e+00 9.199999999999999845e-02
5.342038100000000000e+07 1.000000000000000000e+00 6.500000000000000000e+01 6.319756695667246277e+03 1.136919996004158202e+04 6.032409999999999854e+03 0.000000000000000000e+00 4.293771410820694356e+00 9.199999999999999845e-02
5.342038000000000000e+07 1.000000000000000000e+00 6.500000000000000000e+01 6.313676695667246349e+03 1.137329996004158238e+04 6.033190000000000509e+03 0.000000000000000000e+00 7.635915740952601283e+00 2.039999999999999869e-01
5.342038000000000000e+07 1.000000000000000000e+00 6.500000000000000000e+01 6.311726695667245622e+03 1.137115996004158114e+04 6.034539999999999964e+03 0.000000000000000000e+00 8.737326428760264108e+00 9.199999999999999845e-02
5.342038100000000000e+07 1.000000000000000000e+00 6.500000000000000000e+01 6.315726695667245622e+03 1.136739996004158093e+04 6.032880000000000109e+03 0.000000000000000000e+00 5.184781162275030830e+00 4.169999999999999818e-01
5.342038100000000000e+07 1.000000000000000000e+00 6.500000000000000000e+01 6.315726695667245622e+03 1.136739996004158093e+04 6.032880000000000109e+03 0.000000000000000000e+00 5.184781162275030830e+00 7.110249999999999737e+00
4.835616700000000000e+07 1.000000000000000000e+00 6.600000000000000000e+01 6.051566695667245767e+03 1.150201996004158173e+04 5.866890000000000327e+03 0.000000000000000000e+00 4.516002810576989823e+00 9.199999999999999845e-02
4.835616700000000000e+07 1.000000000000000000e+00 6.600000000000000000e+01 6.053086695667246204e+03 1.149811996004158209e+04 5.871600000000000364e+03 0.000000000000000000e+00 7.206185668523433563e+00 6.099999999999999867e-02
4.835625000000000000e+07 1.000000000000000000e+00 6.600000000000000000e+01 6.054366695667245040e+03 1.149484996004158165e+04 5.875550000000000182e+03 0.000000000000000000e+00 3.336376298591003486e+00 1.605000000000000071e+01
4.835625400000000000e+07 1.000000000000000000e+00 6.600000000000000000e+01 6.069826695667245986e+03 1.148475996004158151e+04 5.888369999999999891e+03 0.000000000000000000e+00 1.950629754216822498e+00 9.199999999999999845e-02
4.835525200000000000e+07 1.000000000000000000e+00 6.600000000000000000e+01 6.073346695667246422e+03 1.148334996004158165e+04 5.891000000000000000e+03 0.000000000000000000e+00 2.452363797350793906e+00 1.078999999999999915e+01
4.835525200000000000e+07 1.000000000000000000e+00 6.600000000000000000e+01 6.073416695667246131e+03 1.148331996004158282e+04 5.891050000000000182e+03 0.000000000000000000e+00 2.418941087641457877e+00 2.039999999999999869e-01
4.835525300000000000e+07 1.000000000000000000e+00 6.600000000000000000e+01 6.080046695667245331e+03 1.148508996004158143e+04 5.892960000000000036e+03 0.000000000000000000e+00 6.100746138483172487e+00 2.039999999999999869e-01
4.835625500000000000e+07 1.000000000000000000e+00 6.600000000000000000e+01 6.074976695667245622e+03 1.148705996004158078e+04 5.884800000000000182e+03 0.000000000000000000e+00 4.523647322949974736e+00 2.400000000000000050e-02
4.835625400000000000e+07 0.000000000000000000e+00 6.600000000000000000e+01 6.068126695667245258e+03 1.148355996004158078e+04 5.883489999999999782e+03 0.000000000000000000e+00 1.030556922285708055e+00 2.400000000000000050e-02
4.835625300000000000e+07 0.000000000000000000e+00 6.500000000000000000e+01 6.063206695667245185e+03 1.148751996004158173e+04 5.879699999999999818e+03 0.000000000000000000e+00 2.055811950135382205e+00 9.199999999999999845e-02
4.835625200000000000e+07 0.000000000000000000e+00 6.600000000000000000e+01 6.063246695667246058e+03 1.149137996004158049e+04 5.879000000000000000e+03 0.000000000000000000e+00 1.849691699993365468e+00 6.099999999999999867e-02
4.835625300000000000e+07 1.000000000000000000e+00 6.600000000000000000e+01 6.066276695667246713e+03 1.149344996004158202e+04 5.883690000000000509e+03 0.000000000000000000e+00 3.178021087149579538e-01 6.099999999999999867e-02
4.835625300000000000e+07 1.000000000000000000e+00 6.600000000000000000e+01 6.072076695667245986e+03 1.149684996004158165e+04 5.885739999999999782e+03 0.000000000000000000e+00 6.207237202721683111e+00 6.099999999999999867e-02
4.835625400000000000e+07 1.000000000000000000e+00 6.600000000000000000e+01 6.074156695667245913e+03 1.149205996004158078e+04 5.892460000000000036e+03 0.000000000000000000e+00 9.016566836855066214e+00 2.400000000000000050e-02
4.835625100000000000e+07 0.000000000000000000e+00 6.500000000000000000e+01 6.055876695667245258e+03 1.147906996004158100e+04 5.889039999999999964e+03 0.000000000000000000e+00 2.321394651086281069e+00 2.400000000000000050e-02
4.835625200000000000e+07 1.000000000000000000e+00 6.500000000000000000e+01 6.055586695667246204e+03 1.147184996004158165e+04 5.884909999999999854e+03 0.000000000000000000e+00 4.924177984938218344e+00 2.400000000000000050e-02
4.835624900000000000e+07 1.000000000000000000e+00 6.600000000000000000e+01 6.049206695667245185e+03 1.147769996004158202e+04 5.874239999999999782e+03 0.000000000000000000e+00 9.760335152830505123e+00 4.169999999999999818e-01
4.835522400000000000e+07 1.000000000000000000e+00 6.500000000000000000e+01 6.023126695667245258e+03 1.149049996004158129e+04 5.864659999999999854e+03 0.000000000000000000e+00 5.014216394283327105e+00 2.400000000000000050e-02
4.835615300000000000e+07 1.000000000000000000e+00 6.500000000000000000e+01 6.023846695667246422e+03 1.150114996004158093e+04 5.860610000000000582e+03 0.000000000000000000e+00 5.674294202828747302e+00 9.199999999999999845e-02
4.835615300000000000e+07 1.000000000000000000e+00 6.500000000000000000e+01 6.025516695667244676e+03 1.150009996004158165e+04 5.862489999999999782e+03 0.000000000000000000e+00 5.376789126245522965e+00 9.199999999999999845e-02
4.835615300000000000e+07 1.000000000000000000e+00 6.500000000000000000e+01 6.025206695667245185e+03 1.149963996004158253e+04 5.862789999999999964e+03 0.000000000000000000e+00 5.053058752494745676e+00 2.039999999999999869e-01
4.835614900000000000e+07 1.000000000000000000e+00 6.600000000000000000e+01 6.021066695667245767e+03 1.149752996004158194e+04 5.862020000000000437e+03 0.000000000000000000e+00 3.822105938189614083e+00 2.400000000000000050e-02
4.835615400000000000e+07 1.000000000000000000e+00 6.500000000000000000e+01 6.025486695667245840e+03 1.150899996004158129e+04 5.863469999999999345e+03 0.000000000000000000e+00 8.164197182769582506e-01 6.099999999999999867e-02
4.835425700000000000e+07 1.000000000000000000e+00 6.600000000000000000e+01 6.023486695667245840e+03 1.152107996004158122e+04 5.846090000000000146e+03 0.000000000000000000e+00 2.117055852224794865e+00 1.376999999999999957e+01
4.835425700000000000e+07 1.000000000000000000e+00 6.600000000000000000e+01 6.023486695667245840e+03 1.152107996004158122e+04 5.846090000000000146e+03 0.000000000000000000e+00 2.117055852224794865e+00 1.766929999999999890e+00
4.835616600000000000e+07 1.000000000000000000e+00 6.600000000000000000e+01 6.048336695667246204e+03 1.150609996004158165e+04 5.877029999999999745e+03 0.000000000000000000e+00 7.735952209328187390e-01 1.078999999999999915e+01
4.835616600000000000e+07 1.000000000000000000e+00 6.600000000000000000e+01 6.048336695667246204e+03 1.150609996004158165e+04 5.877029999999999745e+03 0.000000000000000000e+00 7.735952209328187390e-01 7.134699999999999598e+00
4.835616600000000000e+07 1.000000000000000000e+00 6.600000000000000000e+01 6.048336695667246204e+03 1.150609996004158165e+04 5.877029999999999745e+03 0.000000000000000000e+00 7.735952209328187390e-01 1.044559999999999933e+00
1.374421200000000000e+07 1.000000000000000000e+00 6.600000000000000000e+01 4.498463695667245702e+03 1.380198896004158087e+04 1.563529999999999745e+03 0.000000000000000000e+00 3.772165207168453271e+00 2.400000000000000050e-02
1.374422400000000000e+07 0.000000000000000000e+00 6.500000000000000000e+01 4.535099695667245214e+03 1.379154196004158075e+04 1.530000000000000000e+03 0.000000000000000000e+00 3.220579305762939715e+00 2.039999999999999869e-01
1.374422400000000000e+07 1.000000000000000000e+00 6.500000000000000000e+01 4.538376695667245258e+03 1.380150596004158069e+04 1.524619999999999891e+03 0.000000000000000000e+00 5.046110704056400387e+00 6.099999999999999867e-02
1.374414100000000000e+07 1.000000000000000000e+00 6.500000000000000000e+01 4.534774695667245396e+03 1.381569996004158202e+04 1.507570000000000618e+03 0.000000000000000000e+00 8.021042710806031151e-01 8.349999999999999645e-01
1.374413600000000000e+07 1.000000000000000000e+00 6.600000000000000000e+01 4.522853695667246029e+03 1.381558496004158224e+04 1.517810000000000400e+03 0.000000000000000000e+00 4.339481595385707990e+00 9.199999999999999845e-02
1.374413800000000000e+07 1.000000000000000000e+00 6.600000000000000000e+01 4.526776695667245804e+03 1.383155356004158239e+04 1.506310000000000400e+03 0.000000000000000000e+00 6.207216354045719697e+00 2.039999999999999869e-01
1.374413300000000000e+07 1.000000000000000000e+00 6.500000000000000000e+01 4.519504695667245869e+03 1.383213876004158192e+04 1.513130000000000109e+03 0.000000000000000000e+00 3.331319041445157669e+00 9.199999999999999845e-02
1.374323100000000000e+07 1.000000000000000000e+00 6.600000000000000000e+01 4.517477695667245825e+03 1.383080396004158138e+04 1.513369999999999891e+03 0.000000000000000000e+00 4.265551366035790437e+00 2.039999999999999869e-01
1.374412900000000000e+07 1.000000000000000000e+00 6.600000000000000000e+01 4.511817695667245971e+03 1.383278546004158125e+04 1.521829999999999018e+03 0.000000000000000000e+00 2.155682920493069865e+00 2.400000000000000050e-02
1.374412900000000000e+07 1.000000000000000000e+00 6.600000000000000000e+01 4.507689695667245360e+03 1.384024336004158249e+04 1.522510000000000218e+03 0.000000000000000000e+00 1.512956321289563588e+00 6.099999999999999867e-02
1.374412800000000000e+07 0.000000000000000000e+00 6.600000000000000000e+01 4.505357695667245935e+03 1.383813146004158261e+04 1.526939999999999600e+03 0.000000000000000000e+00 3.803085720274471004e+00 2.039999999999999869e-01
1.374412400000000000e+07 1.000000000000000000e+00 6.500000000000000000e+01 4.486173695667245738e+03 1.384211366004158117e+04 1.529390000000000327e+03 0.000000000000000000e+00 8.902381575388879753e+00 4.169999999999999818e-01
1.374412000000000000e+07 0.000000000000000000e+00 6.600000000000000000e+01 4.481632695667245571e+03 1.382670896004158203e+04 1.527940000000000509e+03 0.000000000000000000e+00 8.162261200303528863e-01 2.400000000000000050e-02
1.374412100000000000e+07 1.000000000000000000e+00 6.600000000000000000e+01 4.474986695667245840e+03 1.383185046004158175e+04 1.533339999999999236e+03 0.000000000000000000e+00 4.356226083982375208e+00 9.199999999999999845e-02
1.374411900000000000e+07 0.000000000000000000e+00 6.500000000000000000e+01 4.475429695667246051e+03 1.382234696004158104e+04 1.532179999999999382e+03 0.000000000000000000e+00 2.068267617412022474e+00 8.349999999999999645e-01
1.374411800000000000e+07 1.000000000000000000e+00 6.500000000000000000e+01 4.470748695667245556e+03 1.381182296004158161e+04 1.539159999999999854e+03 0.000000000000000000e+00 6.228024255347596183e-01 9.199999999999999845e-02
1.374321300000000000e+07 1.000000000000000000e+00 6.500000000000000000e+01 4.469771695667245694e+03 1.382520696004158162e+04 1.550920000000000073e+03 0.000000000000000000e+00 7.594688406388871549e+00 9.199999999999999845e-02
1.374321300000000000e+07 1.000000000000000000e+00 6.500000000000000000e+01 4.470568695667245265e+03 1.382712596004158149e+04 1.553260000000000218e+03 0.000000000000000000e+00 8.990473298070284613e+00 2.400000000000000050e-02
3.156522600000000000e+07 1.000000000000000000e+00 6.600000000000000000e+01 3.540736695667245840e+03 1.365984296004158205e+04 3.694620000000000346e+03 1.000000000000000000e+00 3.685851339571979413e-01 3.240000000000000000e+02
2.015437100000000000e+07 0.000000000000000000e+00 6.600000000000000000e+01 4.227206695667245185e+03 1.366879996004158238e+04 2.487119999999999891e+03 1.000000000000000000e+00 1.403996666541977856e+00 3.240000000000000000e+02
