3.163986000000000000e+07 0.000000000000000000e+00 6.600000000000000000e+01 1.242850000000000364e+03 1.380384262221584504e+04 3.808713892553961159e+03 0.000000000000000000e+00 1.583161442816937381e+00 1.605000000000000071e+01
3.155396700000000000e+07 1.000000000000000000e+00 6.500000000000000000e+01 2.711159999999999854e+03 1.386447712221584516e+04 3.798995642553961261e+03 0.000000000000000000e+00 1.819895813219440273e+00 1.339000000000000057e+01
3.155944200000000000e+07 1.000000000000000000e+00 6.500000000000000000e+01 3.294680000000000291e+03 1.388790982221584636e+04 3.796970642553961625e+03 0.000000000000000000e+00 7.089499981719836086e+00 1.078999999999999915e+01
3.155944200000000000e+07 1.000000000000000000e+00 6.500000000000000000e+01 3.295020000000000437e+03 1.388796382221584645e+04 3.797512642553961086e+03 0.000000000000000000e+00 6.663916965165222805e+00 9.199999999999999845e-02
3.155944300000000000e+07 0.000000000000000000e+00 6.500000000000000000e+01 3.299600000000000364e+03 1.388313382221584470e+04 3.805034742553961223e+03 0.000000000000000000e+00 3.498774583941546279e+00 9.199999999999999845e-02
3.155944500000000000e+07 0.000000000000000000e+00 6.600000000000000000e+01 3.304010000000000218e+03 1.388186382221584608e+04 3.803902742553961616e+03 0.000000000000000000e+00 3.324079396891869376e+00 2.039999999999999869e-01
3.155944400000000000e+07 0.000000000000000000e+00 6.600000000000000000e+01 3.301699999999999818e+03 1.388377582221584635e+04 3.804320542553960877e+03 0.000000000000000000e+00 4.369653611493210299e+00 2.039999999999999869e-01
3.155944000000000000e+07 1.000000000000000000e+00 6.500000000000000000e+01 3.291619999999999891e+03 1.390102782221584494e+04 3.807706612553961349e+03 0.000000000000000000e+00 7.566872480061922701e+00 6.099999999999999867e-02
3.155944100000000000e+07 1.000000000000000000e+00 6.500000000000000000e+01 3.293050000000000182e+03 1.388998482221584709e+04 3.803662242553960823e+03 0.000000000000000000e+00 2.719836053859839176e+00 2.400000000000000050e-02
3.155943800000000000e+07 0.000000000000000000e+00 6.600000000000000000e+01 3.284310000000000400e+03 1.387975182221584691e+04 3.805878042553961677e+03 0.000000000000000000e+00 1.541471221777265699e+00 9.199999999999999845e-02
3.155943900000000000e+07 1.000000000000000000e+00 6.600000000000000000e+01 3.281400000000000546e+03 1.386750582221584591e+04 3.805988742553960947e+03 0.000000000000000000e+00 2.919385950541974140e+00 9.199999999999999845e-02
3.155943200000000000e+07 0.000000000000000000e+00 6.600000000000000000e+01 3.266069999999999709e+03 1.386629292221584546e+04 3.804884842553960880e+03 0.000000000000000000e+00 4.157383256072154865e+00 6.099999999999999867e-02
3.155942700000000000e+07 1.000000000000000000e+00 6.600000000000000000e+01 3.249070000000000618e+03 1.386965382221584514e+04 3.792389342553960887e+03 0.000000000000000000e+00 4.785834490532980823e+00 9.199999999999999845e-02
3.155942700000000000e+07 1.000000000000000000e+00 6.600000000000000000e+01 3.252820000000000618e+03 1.386945782221584523e+04 3.793420242553961543e+03 0.000000000000000000e+00 4.091141964040160950e+00 9.199999999999999845e-02
3.155942800000000000e+07 0.000000000000000000e+00 6.600000000000000000e+01 3.255069999999999709e+03 1.386715592221584666e+04 3.794309542553961364e+03 0.000000000000000000e+00 3.067464065196645606e+00 6.099999999999999867e-02
3.155942800000000000e+07 0.000000000000000000e+00 6.500000000000000000e+01 3.251349999999999454e+03 1.386127552221584483e+04 3.803983142553961443e+03 0.000000000000000000e+00 5.653240908065080284e+00 6.099999999999999867e-02
3.155942700000000000e+07 1.000000000000000000e+00 6.500000000000000000e+01 3.251139999999999418e+03 1.385986772221584579e+04 3.804070142553960977e+03 0.000000000000000000e+00 5.132223153112577485e+00 2.400000000000000050e-02
3.155942700000000000e+07 0.000000000000000000e+00 6.500000000000000000e+01 3.251159999999999854e+03 1.385816342221584637e+04 3.797601842553961433e+03 0.000000000000000000e+00 2.550316104700141917e+00 4.169999999999999818e-01
3.155942600000000000e+07 1.000000000000000000e+00 6.500000000000000000e+01 3.247039999999999964e+03 1.385053782221584697e+04 3.799424842553960843e+03 0.000000000000000000e+00 1.483619700768270544e+00 9.199999999999999845e-02
3.155828100000000000e+07 1.000000000000000000e+00 6.600000000000000000e+01 3.242849999999999454e+03 1.385604102221584617e+04 3.813518942553961097e+03 0.000000000000000000e+00 4.931946162436615211e+00 9.199999999999999845e-02
3.155934700000000000e+07 1.000000000000000000e+00 6.500000000000000000e+01 3.241539999999999964e+03 1.384315072221584705e+04 3.816619041553961324e+03 0.000000000000000000e+00 4.201993167522974026e+00 9.199999999999999845e-02
3.156016000000000000e+07 1.000000000000000000e+00 6.600000000000000000e+01 3.239570000000000618e+03 1.384357252221584713e+04 3.824403832553961365e+03 0.000000000000000000e+00 1.488397318256733826e+00 6.099999999999999867e-02
3.156016000000000000e+07 1.000000000000000000e+00 6.600000000000000000e+01 3.240740000000000691e+03 1.384583062221584623e+04 3.826194142553961683e+03 0.000000000000000000e+00 2.105045952902610651e+00 9.199999999999999845e-02
3.156016100000000000e+07 1.000000000000000000e+00 6.600000000000000000e+01 3.248019999999999527e+03 1.385094292221584692e+04 3.826540342553961636e+03 0.000000000000000000e+00 4.077146106023199046e+00 2.400000000000000050e-02
3.156015800000000000e+07 1.000000000000000000e+00 6.500000000000000000e+01 3.260039999999999964e+03 1.385393352221584610e+04 3.836690142553960868e+03 0.000000000000000000e+00 4.945709721352035793e+00 9.199999999999999845e-02
3.156015900000000000e+07 1.000000000000000000e+00 6.500000000000000000e+01 3.259619999999999891e+03 1.385796742221584645e+04 3.838279942553961519e+03 0.000000000000000000e+00 6.606009421712233376e+00 9.199999999999999845e-02
3.156015800000000000e+07 1.000000000000000000e+00 6.500000000000000000e+01 3.252710000000000036e+03 1.385493522221584499e+04 3.831137842553961491e+03 0.000000000000000000e+00 6.338290011858462414e+00 2.400000000000000050e-02
3.156016200000000000e+07 1.000000000000000000e+00 6.600000000000000000e+01 3.249420000000000073e+03 1.386386302221584629e+04 3.835839142553961210e+03 0.000000000000000000e+00 4.584243961819301383e+00 2.400000000000000050e-02
3.155396700000000000e+07 1.000000000000000000e+00 6.500000000000000000e+01 2.709560000000000400e+03 1.386463052221584621e+04 3.798399142553961610e+03 0.000000000000000000e+00 2.333588523219855215e+00 4.169999999999999818e-01
3.155290200000000000e+07 1.000000000000000000e+00 6.600000000000000000e+01 2.691599999999999454e+03 1.388064882221584594e+04 3.803611942553960944e+03 0.000000000000000000e+00 8.914003032851079311e+00 1.078999999999999915e+01
3.155290200000000000e+07 1.000000000000000000e+00 6.600000000000000000e+01 2.691539999999999964e+03 1.387984582221584606e+04 3.800934042553961262e+03 0.000000000000000000e+00 7.252887567757545284e+00 9.199999999999999845e-02
3.155282200000000000e+07 1.000000000000000000e+00 6.600000000000000000e+01 2.693489999999999782e+03 1.386796582221584686e+04 3.801614242553961049e+03 0.000000000000000000e+00 9.810022272626421014e+00 9.199999999999999845e-02
3.155282200000000000e+07 1.000000000000000000e+00 6.600000000000000000e+01 2.691829999999999927e+03 1.386541692221584526e+04 3.804894942553961300e+03 0.000000000000000000e+00 6.990212991820999200e+00 9.199999999999999845e-02
3.155290400000000000e+07 1.000000000000000000e+00 6.500000000000000000e+01 2.692789999999999964e+03 1.387546782221584726e+04 3.797518242553961500e+03 0.000000000000000000e+00 8.278466330571914611e+00 8.220000000000000639e+00
3.155290400000000000e+07 1.000000000000000000e+00 6.500000000000000000e+01 2.692789999999999964e+03 1.387546782221584726e+04 3.797518242553961500e+03 0.000000000000000000e+00 8.278466330571914611e+00 1.463090000000000002e+00
3.155290200000000000e+07 1.000000000000000000e+00 6.600000000000000000e+01 2.691599999999999454e+03 1.388064882221584594e+04 3.803611942553960944e+03 0.000000000000000000e+00 8.914003032851079311e+00 7.211729999999999530e-01
3.163986000000000000e+07 0.000000000000000000e+00 6.600000000000000000e+01 1.242850000000000364e+03 1.380384262221584504e+04 3.808713892553961159e+03 0.000000000000000000e+00 1.583161442816937381e+00 5.966719999999999580e+00
3.163978500000000000e+07 0.000000000000000000e+00 6.500000000000000000e+01 1.252310000000000400e+03 1.381533142221584603e+04 3.811962672553961056e+03 1.000000000000000000e+00 2.123352824982647213e+00 9.000000000000000000e+00
