4.729626800000000000e+07 0.000000000000000000e+00 6.600000000000000000e+01 4.038121390431438613e+03 9.299751297471404541e+03 5.457829999999999927e+03 0.000000000000000000e+00 3.018566299145318155e+00 1.078999999999999915e+01
4.729381500000000000e+07 0.000000000000000000e+00 6.600000000000000000e+01 4.278868390431438456e+03 9.460901297471402358e+03 5.569130000000000109e+03 0.000000000000000000e+00 1.214501566334221350e+00 1.339000000000000057e+01
4.882654400000000000e+07 1.000000000000000000e+00 6.600000000000000000e+01 4.585452390431437379e+03 9.662951297471405269e+03 5.713579999999999927e+03 0.000000000000000000e+00 6.974414713802364219e+00 1.078999999999999915e+01
5.298519800000000000e+07 1.000000000000000000e+00 6.500000000000000000e+01 5.572581390431438194e+03 1.032935129747140309e+04 6.174710000000000036e+03 0.000000000000000000e+00 8.060003385938705023e+00 1.339000000000000057e+01
6.482158800000000000e+07 1.000000000000000000e+00 6.500000000000000000e+01 8.428571390431437976e+03 1.212790129747140600e+04 7.575802800000000389e+03 0.000000000000000000e+00 2.003291781527001270e+00 1.078999999999999915e+01
6.482158800000000000e+07 1.000000000000000000e+00 6.500000000000000000e+01 8.428571390431437976e+03 1.212790129747140600e+04 7.575802800000000389e+03 0.000000000000000000e+00 2.003291781527001270e+00 8.733030000000000515e-01
6.482158800000000000e+07 1.000000000000000000e+00 6.500000000000000000e+01 8.428571390431437976e+03 1.212790129747140600e+04 7.575802800000000389e+03 0.000000000000000000e+00 2.003291781527001270e+00 1.111649999999999999e-01
5.298519800000000000e+07 1.000000000000000000e+00 6.500000000000000000e+01 5.572401390431437903e+03 1.032968129747140483e+04 6.173720000000000255e+03 0.000000000000000000e+00 7.424116133058134004e+00 4.169999999999999818e-01
5.298519800000000000e+07 1.000000000000000000e+00 6.500000000000000000e+01 5.572651390431437903e+03 1.033070129747140527e+04 6.175949999999999818e+03 0.000000000000000000e+00 7.831218960960843134e+00 1.078999999999999915e+01
5.298519800000000000e+07 1.000000000000000000e+00 6.500000000000000000e+01 5.572651390431437903e+03 1.033070129747140527e+04 6.175949999999999818e+03 0.000000000000000000e+00 7.831218960960843134e+00 4.270150000000000112e+00
5.298519800000000000e+07 1.000000000000000000e+00 6.500000000000000000e+01 5.572651390431437903e+03 1.033070129747140527e+04 6.175949999999999818e+03 0.000000000000000000e+00 7.831218960960843134e+00 1.960120000000000084e+00
4.882654400000000000e+07 1.000000000000000000e+00 6.600000000000000000e+01 4.585452390431437379e+03 9.662951297471405269e+03 5.713579999999999927e+03 0.000000000000000000e+00 6.974414713802364219e+00 2.370410000000000128e+00
4.729481700000000000e+07 1.000000000000000000e+00 6.500000000000000000e+01 4.275007390431439489e+03 9.468351297471403086e+03 5.569090000000000146e+03 0.000000000000000000e+00 1.366192550652655324e+00 2.400000000000000050e-02
4.729381300000000000e+07 0.000000000000000000e+00 6.600000000000000000e+01 4.272444390431439388e+03 9.469221297471405705e+03 5.564229999999999563e+03 0.000000000000000000e+00 9.247482610260492342e-01 9.199999999999999845e-02
4.729389100000000000e+07 1.000000000000000000e+00 6.500000000000000000e+01 4.256989390431439460e+03 9.480121297471403523e+03 5.557460000000000036e+03 0.000000000000000000e+00 3.072438213611073277e+00 9.199999999999999845e-02
4.729389200000000000e+07 1.000000000000000000e+00 6.500000000000000000e+01 4.260195390431437772e+03 9.481631297471405560e+03 5.560789999999999964e+03 0.000000000000000000e+00 1.378460581091814685e+00 2.400000000000000050e-02
4.729389200000000000e+07 1.000000000000000000e+00 6.500000000000000000e+01 4.259549390431438951e+03 9.482351297471403086e+03 5.561529999999999745e+03 0.000000000000000000e+00 2.915192875820271645e-01 2.039999999999999869e-01
4.729389500000000000e+07 0.000000000000000000e+00 6.600000000000000000e+01 4.250038390431438529e+03 9.481781297471403377e+03 5.566149999999999636e+03 0.000000000000000000e+00 2.685616724860056870e+00 4.169999999999999818e-01
4.729389900000000000e+07 0.000000000000000000e+00 6.600000000000000000e+01 4.234963390431437801e+03 9.478001297471404541e+03 5.574559999999999491e+03 0.000000000000000000e+00 4.048271217229038932e+00 2.039999999999999869e-01
4.729389900000000000e+07 0.000000000000000000e+00 6.600000000000000000e+01 4.233464390431438005e+03 9.477611297471405123e+03 5.573989999999999782e+03 0.000000000000000000e+00 4.519178122966776456e+00 6.099999999999999867e-02
4.729390200000000000e+07 0.000000000000000000e+00 6.500000000000000000e+01 4.241023390431439111e+03 9.460661297471404396e+03 5.569500000000000000e+03 0.000000000000000000e+00 1.341719105098540421e+00 9.199999999999999845e-02
4.729390200000000000e+07 0.000000000000000000e+00 6.500000000000000000e+01 4.240784390431437714e+03 9.461311297471405851e+03 5.570069999999999709e+03 0.000000000000000000e+00 5.059945094410763788e-01 9.199999999999999845e-02
4.729390200000000000e+07 0.000000000000000000e+00 6.500000000000000000e+01 4.240405390431438718e+03 9.462341297471404687e+03 5.570979999999999563e+03 0.000000000000000000e+00 1.054129729989589315e+00 9.199999999999999845e-02
4.729390200000000000e+07 0.000000000000000000e+00 6.500000000000000000e+01 4.245866390431438049e+03 9.457571297471404250e+03 5.564940000000000509e+03 0.000000000000000000e+00 4.071216830838209511e+00 6.099999999999999867e-02
4.729390100000000000e+07 1.000000000000000000e+00 6.500000000000000000e+01 4.248153390431438311e+03 9.455481297471404105e+03 5.563699999999999818e+03 0.000000000000000000e+00 4.062687963433536886e+00 9.199999999999999845e-02
4.729390600000000000e+07 0.000000000000000000e+00 6.600000000000000000e+01 4.240685390431439373e+03 9.451221297471405705e+03 5.562100000000000364e+03 0.000000000000000000e+00 1.658536584789467527e+00 4.169999999999999818e-01
4.729390300000000000e+07 1.000000000000000000e+00 6.500000000000000000e+01 4.239950390431438791e+03 9.461841297471404687e+03 5.583590000000000146e+03 0.000000000000000000e+00 8.442485569013461699e+00 6.099999999999999867e-02
4.729626600000000000e+07 1.000000000000000000e+00 6.600000000000000000e+01 4.038322390431438635e+03 9.297031297471403377e+03 5.465920000000000073e+03 0.000000000000000000e+00 5.564104518486194806e+00 1.078999999999999915e+01
4.729626700000000000e+07 0.000000000000000000e+00 6.500000000000000000e+01 4.041560390431438918e+03 9.299131297471405560e+03 5.461699999999999818e+03 0.000000000000000000e+00 3.788453932696451698e+00 9.199999999999999845e-02
4.729626500000000000e+07 1.000000000000000000e+00 6.600000000000000000e+01 4.039233390431438693e+03 9.304071297471404250e+03 5.467750000000000000e+03 0.000000000000000000e+00 9.677371400170795557e-01 9.199999999999999845e-02
4.729626700000000000e+07 0.000000000000000000e+00 6.500000000000000000e+01 4.048338390431438256e+03 9.302731297471404105e+03 5.459739999999999782e+03 0.000000000000000000e+00 7.627606272168270252e-01 4.169999999999999818e-01
4.729626600000000000e+07 1.000000000000000000e+00 6.500000000000000000e+01 4.050528390431438766e+03 9.306451297471405269e+03 5.459779999999999745e+03 0.000000000000000000e+00 2.261409173690711150e+00 9.199999999999999845e-02
4.729618300000000000e+07 1.000000000000000000e+00 6.500000000000000000e+01 4.050092390431439071e+03 9.291191297471403232e+03 5.470829999999999927e+03 0.000000000000000000e+00 7.105890607105847856e+00 9.199999999999999845e-02
4.729618300000000000e+07 1.000000000000000000e+00 6.500000000000000000e+01 4.053378390431438220e+03 9.297721297471405705e+03 5.473329999999999927e+03 0.000000000000000000e+00 1.769594747276692415e+00 9.199999999999999845e-02
4.729618400000000000e+07 1.000000000000000000e+00 6.500000000000000000e+01 4.063991390431438504e+03 9.289221297471405705e+03 5.466189999999999600e+03 0.000000000000000000e+00 4.167563341213960548e+00 4.169999999999999818e-01
4.729740400000000000e+07 1.000000000000000000e+00 6.600000000000000000e+01 4.073414390431438278e+03 9.270781297471403377e+03 5.464329999999999927e+03 0.000000000000000000e+00 1.602618128650273421e+00 9.199999999999999845e-02
4.729618600000000000e+07 1.000000000000000000e+00 6.500000000000000000e+01 4.074645390431438955e+03 9.282191297471403232e+03 5.470560000000000400e+03 0.000000000000000000e+00 8.250149058999158846e-01 6.099999999999999867e-02
4.729723100000000000e+07 1.000000000000000000e+00 6.500000000000000000e+01 4.079139390431438642e+03 9.290681297471404832e+03 5.472159999999999854e+03 0.000000000000000000e+00 4.585933310743269153e+00 6.099999999999999867e-02
4.729723100000000000e+07 1.000000000000000000e+00 6.500000000000000000e+01 4.078098390431438474e+03 9.292491297471402504e+03 5.471329999999999927e+03 0.000000000000000000e+00 4.386037336639091677e+00 6.099999999999999867e-02
4.729618400000000000e+07 1.000000000000000000e+00 6.500000000000000000e+01 4.072333390431439057e+03 9.295471297471405705e+03 5.470250000000000000e+03 0.000000000000000000e+00 5.056846273790843505e+00 9.199999999999999845e-02
4.729618000000000000e+07 1.000000000000000000e+00 6.600000000000000000e+01 4.072622390431438816e+03 9.305001297471404541e+03 5.478100000000000364e+03 0.000000000000000000e+00 1.839001856140366709e+00 4.169999999999999818e-01
4.729617600000000000e+07 1.000000000000000000e+00 6.500000000000000000e+01 4.076882390431439035e+03 9.305931297471404832e+03 5.477139999999999418e+03 0.000000000000000000e+00 5.957442455770610046e+00 9.199999999999999845e-02
4.729705500000000000e+07 1.000000000000000000e+00 6.500000000000000000e+01 4.099164390431438733e+03 9.299051297471403814e+03 5.480789999999999964e+03 0.000000000000000000e+00 4.583331246088784283e+00 9.199999999999999845e-02
4.729722600000000000e+07 1.000000000000000000e+00 6.600000000000000000e+01 4.090625390431438518e+03 9.300951297471405269e+03 5.485360000000000582e+03 0.000000000000000000e+00 9.682313895063956455e-01 9.199999999999999845e-02
4.729798500000000000e+07 1.000000000000000000e+00 6.600000000000000000e+01 4.086451390431438540e+03 9.297061297471405851e+03 5.485789999999999964e+03 0.000000000000000000e+00 1.309760364110511777e+00 9.199999999999999845e-02
4.729722600000000000e+07 1.000000000000000000e+00 6.600000000000000000e+01 4.087947390431438635e+03 9.299961297471403668e+03 5.487729999999999563e+03 0.000000000000000000e+00 1.961415786481605972e+00 2.039999999999999869e-01
4.729617300000000000e+07 1.000000000000000000e+00 6.600000000000000000e+01 4.079416390431438685e+03 9.310721297471405705e+03 5.488899999999999636e+03 0.000000000000000000e+00 4.162982386605509788e+00 9.199999999999999845e-02
4.729617300000000000e+07 1.000000000000000000e+00 6.600000000000000000e+01 4.081378390431438220e+03 9.310531297471403377e+03 5.490329999999999927e+03 0.000000000000000000e+00 4.077973144225932600e+00 9.199999999999999845e-02
4.729617500000000000e+07 1.000000000000000000e+00 6.500000000000000000e+01 4.073923390431438293e+03 9.315511297471402941e+03 5.488239999999999782e+03 0.000000000000000000e+00 3.335871917589295244e+00 4.169999999999999818e-01
4.729625700000000000e+07 0.000000000000000000e+00 6.500000000000000000e+01 4.049057390431438307e+03 9.332141297471403959e+03 5.481449999999999818e+03 0.000000000000000000e+00 2.785419215386907954e+00 9.199999999999999845e-02
4.729625700000000000e+07 0.000000000000000000e+00 6.500000000000000000e+01 4.048946390431438431e+03 9.331821297471404250e+03 5.481329999999999927e+03 0.000000000000000000e+00 2.582018463909497630e+00 4.169999999999999818e-01
4.729625800000000000e+07 0.000000000000000000e+00 6.500000000000000000e+01 4.048441390431438322e+03 9.329151297471405996e+03 5.480279999999999745e+03 0.000000000000000000e+00 2.023238467193560819e+00 2.039999999999999869e-01
4.729625600000000000e+07 0.000000000000000000e+00 6.500000000000000000e+01 4.051330390431438445e+03 9.334161297471404396e+03 5.480029999999999745e+03 0.000000000000000000e+00 1.614255756831544764e+00 4.169999999999999818e-01
4.729625600000000000e+07 0.000000000000000000e+00 6.600000000000000000e+01 4.043881390431438831e+03 9.341421297471402795e+03 5.476380000000000109e+03 0.000000000000000000e+00 2.821949119770794212e+00 2.400000000000000050e-02
4.729625500000000000e+07 0.000000000000000000e+00 6.600000000000000000e+01 4.044942390431438525e+03 9.341991297471402504e+03 5.479130000000000109e+03 0.000000000000000000e+00 2.817088730812618458e+00 9.199999999999999845e-02
4.729625500000000000e+07 0.000000000000000000e+00 6.600000000000000000e+01 4.043825390431438336e+03 9.346291297471405414e+03 5.481329999999999927e+03 0.000000000000000000e+00 4.549024452689109488e+00 4.169999999999999818e-01
4.729625500000000000e+07 0.000000000000000000e+00 6.600000000000000000e+01 4.043825390431438336e+03 9.346291297471405414e+03 5.481329999999999927e+03 0.000000000000000000e+00 4.549024452689109488e+00 7.053659999999999819e+00
4.729626500000000000e+07 1.000000000000000000e+00 6.600000000000000000e+01 4.031512390431439144e+03 9.305291297471405414e+03 5.471210000000000036e+03 0.000000000000000000e+00 3.405836597540798927e+00 9.199999999999999845e-02
4.729887700000000000e+07 1.000000000000000000e+00 6.600000000000000000e+01 4.002131390431438831e+03 9.299171297471402795e+03 5.462690000000000509e+03 0.000000000000000000e+00 6.395242682338554197e+00 9.199999999999999845e-02
4.729887800000000000e+07 1.000000000000000000e+00 6.600000000000000000e+01 4.000697390431438635e+03 9.294081297471402650e+03 5.467409999999999854e+03 0.000000000000000000e+00 5.408960823271936391e+00 4.169999999999999818e-01
4.729887800000000000e+07 1.000000000000000000e+00 6.600000000000000000e+01 4.000550390431438700e+03 9.292271297471404978e+03 5.468350000000000364e+03 0.000000000000000000e+00 4.668271752411319753e+00 9.199999999999999845e-02
4.729887800000000000e+07 1.000000000000000000e+00 6.600000000000000000e+01 4.005175390431438700e+03 9.291051297471403814e+03 5.472819999999999709e+03 0.000000000000000000e+00 2.507807005286453617e+00 9.088060000000000471e+00
1.572682000000000000e+07 1.000000000000000000e+00 6.600000000000000000e+01 3.625698890431438940e+03 8.104089297471404279e+03 1.677370000000000800e+03 0.000000000000000000e+00 8.076918017828184304e+00 9.199999999999999845e-02
1.572682100000000000e+07 0.000000000000000000e+00 6.500000000000000000e+01 3.620321190431438936e+03 8.101834297471404170e+03 1.682180000000000291e+03 0.000000000000000000e+00 3.978323840072202966e+00 9.199999999999999845e-02
1.572682100000000000e+07 0.000000000000000000e+00 6.500000000000000000e+01 3.619700090431438639e+03 8.102002297471403836e+03 1.683199999999999818e+03 0.000000000000000000e+00 3.093654202225144978e+00 2.400000000000000050e-02
1.572563300000000000e+07 0.000000000000000000e+00 6.600000000000000000e+01 3.610536390431438576e+03 8.104443297471403639e+03 1.692310000000000400e+03 0.000000000000000000e+00 1.437290947820315745e+00 2.039999999999999869e-01
1.572563300000000000e+07 0.000000000000000000e+00 6.600000000000000000e+01 3.610536390431438576e+03 8.104443297471403639e+03 1.692310000000000400e+03 0.000000000000000000e+00 1.437290947820315745e+00 7.258829999999999671e+00
1.007015100000000000e+07 1.000000000000000000e+00 6.500000000000000000e+01 3.670102990431438684e+03 8.037713297471404076e+03 1.084309999999999491e+03 0.000000000000000000e+00 7.934043025727738119e+00 1.078999999999999915e+01
1.007015200000000000e+07 1.000000000000000000e+00 6.500000000000000000e+01 3.676663790431438883e+03 8.031884297471404352e+03 1.078850000000000364e+03 0.000000000000000000e+00 7.651962467155131620e+00 9.199999999999999845e-02
1.007141500000000000e+07 1.000000000000000000e+00 6.600000000000000000e+01 3.686204990431438546e+03 8.022829597471403758e+03 1.092859999999999673e+03 0.000000000000000000e+00 4.512632690793622281e+00 9.199999999999999845e-02
1.007141700000000000e+07 1.000000000000000000e+00 6.500000000000000000e+01 3.688907790431438571e+03 8.021455697471404164e+03 1.093240000000000691e+03 0.000000000000000000e+00 3.535338366409241040e+00 9.199999999999999845e-02
1.007141400000000000e+07 1.000000000000000000e+00 6.600000000000000000e+01 3.678601590431438581e+03 8.018679297471404425e+03 1.092519999999999527e+03 0.000000000000000000e+00 1.728568519910673507e+00 9.199999999999999845e-02
1.007141400000000000e+07 1.000000000000000000e+00 6.600000000000000000e+01 3.678254790431438323e+03 8.018707997471404269e+03 1.092070000000000618e+03 0.000000000000000000e+00 1.979171960603926417e+00 9.199999999999999845e-02
1.007141400000000000e+07 1.000000000000000000e+00 6.600000000000000000e+01 3.677226890431438278e+03 8.018793097471404508e+03 1.090729999999999563e+03 0.000000000000000000e+00 3.238545242902164389e+00 6.099999999999999867e-02
1.007141000000000000e+07 1.000000000000000000e+00 6.500000000000000000e+01 3.669313990431438924e+03 8.023091797471403879e+03 1.082850000000000364e+03 0.000000000000000000e+00 2.930892962366986598e+00 4.169999999999999818e-01
1.007141000000000000e+07 1.000000000000000000e+00 6.500000000000000000e+01 3.669313990431438924e+03 8.023091797471403879e+03 1.082850000000000364e+03 0.000000000000000000e+00 2.930892962366986598e+00 7.126520000000000188e+00
1.007015100000000000e+07 1.000000000000000000e+00 6.500000000000000000e+01 3.670102990431438684e+03 8.037713297471404076e+03 1.084309999999999491e+03 0.000000000000000000e+00 7.934043025727738119e+00 1.639820000000000166e-02
1.007141800000000000e+07 1.000000000000000000e+00 6.500000000000000000e+01 3.691830590431438850e+03 8.028200497471403651e+03 1.090000000000000000e+03 0.000000000000000000e+00 3.564247261675700162e+00 9.199999999999999845e-02
1.007141800000000000e+07 1.000000000000000000e+00 6.500000000000000000e+01 3.697067590431438930e+03 8.027912597471404297e+03 1.101780000000000655e+03 0.000000000000000000e+00 9.562318565319353425e+00 6.099999999999999867e-02
1.007141800000000000e+07 1.000000000000000000e+00 6.500000000000000000e+01 3.702956570431438649e+03 8.027383097471403744e+03 1.101309999999999491e+03 0.000000000000000000e+00 9.721347128802683812e+00 2.400000000000000050e-02
6.919907000000000000e+06 1.000000000000000000e+00 6.500000000000000000e+01 3.700565290431438825e+03 8.033345897471403987e+03 7.588199999999997090e+02 0.000000000000000000e+00 5.944492806864960954e+00 9.199999999999999845e-02
6.919907000000000000e+06 1.000000000000000000e+00 6.500000000000000000e+01 3.700165790431438381e+03 8.034641097471404464e+03 7.574000000000005457e+02 0.000000000000000000e+00 5.612427378245666176e+00 9.199999999999999845e-02
6.919911000000000000e+06 1.000000000000000000e+00 6.600000000000000000e+01 3.705445300431438682e+03 8.031810897471404132e+03 7.536099999999996726e+02 0.000000000000000000e+00 1.080516040822493196e+00 2.400000000000000050e-02
6.920000000000000000e+06 1.000000000000000000e+00 6.600000000000000000e+01 3.656639690431438339e+03 8.041618097471404326e+03 8.040799999999999272e+02 0.000000000000000000e+00 5.697780697233167047e+00 9.199999999999999845e-02
6.919997000000000000e+06 1.000000000000000000e+00 6.500000000000000000e+01 3.662712190431438557e+03 8.043257897471404249e+03 8.081300000000001091e+02 0.000000000000000000e+00 4.811655341137598185e+00 6.099999999999999867e-02
6.920002000000000000e+06 1.000000000000000000e+00 6.600000000000000000e+01 3.663013090431438741e+03 8.048721797471403988e+03 8.100699999999997090e+02 0.000000000000000000e+00 4.704575216776081703e+00 6.099999999999999867e-02
6.920002000000000000e+06 1.000000000000000000e+00 6.600000000000000000e+01 3.663475690431438579e+03 8.048249597471403831e+03 8.135100000000002183e+02 0.000000000000000000e+00 1.221758300759082427e+00 8.220000000000000639e+00
6.920002000000000000e+06 1.000000000000000000e+00 6.600000000000000000e+01 3.663475690431438579e+03 8.048249597471403831e+03 8.135100000000002183e+02 0.000000000000000000e+00 1.221758300759082427e+00 1.712309999999999999e+00
8.816662500000000000e+07 1.000000000000000000e+00 6.600000000000000000e+01 5.043713904314386127e+02 1.124785129747140309e+04 1.042875000000000000e+04 1.000000000000000000e+00 2.382138225131978648e-01 2.140000000000000000e+02
8.816677700000000000e+07 0.000000000000000000e+00 6.500000000000000000e+01 5.000313904314393767e+02 1.124104129747140541e+04 1.042857999999999993e+04 1.000000000000000000e+00 1.787597204873380141e+00 2.140000000000000000e+02
5.436065400000000000e+07 0.000000000000000000e+00 6.500000000000000000e+01 1.700131390431438831e+03 1.020802129747140498e+04 6.429829999999999927e+03 1.000000000000000000e+00 1.200422011412648260e+00 2.140000000000000000e+02
5.436074500000000000e+07 0.000000000000000000e+00 6.500000000000000000e+01 1.725631390431438831e+03 1.022363129747140556e+04 6.425720000000000255e+03 1.000000000000000000e+00 1.498058071631809485e+00 2.140000000000000000e+02
5.435921300000000000e+07 1.000000000000000000e+00 6.500000000000000000e+01 1.697771390431439158e+03 1.025709129747140469e+04 6.429479999999999563e+03 1.000000000000000000e+00 6.269001648232247481e-01 2.140000000000000000e+02
3.178288600000000000e+07 0.000000000000000000e+00 6.500000000000000000e+01 2.215781390431438467e+03 9.264581297471402650e+03 3.860279999999999745e+03 1.000000000000000000e+00 1.462208164161454826e+00 2.140000000000000000e+02
