1.836186200000000000e+07 0.000000000000000000e+00 6.600000000000000000e+01 6.487201069794423347e+03 7.023577217054056746e+03 2.057369999999999891e+03 0.000000000000000000e+00 2.981409105892448785e+00 3.229999999999999716e+01
2.119126600000000000e+07 0.000000000000000000e+00 6.600000000000000000e+01 6.364870069794423216e+03 6.985302217054057110e+03 2.391980000000000473e+03 0.000000000000000000e+00 2.246595350545046887e+00 1.078999999999999915e+01
6.348659900000000000e+07 0.000000000000000000e+00 6.500000000000000000e+01 3.728771069794423056e+03 6.025030217054057175e+03 7.426875399999999900e+03 0.000000000000000000e+00 2.414903885539456674e+00 3.229999999999999716e+01
6.348390200000000000e+07 1.000000000000000000e+00 6.600000000000000000e+01 3.625781069794422820e+03 5.986090217054056666e+03 7.569292900000000373e+03 0.000000000000000000e+00 4.670901888868187690e+00 1.078999999999999915e+01
7.478958000000000000e+07 1.000000000000000000e+00 6.600000000000000000e+01 3.077581069794423001e+03 5.714250217054057430e+03 8.735680000000000291e+03 0.000000000000000000e+00 5.213512542106885306e+00 1.339000000000000057e+01
7.794137400000000000e+07 1.000000000000000000e+00 6.500000000000000000e+01 2.934051069794422801e+03 5.674000217054057430e+03 9.045850000000000364e+03 0.000000000000000000e+00 9.786020395398981719e+00 1.078999999999999915e+01
7.793960600000000000e+07 1.000000000000000000e+00 6.600000000000000000e+01 2.811741069794423311e+03 5.668210217054056557e+03 9.246200000000000728e+03 0.000000000000000000e+00 6.165496275700608209e+00 1.078999999999999915e+01
8.356093300000000000e+07 0.000000000000000000e+00 6.600000000000000000e+01 2.499131069794422729e+03 5.612130217054056629e+03 9.735030000000000655e+03 0.000000000000000000e+00 3.286971080869203643e+00 1.339000000000000057e+01
8.356027300000000000e+07 1.000000000000000000e+00 6.500000000000000000e+01 2.440971069794422874e+03 5.595210217054056557e+03 9.831799999999999272e+03 0.000000000000000000e+00 9.240483551945313678e+00 1.078999999999999915e+01
1.141910230000000000e+08 1.000000000000000000e+00 6.600000000000000000e+01 8.156410697944229469e+02 4.997850217054057794e+03 1.346306999999999971e+04 0.000000000000000000e+00 1.912491860277671041e+00 1.339000000000000057e+01
1.141910230000000000e+08 1.000000000000000000e+00 6.600000000000000000e+01 8.156410697944229469e+02 4.997850217054057794e+03 1.346306999999999971e+04 0.000000000000000000e+00 1.912491860277671041e+00 3.315659999999999830e+00
8.356027300000000000e+07 1.000000000000000000e+00 6.500000000000000000e+01 2.442221069794422874e+03 5.596770217054056957e+03 9.834479999999999563e+03 0.000000000000000000e+00 9.641460261209600091e+00 1.078999999999999915e+01
8.356016600000000000e+07 1.000000000000000000e+00 6.500000000000000000e+01 2.434161069794423383e+03 5.584580217054057357e+03 9.856729999999999563e+03 0.000000000000000000e+00 6.326688912101311679e+00 2.400000000000000050e-02
8.356016800000000000e+07 1.000000000000000000e+00 6.500000000000000000e+01 2.419071069794423238e+03 5.591450217054057248e+03 9.862559999999999491e+03 0.000000000000000000e+00 6.527146387784903858e+00 2.400000000000000050e-02
8.356016700000000000e+07 1.000000000000000000e+00 6.500000000000000000e+01 2.423981069794423092e+03 5.586230217054056993e+03 9.859860000000000582e+03 0.000000000000000000e+00 4.353133315124243730e+00 4.169999999999999818e-01
8.380258700000000000e+07 1.000000000000000000e+00 6.600000000000000000e+01 2.420601069794422983e+03 5.578970217054056775e+03 9.862899999999999636e+03 0.000000000000000000e+00 2.354750281422337999e+00 9.199999999999999845e-02
8.380258700000000000e+07 1.000000000000000000e+00 6.600000000000000000e+01 2.420601069794422983e+03 5.578970217054056775e+03 9.862899999999999636e+03 0.000000000000000000e+00 2.354750281422337999e+00 7.318730000000000402e+00
8.356027300000000000e+07 1.000000000000000000e+00 6.500000000000000000e+01 2.442221069794422874e+03 5.596770217054056957e+03 9.834479999999999563e+03 0.000000000000000000e+00 9.641460261209600091e+00 3.138469999999999871e-01
8.356093300000000000e+07 0.000000000000000000e+00 6.600000000000000000e+01 2.499131069794422729e+03 5.612130217054056629e+03 9.735030000000000655e+03 0.000000000000000000e+00 3.286971080869203643e+00 7.185369999999999813e+00
7.793960600000000000e+07 1.000000000000000000e+00 6.600000000000000000e+01 2.811741069794423311e+03 5.668210217054056557e+03 9.246200000000000728e+03 0.000000000000000000e+00 6.165496275700608209e+00 5.479330000000000034e+00
7.478958000000000000e+07 1.000000000000000000e+00 6.600000000000000000e+01 3.077591069794423220e+03 5.713290217054056484e+03 8.736149999999999636e+03 0.000000000000000000e+00 4.228657432188305698e+00 9.199999999999999845e-02
7.478958000000000000e+07 1.000000000000000000e+00 6.600000000000000000e+01 3.077161069794422929e+03 5.713160217054057284e+03 8.736010000000000218e+03 0.000000000000000000e+00 4.405422479348084508e+00 9.199999999999999845e-02
7.478958000000000000e+07 1.000000000000000000e+00 6.600000000000000000e+01 3.077161069794422929e+03 5.713160217054057284e+03 8.736010000000000218e+03 0.000000000000000000e+00 4.405422479348084508e+00 7.349870000000000125e+00
6.348390200000000000e+07 1.000000000000000000e+00 6.600000000000000000e+01 3.625511069794422838e+03 5.986200217054057248e+03 7.569170199999999568e+03 0.000000000000000000e+00 4.729503526623295429e+00 1.339000000000000057e+01
6.348390300000000000e+07 1.000000000000000000e+00 6.600000000000000000e+01 3.616591069794422765e+03 5.987970217054056775e+03 7.566164600000000064e+03 0.000000000000000000e+00 5.943144500613223968e+00 1.339000000000000057e+01
6.348382200000000000e+07 1.000000000000000000e+00 6.600000000000000000e+01 3.574521069794422601e+03 5.989560217054056920e+03 7.561669200000000274e+03 0.000000000000000000e+00 8.466715103105475038e+00 1.078999999999999915e+01
6.348382000000000000e+07 1.000000000000000000e+00 6.600000000000000000e+01 3.575791069794422583e+03 5.976150217054057066e+03 7.567954200000000128e+03 0.000000000000000000e+00 3.639909556366594412e+00 8.220000000000000639e+00
6.348382000000000000e+07 1.000000000000000000e+00 6.600000000000000000e+01 3.574771069794423056e+03 5.973210217054056557e+03 7.566132999999999811e+03 0.000000000000000000e+00 1.358034432132210423e+00 1.339000000000000057e+01
6.348382000000000000e+07 1.000000000000000000e+00 6.600000000000000000e+01 3.573551069794423256e+03 5.971580217054057357e+03 7.565147700000000441e+03 0.000000000000000000e+00 1.879385227093257171e+00 6.099999999999999867e-02
6.348482300000000000e+07 0.000000000000000000e+00 6.600000000000000000e+01 3.572821069794423238e+03 5.966940217054057030e+03 7.549424699999999575e+03 0.000000000000000000e+00 1.203093604214769297e+00 1.078999999999999915e+01
6.348482300000000000e+07 1.000000000000000000e+00 6.600000000000000000e+01 3.578431069794422910e+03 5.969030217054057175e+03 7.555648600000000442e+03 0.000000000000000000e+00 9.710548569458863355e-01 9.199999999999999845e-02
6.348482100000000000e+07 0.000000000000000000e+00 6.500000000000000000e+01 3.576761069794422838e+03 5.961350217054056884e+03 7.554029300000000148e+03 0.000000000000000000e+00 1.552174829881492135e+00 1.078999999999999915e+01
6.348382200000000000e+07 1.000000000000000000e+00 6.600000000000000000e+01 3.582811069794423020e+03 5.981070217054057139e+03 7.560791199999999662e+03 0.000000000000000000e+00 1.208142231746933914e+00 6.099999999999999867e-02
6.348483300000000000e+07 1.000000000000000000e+00 6.600000000000000000e+01 3.572481069794423092e+03 6.000030217054057175e+03 7.519044899999999870e+03 0.000000000000000000e+00 7.450316061592478611e+00 6.099999999999999867e-02
6.348582700000000000e+07 1.000000000000000000e+00 6.500000000000000000e+01 3.561491069794423311e+03 6.008390217054056848e+03 7.528332599999999729e+03 0.000000000000000000e+00 8.597643219652972846e+00 9.199999999999999845e-02
6.348482100000000000e+07 0.000000000000000000e+00 6.500000000000000000e+01 3.576761069794422838e+03 5.961350217054056884e+03 7.554029300000000148e+03 0.000000000000000000e+00 1.552174829881492135e+00 2.345019999999999882e+00
6.348482300000000000e+07 0.000000000000000000e+00 6.600000000000000000e+01 3.572821069794423238e+03 5.966940217054057030e+03 7.549424699999999575e+03 0.000000000000000000e+00 1.203093604214769297e+00 3.880870000000000153e-01
6.348381900000000000e+07 1.000000000000000000e+00 6.600000000000000000e+01 3.563421069794423147e+03 5.969460217054056557e+03 7.569412099999999555e+03 0.000000000000000000e+00 9.916862628930395829e+00 2.039999999999999869e-01
6.348381900000000000e+07 1.000000000000000000e+00 6.600000000000000000e+01 3.572771069794423056e+03 5.967290217054056484e+03 7.566858799999999974e+03 0.000000000000000000e+00 3.257995370191392848e+00 9.199999999999999845e-02
6.348381900000000000e+07 1.000000000000000000e+00 6.600000000000000000e+01 3.572251069794422619e+03 5.970060217054056920e+03 7.559749300000000403e+03 0.000000000000000000e+00 2.120821594924551690e+00 2.400000000000000050e-02
6.348382100000000000e+07 1.000000000000000000e+00 6.600000000000000000e+01 3.569481069794423092e+03 5.976650217054057066e+03 7.556752499999999600e+03 0.000000000000000000e+00 4.118862792737083112e+00 9.199999999999999845e-02
6.348382100000000000e+07 1.000000000000000000e+00 6.600000000000000000e+01 3.568251069794422619e+03 5.977990217054057211e+03 7.556229800000000068e+03 0.000000000000000000e+00 5.299261507605264931e+00 9.199999999999999845e-02
6.348382400000000000e+07 1.000000000000000000e+00 6.500000000000000000e+01 3.564791069794423038e+03 5.980870217054056411e+03 7.556612199999999575e+03 0.000000000000000000e+00 6.391734474216085538e+00 4.169999999999999818e-01
6.348382400000000000e+07 1.000000000000000000e+00 6.500000000000000000e+01 3.564791069794423038e+03 5.980870217054056411e+03 7.556612199999999575e+03 0.000000000000000000e+00 6.391734474216085538e+00 7.328009999999999913e+00
6.348382300000000000e+07 1.000000000000000000e+00 6.600000000000000000e+01 3.577481069794422638e+03 5.984090217054056666e+03 7.555826000000000022e+03 0.000000000000000000e+00 2.424627780013405509e+00 2.400000000000000050e-02
6.348382200000000000e+07 1.000000000000000000e+00 6.600000000000000000e+01 3.583571069794422783e+03 5.987990217054057211e+03 7.568222799999999552e+03 0.000000000000000000e+00 8.179502710002799049e+00 4.169999999999999818e-01
6.348382300000000000e+07 1.000000000000000000e+00 6.600000000000000000e+01 3.586901069794423165e+03 5.991730217054056993e+03 7.559145599999999831e+03 0.000000000000000000e+00 9.501306682487262734e+00 9.199999999999999845e-02
6.348582300000000000e+07 1.000000000000000000e+00 6.600000000000000000e+01 3.587411069794422929e+03 5.996680217054056811e+03 7.549590699999999742e+03 0.000000000000000000e+00 2.724204508322735308e+00 9.199999999999999845e-02
6.348382400000000000e+07 1.000000000000000000e+00 6.600000000000000000e+01 3.582021069794422601e+03 5.991720217054056775e+03 7.547620100000000093e+03 0.000000000000000000e+00 7.905783756292699138e+00 9.199999999999999845e-02
6.348382700000000000e+07 1.000000000000000000e+00 6.500000000000000000e+01 3.578361069794423202e+03 5.990860217054057102e+03 7.543636499999999614e+03 0.000000000000000000e+00 4.656577988254882783e+00 1.078999999999999915e+01
6.348382700000000000e+07 1.000000000000000000e+00 6.500000000000000000e+01 3.578361069794423202e+03 5.990860217054057102e+03 7.543636499999999614e+03 0.000000000000000000e+00 4.656577988254882783e+00 1.837939999999999907e+00
6.348382700000000000e+07 1.000000000000000000e+00 6.500000000000000000e+01 3.578361069794423202e+03 5.990860217054057102e+03 7.543636499999999614e+03 0.000000000000000000e+00 4.656577988254882783e+00 1.159699999999999953e+00
6.348390200000000000e+07 0.000000000000000000e+00 6.600000000000000000e+01 3.623161069794423383e+03 5.980150217054057066e+03 7.561855499999999665e+03 0.000000000000000000e+00 5.666636949574124227e-01 2.400000000000000050e-02
6.348581500000000000e+07 1.000000000000000000e+00 6.600000000000000000e+01 3.629191069794422674e+03 5.990670217054057503e+03 7.560640599999999722e+03 0.000000000000000000e+00 3.449441846090410824e+00 9.199999999999999845e-02
6.348489300000000000e+07 1.000000000000000000e+00 6.600000000000000000e+01 3.641621069794422965e+03 5.998270217054056957e+03 7.568401300000000447e+03 0.000000000000000000e+00 1.609729530587452162e+00 9.199999999999999845e-02
6.348589700000000000e+07 1.000000000000000000e+00 6.500000000000000000e+01 3.635791069794423038e+03 6.000320217054057139e+03 7.570791400000000067e+03 0.000000000000000000e+00 2.996242569968681213e+00 1.339000000000000057e+01
6.348589700000000000e+07 1.000000000000000000e+00 6.500000000000000000e+01 3.635791069794423038e+03 6.000320217054057139e+03 7.570791400000000067e+03 0.000000000000000000e+00 2.996242569968681213e+00 2.130419999999999980e+00
6.348589700000000000e+07 1.000000000000000000e+00 6.500000000000000000e+01 3.635791069794423038e+03 6.000320217054057139e+03 7.570791400000000067e+03 0.000000000000000000e+00 2.996242569968681213e+00 4.641769999999999924e-02
6.348390200000000000e+07 1.000000000000000000e+00 6.600000000000000000e+01 3.623781069794423274e+03 5.982630217054056629e+03 7.571041699999999764e+03 0.000000000000000000e+00 2.228368350086518568e+00 2.400000000000000050e-02
6.348390100000000000e+07 1.000000000000000000e+00 6.600000000000000000e+01 3.618861069794422747e+03 5.979370217054056411e+03 7.576659400000000460e+03 0.000000000000000000e+00 4.827088862222023380e+00 2.039999999999999869e-01
6.348390100000000000e+07 1.000000000000000000e+00 6.600000000000000000e+01 3.622921069794423147e+03 5.979550217054056702e+03 7.578741399999999885e+03 0.000000000000000000e+00 8.138908290057093708e+00 9.199999999999999845e-02
6.348390100000000000e+07 1.000000000000000000e+00 6.600000000000000000e+01 3.617531069794422820e+03 5.979020217054056957e+03 7.575398500000000240e+03 0.000000000000000000e+00 3.658191455184136132e+00 8.220000000000000639e+00
6.348390100000000000e+07 1.000000000000000000e+00 6.600000000000000000e+01 3.617531069794422820e+03 5.979020217054056957e+03 7.575398500000000240e+03 0.000000000000000000e+00 3.658191455184136132e+00 5.232490000000000308e+00
6.348651700000000000e+07 1.000000000000000000e+00 6.500000000000000000e+01 3.719081069794423001e+03 6.056030217054057175e+03 7.410624399999999696e+03 0.000000000000000000e+00 1.751653322015365388e+00 1.078999999999999915e+01
6.348651700000000000e+07 1.000000000000000000e+00 6.500000000000000000e+01 3.720871069794422965e+03 6.058790217054056484e+03 7.405017600000000130e+03 0.000000000000000000e+00 5.375160313061142503e+00 4.169999999999999818e-01
6.348652100000000000e+07 1.000000000000000000e+00 6.600000000000000000e+01 3.723351069794422983e+03 6.058880217054056629e+03 7.401933399999999892e+03 0.000000000000000000e+00 4.882818328537604557e+00 9.199999999999999845e-02
6.348771100000000000e+07 1.000000000000000000e+00 6.500000000000000000e+01 3.766671069794422692e+03 6.090700217054057248e+03 7.384844000000000051e+03 0.000000000000000000e+00 1.838507514317435199e+00 9.199999999999999845e-02
6.348771200000000000e+07 0.000000000000000000e+00 6.500000000000000000e+01 3.761171069794422692e+03 6.089680217054056811e+03 7.378458999999999833e+03 0.000000000000000000e+00 3.133883297761655751e+00 9.199999999999999845e-02
6.348771300000000000e+07 0.000000000000000000e+00 6.600000000000000000e+01 3.758701069794423347e+03 6.090730217054056993e+03 7.370819000000000415e+03 0.000000000000000000e+00 8.527758239053547795e-01 2.039999999999999869e-01
6.348771400000000000e+07 1.000000000000000000e+00 6.600000000000000000e+01 3.765941069794423129e+03 6.089310217054056920e+03 7.366359999999999673e+03 0.000000000000000000e+00 5.655122564780374006e+00 9.199999999999999845e-02
6.348651700000000000e+07 1.000000000000000000e+00 6.500000000000000000e+01 3.719081069794423001e+03 6.055890217054056848e+03 7.411822100000000319e+03 0.000000000000000000e+00 2.607361028970323513e+00 2.400000000000000050e-02
6.348651700000000000e+07 1.000000000000000000e+00 6.500000000000000000e+01 3.717811069794422565e+03 6.054130217054056629e+03 7.414625299999999697e+03 0.000000000000000000e+00 5.412637632465551185e+00 1.605000000000000071e+01
6.348659600000000000e+07 1.000000000000000000e+00 6.500000000000000000e+01 3.728131069794423183e+03 6.046160217054057284e+03 7.428406299999999646e+03 0.000000000000000000e+00 7.742944455143820015e+00 9.199999999999999845e-02
6.348667200000000000e+07 1.000000000000000000e+00 6.500000000000000000e+01 3.719361069794422747e+03 6.048810217054056920e+03 7.436726499999999760e+03 0.000000000000000000e+00 8.386616391612292887e+00 9.199999999999999845e-02
6.348667200000000000e+07 1.000000000000000000e+00 6.500000000000000000e+01 3.719161069794422929e+03 6.049040217054056484e+03 7.436967200000000048e+03 0.000000000000000000e+00 8.332094411200115402e+00 4.169999999999999818e-01
6.348649800000000000e+07 1.000000000000000000e+00 6.500000000000000000e+01 3.710451069794422892e+03 6.056050217054056702e+03 7.436085399999999936e+03 0.000000000000000000e+00 7.699676152919402661e+00 2.400000000000000050e-02
6.348649800000000000e+07 1.000000000000000000e+00 6.500000000000000000e+01 3.709891069794423402e+03 6.057490217054057211e+03 7.435084700000000339e+03 0.000000000000000000e+00 7.291094589687555860e+00 9.199999999999999845e-02
6.348649800000000000e+07 1.000000000000000000e+00 6.500000000000000000e+01 3.709251069794423074e+03 6.058860217054057102e+03 7.437076799999999821e+03 0.000000000000000000e+00 6.430302723591180047e+00 6.099999999999999867e-02
6.348666900000000000e+07 1.000000000000000000e+00 6.600000000000000000e+01 3.706761069794422838e+03 6.053430217054056811e+03 7.432554799999999886e+03 0.000000000000000000e+00 4.941157836593757402e+00 8.349999999999999645e-01
6.348666900000000000e+07 1.000000000000000000e+00 6.600000000000000000e+01 3.706761069794422838e+03 6.053430217054056811e+03 7.432554799999999886e+03 0.000000000000000000e+00 4.941157836593757402e+00 6.723749999999999893e+00
6.348651700000000000e+07 1.000000000000000000e+00 6.500000000000000000e+01 3.717811069794422565e+03 6.054130217054056629e+03 7.414625299999999697e+03 0.000000000000000000e+00 5.412637632465551185e+00 2.395160000000000178e+00
2.119126600000000000e+07 0.000000000000000000e+00 6.500000000000000000e+01 6.368750069794423325e+03 6.985792217054056891e+03 2.392489999999999782e+03 0.000000000000000000e+00 1.856494529433155849e+00 1.339000000000000057e+01
2.119126600000000000e+07 0.000000000000000000e+00 6.500000000000000000e+01 6.368750069794423325e+03 6.985792217054056891e+03 2.392489999999999782e+03 0.000000000000000000e+00 1.856494529433155849e+00 6.660639999999999894e+00
2.119126600000000000e+07 0.000000000000000000e+00 6.500000000000000000e+01 6.368750069794423325e+03 6.985792217054056891e+03 2.392489999999999782e+03 0.000000000000000000e+00 1.856494529433155849e+00 3.446120000000000072e+00
1.836186800000000000e+07 1.000000000000000000e+00 6.500000000000000000e+01 6.475236069794423202e+03 7.010892217054057255e+03 2.071049999999999272e+03 0.000000000000000000e+00 2.705403125481415483e+00 6.099999999999999867e-02
1.836186600000000000e+07 1.000000000000000000e+00 6.600000000000000000e+01 6.480174069794423303e+03 7.018868217054056913e+03 2.074760000000000218e+03 0.000000000000000000e+00 1.238770849259974494e+00 9.199999999999999845e-02
1.836186600000000000e+07 1.000000000000000000e+00 6.600000000000000000e+01 6.483203069794422845e+03 7.019074217054057044e+03 2.078600000000000364e+03 0.000000000000000000e+00 3.906719115041999757e+00 9.199999999999999845e-02
1.836186600000000000e+07 1.000000000000000000e+00 6.600000000000000000e+01 6.481519069794422649e+03 7.018629217054057335e+03 2.077819999999999709e+03 0.000000000000000000e+00 2.629203034781615322e+00 4.169999999999999818e-01
1.836179100000000000e+07 1.000000000000000000e+00 6.600000000000000000e+01 6.473710069794423362e+03 7.019181217054057015e+03 2.092569999999999709e+03 0.000000000000000000e+00 8.498898367969443868e+00 9.199999999999999845e-02
1.836186600000000000e+07 1.000000000000000000e+00 6.600000000000000000e+01 6.479470069794422670e+03 7.018792217054056891e+03 2.083099999999999454e+03 0.000000000000000000e+00 5.935095141628177196e+00 6.099999999999999867e-02
1.836186400000000000e+07 1.000000000000000000e+00 6.500000000000000000e+01 6.476260069794422634e+03 7.033660217054057284e+03 2.061250000000000000e+03 0.000000000000000000e+00 6.407709217533131607e+00 9.199999999999999845e-02
1.836186400000000000e+07 1.000000000000000000e+00 6.500000000000000000e+01 6.475780069794423071e+03 7.034546217054056797e+03 2.060289999999999964e+03 0.000000000000000000e+00 7.759099576213381866e+00 2.400000000000000050e-02
1.836186400000000000e+07 1.000000000000000000e+00 6.500000000000000000e+01 6.475488069794422699e+03 7.034188217054056622e+03 2.057429999999999382e+03 0.000000000000000000e+00 9.310068568624771501e+00 9.199999999999999845e-02
1.836186400000000000e+07 1.000000000000000000e+00 6.500000000000000000e+01 6.475485069794422998e+03 7.034429217054056608e+03 2.057449999999999818e+03 0.000000000000000000e+00 9.475724022668487123e+00 8.896209999999999951e+00
1.275243100000000000e+07 1.000000000000000000e+00 6.600000000000000000e+01 6.772715069794422561e+03 7.150787217054056782e+03 1.385680000000000291e+03 0.000000000000000000e+00 9.596484191537010489e+00 6.099999999999999867e-02
1.841479300000000000e+07 1.000000000000000000e+00 6.500000000000000000e+01 6.879213069794423063e+03 7.883342217054057073e+03 2.230500000000000000e+03 1.000000000000000000e+00 7.071176931996274728e-01 1.160000000000000000e+02
2.683615600000000000e+07 0.000000000000000000e+00 6.500000000000000000e+01 6.507527069794422459e+03 8.075664217054057190e+03 3.140440000000000509e+03 1.000000000000000000e+00 1.748494022439035733e+00 1.160000000000000000e+02
4.153933400000000000e+07 0.000000000000000000e+00 6.500000000000000000e+01 6.188095069794422670e+03 8.410740217054057211e+03 4.716569999999999709e+03 1.000000000000000000e+00 1.287277775750613085e+00 1.160000000000000000e+02
4.154067800000000000e+07 0.000000000000000000e+00 6.600000000000000000e+01 6.170682069794423114e+03 8.449620217054056411e+03 4.751010000000000218e+03 1.000000000000000000e+00 1.390620218472908398e+00 1.160000000000000000e+02
1.841578300000000000e+07 0.000000000000000000e+00 6.500000000000000000e+01 6.884615069794423107e+03 7.883789217054057190e+03 2.232990000000000691e+03 1.000000000000000000e+00 1.865121834002535506e+00 1.160000000000000000e+02
4.722580500000000000e+07 1.000000000000000000e+00 6.600000000000000000e+01 6.094071069794423238e+03 8.626150217054057066e+03 5.439000000000000000e+03 1.000000000000000000e+00 5.508140053838855854e-01 1.160000000000000000e+02
3.531793300000000000e+07 0.000000000000000000e+00 6.600000000000000000e+01 6.271026069794423165e+03 8.283526217054057270e+03 4.236750000000000000e+03 1.000000000000000000e+00 2.672241574468468439e+00 1.160000000000000000e+02
