1.609729500000000000e+07 1.000000000000000000e+00 6.600000000000000000e+01 6.613577126966293690e+03 3.958311122478824927e+03 1.767739999999999782e+03 0.000000000000000000e+00 1.602089605729801081e+00 1.339000000000000057e+01
8.001458900000000000e+07 1.000000000000000000e+00 6.600000000000000000e+01 6.518085830166293817e+03 3.888676284478824982e+03 9.585029999999998836e+03 0.000000000000000000e+00 9.487814964253754368e+00 4.169999999999999818e-01
8.001458900000000000e+07 1.000000000000000000e+00 6.600000000000000000e+01 6.521776430166293721e+03 3.883382584478824811e+03 9.587399999999999636e+03 0.000000000000000000e+00 6.317400990674456374e+00 9.199999999999999845e-02
8.001458900000000000e+07 1.000000000000000000e+00 6.600000000000000000e+01 6.525851230166293135e+03 3.883757384478825315e+03 9.590180000000000291e+03 0.000000000000000000e+00 8.910659282316554908e+00 2.400000000000000050e-02
7.435891700000000000e+07 1.000000000000000000e+00 6.600000000000000000e+01 6.544968530166293021e+03 3.888953884478825330e+03 8.830959999999999127e+03 0.000000000000000000e+00 6.780941379318607964e+00 1.078999999999999915e+01
7.435891700000000000e+07 1.000000000000000000e+00 6.600000000000000000e+01 6.544968530166293021e+03 3.888953884478825330e+03 8.830959999999999127e+03 0.000000000000000000e+00 6.780941379318607964e+00 1.963719999999999910e+00
7.435891700000000000e+07 1.000000000000000000e+00 6.600000000000000000e+01 6.544968530166293021e+03 3.888953884478825330e+03 8.830959999999999127e+03 0.000000000000000000e+00 6.780941379318607964e+00 1.859939999999999927e+00
1.609729000000000000e+07 1.000000000000000000e+00 6.500000000000000000e+01 6.612612217166293703e+03 3.955293444478824767e+03 1.764119999999999891e+03 0.000000000000000000e+00 3.992524808114977120e+00 4.169999999999999818e-01
1.609729000000000000e+07 1.000000000000000000e+00 6.500000000000000000e+01 6.609355560166293799e+03 3.957202217478824878e+03 1.762769999999999527e+03 0.000000000000000000e+00 5.160705552004781538e+00 9.199999999999999845e-02
1.609729500000000000e+07 1.000000000000000000e+00 6.600000000000000000e+01 6.609334530166293007e+03 3.964760044478825421e+03 1.761529999999999745e+03 0.000000000000000000e+00 9.893156377478565133e+00 2.400000000000000050e-02
1.609729000000000000e+07 1.000000000000000000e+00 6.500000000000000000e+01 6.608338110166293518e+03 3.958440037478825161e+03 1.758029999999999745e+03 0.000000000000000000e+00 9.653074648229107879e+00 8.349999999999999645e-01
1.609728600000000000e+07 1.000000000000000000e+00 6.600000000000000000e+01 6.606867740166293515e+03 3.949940034478825055e+03 1.754519999999999527e+03 0.000000000000000000e+00 4.878535523633072302e+00 9.199999999999999845e-02
1.609729300000000000e+07 1.000000000000000000e+00 6.500000000000000000e+01 6.628037730166293841e+03 3.946937284478825404e+03 1.755619999999999891e+03 0.000000000000000000e+00 3.984604307332421325e+00 9.199999999999999845e-02
1.609729300000000000e+07 1.000000000000000000e+00 6.500000000000000000e+01 6.628376730166293783e+03 3.946802784478825288e+03 1.756480000000000473e+03 0.000000000000000000e+00 3.271956947142177885e+00 6.099999999999999867e-02
1.609729600000000000e+07 1.000000000000000000e+00 6.600000000000000000e+01 6.624781830166293730e+03 3.956212184478824838e+03 1.757549999999999272e+03 0.000000000000000000e+00 3.860391101853471341e+00 4.169999999999999818e-01
1.609729700000000000e+07 1.000000000000000000e+00 6.600000000000000000e+01 6.629750030166293072e+03 3.958170705278824698e+03 1.759039999999999964e+03 0.000000000000000000e+00 2.081449215941810316e+00 9.199999999999999845e-02
1.609730000000000000e+07 1.000000000000000000e+00 6.600000000000000000e+01 6.632600130166293638e+03 3.956710464478824633e+03 1.775109999999999673e+03 0.000000000000000000e+00 3.953937819195928238e+00 2.039999999999999869e-01
1.609730000000000000e+07 1.000000000000000000e+00 6.600000000000000000e+01 6.630008230166293288e+03 3.958179459419824980e+03 1.775409999999999854e+03 0.000000000000000000e+00 1.773925253058386220e+00 9.199999999999999845e-02
1.609729800000000000e+07 0.000000000000000000e+00 6.600000000000000000e+01 6.629167330166293141e+03 3.957559915478824678e+03 1.773420000000000073e+03 0.000000000000000000e+00 3.507587170479505190e+00 9.199999999999999845e-02
1.609730200000000000e+07 1.000000000000000000e+00 6.600000000000000000e+01 6.626417930166293445e+03 3.967924454478824828e+03 1.783830000000000837e+03 0.000000000000000000e+00 3.891816644625301524e+00 2.039999999999999869e-01
1.609730500000000000e+07 1.000000000000000000e+00 6.500000000000000000e+01 6.627424530166293152e+03 3.974381084478825414e+03 1.786090000000000146e+03 0.000000000000000000e+00 7.002391814580430029e+00 9.199999999999999845e-02
1.609730200000000000e+07 1.000000000000000000e+00 6.600000000000000000e+01 6.626403830166293119e+03 3.972230984478824666e+03 1.790340000000000146e+03 0.000000000000000000e+00 9.059058545620363390e+00 9.199999999999999845e-02
