3.459956000000000000e+06 1.000000000000000000e+00 6.500000000000000000e+01 1.106532431420090688e+03 9.410121489203278543e+03 4.891700000000000728e+02 0.000000000000000000e+00 2.115323903759121382e+00 1.078999999999999915e+01
5.315779800000000000e+07 1.000000000000000000e+00 6.600000000000000000e+01 1.095493131420090322e+03 9.373572089203278665e+03 6.167829999999999927e+03 0.000000000000000000e+00 5.042860299358029152e+00 1.605000000000000071e+01
5.315779800000000000e+07 1.000000000000000000e+00 6.600000000000000000e+01 1.093427531420090418e+03 9.371946889203278261e+03 6.167149999999999636e+03 0.000000000000000000e+00 6.554373258354399212e+00 1.078999999999999915e+01
5.315779800000000000e+07 1.000000000000000000e+00 6.600000000000000000e+01 1.086863231420090415e+03 9.373936189203279355e+03 6.168000000000000000e+03 0.000000000000000000e+00 7.263523573721665016e+00 9.199999999999999845e-02
5.315779400000000000e+07 1.000000000000000000e+00 6.500000000000000000e+01 1.085913331420090799e+03 9.374447089203278665e+03 6.170369999999999891e+03 0.000000000000000000e+00 8.617672036513468470e+00 4.169999999999999818e-01
5.315779400000000000e+07 1.000000000000000000e+00 6.500000000000000000e+01 1.089949931420090252e+03 9.373591189203278191e+03 6.173069999999999709e+03 0.000000000000000000e+00 6.378072330053272232e+00 4.169999999999999818e-01
5.315779300000000000e+07 1.000000000000000000e+00 6.500000000000000000e+01 1.085031431420090485e+03 9.381039589203279320e+03 6.177940000000000509e+03 0.000000000000000000e+00 2.859116358245722189e+00 9.199999999999999845e-02
5.315779200000000000e+07 0.000000000000000000e+00 6.500000000000000000e+01 1.083782731420090386e+03 9.391690889203278857e+03 6.176460000000000036e+03 0.000000000000000000e+00 1.489945612451748946e+00 2.400000000000000050e-02
5.315779200000000000e+07 0.000000000000000000e+00 6.500000000000000000e+01 1.082652331420090377e+03 9.392593689203278700e+03 6.175409999999999854e+03 0.000000000000000000e+00 1.848444718936495645e+00 6.099999999999999867e-02
5.315778800000000000e+07 1.000000000000000000e+00 6.500000000000000000e+01 1.080926531420091123e+03 9.405790889203279221e+03 6.184550000000000182e+03 0.000000000000000000e+00 2.331814791895980843e+00 2.400000000000000050e-02
5.315778800000000000e+07 1.000000000000000000e+00 6.500000000000000000e+01 1.081589131420090780e+03 9.407456639203279337e+03 6.185489999999999782e+03 0.000000000000000000e+00 3.937522371344099881e+00 5.000000000000000000e-01
5.315778700000000000e+07 1.000000000000000000e+00 6.500000000000000000e+01 1.086760631420090249e+03 9.404227759203278765e+03 6.189270000000000437e+03 0.000000000000000000e+00 2.923843748764514583e+00 9.199999999999999845e-02
5.315778700000000000e+07 1.000000000000000000e+00 6.500000000000000000e+01 1.086760631420090249e+03 9.404227759203278765e+03 6.189270000000000437e+03 0.000000000000000000e+00 2.923843748764514583e+00 7.379760000000000097e+00
5.315779800000000000e+07 1.000000000000000000e+00 6.600000000000000000e+01 1.093427531420090418e+03 9.371946889203278261e+03 6.167149999999999636e+03 0.000000000000000000e+00 6.554373258354399212e+00 6.616210000000000147e-01
3.459956000000000000e+06 1.000000000000000000e+00 6.500000000000000000e+01 1.106532431420090688e+03 9.410121489203278543e+03 4.891700000000000728e+02 0.000000000000000000e+00 2.115323903759121382e+00 3.031039999999999957e+00
1.165921810000000000e+08 1.000000000000000000e+00 6.600000000000000000e+01 1.098946171420090650e+03 9.348390489203278776e+03 1.381990000000000146e+04 1.000000000000000000e+00 6.928058698743984056e-01 1.700000000000000000e+01
