1.290069400000000000e+07 1.000000000000000000e+00 6.500000000000000000e+01 1.136278577635304828e+04 6.050894410216174947e+03 1.411350000000000364e+03 0.000000000000000000e+00 4.948632068484126734e+00 1.339000000000000057e+01
1.290098600000000000e+07 1.000000000000000000e+00 6.600000000000000000e+01 1.136289417635304926e+04 6.049260110216175235e+03 1.429200000000000728e+03 0.000000000000000000e+00 1.632291992871468977e+00 1.339000000000000057e+01
1.250547210000000000e+08 1.000000000000000000e+00 6.600000000000000000e+01 1.279622067635304847e+04 2.842979110216174377e+03 1.477820999999999913e+04 0.000000000000000000e+00 6.857056699124355781e+00 1.605000000000000071e+01
1.250547240000000000e+08 1.000000000000000000e+00 6.500000000000000000e+01 1.278578067635304797e+04 2.845749110216174813e+03 1.478249000000000160e+04 0.000000000000000000e+00 1.812092543733980543e+00 1.339000000000000057e+01
1.250547240000000000e+08 1.000000000000000000e+00 6.500000000000000000e+01 1.278579067635304818e+04 2.845749110216174813e+03 1.478243999999999869e+04 0.000000000000000000e+00 1.819703523686898139e+00 1.339000000000000057e+01
1.250547210000000000e+08 0.000000000000000000e+00 6.600000000000000000e+01 1.278902067635304775e+04 2.847649110216174449e+03 1.477035000000000036e+04 0.000000000000000000e+00 1.708652502131594808e+00 1.078999999999999915e+01
1.250547200000000000e+08 0.000000000000000000e+00 6.600000000000000000e+01 1.278874067635304891e+04 2.847139110216175141e+03 1.476979999999999927e+04 0.000000000000000000e+00 1.540100710508220949e+00 1.078999999999999915e+01
1.250547200000000000e+08 1.000000000000000000e+00 6.600000000000000000e+01 1.279371067635304826e+04 2.846559110216175213e+03 1.477340999999999985e+04 0.000000000000000000e+00 2.289277181543492912e+00 8.349999999999999645e-01
1.250547190000000000e+08 1.000000000000000000e+00 6.600000000000000000e+01 1.280034067635304928e+04 2.841959110216174849e+03 1.477086000000000058e+04 0.000000000000000000e+00 5.734126510274299982e+00 4.169999999999999818e-01
1.250544640000000000e+08 1.000000000000000000e+00 6.600000000000000000e+01 1.281134067635304928e+04 2.848709110216174849e+03 1.477051000000000022e+04 0.000000000000000000e+00 9.380526769526321473e+00 6.099999999999999867e-02
1.250544640000000000e+08 1.000000000000000000e+00 6.600000000000000000e+01 1.281889067635304855e+04 2.847089110216174959e+03 1.476741999999999825e+04 0.000000000000000000e+00 5.643680563642850423e+00 9.199999999999999845e-02
1.250545470000000000e+08 1.000000000000000000e+00 6.500000000000000000e+01 1.280872067635304847e+04 2.854669110216174886e+03 1.476884000000000015e+04 0.000000000000000000e+00 9.131063747249120510e+00 9.199999999999999845e-02
1.250533050000000000e+08 1.000000000000000000e+00 6.500000000000000000e+01 1.277871067635304826e+04 2.832949110216175541e+03 1.475368000000000029e+04 0.000000000000000000e+00 7.813688680949172571e+00 9.199999999999999845e-02
1.250533920000000000e+08 1.000000000000000000e+00 6.500000000000000000e+01 1.276928067635304797e+04 2.824849110216175177e+03 1.474313999999999942e+04 0.000000000000000000e+00 8.045523273576847600e+00 6.099999999999999867e-02
1.250533910000000000e+08 0.000000000000000000e+00 6.500000000000000000e+01 1.276404067635304818e+04 2.824839110216174959e+03 1.474156000000000131e+04 0.000000000000000000e+00 5.226511431345874925e+00 9.199999999999999845e-02
1.250533910000000000e+08 0.000000000000000000e+00 6.500000000000000000e+01 1.276336067635304789e+04 2.824709110216174849e+03 1.474084999999999854e+04 0.000000000000000000e+00 4.637900521316599800e+00 2.039999999999999869e-01
1.250533920000000000e+08 0.000000000000000000e+00 6.600000000000000000e+01 1.275803067635304797e+04 2.821359110216175395e+03 1.473652000000000044e+04 0.000000000000000000e+00 1.864826298484517642e+00 6.099999999999999867e-02
1.250546670000000000e+08 1.000000000000000000e+00 6.500000000000000000e+01 1.275784067635304928e+04 2.800309110216174304e+03 1.472572999999999956e+04 0.000000000000000000e+00 2.830050873215688600e+00 2.400000000000000050e-02
1.250547200000000000e+08 0.000000000000000000e+00 6.600000000000000000e+01 1.278874067635304891e+04 2.847139110216175141e+03 1.476979999999999927e+04 0.000000000000000000e+00 1.540100710508220949e+00 4.057949999999999946e+00
1.250547210000000000e+08 0.000000000000000000e+00 6.600000000000000000e+01 1.278902067635304775e+04 2.847649110216174449e+03 1.477035000000000036e+04 0.000000000000000000e+00 1.708652502131594808e+00 6.893420000000000103e-01
1.250546450000000000e+08 1.000000000000000000e+00 6.600000000000000000e+01 1.277726067635304753e+04 2.830639110216174231e+03 1.478477999999999884e+04 0.000000000000000000e+00 1.183437033364092894e+00 1.078999999999999915e+01
1.250546460000000000e+08 1.000000000000000000e+00 6.600000000000000000e+01 1.277372067635304847e+04 2.825639110216174231e+03 1.478522000000000116e+04 0.000000000000000000e+00 6.799487719076094949e-01 2.400000000000000050e-02
1.250546490000000000e+08 1.000000000000000000e+00 6.500000000000000000e+01 1.278961067635304789e+04 2.810549110216174995e+03 1.479047999999999956e+04 0.000000000000000000e+00 8.859753530135053623e+00 6.099999999999999867e-02
1.250546450000000000e+08 1.000000000000000000e+00 6.600000000000000000e+01 1.277726067635304753e+04 2.830639110216174231e+03 1.478477999999999884e+04 0.000000000000000000e+00 1.183437033364092894e+00 2.289919999999999956e+00
1.250547240000000000e+08 1.000000000000000000e+00 6.500000000000000000e+01 1.278578067635304797e+04 2.845749110216174813e+03 1.478249000000000160e+04 0.000000000000000000e+00 1.812092543733980543e+00 6.176490000000000258e+00
1.250533210000000000e+08 1.000000000000000000e+00 6.600000000000000000e+01 1.278112067635304811e+04 2.853229110216174377e+03 1.470118999999999869e+04 0.000000000000000000e+00 9.467725896274538755e+00 6.099999999999999867e-02
1.250533160000000000e+08 1.000000000000000000e+00 6.500000000000000000e+01 1.278147067635304847e+04 2.853559110216174304e+03 1.470219000000000051e+04 0.000000000000000000e+00 9.390216258784771952e+00 6.099999999999999867e-02
1.250533160000000000e+08 1.000000000000000000e+00 6.500000000000000000e+01 1.278259067635304928e+04 2.854599110216175177e+03 1.470536000000000058e+04 0.000000000000000000e+00 6.639474201111947416e+00 4.169999999999999818e-01
1.250533160000000000e+08 1.000000000000000000e+00 6.500000000000000000e+01 1.278350067635304913e+04 2.855449110216175541e+03 1.470793999999999869e+04 0.000000000000000000e+00 5.107711156660013074e+00 1.078999999999999915e+01
1.250533160000000000e+08 1.000000000000000000e+00 6.500000000000000000e+01 1.278350067635304913e+04 2.855449110216175541e+03 1.470793999999999869e+04 0.000000000000000000e+00 5.107711156660013074e+00 1.185040000000000093e+00
1.250533160000000000e+08 1.000000000000000000e+00 6.500000000000000000e+01 1.278350067635304913e+04 2.855449110216175541e+03 1.470793999999999869e+04 0.000000000000000000e+00 5.107711156660013074e+00 1.106719999999999926e+00
1.238732550000000000e+08 1.000000000000000000e+00 6.600000000000000000e+01 1.273552067635304775e+04 2.902719110216175068e+03 1.443513000000000102e+04 0.000000000000000000e+00 6.518401091338844822e+00 9.199999999999999845e-02
1.238732550000000000e+08 1.000000000000000000e+00 6.600000000000000000e+01 1.273844067635304782e+04 2.902249110216174813e+03 1.443447000000000116e+04 0.000000000000000000e+00 7.754269087809457339e+00 2.400000000000000050e-02
1.238733380000000000e+08 1.000000000000000000e+00 6.600000000000000000e+01 1.274555067635304840e+04 2.900049110216174995e+03 1.444502000000000044e+04 0.000000000000000000e+00 9.320336634327555103e+00 4.169999999999999818e-01
1.238733380000000000e+08 1.000000000000000000e+00 6.600000000000000000e+01 1.274784067635304928e+04 2.903359110216175395e+03 1.444645999999999913e+04 0.000000000000000000e+00 8.985775108762654284e+00 9.199999999999999845e-02
1.238733380000000000e+08 1.000000000000000000e+00 6.600000000000000000e+01 1.274600067635304913e+04 2.904609110216175395e+03 1.444638000000000102e+04 0.000000000000000000e+00 8.291011932595942824e+00 9.199999999999999845e-02
1.238732550000000000e+08 1.000000000000000000e+00 6.600000000000000000e+01 1.273709067635304928e+04 2.898869110216174704e+03 1.443554000000000087e+04 0.000000000000000000e+00 4.758410015078504252e+00 9.199999999999999845e-02
1.238732550000000000e+08 1.000000000000000000e+00 6.600000000000000000e+01 1.273390067635304877e+04 2.900189110216175322e+03 1.443722000000000116e+04 0.000000000000000000e+00 3.110014101230347716e+00 6.099999999999999867e-02
1.238732500000000000e+08 1.000000000000000000e+00 6.500000000000000000e+01 1.273014067635304855e+04 2.902569110216174522e+03 1.443670000000000073e+04 0.000000000000000000e+00 3.186518803050745863e+00 9.199999999999999845e-02
1.238732540000000000e+08 1.000000000000000000e+00 6.600000000000000000e+01 1.272831067635304862e+04 2.901189110216175322e+03 1.443915000000000146e+04 0.000000000000000000e+00 3.378538457168473563e+00 9.199999999999999845e-02
1.238732540000000000e+08 1.000000000000000000e+00 6.600000000000000000e+01 1.273092067635304920e+04 2.901109110216175395e+03 1.443969000000000051e+04 0.000000000000000000e+00 3.420893894130563329e+00 9.199999999999999845e-02
1.238732550000000000e+08 1.000000000000000000e+00 6.600000000000000000e+01 1.273690067635304877e+04 2.899509110216175031e+03 1.444063999999999942e+04 0.000000000000000000e+00 3.572036384773842332e+00 4.169999999999999818e-01
1.238732550000000000e+08 1.000000000000000000e+00 6.600000000000000000e+01 1.273683067635304906e+04 2.901399110216174449e+03 1.443531000000000131e+04 0.000000000000000000e+00 5.911581502597338833e+00 8.349999999999999645e-01
1.238732500000000000e+08 1.000000000000000000e+00 6.500000000000000000e+01 1.273228067635304797e+04 2.907429110216175104e+03 1.443272999999999956e+04 0.000000000000000000e+00 6.009998068300170360e+00 6.099999999999999867e-02
1.290069200000000000e+07 0.000000000000000000e+00 6.600000000000000000e+01 1.137258817635304877e+04 6.051931010216175309e+03 1.416130000000000109e+03 0.000000000000000000e+00 1.555197217857250847e+00 2.039999999999999869e-01
1.290077700000000000e+07 0.000000000000000000e+00 6.500000000000000000e+01 1.136092777635304810e+04 6.039436510216174611e+03 1.404309999999999491e+03 0.000000000000000000e+00 2.088920665591809556e+00 2.400000000000000050e-02
1.289943700000000000e+07 1.000000000000000000e+00 6.600000000000000000e+01 1.135831877635304772e+04 6.036489510216174494e+03 1.409589999999999236e+03 0.000000000000000000e+00 4.117165072793300684e-01 9.199999999999999845e-02
1.290078000000000000e+07 1.000000000000000000e+00 6.600000000000000000e+01 1.136772297635304858e+04 6.038594010216174865e+03 1.400560000000000400e+03 0.000000000000000000e+00 1.582506288318075161e+00 9.199999999999999845e-02
1.290069200000000000e+07 1.000000000000000000e+00 6.600000000000000000e+01 1.136877317635304826e+04 6.050668210216174884e+03 1.410009999999999309e+03 0.000000000000000000e+00 2.326367139469973644e+00 9.199999999999999845e-02
1.290052200000000000e+07 1.000000000000000000e+00 6.600000000000000000e+01 1.136939607635304856e+04 6.065879910216174721e+03 1.396039999999999964e+03 0.000000000000000000e+00 1.715343958929094415e+00 6.099999999999999867e-02
1.290052400000000000e+07 0.000000000000000000e+00 6.600000000000000000e+01 1.137092577635304770e+04 6.060644410216174947e+03 1.385760000000000218e+03 0.000000000000000000e+00 7.323374172592402864e+00 4.169999999999999818e-01
1.290052400000000000e+07 0.000000000000000000e+00 6.600000000000000000e+01 1.137031237635304933e+04 6.060949510216174531e+03 1.384650000000000546e+03 0.000000000000000000e+00 6.885078267224290727e+00 4.169999999999999818e-01
1.290052400000000000e+07 0.000000000000000000e+00 6.600000000000000000e+01 1.136261747635304891e+04 6.065953310216174941e+03 1.385280000000000655e+03 0.000000000000000000e+00 1.139484991281738635e+00 2.400000000000000050e-02
1.290052100000000000e+07 1.000000000000000000e+00 6.500000000000000000e+01 1.135575097635304883e+04 6.070402610216175162e+03 1.382369999999999891e+03 0.000000000000000000e+00 3.297690593658920921e+00 9.199999999999999845e-02
1.290185200000000000e+07 1.000000000000000000e+00 6.500000000000000000e+01 1.135766077635304828e+04 6.088501210216174513e+03 1.367079999999999927e+03 0.000000000000000000e+00 6.518290550698186081e+00 6.099999999999999867e-02
1.290193400000000000e+07 1.000000000000000000e+00 6.600000000000000000e+01 1.136317927635304841e+04 6.082908510216175273e+03 1.369680000000000291e+03 0.000000000000000000e+00 2.269864247801482104e+00 9.199999999999999845e-02
1.290052200000000000e+07 1.000000000000000000e+00 6.500000000000000000e+01 1.135794947635304925e+04 6.081272910216174751e+03 1.375939999999999600e+03 0.000000000000000000e+00 7.115264410869894363e+00 4.169999999999999818e-01
1.290193400000000000e+07 1.000000000000000000e+00 6.600000000000000000e+01 1.136401127635304874e+04 6.086603010216174880e+03 1.372289999999999964e+03 0.000000000000000000e+00 2.919129029734498282e+00 2.039999999999999869e-01
1.290193300000000000e+07 1.000000000000000000e+00 6.600000000000000000e+01 1.136883327635304886e+04 6.092301610216174595e+03 1.366810000000000400e+03 0.000000000000000000e+00 6.024258209665142694e+00 2.039999999999999869e-01
1.290193300000000000e+07 1.000000000000000000e+00 6.600000000000000000e+01 1.136733777635304796e+04 6.091169510216174785e+03 1.368410000000000764e+03 0.000000000000000000e+00 4.772179868078194609e+00 9.199999999999999845e-02
1.290193300000000000e+07 0.000000000000000000e+00 6.600000000000000000e+01 1.136900307635304853e+04 6.076923910216174590e+03 1.372549999999999272e+03 0.000000000000000000e+00 5.855855957189459282e+00 2.400000000000000050e-02
1.290192800000000000e+07 1.000000000000000000e+00 6.500000000000000000e+01 1.137152097635304744e+04 6.082877710216174819e+03 1.357930000000000291e+03 0.000000000000000000e+00 1.390208653044298748e+00 2.400000000000000050e-02
1.290192800000000000e+07 1.000000000000000000e+00 6.500000000000000000e+01 1.137243437635304872e+04 6.087595610216174464e+03 1.354970000000000255e+03 0.000000000000000000e+00 6.134882442888600629e+00 9.199999999999999845e-02
1.290066700000000000e+07 1.000000000000000000e+00 6.600000000000000000e+01 1.135774457635304861e+04 6.079942610216175126e+03 1.365079999999999927e+03 0.000000000000000000e+00 2.890011621030554867e+00 9.199999999999999845e-02
1.290066800000000000e+07 1.000000000000000000e+00 6.600000000000000000e+01 1.135522377635304838e+04 6.078862310216174592e+03 1.365860000000000582e+03 0.000000000000000000e+00 9.963745094394018675e-01 6.099999999999999867e-02
1.290066800000000000e+07 1.000000000000000000e+00 6.600000000000000000e+01 1.135379397635304849e+04 6.077924210216175197e+03 1.364859999999999673e+03 0.000000000000000000e+00 1.267834214752927791e+00 8.349999999999999645e-01
1.290066800000000000e+07 1.000000000000000000e+00 6.600000000000000000e+01 1.135379397635304849e+04 6.077924210216175197e+03 1.364859999999999673e+03 0.000000000000000000e+00 1.267834214752927791e+00 6.918379999999999974e+00
1.290069400000000000e+07 1.000000000000000000e+00 6.500000000000000000e+01 1.136278577635304828e+04 6.050894410216174947e+03 1.411350000000000364e+03 0.000000000000000000e+00 4.948632068484126734e+00 4.028970000000000162e+00
