1.774592800000000000e+07 1.000000000000000000e+00 6.600000000000000000e+01 9.317373257737745007e+03 2.976960000000000036e+03 2.015814586833670546e+03 0.000000000000000000e+00 5.741705943435947646e+00 9.199999999999999845e-02
1.774592800000000000e+07 1.000000000000000000e+00 6.600000000000000000e+01 9.322999557737744908e+03 2.973779999999999745e+03 2.019604986833670409e+03 0.000000000000000000e+00 8.230230599122151602e+00 4.169999999999999818e-01
1.774592400000000000e+07 1.000000000000000000e+00 6.500000000000000000e+01 9.329118857737747021e+03 2.969119999999999891e+03 2.036754686833670348e+03 0.000000000000000000e+00 8.586493510341721702e+00 9.199999999999999845e-02
1.774592900000000000e+07 1.000000000000000000e+00 6.600000000000000000e+01 9.315359057737745388e+03 2.968460000000000036e+03 2.030494986833669827e+03 0.000000000000000000e+00 1.673229158215642665e+00 9.199999999999999845e-02
1.774592800000000000e+07 1.000000000000000000e+00 6.600000000000000000e+01 9.317263957737744931e+03 2.972130000000000109e+03 2.028349786833669896e+03 0.000000000000000000e+00 1.834004629366621897e+00 2.400000000000000050e-02
1.774592800000000000e+07 1.000000000000000000e+00 6.600000000000000000e+01 9.318026357737744547e+03 2.972550000000000182e+03 2.029564186833669737e+03 0.000000000000000000e+00 2.489951437411702440e+00 9.199999999999999845e-02
1.774592500000000000e+07 0.000000000000000000e+00 6.500000000000000000e+01 9.319475357737745071e+03 2.977630000000000109e+03 2.030829386833670469e+03 0.000000000000000000e+00 5.458305317044389149e+00 6.099999999999999867e-02
1.774592400000000000e+07 1.000000000000000000e+00 6.500000000000000000e+01 9.320216957737746270e+03 2.973310000000000400e+03 2.039003586833669942e+03 0.000000000000000000e+00 2.014416144289044919e+00 9.199999999999999845e-02
1.774600400000000000e+07 1.000000000000000000e+00 6.600000000000000000e+01 9.315963157737745860e+03 2.972590000000000146e+03 2.048723186833670297e+03 0.000000000000000000e+00 6.793073033253919313e+00 6.099999999999999867e-02
1.774592300000000000e+07 1.000000000000000000e+00 6.500000000000000000e+01 9.321517957737745746e+03 2.974730000000000473e+03 2.046847786833670398e+03 0.000000000000000000e+00 5.795505896897335418e+00 6.099999999999999867e-02
1.774600900000000000e+07 1.000000000000000000e+00 6.500000000000000000e+01 9.318313257737745516e+03 2.965060000000000400e+03 2.042917586833670612e+03 0.000000000000000000e+00 6.486100441419993423e+00 2.039999999999999869e-01
1.774600900000000000e+07 1.000000000000000000e+00 6.500000000000000000e+01 9.318313257737745516e+03 2.965060000000000400e+03 2.042917586833670612e+03 0.000000000000000000e+00 6.486100441419993423e+00 7.247860000000000191e+00
