7.373020000000000000e+06 1.000000000000000000e+00 6.600000000000000000e+01 1.213443126612460583e+04 9.728829999999999927e+03 6.813468227905641470e+02 0.000000000000000000e+00 4.984902807908029310e+00 1.339000000000000057e+01
7.373021000000000000e+06 1.000000000000000000e+00 6.600000000000000000e+01 1.213626526612460657e+04 9.739850000000000364e+03 6.833138227905637905e+02 0.000000000000000000e+00 7.488285253244964856e+00 2.400000000000000050e-02
7.371835000000000000e+06 1.000000000000000000e+00 6.600000000000000000e+01 1.214753526612460519e+04 9.740579999999999927e+03 6.839978227905639869e+02 0.000000000000000000e+00 6.920449242508024401e-01 6.099999999999999867e-02
7.371836000000000000e+06 1.000000000000000000e+00 6.600000000000000000e+01 1.214405226612460683e+04 9.748049999999999272e+03 6.827278227905635504e+02 0.000000000000000000e+00 1.772610249032695373e+00 9.199999999999999845e-02
7.371836000000000000e+06 1.000000000000000000e+00 6.600000000000000000e+01 1.214380526612460562e+04 9.748520000000000437e+03 6.822768227905635285e+02 0.000000000000000000e+00 1.226749963248773723e+00 4.169999999999999818e-01
7.373108000000000000e+06 1.000000000000000000e+00 6.600000000000000000e+01 1.214501126612460575e+04 9.753470000000001164e+03 6.848368227905639287e+02 0.000000000000000000e+00 4.962548602248202378e+00 9.199999999999999845e-02
7.373020000000000000e+06 1.000000000000000000e+00 6.600000000000000000e+01 1.213119326612460645e+04 9.734840000000000146e+03 6.962208227905639433e+02 0.000000000000000000e+00 5.729169407059527153e+00 4.169999999999999818e-01
7.373020000000000000e+06 1.000000000000000000e+00 6.600000000000000000e+01 1.213104326612460500e+04 9.734850000000000364e+03 6.953118227905642925e+02 0.000000000000000000e+00 5.030100577937769657e+00 2.400000000000000050e-02
7.373020000000000000e+06 1.000000000000000000e+00 6.600000000000000000e+01 1.212785426612460651e+04 9.729700000000000728e+03 6.936778227905642780e+02 0.000000000000000000e+00 6.793381853087103295e+00 2.400000000000000050e-02
7.373019000000000000e+06 1.000000000000000000e+00 6.600000000000000000e+01 1.213350026612460533e+04 9.726969999999999345e+03 6.878888227905636086e+02 0.000000000000000000e+00 1.503249087878843815e+00 4.169999999999999818e-01
7.373020000000000000e+06 1.000000000000000000e+00 6.600000000000000000e+01 1.213731326612460543e+04 9.726720000000001164e+03 6.871578227905638414e+02 0.000000000000000000e+00 6.197497503114907103e-01 2.039999999999999869e-01
7.373019000000000000e+06 0.000000000000000000e+00 6.500000000000000000e+01 1.214189626612460415e+04 9.723680000000000291e+03 6.923178227905636959e+02 0.000000000000000000e+00 1.139082129420122325e+00 9.199999999999999845e-02
7.373017000000000000e+06 0.000000000000000000e+00 6.500000000000000000e+01 1.213934326612460427e+04 9.721809999999999491e+03 6.948638227905639724e+02 0.000000000000000000e+00 1.132811440809141423e+00 2.400000000000000050e-02
7.373015000000000000e+06 1.000000000000000000e+00 6.600000000000000000e+01 1.214386526612460511e+04 9.710549999999999272e+03 6.966698227905635576e+02 0.000000000000000000e+00 6.827246086417845250e-01 8.349999999999999645e-01
7.373015000000000000e+06 1.000000000000000000e+00 6.600000000000000000e+01 1.214386526612460511e+04 9.710549999999999272e+03 6.966698227905635576e+02 0.000000000000000000e+00 6.827246086417845250e-01 6.845670000000000144e+00
5.098603000000000000e+06 1.000000000000000000e+00 6.600000000000000000e+01 1.231530396612460572e+04 1.998299999999999272e+02 3.931756227905634660e+02 0.000000000000000000e+00 4.781990516118489687e+00 4.169999999999999818e-01
5.098603000000000000e+06 1.000000000000000000e+00 6.600000000000000000e+01 1.231258586612460567e+04 2.044199999999991633e+02 3.793868227905641106e+02 0.000000000000000000e+00 9.203432261357322730e+00 9.199999999999999845e-02
