1.143173150000000000e+08 1.000000000000000000e+00 6.600000000000000000e+01 1.760159999999999854e+03 6.263723907279133527e+03 1.354533222107829351e+04 0.000000000000000000e+00 1.383875659267584490e+00 1.605000000000000071e+01
1.143710750000000000e+08 1.000000000000000000e+00 6.500000000000000000e+01 2.039329999999999927e+03 6.240791707279133334e+03 1.355453554107829405e+04 0.000000000000000000e+00 4.496741609475548351e+00 4.169999999999999818e-01
1.143710750000000000e+08 1.000000000000000000e+00 6.500000000000000000e+01 2.041039999999999964e+03 6.239218607279133721e+03 1.355168525107829373e+04 0.000000000000000000e+00 3.381874512570654634e+00 8.349999999999999645e-01
1.143710760000000000e+08 1.000000000000000000e+00 6.500000000000000000e+01 2.033729999999999563e+03 6.236802507279133351e+03 1.355378225107829348e+04 0.000000000000000000e+00 4.957751040556916955e+00 9.199999999999999845e-02
1.143710740000000000e+08 1.000000000000000000e+00 6.600000000000000000e+01 2.037500000000000000e+03 6.235245307279133158e+03 1.354759112107829424e+04 0.000000000000000000e+00 2.959995797095391623e+00 6.099999999999999867e-02
1.143710770000000000e+08 1.000000000000000000e+00 6.500000000000000000e+01 2.033679999999999382e+03 6.231527807279133413e+03 1.355462916107829369e+04 0.000000000000000000e+00 5.133234545309461438e+00 9.199999999999999845e-02
1.143710780000000000e+08 1.000000000000000000e+00 6.500000000000000000e+01 2.031990000000000691e+03 6.225030407279133215e+03 1.356528562107829384e+04 0.000000000000000000e+00 6.308992008562150922e-01 9.199999999999999845e-02
1.143710780000000000e+08 1.000000000000000000e+00 6.500000000000000000e+01 2.031500000000000000e+03 6.220751107279133976e+03 1.355855632107829297e+04 0.000000000000000000e+00 5.809588954164021324e+00 2.400000000000000050e-02
1.143710780000000000e+08 1.000000000000000000e+00 6.500000000000000000e+01 2.031760000000000218e+03 6.219523807279133507e+03 1.355798222107829315e+04 0.000000000000000000e+00 6.686328347707948261e+00 9.199999999999999845e-02
1.143710800000000000e+08 1.000000000000000000e+00 6.500000000000000000e+01 2.036329999999999927e+03 6.213746107279133867e+03 1.356123622107829397e+04 0.000000000000000000e+00 6.014842793977003055e+00 2.039999999999999869e-01
1.143710800000000000e+08 1.000000000000000000e+00 6.600000000000000000e+01 2.048650000000000546e+03 6.229720307279133522e+03 1.357183752107829423e+04 0.000000000000000000e+00 2.439707862068331679e+00 4.169999999999999818e-01
1.143719980000000000e+08 1.000000000000000000e+00 6.500000000000000000e+01 2.049909999999999854e+03 6.229282807279133522e+03 1.357590932107829394e+04 0.000000000000000000e+00 2.623459053566162158e+00 9.199999999999999845e-02
1.143719990000000000e+08 1.000000000000000000e+00 6.500000000000000000e+01 2.053949999999999818e+03 6.229080907279133498e+03 1.358222462107829415e+04 0.000000000000000000e+00 2.399341296039529947e+00 6.099999999999999867e-02
1.143719970000000000e+08 1.000000000000000000e+00 6.500000000000000000e+01 2.045070000000000618e+03 6.236875207279133974e+03 1.358567442107829265e+04 0.000000000000000000e+00 4.860063360496882368e+00 2.400000000000000050e-02
1.143719970000000000e+08 1.000000000000000000e+00 6.500000000000000000e+01 2.041659999999999854e+03 6.241142707279133901e+03 1.358132632107829340e+04 0.000000000000000000e+00 5.052686219665809553e+00 9.199999999999999845e-02
1.143719970000000000e+08 1.000000000000000000e+00 6.500000000000000000e+01 2.040250000000000000e+03 6.243557107279133561e+03 1.358457942107829331e+04 0.000000000000000000e+00 8.652021613095485009e+00 2.400000000000000050e-02
1.143173150000000000e+08 1.000000000000000000e+00 6.600000000000000000e+01 1.760630000000000109e+03 6.264897327279133606e+03 1.354649503107829332e+04 0.000000000000000000e+00 4.311713128393659944e-01 6.099999999999999867e-02
1.143173150000000000e+08 1.000000000000000000e+00 6.600000000000000000e+01 1.763319999999999709e+03 6.265144467279133096e+03 1.354809419107829308e+04 0.000000000000000000e+00 2.016942096990400335e-01 2.039999999999999869e-01
1.143173140000000000e+08 1.000000000000000000e+00 6.600000000000000000e+01 1.765939999999999600e+03 6.263313930279133274e+03 1.354802639107829236e+04 0.000000000000000000e+00 1.672621716607810560e+00 1.339000000000000057e+01
1.143173140000000000e+08 1.000000000000000000e+00 6.600000000000000000e+01 1.767300000000000182e+03 6.262505757279133832e+03 1.354817587107829240e+04 0.000000000000000000e+00 4.044644182197389970e-01 9.199999999999999845e-02
1.143173130000000000e+08 1.000000000000000000e+00 6.600000000000000000e+01 1.771609999999999673e+03 6.259959427279133706e+03 1.354864685107829428e+04 0.000000000000000000e+00 6.693472138122759096e-01 1.078999999999999915e+01
1.143163920000000000e+08 1.000000000000000000e+00 6.600000000000000000e+01 1.772559999999999491e+03 6.258937377279133216e+03 1.354869013107829232e+04 0.000000000000000000e+00 7.864341829913122917e-01 6.099999999999999867e-02
1.143173130000000000e+08 1.000000000000000000e+00 6.600000000000000000e+01 1.771289999999999964e+03 6.264929427279133961e+03 1.354770101107829396e+04 0.000000000000000000e+00 2.090087354070150116e+00 1.078999999999999915e+01
1.143173130000000000e+08 1.000000000000000000e+00 6.600000000000000000e+01 1.771279999999999745e+03 6.264935947279133870e+03 1.354769827107829406e+04 0.000000000000000000e+00 2.095749776250802388e+00 9.199999999999999845e-02
1.143163930000000000e+08 1.000000000000000000e+00 6.600000000000000000e+01 1.781170000000000073e+03 6.266345067279133218e+03 1.355362220107829307e+04 0.000000000000000000e+00 6.781063627743088240e+00 1.078999999999999915e+01
1.143163930000000000e+08 1.000000000000000000e+00 6.600000000000000000e+01 1.781170000000000073e+03 6.266345067279133218e+03 1.355362220107829307e+04 0.000000000000000000e+00 6.781063627743088240e+00 9.085229999999999695e-01
1.143163930000000000e+08 1.000000000000000000e+00 6.600000000000000000e+01 1.781170000000000073e+03 6.266345067279133218e+03 1.355362220107829307e+04 0.000000000000000000e+00 6.781063627743088240e+00 9.698039999999999439e-02
1.143173130000000000e+08 1.000000000000000000e+00 6.600000000000000000e+01 1.771289999999999964e+03 6.264929427279133961e+03 1.354770101107829396e+04 0.000000000000000000e+00 2.090087354070150116e+00 2.170739999999999892e+00
1.143173130000000000e+08 1.000000000000000000e+00 6.600000000000000000e+01 1.771609999999999673e+03 6.259959427279133706e+03 1.354864685107829428e+04 0.000000000000000000e+00 6.693472138122759096e-01 5.382900000000000240e+00
1.143163900000000000e+08 1.000000000000000000e+00 6.500000000000000000e+01 1.764859999999999673e+03 6.270484197279133696e+03 1.354422804107829324e+04 0.000000000000000000e+00 4.374380094452371637e+00 9.199999999999999845e-02
1.143163910000000000e+08 1.000000000000000000e+00 6.600000000000000000e+01 1.765579999999999927e+03 6.252599607279133124e+03 1.354839204107829391e+04 0.000000000000000000e+00 2.224517413216819062e+00 9.199999999999999845e-02
1.143163910000000000e+08 1.000000000000000000e+00 6.600000000000000000e+01 1.772210000000000036e+03 6.249774307279133609e+03 1.354942248107829437e+04 0.000000000000000000e+00 6.247002106455155079e+00 4.169999999999999818e-01
1.143163910000000000e+08 1.000000000000000000e+00 6.600000000000000000e+01 1.772239999999999782e+03 6.249657407279133622e+03 1.354943429107829434e+04 0.000000000000000000e+00 6.342280627925610759e+00 9.199999999999999845e-02
1.143173160000000000e+08 1.000000000000000000e+00 6.500000000000000000e+01 1.765450000000000728e+03 6.251381307279133580e+03 1.355344378107829471e+04 0.000000000000000000e+00 1.495658425282663462e+00 9.199999999999999845e-02
1.143163920000000000e+08 1.000000000000000000e+00 6.500000000000000000e+01 1.754130000000000109e+03 6.261192447279133376e+03 1.354966219107829238e+04 0.000000000000000000e+00 2.289934430032256607e+00 2.400000000000000050e-02
1.143173130000000000e+08 0.000000000000000000e+00 6.600000000000000000e+01 1.764729999999999563e+03 6.262448957279133538e+03 1.354544277507829247e+04 0.000000000000000000e+00 1.537938618302654437e+00 2.039999999999999869e-01
1.143154860000000000e+08 1.000000000000000000e+00 6.500000000000000000e+01 1.786930000000000291e+03 6.257395697279133856e+03 1.352445802107829331e+04 0.000000000000000000e+00 9.806473694136105479e+00 9.199999999999999845e-02
1.143154900000000000e+08 1.000000000000000000e+00 6.600000000000000000e+01 1.783630000000000109e+03 6.259192267279133375e+03 1.352474602107829378e+04 0.000000000000000000e+00 9.632446390205156916e+00 4.169999999999999818e-01
1.143154850000000000e+08 1.000000000000000000e+00 6.500000000000000000e+01 1.784079999999999927e+03 6.252988207279133348e+03 1.351724572107829226e+04 0.000000000000000000e+00 4.648286579138759755e+00 4.169999999999999818e-01
1.143154870000000000e+08 0.000000000000000000e+00 6.500000000000000000e+01 1.785480000000000473e+03 6.253036707279133225e+03 1.351379932107829336e+04 0.000000000000000000e+00 3.929603150589499272e+00 9.199999999999999845e-02
1.143154850000000000e+08 1.000000000000000000e+00 6.500000000000000000e+01 1.782850000000000364e+03 6.251400407279133105e+03 1.351723182107829416e+04 0.000000000000000000e+00 2.674510001889992772e+00 4.169999999999999818e-01
1.143155620000000000e+08 1.000000000000000000e+00 6.500000000000000000e+01 1.795940000000000509e+03 6.239597507279133424e+03 1.348347242107829334e+04 0.000000000000000000e+00 4.838701925550573435e+00 9.199999999999999845e-02
1.143155610000000000e+08 1.000000000000000000e+00 6.500000000000000000e+01 1.796729999999999563e+03 6.240114107279133350e+03 1.348293122107829367e+04 0.000000000000000000e+00 5.793192257062647066e+00 2.400000000000000050e-02
1.143155610000000000e+08 1.000000000000000000e+00 6.500000000000000000e+01 1.800039999999999964e+03 6.239323707279133487e+03 1.347945392107829321e+04 0.000000000000000000e+00 6.131140053802133671e+00 9.199999999999999845e-02
1.143155610000000000e+08 1.000000000000000000e+00 6.500000000000000000e+01 1.799679999999999382e+03 6.238714207279133916e+03 1.347901032107829451e+04 0.000000000000000000e+00 5.860140916002192668e+00 4.169999999999999818e-01
1.143155610000000000e+08 1.000000000000000000e+00 6.500000000000000000e+01 1.796700000000000728e+03 6.233608407279133644e+03 1.347529462107829386e+04 0.000000000000000000e+00 7.862110961603705483e+00 9.199999999999999845e-02
1.143172170000000000e+08 1.000000000000000000e+00 6.500000000000000000e+01 1.790880000000000109e+03 6.225381907279133884e+03 1.347287682107829460e+04 0.000000000000000000e+00 4.541265927588973739e+00 9.199999999999999845e-02
1.143172150000000000e+08 1.000000000000000000e+00 6.500000000000000000e+01 1.790049999999999272e+03 6.230913707279133632e+03 1.346762932107829329e+04 0.000000000000000000e+00 4.724519066082111252e+00 4.169999999999999818e-01
1.143172130000000000e+08 1.000000000000000000e+00 6.600000000000000000e+01 1.789569999999999709e+03 6.231233207279133239e+03 1.346633202107829311e+04 0.000000000000000000e+00 4.166532396577735220e+00 4.169999999999999818e-01
1.143172130000000000e+08 1.000000000000000000e+00 6.600000000000000000e+01 1.789550000000000182e+03 6.231244307279133864e+03 1.346628722107829344e+04 0.000000000000000000e+00 4.145846482289314849e+00 9.199999999999999845e-02
1.143172140000000000e+08 1.000000000000000000e+00 6.500000000000000000e+01 1.792430000000000291e+03 6.229651607279133714e+03 1.345747102107829414e+04 0.000000000000000000e+00 2.804845699461649300e+00 6.099999999999999867e-02
1.143172140000000000e+08 1.000000000000000000e+00 6.500000000000000000e+01 1.792430000000000291e+03 6.229651607279133714e+03 1.345747102107829414e+04 0.000000000000000000e+00 2.804845699461649300e+00 7.379139999999999588e+00
1.143163870000000000e+08 1.000000000000000000e+00 6.500000000000000000e+01 1.763630000000000109e+03 6.252325107279133590e+03 1.353239132107829391e+04 1.000000000000000000e+00 6.092375046757536605e-01 9.000000000000000000e+00
1.143163930000000000e+08 0.000000000000000000e+00 6.500000000000000000e+01 1.757520000000000437e+03 6.261901007279133410e+03 1.355160307107829431e+04 1.000000000000000000e+00 2.109394754038021347e+00 9.000000000000000000e+00
1.143173200000000000e+08 1.000000000000000000e+00 6.500000000000000000e+01 1.753059999999999491e+03 6.261234887279133545e+03 1.355781962107829349e+04 1.000000000000000000e+00 7.456369549474456404e-01 9.000000000000000000e+00
1.143154130000000000e+08 0.000000000000000000e+00 6.500000000000000000e+01 1.741130000000000109e+03 6.245117107279133961e+03 1.356581452107829318e+04 1.000000000000000000e+00 2.260439959404020538e+00 9.000000000000000000e+00
1.144527170000000000e+08 0.000000000000000000e+00 6.500000000000000000e+01 3.987460000000000036e+03 6.251195907279133280e+03 1.353412162107829317e+04 1.000000000000000000e+00 1.624914222315716472e+00 9.000000000000000000e+00
