5.659574500000000000e+07 1.000000000000000000e+00 6.600000000000000000e+01 2.103399999999992360e+02 2.420470470379018479e+03 6.786684860340383239e+03 0.000000000000000000e+00 1.848387394525418559e+00 1.339000000000000057e+01
5.674010300000000000e+07 1.000000000000000000e+00 6.600000000000000000e+01 4.623840000000000146e+03 7.928323333790185643e+02 6.728281771340382875e+03 0.000000000000000000e+00 9.009066924615035887e+00 1.339000000000000057e+01
5.674034000000000000e+07 1.000000000000000000e+00 6.500000000000000000e+01 4.672369999999999891e+03 7.858323333790185643e+02 6.721383671340383444e+03 0.000000000000000000e+00 4.472372689574995341e+00 1.605000000000000071e+01
5.679680200000000000e+07 0.000000000000000000e+00 6.500000000000000000e+01 4.954719999999999345e+03 7.675723333790183460e+02 6.712937171340383429e+03 0.000000000000000000e+00 1.297538265308211924e+00 1.605000000000000071e+01
6.194870900000000000e+07 1.000000000000000000e+00 6.600000000000000000e+01 7.501879750000000058e+03 3.880923333790178731e+02 7.146079071340383052e+03 0.000000000000000000e+00 6.371999018072101784e+00 1.605000000000000071e+01
6.185025100000000000e+07 1.000000000000000000e+00 6.600000000000000000e+01 7.921752000000000407e+03 2.640823333790185643e+02 7.226349071340383489e+03 0.000000000000000000e+00 5.127912005997086631e+00 1.078999999999999915e+01
7.866050200000000000e+07 1.000000000000000000e+00 6.500000000000000000e+01 1.192331999999999971e+04 1.440223333790181641e+02 9.244005071340383438e+03 0.000000000000000000e+00 2.225307476896951187e+00 1.605000000000000071e+01
7.866160400000000000e+07 1.000000000000000000e+00 6.500000000000000000e+01 1.204356000000000131e+04 1.180423333790176912e+02 9.254245071340381401e+03 0.000000000000000000e+00 6.046719830856683409e+00 3.229999999999999716e+01
7.866160500000000000e+07 1.000000000000000000e+00 6.500000000000000000e+01 1.205111999999999898e+04 1.170223333790181641e+02 9.255105071340381983e+03 0.000000000000000000e+00 7.818315944013479069e+00 1.078999999999999915e+01
7.866360800000000000e+07 1.000000000000000000e+00 6.500000000000000000e+01 1.208709000000000015e+04 1.125423333790176912e+02 9.260045071340384311e+03 0.000000000000000000e+00 8.665844381976683053e+00 1.605000000000000071e+01
7.866260600000000000e+07 1.000000000000000000e+00 6.500000000000000000e+01 1.209681999999999971e+04 1.118023333790179095e+02 9.261845071340383583e+03 0.000000000000000000e+00 9.714152251786170922e+00 3.229999999999999716e+01
7.866378300000000000e+07 1.000000000000000000e+00 6.600000000000000000e+01 1.221036000000000058e+04 7.424233337901841878e+01 9.259855071340381983e+03 0.000000000000000000e+00 8.973530843028219905e+00 4.169999999999999818e-01
7.866461900000000000e+07 1.000000000000000000e+00 6.500000000000000000e+01 1.217935000000000036e+04 1.573523333790180914e+02 9.227975071340384602e+03 0.000000000000000000e+00 8.363843983855641540e+00 6.099999999999999867e-02
7.866461900000000000e+07 1.000000000000000000e+00 6.500000000000000000e+01 1.217879000000000087e+04 1.565523333790179095e+02 9.227455071340384166e+03 0.000000000000000000e+00 7.325255393899132272e+00 1.078999999999999915e+01
7.866461900000000000e+07 1.000000000000000000e+00 6.500000000000000000e+01 1.217879000000000087e+04 1.565523333790179095e+02 9.227455071340384166e+03 0.000000000000000000e+00 7.325255393899132272e+00 1.426479999999999970e+00
7.866461900000000000e+07 1.000000000000000000e+00 6.500000000000000000e+01 1.217879000000000087e+04 1.565523333790179095e+02 9.227455071340384166e+03 0.000000000000000000e+00 7.325255393899132272e+00 7.964430000000000121e-01
7.866378400000000000e+07 0.000000000000000000e+00 6.600000000000000000e+01 1.222031999999999971e+04 7.669233337901823688e+01 9.245345071340383583e+03 0.000000000000000000e+00 4.224817382468241789e+00 9.199999999999999845e-02
7.866378400000000000e+07 0.000000000000000000e+00 6.600000000000000000e+01 1.221911000000000058e+04 8.146233337901776395e+01 9.249025071340383874e+03 0.000000000000000000e+00 1.704011461922737558e+00 6.099999999999999867e-02
7.866378300000000000e+07 0.000000000000000000e+00 6.600000000000000000e+01 1.221363999999999942e+04 8.120233337901754567e+01 9.248725071340384602e+03 0.000000000000000000e+00 2.104534331437039274e+00 9.199999999999999845e-02
7.866378600000000000e+07 0.000000000000000000e+00 6.600000000000000000e+01 1.222425000000000000e+04 8.805233337901790946e+01 9.247165071340383292e+03 0.000000000000000000e+00 3.327619095297860596e+00 6.099999999999999867e-02
7.866378700000000000e+07 0.000000000000000000e+00 6.600000000000000000e+01 1.221851000000000022e+04 9.512233337901761843e+01 9.236325071340383147e+03 0.000000000000000000e+00 3.153294801494863187e+00 4.169999999999999818e-01
7.866378500000000000e+07 0.000000000000000000e+00 6.500000000000000000e+01 1.221573999999999978e+04 9.211233337901740015e+01 9.238285071340382274e+03 0.000000000000000000e+00 1.547129676319131120e+00 2.039999999999999869e-01
7.866360800000000000e+07 1.000000000000000000e+00 6.500000000000000000e+01 1.209268000000000029e+04 1.148623333790183096e+02 9.262145071340382856e+03 0.000000000000000000e+00 9.217644675342409499e+00 9.199999999999999845e-02
7.866260600000000000e+07 1.000000000000000000e+00 6.500000000000000000e+01 1.209661999999999898e+04 1.143223333790183460e+02 9.255525071340383874e+03 0.000000000000000000e+00 3.165027086564734304e+00 9.199999999999999845e-02
7.866260600000000000e+07 1.000000000000000000e+00 6.500000000000000000e+01 1.209751000000000022e+04 1.105923333790187826e+02 9.250815071340384748e+03 0.000000000000000000e+00 1.895880566568558745e+00 9.199999999999999845e-02
7.866260700000000000e+07 1.000000000000000000e+00 6.500000000000000000e+01 1.210282999999999993e+04 1.125023333790186371e+02 9.248275071340383874e+03 0.000000000000000000e+00 2.087957082748000293e+00 9.199999999999999845e-02
7.866260800000000000e+07 0.000000000000000000e+00 6.500000000000000000e+01 1.210052000000000044e+04 1.185023333790186371e+02 9.248565071340384748e+03 0.000000000000000000e+00 3.306326898812735227e+00 6.099999999999999867e-02
7.866269800000000000e+07 0.000000000000000000e+00 6.600000000000000000e+01 1.213136999999999898e+04 1.157423333790184188e+02 9.239535071340382274e+03 0.000000000000000000e+00 2.978848752419209323e+00 4.169999999999999818e-01
7.866369700000000000e+07 1.000000000000000000e+00 6.500000000000000000e+01 1.218090999999999985e+04 1.003723333790176184e+02 9.253575071340383147e+03 0.000000000000000000e+00 5.723273983697605871e+00 4.169999999999999818e-01
7.866360700000000000e+07 1.000000000000000000e+00 6.500000000000000000e+01 1.208351000000000022e+04 1.147923333790176912e+02 9.248275071340383874e+03 0.000000000000000000e+00 1.481496703047805896e+00 2.039999999999999869e-01
7.866361200000000000e+07 1.000000000000000000e+00 6.600000000000000000e+01 1.208847000000000116e+04 1.335123333790188553e+02 9.250805071340382710e+03 0.000000000000000000e+00 5.479918953577239904e+00 6.099999999999999867e-02
7.866361100000000000e+07 1.000000000000000000e+00 6.600000000000000000e+01 1.208654000000000087e+04 1.351323333790178367e+02 9.248465071340382565e+03 0.000000000000000000e+00 5.492989697266652982e+00 9.199999999999999845e-02
7.866260600000000000e+07 0.000000000000000000e+00 6.500000000000000000e+01 1.209320000000000073e+04 1.206223333790176184e+02 9.242455071340384166e+03 0.000000000000000000e+00 1.011581868950989227e+00 9.199999999999999845e-02
7.866260400000000000e+07 0.000000000000000000e+00 6.600000000000000000e+01 1.209177999999999884e+04 1.128623333790183096e+02 9.241145071340382856e+03 0.000000000000000000e+00 2.061984048644255996e+00 2.039999999999999869e-01
7.866360700000000000e+07 1.000000000000000000e+00 6.500000000000000000e+01 1.208682999999999993e+04 1.097423333790184188e+02 9.245605071340381983e+03 0.000000000000000000e+00 3.667466508931321201e+00 6.099999999999999867e-02
7.866260200000000000e+07 1.000000000000000000e+00 6.600000000000000000e+01 1.208531999999999971e+04 1.069423333790182369e+02 9.246445071340382128e+03 0.000000000000000000e+00 3.635811608308856080e+00 4.169999999999999818e-01
7.866360000000000000e+07 0.000000000000000000e+00 6.600000000000000000e+01 1.208331000000000131e+04 9.821233337901776395e+01 9.236245071340385039e+03 0.000000000000000000e+00 1.240386687590590453e+00 6.099999999999999867e-02
7.866360300000000000e+07 1.000000000000000000e+00 6.600000000000000000e+01 1.208960000000000036e+04 9.619233337901732739e+01 9.245755071340383438e+03 0.000000000000000000e+00 2.790745078107177424e+00 6.099999999999999867e-02
7.866359900000000000e+07 1.000000000000000000e+00 6.500000000000000000e+01 1.209094000000000051e+04 9.321233337901776395e+01 9.244555071340382710e+03 0.000000000000000000e+00 4.745383350809975198e+00 9.199999999999999845e-02
7.866359900000000000e+07 1.000000000000000000e+00 6.500000000000000000e+01 1.208968999999999869e+04 8.946233337901776395e+01 9.244895071340382856e+03 0.000000000000000000e+00 4.196069566625228120e+00 9.199999999999999845e-02
7.866360300000000000e+07 1.000000000000000000e+00 6.600000000000000000e+01 1.208907999999999993e+04 9.100233337901863706e+01 9.258285071340382274e+03 0.000000000000000000e+00 8.903156354850633392e+00 6.099999999999999867e-02
7.866268500000000000e+07 1.000000000000000000e+00 6.500000000000000000e+01 1.209826000000000022e+04 8.162233337901761843e+01 9.244835071340385184e+03 0.000000000000000000e+00 2.900409947845302039e+00 9.199999999999999845e-02
7.866359800000000000e+07 1.000000000000000000e+00 6.500000000000000000e+01 1.208786000000000058e+04 8.474233337901841878e+01 9.241465071340382565e+03 0.000000000000000000e+00 1.396297092527938766e+00 6.099999999999999867e-02
7.866359800000000000e+07 1.000000000000000000e+00 6.500000000000000000e+01 1.208597999999999956e+04 8.345233337901845516e+01 9.240835071340385184e+03 0.000000000000000000e+00 2.734433316768253963e+00 9.199999999999999845e-02
7.866359800000000000e+07 1.000000000000000000e+00 6.500000000000000000e+01 1.208582999999999993e+04 8.337233337901761843e+01 9.240675071340381692e+03 0.000000000000000000e+00 2.887045443752394025e+00 9.199999999999999845e-02
7.866160500000000000e+07 1.000000000000000000e+00 6.500000000000000000e+01 1.205111999999999898e+04 1.170223333790181641e+02 9.255105071340381983e+03 0.000000000000000000e+00 7.818315944013479069e+00 1.553399999999999892e+00
7.866251000000000000e+07 1.000000000000000000e+00 6.600000000000000000e+01 1.198532999999999993e+04 1.345023333790186371e+02 9.244575071340383147e+03 0.000000000000000000e+00 4.449603274898550787e+00 9.199999999999999845e-02
7.866250900000000000e+07 1.000000000000000000e+00 6.600000000000000000e+01 1.198680999999999949e+04 1.292423333790184188e+02 9.243005071340383438e+03 0.000000000000000000e+00 1.808799372364951585e+00 4.169999999999999818e-01
7.866250900000000000e+07 1.000000000000000000e+00 6.600000000000000000e+01 1.198213000000000102e+04 1.275523333790179095e+02 9.243565071340384748e+03 0.000000000000000000e+00 4.890353211456418769e+00 9.199999999999999845e-02
7.866159100000000000e+07 1.000000000000000000e+00 6.500000000000000000e+01 1.200215000000000146e+04 1.203923333790180550e+02 9.233705071340384166e+03 0.000000000000000000e+00 1.341033427093432984e+00 9.199999999999999845e-02
7.866250700000000000e+07 1.000000000000000000e+00 6.500000000000000000e+01 1.199985000000000036e+04 1.207123333790177639e+02 9.242435071340383729e+03 0.000000000000000000e+00 3.216091236833099387e+00 2.400000000000000050e-02
7.866250700000000000e+07 1.000000000000000000e+00 6.500000000000000000e+01 1.199788000000000102e+04 1.169923333790184188e+02 9.245375071340382419e+03 0.000000000000000000e+00 3.873354745338196015e+00 9.199999999999999845e-02
7.866250600000000000e+07 1.000000000000000000e+00 6.500000000000000000e+01 1.199400000000000000e+04 1.108023333790179095e+02 9.245645071340382856e+03 0.000000000000000000e+00 3.573309834306827693e+00 2.400000000000000050e-02
7.866250600000000000e+07 1.000000000000000000e+00 6.500000000000000000e+01 1.199397999999999956e+04 1.107423333790184188e+02 9.245605071340381983e+03 0.000000000000000000e+00 3.599840199124914708e+00 5.000000000000000000e-01
7.866250600000000000e+07 1.000000000000000000e+00 6.500000000000000000e+01 1.199397999999999956e+04 1.107423333790184188e+02 9.245605071340381983e+03 0.000000000000000000e+00 3.599840199124914708e+00 7.277829999999999799e+00
7.866050200000000000e+07 1.000000000000000000e+00 6.500000000000000000e+01 1.191847000000000116e+04 1.460123333790179458e+02 9.247955071340384166e+03 0.000000000000000000e+00 3.749633667079435906e+00 9.199999999999999845e-02
7.866049800000000000e+07 1.000000000000000000e+00 6.600000000000000000e+01 1.190285000000000036e+04 1.379423333790182369e+02 9.235605071340381983e+03 0.000000000000000000e+00 6.889076117291191181e+00 9.199999999999999845e-02
7.866049400000000000e+07 1.000000000000000000e+00 6.500000000000000000e+01 1.190861000000000058e+04 1.446623333790184915e+02 9.226805071340382710e+03 0.000000000000000000e+00 4.241830757056008316e+00 2.039999999999999869e-01
7.866049500000000000e+07 1.000000000000000000e+00 6.500000000000000000e+01 1.191136999999999898e+04 1.339323333790180186e+02 9.219055071340382710e+03 0.000000000000000000e+00 9.038248424201340114e+00 4.169999999999999818e-01
7.866049500000000000e+07 1.000000000000000000e+00 6.500000000000000000e+01 1.191172000000000116e+04 1.336023333790180914e+02 9.219095071340383583e+03 0.000000000000000000e+00 9.225471492267461215e+00 9.199999999999999845e-02
7.866049300000000000e+07 1.000000000000000000e+00 6.500000000000000000e+01 1.189900000000000000e+04 1.488123333790181277e+02 9.219045071340384311e+03 0.000000000000000000e+00 3.282996188447298458e+00 6.099999999999999867e-02
7.866049300000000000e+07 1.000000000000000000e+00 6.500000000000000000e+01 1.189859000000000015e+04 1.499323333790180186e+02 9.219415071340383292e+03 0.000000000000000000e+00 3.126329402709617344e+00 9.199999999999999845e-02
7.866049300000000000e+07 1.000000000000000000e+00 6.500000000000000000e+01 1.189810000000000036e+04 1.512423333790184188e+02 9.219855071340381983e+03 0.000000000000000000e+00 3.551246790468524761e+00 4.169999999999999818e-01
7.866049200000000000e+07 1.000000000000000000e+00 6.500000000000000000e+01 1.189745999999999913e+04 1.633023333790179095e+02 9.221175071340381692e+03 0.000000000000000000e+00 5.818848100798561518e+00 6.099999999999999867e-02
7.866141100000000000e+07 1.000000000000000000e+00 6.500000000000000000e+01 1.189861999999999898e+04 1.650823333790185643e+02 9.221155071340384893e+03 0.000000000000000000e+00 5.001493719058131227e+00 9.199999999999999845e-02
7.866141100000000000e+07 1.000000000000000000e+00 6.500000000000000000e+01 1.189861999999999898e+04 1.650823333790185643e+02 9.221155071340384893e+03 0.000000000000000000e+00 5.001493719058131227e+00 7.309099999999999930e+00
7.866032100000000000e+07 1.000000000000000000e+00 6.500000000000000000e+01 1.181988000000000102e+04 2.138223333790183460e+02 9.240675071340381692e+03 0.000000000000000000e+00 8.056671061864195238e+00 6.099999999999999867e-02
7.866032100000000000e+07 1.000000000000000000e+00 6.500000000000000000e+01 1.182060000000000036e+04 2.148923333790180550e+02 9.240715071340382565e+03 0.000000000000000000e+00 6.821987667639281661e+00 6.099999999999999867e-02
7.866032100000000000e+07 1.000000000000000000e+00 6.500000000000000000e+01 1.182486999999999898e+04 2.211623333790184915e+02 9.235555071340382710e+03 0.000000000000000000e+00 1.155335774122950410e+00 2.400000000000000050e-02
7.865940500000000000e+07 1.000000000000000000e+00 6.600000000000000000e+01 1.183210000000000036e+04 2.143823333790178367e+02 9.231495071340385039e+03 0.000000000000000000e+00 1.529978084103009284e+00 1.124000000000000021e+01
7.865940400000000000e+07 1.000000000000000000e+00 6.600000000000000000e+01 1.183325000000000000e+04 2.197323333790182005e+02 9.228965071340382565e+03 0.000000000000000000e+00 1.791403261457098495e+00 4.169999999999999818e-01
7.866032200000000000e+07 0.000000000000000000e+00 6.500000000000000000e+01 1.183457999999999993e+04 2.252823333790183824e+02 9.230835071340381546e+03 0.000000000000000000e+00 1.206725679287607322e+00 4.169999999999999818e-01
7.865932700000000000e+07 1.000000000000000000e+00 6.600000000000000000e+01 1.183888000000000102e+04 2.290223333790181641e+02 9.239675071340381692e+03 0.000000000000000000e+00 1.514042182547593374e+00 9.199999999999999845e-02
7.866032700000000000e+07 1.000000000000000000e+00 6.600000000000000000e+01 1.183286999999999898e+04 2.294523333790175457e+02 9.245885071340384457e+03 0.000000000000000000e+00 1.350293819783436877e+00 9.199999999999999845e-02
7.865939700000000000e+07 1.000000000000000000e+00 6.600000000000000000e+01 1.181882999999999993e+04 2.062423333790184188e+02 9.196645071340382856e+03 0.000000000000000000e+00 9.560668105025643015e+00 4.169999999999999818e-01
6.185024600000000000e+07 1.000000000000000000e+00 6.500000000000000000e+01 7.918872999999999593e+03 2.734323333790180186e+02 7.216133071340383140e+03 0.000000000000000000e+00 2.188264925959494178e+00 1.000000000000000021e-02
6.185025200000000000e+07 1.000000000000000000e+00 6.600000000000000000e+01 7.930730999999999767e+03 2.635923333790178731e+02 7.227809071340382616e+03 0.000000000000000000e+00 3.027633247344257761e+00 2.400000000000000050e-02
6.185025200000000000e+07 1.000000000000000000e+00 6.600000000000000000e+01 7.932030999999999949e+03 2.675523333790179095e+02 7.227236071340383205e+03 0.000000000000000000e+00 1.950714460330918554e+00 4.169999999999999818e-01
6.185025400000000000e+07 1.000000000000000000e+00 6.500000000000000000e+01 7.933887999999999920e+03 2.692123333790177639e+02 7.240331071340383460e+03 0.000000000000000000e+00 2.248684221080758050e+00 2.400000000000000050e-02
6.185025200000000000e+07 0.000000000000000000e+00 6.600000000000000000e+01 7.930099000000000160e+03 2.721023333790180914e+02 7.235872071340382718e+03 0.000000000000000000e+00 3.614604356098299220e+00 1.078999999999999915e+01
6.185025200000000000e+07 0.000000000000000000e+00 6.600000000000000000e+01 7.930099000000000160e+03 2.721023333790180914e+02 7.235872071340382718e+03 0.000000000000000000e+00 3.614604356098299220e+00 6.235169999999999879e-01
6.185025200000000000e+07 0.000000000000000000e+00 6.600000000000000000e+01 7.930099000000000160e+03 2.721023333790180914e+02 7.235872071340382718e+03 0.000000000000000000e+00 3.614604356098299220e+00 7.922070000000000500e-02
6.194871200000000000e+07 1.000000000000000000e+00 6.500000000000000000e+01 7.503169230000000425e+03 3.906923333790182369e+02 7.146403071340382667e+03 0.000000000000000000e+00 5.886249776334403272e+00 4.169999999999999818e-01
6.194871100000000000e+07 1.000000000000000000e+00 6.500000000000000000e+01 7.501773830000000089e+03 3.893223333790183460e+02 7.145404071340382870e+03 0.000000000000000000e+00 7.491280463892676877e+00 9.199999999999999845e-02
6.194870800000000000e+07 1.000000000000000000e+00 6.600000000000000000e+01 7.497516810000000078e+03 3.854023333790182733e+02 7.145593071340383176e+03 0.000000000000000000e+00 5.740319996953481052e+00 2.400000000000000050e-02
5.679680700000000000e+07 1.000000000000000000e+00 6.600000000000000000e+01 4.962529999999999745e+03 7.784223333790187098e+02 6.729890871340383455e+03 0.000000000000000000e+00 5.066011526581987390e+00 1.078999999999999915e+01
5.679680700000000000e+07 1.000000000000000000e+00 6.600000000000000000e+01 4.962529999999999745e+03 7.784223333790187098e+02 6.729890871340383455e+03 0.000000000000000000e+00 5.066011526581987390e+00 6.614060000000000272e+00
5.679680700000000000e+07 1.000000000000000000e+00 6.600000000000000000e+01 4.962529999999999745e+03 7.784223333790187098e+02 6.729890871340383455e+03 0.000000000000000000e+00 5.066011526581987390e+00 2.556059999999999999e+00
5.674002700000000000e+07 1.000000000000000000e+00 6.500000000000000000e+01 4.622460000000000036e+03 8.170723333790183460e+02 6.746246071340383423e+03 0.000000000000000000e+00 8.195418181454082740e-01 2.400000000000000050e-02
5.674002700000000000e+07 1.000000000000000000e+00 6.500000000000000000e+01 4.621640000000000327e+03 8.146323333790178367e+02 6.745895171340383058e+03 0.000000000000000000e+00 9.366199096781554490e-01 6.099999999999999867e-02
5.674002500000000000e+07 1.000000000000000000e+00 6.600000000000000000e+01 4.619979999999999563e+03 8.039323333790180186e+02 6.739234871340383506e+03 0.000000000000000000e+00 5.257464474823108525e+00 6.099999999999999867e-02
5.673995100000000000e+07 1.000000000000000000e+00 6.500000000000000000e+01 4.618540000000000873e+03 8.022123333790177639e+02 6.740648071340383467e+03 0.000000000000000000e+00 4.856830156884215377e+00 6.099999999999999867e-02
5.673995400000000000e+07 0.000000000000000000e+00 6.600000000000000000e+01 4.604100000000000364e+03 7.961623333790184915e+02 6.738040671340382687e+03 0.000000000000000000e+00 1.687901478109382625e+00 9.199999999999999845e-02
5.673995500000000000e+07 1.000000000000000000e+00 6.600000000000000000e+01 4.605049999999999272e+03 7.932623333790179458e+02 6.743499871340382924e+03 0.000000000000000000e+00 5.157673668519559662e+00 9.199999999999999845e-02
5.674012200000000000e+07 1.000000000000000000e+00 6.600000000000000000e+01 4.606210000000000036e+03 7.912523333790186371e+02 6.750719771340382977e+03 0.000000000000000000e+00 3.968887680286103503e+00 9.199999999999999845e-02
5.674012200000000000e+07 1.000000000000000000e+00 6.600000000000000000e+01 4.606130000000000109e+03 7.911523333790182733e+02 6.750672171340383102e+03 0.000000000000000000e+00 4.033925784061919373e+00 6.099999999999999867e-02
5.674012300000000000e+07 1.000000000000000000e+00 6.600000000000000000e+01 4.600239999999999782e+03 7.848523333790180914e+02 6.747316471340383032e+03 0.000000000000000000e+00 6.512262032548523649e+00 6.099999999999999867e-02
5.673995400000000000e+07 1.000000000000000000e+00 6.600000000000000000e+01 4.597710000000000036e+03 7.957923333790176912e+02 6.745618071340382812e+03 0.000000000000000000e+00 2.408093864522411476e+00 2.039999999999999869e-01
5.673886700000000000e+07 0.000000000000000000e+00 6.600000000000000000e+01 4.606289999999999964e+03 7.482023333790175457e+02 6.755744471340382916e+03 0.000000000000000000e+00 4.289623013709466193e+00 4.169999999999999818e-01
5.673886900000000000e+07 1.000000000000000000e+00 6.600000000000000000e+01 4.605049999999999272e+03 7.520323333790183824e+02 6.757372071340382718e+03 0.000000000000000000e+00 4.349219267750696005e+00 6.099999999999999867e-02
5.674020600000000000e+07 0.000000000000000000e+00 6.600000000000000000e+01 4.607210000000000036e+03 7.567923333790176912e+02 6.751251971340383534e+03 0.000000000000000000e+00 2.993369371092049036e+00 8.349999999999999645e-01
5.674020600000000000e+07 1.000000000000000000e+00 6.600000000000000000e+01 4.609739999999999782e+03 7.576323333790178367e+02 6.757693571340382732e+03 0.000000000000000000e+00 4.516830159166718595e+00 9.199999999999999845e-02
5.674020600000000000e+07 1.000000000000000000e+00 6.600000000000000000e+01 4.616500000000000000e+03 7.631523333790182733e+02 6.754494471340382916e+03 0.000000000000000000e+00 6.065137379944965268e+00 8.349999999999999645e-01
5.674020500000000000e+07 1.000000000000000000e+00 6.600000000000000000e+01 4.618300000000000182e+03 7.642723333790181641e+02 6.751523271340382962e+03 0.000000000000000000e+00 5.256684996969046786e+00 2.039999999999999869e-01
5.674020500000000000e+07 1.000000000000000000e+00 6.600000000000000000e+01 4.618300000000000182e+03 7.642723333790181641e+02 6.751523271340382962e+03 0.000000000000000000e+00 5.256684996969046786e+00 7.395800000000000374e+00
5.674010300000000000e+07 1.000000000000000000e+00 6.600000000000000000e+01 4.623840000000000146e+03 7.928323333790185643e+02 6.728281771340382875e+03 0.000000000000000000e+00 9.009066924615035887e+00 2.130199999999999871e+00
5.674014500000000000e+07 1.000000000000000000e+00 6.600000000000000000e+01 4.558550000000000182e+03 7.996123333790183096e+02 6.731641971340382952e+03 0.000000000000000000e+00 9.637476739904888845e+00 1.078999999999999915e+01
5.674014500000000000e+07 1.000000000000000000e+00 6.600000000000000000e+01 4.559750000000000000e+03 7.971723333790187098e+02 6.731672371340383506e+03 0.000000000000000000e+00 7.241989251586941734e+00 9.199999999999999845e-02
5.674133300000000000e+07 1.000000000000000000e+00 6.500000000000000000e+01 4.526389999999999418e+03 8.408823333790178367e+02 6.716151571340383271e+03 0.000000000000000000e+00 6.405239339924863273e+00 9.199999999999999845e-02
5.674133300000000000e+07 1.000000000000000000e+00 6.500000000000000000e+01 4.531719999999999345e+03 8.412123333790177639e+02 6.718023571340382659e+03 0.000000000000000000e+00 1.850045273241215149e+00 1.339000000000000057e+01
5.674133300000000000e+07 1.000000000000000000e+00 6.500000000000000000e+01 4.531719999999999345e+03 8.412123333790177639e+02 6.718023571340382659e+03 0.000000000000000000e+00 1.850045273241215149e+00 3.811830000000000052e+00
5.674133300000000000e+07 1.000000000000000000e+00 6.500000000000000000e+01 4.531719999999999345e+03 8.412123333790177639e+02 6.718023571340382659e+03 0.000000000000000000e+00 1.850045273241215149e+00 2.055460000000000065e+00
5.674014500000000000e+07 1.000000000000000000e+00 6.600000000000000000e+01 4.558550000000000182e+03 7.996123333790183096e+02 6.731641971340382952e+03 0.000000000000000000e+00 9.637476739904888845e+00 5.745720000000000383e+00
5.659688100000000000e+07 0.000000000000000000e+00 6.600000000000000000e+01 2.078900000000003274e+02 2.414048343379017751e+03 6.794294331340382996e+03 0.000000000000000000e+00 1.606559296058309716e+00 9.199999999999999845e-02
5.659566100000000000e+07 1.000000000000000000e+00 6.600000000000000000e+01 2.080600000000004002e+02 2.412278293379018578e+03 6.796181671340383218e+03 0.000000000000000000e+00 1.388441053788425528e+00 2.400000000000000050e-02
5.659565700000000000e+07 0.000000000000000000e+00 6.500000000000000000e+01 2.085900000000001455e+02 2.411009033379018547e+03 6.806274971340382763e+03 0.000000000000000000e+00 1.266368717197536631e+00 1.124000000000000021e+01
5.659565700000000000e+07 0.000000000000000000e+00 6.500000000000000000e+01 2.085900000000001455e+02 2.411009033379018547e+03 6.806274971340382763e+03 0.000000000000000000e+00 1.266368717197536631e+00 1.424120000000000053e+00
5.659688000000000000e+07 1.000000000000000000e+00 6.600000000000000000e+01 2.141800000000002910e+02 2.422310603379018175e+03 6.790470121340383230e+03 1.000000000000000000e+00 6.582583048805837889e-01 3.610000000000000000e+02
5.659679600000000000e+07 1.000000000000000000e+00 6.500000000000000000e+01 2.154700000000002547e+02 2.419234253379017900e+03 6.779537431340382682e+03 1.000000000000000000e+00 8.105427843630458318e-01 3.610000000000000000e+02
6.323902000000000000e+07 0.000000000000000000e+00 6.600000000000000000e+01 3.362100000000000364e+03 2.947533333379017677e+03 7.543779071340383780e+03 1.000000000000000000e+00 9.757521605335696124e-01 3.610000000000000000e+02
6.323633200000000000e+07 1.000000000000000000e+00 6.600000000000000000e+01 3.204460000000000036e+03 2.900300333379018412e+03 7.401529071340382870e+03 1.000000000000000000e+00 7.728268389291761409e-01 3.610000000000000000e+02
6.323524000000000000e+07 0.000000000000000000e+00 6.600000000000000000e+01 3.123099999999999454e+03 2.898966333379018579e+03 7.403510071340383547e+03 1.000000000000000000e+00 2.733823785800197914e+00 3.610000000000000000e+02
1.038874380000000000e+08 1.000000000000000000e+00 6.600000000000000000e+01 5.428069999999999709e+03 8.603832333379017655e+03 1.208676507134038184e+04 1.000000000000000000e+00 2.652484125354270250e-01 3.610000000000000000e+02
7.823968500000000000e+07 1.000000000000000000e+00 6.600000000000000000e+01 4.639110000000000582e+03 4.166292333379017691e+03 9.100245071340385039e+03 1.000000000000000000e+00 6.755020441795733799e-01 3.610000000000000000e+02
6.323511800000000000e+07 0.000000000000000000e+00 6.500000000000000000e+01 3.219399999999999636e+03 2.907836333379018470e+03 7.420499071340383125e+03 1.000000000000000000e+00 1.513360277589923752e+00 3.610000000000000000e+02
6.323696900000000000e+07 0.000000000000000000e+00 6.600000000000000000e+01 3.253289999999999964e+03 2.928276333379018070e+03 7.472894071340383562e+03 1.000000000000000000e+00 1.692043642090811373e+00 3.610000000000000000e+02
6.323645600000000000e+07 1.000000000000000000e+00 6.500000000000000000e+01 3.193239999999999782e+03 2.844204333379017953e+03 7.376266071340382950e+03 1.000000000000000000e+00 4.408417613320232409e-01 3.610000000000000000e+02
6.323775500000000000e+07 1.000000000000000000e+00 6.500000000000000000e+01 3.217940000000000509e+03 2.920601333379017888e+03 7.423098071340383285e+03 1.000000000000000000e+00 8.488521199293911357e-01 3.610000000000000000e+02
6.206450600000000000e+07 0.000000000000000000e+00 6.600000000000000000e+01 2.370539999999999964e+03 2.784999333379018026e+03 7.077874071340383125e+03 1.000000000000000000e+00 2.716791636761459294e+00 3.610000000000000000e+02
6.323696900000000000e+07 1.000000000000000000e+00 6.600000000000000000e+01 3.252489999999999782e+03 2.928175333379018412e+03 7.466253071340383030e+03 1.000000000000000000e+00 3.962975170813933246e-01 3.610000000000000000e+02
6.117566300000000000e+07 1.000000000000000000e+00 6.600000000000000000e+01 2.340509999999999309e+03 2.807609333379018608e+03 7.082133071340383140e+03 1.000000000000000000e+00 7.094745817957355261e-01 3.610000000000000000e+02
6.323696700000000000e+07 1.000000000000000000e+00 6.600000000000000000e+01 3.244670000000000073e+03 2.918693333379018441e+03 7.471835071340383365e+03 1.000000000000000000e+00 6.834012998605378808e-01 3.610000000000000000e+02
8.579457000000000000e+07 1.000000000000000000e+00 6.500000000000000000e+01 5.434750000000000000e+03 4.602682333379017109e+03 1.017970507134038417e+04 1.000000000000000000e+00 7.918017884875306889e-01 3.610000000000000000e+02
1.038858300000000000e+08 0.000000000000000000e+00 6.500000000000000000e+01 5.430909999999999854e+03 8.667442333379018237e+03 1.210482507134038315e+04 1.000000000000000000e+00 2.110691196108315515e-01 3.610000000000000000e+02
1.038859120000000000e+08 0.000000000000000000e+00 6.500000000000000000e+01 5.447510000000000218e+03 8.647492333379017509e+03 1.209348507134038300e+04 1.000000000000000000e+00 2.105261313786508381e+00 3.610000000000000000e+02
7.823967600000000000e+07 1.000000000000000000e+00 6.600000000000000000e+01 4.668220000000000255e+03 4.149942333379017327e+03 9.102065071340384748e+03 1.000000000000000000e+00 7.455814676862012602e-01 3.610000000000000000e+02
7.823931200000000000e+07 0.000000000000000000e+00 6.600000000000000000e+01 4.607550000000000182e+03 4.088782333379017473e+03 9.044585071340385184e+03 1.000000000000000000e+00 2.294203560224162164e+00 3.610000000000000000e+02
6.323697200000000000e+07 1.000000000000000000e+00 6.500000000000000000e+01 3.263460000000000036e+03 2.923581333379018361e+03 7.471564071340382725e+03 1.000000000000000000e+00 7.335786407451871938e-01 3.610000000000000000e+02
6.323767400000000000e+07 0.000000000000000000e+00 6.500000000000000000e+01 3.217760000000000218e+03 2.861262333379017946e+03 7.395231071340383096e+03 1.000000000000000000e+00 7.680425174914347064e-01 3.610000000000000000e+02
6.117690600000000000e+07 1.000000000000000000e+00 6.600000000000000000e+01 2.417950000000000728e+03 2.865136333379017742e+03 7.099776071340383169e+03 1.000000000000000000e+00 7.939495528469859842e-01 3.610000000000000000e+02
