3.488365000000000000e+06 1.000000000000000000e+00 6.500000000000000000e+01 2.704469999999999345e+03 9.271480197317467173e+03 4.864875219245395783e+02 0.000000000000000000e+00 9.359250987726634108e+00 1.339000000000000057e+01
3.488030000000000000e+06 0.000000000000000000e+00 6.600000000000000000e+01 2.734420000000000073e+03 9.272370197317466591e+03 4.920005219245394983e+02 0.000000000000000000e+00 4.065746674423174944e+00 1.339000000000000057e+01
7.814179000000000000e+06 1.000000000000000000e+00 6.500000000000000000e+01 3.681910000000000309e+03 9.233480897317465860e+03 6.921765219245389744e+02 0.000000000000000000e+00 4.405361171767484763e+00 1.078999999999999915e+01
1.331774100000000000e+07 1.000000000000000000e+00 6.600000000000000000e+01 6.926538000000000466e+03 9.587770497317465924e+03 1.398672521924539069e+03 0.000000000000000000e+00 2.511522101559271913e+00 1.078999999999999915e+01
1.510054900000000000e+07 1.000000000000000000e+00 6.600000000000000000e+01 8.820969999999999345e+03 1.048696449731746725e+04 1.864802521924538269e+03 0.000000000000000000e+00 1.694729020438163758e+00 1.078999999999999915e+01
1.510054900000000000e+07 1.000000000000000000e+00 6.600000000000000000e+01 8.826479999999999563e+03 1.048776449731746652e+04 1.870542521924539869e+03 0.000000000000000000e+00 4.336083197155763180e+00 1.078999999999999915e+01
2.074149700000000000e+07 1.000000000000000000e+00 6.500000000000000000e+01 9.372239999999999782e+03 1.053104449731746718e+04 2.389182521924539287e+03 0.000000000000000000e+00 6.762924834635163585e+00 3.229999999999999716e+01
2.073990200000000000e+07 1.000000000000000000e+00 6.500000000000000000e+01 9.490059999999999491e+03 1.049569449731746681e+04 2.481112521924539578e+03 0.000000000000000000e+00 4.783687313682936981e+00 1.339000000000000057e+01
9.594703000000000000e+06 1.000000000000000000e+00 6.600000000000000000e+01 1.301419000000000051e+04 9.434405497317467962e+03 1.240422521924539069e+03 0.000000000000000000e+00 9.600082004830223781e+00 1.000000000000000021e-02
9.594704000000000000e+06 1.000000000000000000e+00 6.600000000000000000e+01 1.301147999999999956e+04 9.448537497317465750e+03 1.239222521924540160e+03 0.000000000000000000e+00 4.277484717938920156e+00 2.400000000000000050e-02
9.594704000000000000e+06 1.000000000000000000e+00 6.600000000000000000e+01 1.301998999999999978e+04 9.455303497317467190e+03 1.244252521924538996e+03 0.000000000000000000e+00 7.963810930901979113e+00 9.199999999999999845e-02
9.594703000000000000e+06 1.000000000000000000e+00 6.600000000000000000e+01 1.302024000000000160e+04 9.447994497317467903e+03 1.240942521924539506e+03 0.000000000000000000e+00 2.254821997299489400e+00 9.199999999999999845e-02
9.594703000000000000e+06 1.000000000000000000e+00 6.600000000000000000e+01 1.301829000000000087e+04 9.446543497317466972e+03 1.237982521924538560e+03 0.000000000000000000e+00 1.558064446969217531e+00 9.199999999999999845e-02
9.594703000000000000e+06 1.000000000000000000e+00 6.600000000000000000e+01 1.301842000000000007e+04 9.448288497317465954e+03 1.236772521924539433e+03 0.000000000000000000e+00 8.976510466125766641e-01 9.199999999999999845e-02
9.594783000000000000e+06 1.000000000000000000e+00 6.600000000000000000e+01 1.302417000000000007e+04 9.486724497317467467e+03 1.235522521924539433e+03 0.000000000000000000e+00 3.425965969281853596e+00 9.199999999999999845e-02
9.594783000000000000e+06 1.000000000000000000e+00 6.600000000000000000e+01 1.302410000000000036e+04 9.483108497317465662e+03 1.236222521924538341e+03 0.000000000000000000e+00 3.101573262660281216e+00 2.039999999999999869e-01
9.594783000000000000e+06 1.000000000000000000e+00 6.600000000000000000e+01 1.302330999999999949e+04 9.483323497317465808e+03 1.235932521924539287e+03 0.000000000000000000e+00 2.370168102460779025e+00 9.199999999999999845e-02
9.594782000000000000e+06 0.000000000000000000e+00 6.600000000000000000e+01 1.302279999999999927e+04 9.481872497317466696e+03 1.232982521924538560e+03 0.000000000000000000e+00 1.752042262309080334e+00 1.124000000000000021e+01
9.594782000000000000e+06 0.000000000000000000e+00 6.600000000000000000e+01 1.302279999999999927e+04 9.481872497317466696e+03 1.232982521924538560e+03 0.000000000000000000e+00 1.752042262309080334e+00 1.061330000000000107e+00
1.302124600000000000e+07 1.000000000000000000e+00 6.600000000000000000e+01 1.240890000000000146e+04 9.009779497317467758e+03 1.478472521924540160e+03 0.000000000000000000e+00 8.832959288786884855e+00 1.078999999999999915e+01
1.302124600000000000e+07 1.000000000000000000e+00 6.600000000000000000e+01 1.240890000000000146e+04 9.009779497317467758e+03 1.478472521924540160e+03 0.000000000000000000e+00 8.832959288786884855e+00 1.902470000000000105e+00
1.302124000000000000e+07 1.000000000000000000e+00 6.500000000000000000e+01 1.240282999999999993e+04 9.002586497317466637e+03 1.501012521924539215e+03 0.000000000000000000e+00 8.593116546879134177e+00 4.169999999999999818e-01
1.302124000000000000e+07 1.000000000000000000e+00 6.500000000000000000e+01 1.240282999999999993e+04 9.002586497317466637e+03 1.501012521924539215e+03 0.000000000000000000e+00 8.593116546879134177e+00 7.302690000000000126e+00
1.302120500000000000e+07 1.000000000000000000e+00 6.600000000000000000e+01 1.233368999999999869e+04 8.970059497317466594e+03 1.499942521924539506e+03 0.000000000000000000e+00 5.266850693882555667e+00 2.400000000000000050e-02
1.302120400000000000e+07 1.000000000000000000e+00 6.600000000000000000e+01 1.233913999999999942e+04 8.971226497317467874e+03 1.496652521924538632e+03 0.000000000000000000e+00 8.631367408454146073e+00 9.199999999999999845e-02
1.302035000000000000e+07 1.000000000000000000e+00 6.500000000000000000e+01 1.234031000000000131e+04 8.962174497317466376e+03 1.474482521924538560e+03 0.000000000000000000e+00 4.082558141955646924e+00 8.349999999999999645e-01
1.302009400000000000e+07 1.000000000000000000e+00 6.600000000000000000e+01 1.235377000000000044e+04 8.940663497317465954e+03 1.467042521924539869e+03 0.000000000000000000e+00 5.245178276970446696e+00 9.199999999999999845e-02
1.301940600000000000e+07 1.000000000000000000e+00 6.600000000000000000e+01 1.234120999999999913e+04 8.956526497317467147e+03 1.450672521924539069e+03 0.000000000000000000e+00 7.849895456219568857e+00 4.169999999999999818e-01
1.301940600000000000e+07 1.000000000000000000e+00 6.600000000000000000e+01 1.234226000000000022e+04 8.957220497317466652e+03 1.450232521924538560e+03 0.000000000000000000e+00 8.505372046926247265e+00 4.169999999999999818e-01
1.301940600000000000e+07 1.000000000000000000e+00 6.600000000000000000e+01 1.234226000000000022e+04 8.957220497317466652e+03 1.450232521924538560e+03 0.000000000000000000e+00 8.505372046926247265e+00 7.059560000000000279e+00
2.073990200000000000e+07 1.000000000000000000e+00 6.500000000000000000e+01 9.494139999999999418e+03 1.049516449731746616e+04 2.486582521924538923e+03 0.000000000000000000e+00 4.989824198308023817e+00 1.000000000000000000e+01
2.073990200000000000e+07 1.000000000000000000e+00 6.500000000000000000e+01 9.493350000000000364e+03 1.049667449731746638e+04 2.486572521924538705e+03 0.000000000000000000e+00 4.862173072842118415e+00 2.400000000000000050e-02
2.073990200000000000e+07 1.000000000000000000e+00 6.500000000000000000e+01 9.494270000000000437e+03 1.049659449731746645e+04 2.485952521924539724e+03 0.000000000000000000e+00 3.880543806356949510e+00 9.199999999999999845e-02
2.073982100000000000e+07 1.000000000000000000e+00 6.600000000000000000e+01 9.468379999999999200e+03 1.049162449731746710e+04 2.480592521924539142e+03 0.000000000000000000e+00 2.026297980229107232e+00 9.199999999999999845e-02
2.073990400000000000e+07 1.000000000000000000e+00 6.600000000000000000e+01 9.474020000000000437e+03 1.048682449731746601e+04 2.473862521924539578e+03 0.000000000000000000e+00 6.306778068854373309e+00 2.400000000000000050e-02
2.073982600000000000e+07 1.000000000000000000e+00 6.500000000000000000e+01 9.468760000000000218e+03 1.047873449731746587e+04 2.470652521924538632e+03 0.000000000000000000e+00 6.302975290349120741e+00 6.099999999999999867e-02
2.073982600000000000e+07 1.000000000000000000e+00 6.500000000000000000e+01 9.467290000000000873e+03 1.047868449731746659e+04 2.473722521924540160e+03 0.000000000000000000e+00 3.328775810364107635e+00 9.199999999999999845e-02
2.073982600000000000e+07 1.000000000000000000e+00 6.500000000000000000e+01 9.462399999999999636e+03 1.047921449731746725e+04 2.477132521924540015e+03 0.000000000000000000e+00 1.492595888540621196e+00 6.099999999999999867e-02
2.073982200000000000e+07 1.000000000000000000e+00 6.600000000000000000e+01 9.464790000000000873e+03 1.048779449731746718e+04 2.471582521924538923e+03 0.000000000000000000e+00 8.756661981304155518e+00 2.400000000000000050e-02
2.073982300000000000e+07 1.000000000000000000e+00 6.600000000000000000e+01 9.458329999999999927e+03 1.048660449731746667e+04 2.473252521924538996e+03 0.000000000000000000e+00 6.983772555856634590e+00 4.169999999999999818e-01
2.073982300000000000e+07 1.000000000000000000e+00 6.600000000000000000e+01 9.459119999999998981e+03 1.048456449731746761e+04 2.477062521924538487e+03 0.000000000000000000e+00 3.741152378834219583e+00 9.199999999999999845e-02
2.073982200000000000e+07 1.000000000000000000e+00 6.600000000000000000e+01 9.463739999999999782e+03 1.049108449731746623e+04 2.478942521924539506e+03 0.000000000000000000e+00 1.458845613627414606e+00 2.400000000000000050e-02
2.073990400000000000e+07 1.000000000000000000e+00 6.600000000000000000e+01 9.474380000000001019e+03 1.048937449731746710e+04 2.474262521924539215e+03 0.000000000000000000e+00 3.920374659197777945e+00 9.199999999999999845e-02
2.073990400000000000e+07 1.000000000000000000e+00 6.600000000000000000e+01 9.472159999999999854e+03 1.048767449731746638e+04 2.476452521924539724e+03 0.000000000000000000e+00 7.111201067231142758e+00 4.169999999999999818e-01
2.073982400000000000e+07 1.000000000000000000e+00 6.500000000000000000e+01 9.472430000000000291e+03 1.048591449731746616e+04 2.479992521924538778e+03 0.000000000000000000e+00 3.443357568428379256e+00 6.099999999999999867e-02
2.073982200000000000e+07 1.000000000000000000e+00 6.600000000000000000e+01 9.467010000000000218e+03 1.049119449731746681e+04 2.478342521924539142e+03 0.000000000000000000e+00 2.837607307813417190e+00 2.400000000000000050e-02
2.073982100000000000e+07 1.000000000000000000e+00 6.600000000000000000e+01 9.462709999999999127e+03 1.049628449731746696e+04 2.476082521924538923e+03 0.000000000000000000e+00 2.651986004770582550e+00 9.199999999999999845e-02
2.073982100000000000e+07 1.000000000000000000e+00 6.600000000000000000e+01 9.462790000000000873e+03 1.049617449731746638e+04 2.476052521924538269e+03 0.000000000000000000e+00 2.599074651521004142e+00 4.169999999999999818e-01
2.073982000000000000e+07 0.000000000000000000e+00 6.500000000000000000e+01 9.457290000000000873e+03 1.049541449731746616e+04 2.483022521924539433e+03 0.000000000000000000e+00 3.866783363430737808e+00 9.199999999999999845e-02
2.073982300000000000e+07 0.000000000000000000e+00 6.600000000000000000e+01 9.459110000000000582e+03 1.048686449731746688e+04 2.490192521924539506e+03 0.000000000000000000e+00 3.106968969969372552e+00 4.169999999999999818e-01
2.073982300000000000e+07 0.000000000000000000e+00 6.600000000000000000e+01 9.459110000000000582e+03 1.048686449731746688e+04 2.490192521924539506e+03 0.000000000000000000e+00 3.106968969969372552e+00 7.120000000000000107e+00
2.074149700000000000e+07 1.000000000000000000e+00 6.500000000000000000e+01 9.372239999999999782e+03 1.053104449731746718e+04 2.389182521924539287e+03 0.000000000000000000e+00 6.762924834635163585e+00 1.036529999999999951e+00
1.888309600000000000e+07 1.000000000000000000e+00 6.500000000000000000e+01 9.357670000000000073e+03 1.048616449731746616e+04 2.148812521924538487e+03 0.000000000000000000e+00 8.931424630047784419e+00 6.099999999999999867e-02
1.888309600000000000e+07 1.000000000000000000e+00 6.500000000000000000e+01 9.357670000000000073e+03 1.048616449731746616e+04 2.148812521924538487e+03 0.000000000000000000e+00 8.931424630047784419e+00 7.352570000000000050e+00
1.510054900000000000e+07 1.000000000000000000e+00 6.600000000000000000e+01 8.826479999999999563e+03 1.048776449731746652e+04 1.870542521924539869e+03 0.000000000000000000e+00 4.336083197155763180e+00 4.169900000000000162e+00
1.510055200000000000e+07 1.000000000000000000e+00 6.500000000000000000e+01 8.827350000000000364e+03 1.048392449731746638e+04 1.878252521924538996e+03 0.000000000000000000e+00 6.531916582308591401e+00 4.169999999999999818e-01
1.510055300000000000e+07 1.000000000000000000e+00 6.500000000000000000e+01 8.832799999999999272e+03 1.049437449731746710e+04 1.886032521924539651e+03 0.000000000000000000e+00 3.002463517606857035e+00 9.199999999999999845e-02
1.510055500000000000e+07 1.000000000000000000e+00 6.500000000000000000e+01 8.831639999999999418e+03 1.051289449731746572e+04 1.882012521924539215e+03 0.000000000000000000e+00 5.780858900599759487e+00 2.039999999999999869e-01
1.510055600000000000e+07 1.000000000000000000e+00 6.500000000000000000e+01 8.822829999999999927e+03 1.050955449731746739e+04 1.881912521924538851e+03 0.000000000000000000e+00 2.290195177620945266e+00 1.078999999999999915e+01
1.510055600000000000e+07 1.000000000000000000e+00 6.500000000000000000e+01 8.822829999999999927e+03 1.050955449731746739e+04 1.881912521924538851e+03 0.000000000000000000e+00 2.290195177620945266e+00 2.149150000000000116e+00
1.510055600000000000e+07 1.000000000000000000e+00 6.500000000000000000e+01 8.822829999999999927e+03 1.050955449731746739e+04 1.881912521924538851e+03 0.000000000000000000e+00 2.290195177620945266e+00 1.196010000000000018e+00
1.510047900000000000e+07 1.000000000000000000e+00 6.600000000000000000e+01 8.791409999999999854e+03 1.043414449731746754e+04 1.891982521924538560e+03 0.000000000000000000e+00 1.822897171503873759e+00 9.199999999999999845e-02
1.509956300000000000e+07 1.000000000000000000e+00 6.600000000000000000e+01 8.803350000000000364e+03 1.043214449731746572e+04 1.889642521924538414e+03 0.000000000000000000e+00 4.856893216669054603e+00 9.199999999999999845e-02
1.509956200000000000e+07 1.000000000000000000e+00 6.600000000000000000e+01 8.803430000000000291e+03 1.043288449731746732e+04 1.887412521924538851e+03 0.000000000000000000e+00 3.760794369060599163e+00 9.199999999999999845e-02
1.509956400000000000e+07 1.000000000000000000e+00 6.600000000000000000e+01 8.798270000000000437e+03 1.044000449731746630e+04 1.887132521924540015e+03 0.000000000000000000e+00 2.477528091546812750e+00 2.039999999999999869e-01
1.509956600000000000e+07 1.000000000000000000e+00 6.500000000000000000e+01 8.797479999999999563e+03 1.043666449731746616e+04 1.882902521924538632e+03 0.000000000000000000e+00 6.476910665050549909e+00 2.039999999999999869e-01
1.509956200000000000e+07 1.000000000000000000e+00 6.600000000000000000e+01 8.801350000000000364e+03 1.043140449731746594e+04 1.883852521924539360e+03 0.000000000000000000e+00 6.498764969126106905e+00 9.199999999999999845e-02
1.510045500000000000e+07 1.000000000000000000e+00 6.500000000000000000e+01 8.819250000000000000e+03 1.042817449731746638e+04 1.870452521924539724e+03 0.000000000000000000e+00 6.120811601561947590e+00 2.039999999999999869e-01
1.510045500000000000e+07 1.000000000000000000e+00 6.500000000000000000e+01 8.822979999999999563e+03 1.042424449731746608e+04 1.864132521924540015e+03 0.000000000000000000e+00 1.381513069517714687e+00 2.400000000000000050e-02
1.510045500000000000e+07 0.000000000000000000e+00 6.500000000000000000e+01 8.828569999999999709e+03 1.042378449731746696e+04 1.868102521924539360e+03 0.000000000000000000e+00 3.515163129414067722e+00 5.000000000000000000e-01
1.510045200000000000e+07 1.000000000000000000e+00 6.500000000000000000e+01 8.831489999999999782e+03 1.043913449731746732e+04 1.861452521924539724e+03 0.000000000000000000e+00 9.457092436096768751e+00 9.199999999999999845e-02
1.331774100000000000e+07 1.000000000000000000e+00 6.600000000000000000e+01 6.926538000000000466e+03 9.587770497317465924e+03 1.398672521924539069e+03 0.000000000000000000e+00 2.511522101559271913e+00 7.003140000000000143e+00
9.269122000000000000e+06 1.000000000000000000e+00 6.600000000000000000e+01 5.500109999999999673e+03 9.192729087317467929e+03 1.164405521924539244e+03 0.000000000000000000e+00 9.965885060567401865e+00 1.376999999999999957e+01
9.269123000000000000e+06 1.000000000000000000e+00 6.600000000000000000e+01 5.494199999999999818e+03 9.191242147317465424e+03 1.167428521924538472e+03 0.000000000000000000e+00 5.318155417223685788e+00 1.605000000000000071e+01
9.269123000000000000e+06 1.000000000000000000e+00 6.600000000000000000e+01 5.492750000000000000e+03 9.189525023317466548e+03 1.170153521924538836e+03 0.000000000000000000e+00 2.889503755792883322e+00 1.078999999999999915e+01
9.269122000000000000e+06 1.000000000000000000e+00 6.600000000000000000e+01 5.501319999999999709e+03 9.195283447317466198e+03 1.165703521924539928e+03 0.000000000000000000e+00 8.598270871206088017e+00 1.339000000000000057e+01
9.269122000000000000e+06 1.000000000000000000e+00 6.600000000000000000e+01 5.501369999999999891e+03 9.195306227317465527e+03 1.165941521924539302e+03 0.000000000000000000e+00 8.407338312623547694e+00 4.169999999999999818e-01
9.269121000000000000e+06 1.000000000000000000e+00 6.600000000000000000e+01 5.502550000000000182e+03 9.205221797317466553e+03 1.180451521924539520e+03 0.000000000000000000e+00 1.413536808157541236e+00 6.099999999999999867e-02
9.269119000000000000e+06 0.000000000000000000e+00 6.600000000000000000e+01 5.507020000000000437e+03 9.206056397317466690e+03 1.184652521924538632e+03 0.000000000000000000e+00 3.273340990149618435e+00 6.099999999999999867e-02
9.269120000000000000e+06 1.000000000000000000e+00 6.500000000000000000e+01 5.502500000000000000e+03 9.202396697317466533e+03 1.193598521924538545e+03 0.000000000000000000e+00 2.053732157271138892e+00 9.199999999999999845e-02
9.269120000000000000e+06 0.000000000000000000e+00 6.600000000000000000e+01 5.500220000000000255e+03 9.201910097317466352e+03 1.183045521924538662e+03 0.000000000000000000e+00 1.914059869313744278e+00 9.199999999999999845e-02
9.269120000000000000e+06 0.000000000000000000e+00 6.500000000000000000e+01 5.501119999999999891e+03 9.200261997317466012e+03 1.187245521924539389e+03 0.000000000000000000e+00 9.668283804662195502e-01 9.199999999999999845e-02
9.267119000000000000e+06 1.000000000000000000e+00 6.500000000000000000e+01 5.504170000000000073e+03 9.186997437317466392e+03 1.196401521924538429e+03 0.000000000000000000e+00 9.518723792816704332e+00 2.400000000000000050e-02
9.269119000000000000e+06 1.000000000000000000e+00 6.500000000000000000e+01 5.503409999999999854e+03 9.191340707317467604e+03 1.196907521924539651e+03 0.000000000000000000e+00 7.672895557331518290e+00 6.099999999999999867e-02
9.269119000000000000e+06 1.000000000000000000e+00 6.500000000000000000e+01 5.503050000000000182e+03 9.192244677317466994e+03 1.197570521924538298e+03 0.000000000000000000e+00 7.608876169191351124e+00 2.039999999999999869e-01
9.269115000000000000e+06 1.000000000000000000e+00 6.600000000000000000e+01 5.509500000000000000e+03 9.192769367317467186e+03 1.193305521924538880e+03 0.000000000000000000e+00 5.881803198534298005e+00 2.400000000000000050e-02
9.269119000000000000e+06 1.000000000000000000e+00 6.500000000000000000e+01 5.500149999999999636e+03 9.195917657317466364e+03 1.193353521924539564e+03 0.000000000000000000e+00 3.176134576802266629e+00 4.169999999999999818e-01
9.269119000000000000e+06 1.000000000000000000e+00 6.500000000000000000e+01 5.500149999999999636e+03 9.195917657317466364e+03 1.193353521924539564e+03 0.000000000000000000e+00 3.176134576802266629e+00 7.325630000000000308e+00
9.269122000000000000e+06 1.000000000000000000e+00 6.600000000000000000e+01 5.501319999999999709e+03 9.195283447317466198e+03 1.165703521924539928e+03 0.000000000000000000e+00 8.598270871206088017e+00 2.505799999999999805e+00
9.269123000000000000e+06 1.000000000000000000e+00 6.600000000000000000e+01 5.492659999999999854e+03 9.187887097317467124e+03 1.169832521924538923e+03 0.000000000000000000e+00 4.246243682655223672e+00 4.169999999999999818e-01
9.269124000000000000e+06 1.000000000000000000e+00 6.600000000000000000e+01 5.489030000000000655e+03 9.193980797317466568e+03 1.166441521924539302e+03 0.000000000000000000e+00 4.122729755089403092e+00 9.199999999999999845e-02
9.269124000000000000e+06 1.000000000000000000e+00 6.600000000000000000e+01 5.484779999999999745e+03 9.193324727317467477e+03 1.170829521924540131e+03 0.000000000000000000e+00 2.265014830272370272e+00 9.199999999999999845e-02
9.269124000000000000e+06 1.000000000000000000e+00 6.600000000000000000e+01 5.486420000000000073e+03 9.194256807317466155e+03 1.169501521924538793e+03 0.000000000000000000e+00 1.517150021904855484e+00 2.400000000000000050e-02
9.269123000000000000e+06 1.000000000000000000e+00 6.600000000000000000e+01 5.491779999999999745e+03 9.190401382317466414e+03 1.165188521924538691e+03 0.000000000000000000e+00 6.849547689249061655e+00 9.199999999999999845e-02
9.269126000000000000e+06 1.000000000000000000e+00 6.500000000000000000e+01 5.496979999999999563e+03 9.203442397317467112e+03 1.163211521924539738e+03 0.000000000000000000e+00 9.362693155336453188e+00 4.169999999999999818e-01
9.269126000000000000e+06 1.000000000000000000e+00 6.500000000000000000e+01 5.496979999999999563e+03 9.203442397317467112e+03 1.163211521924539738e+03 0.000000000000000000e+00 9.362693155336453188e+00 7.141910000000000203e+00
9.268128000000000000e+06 1.000000000000000000e+00 6.500000000000000000e+01 5.510130000000000109e+03 9.187679887317466637e+03 1.168735521924539171e+03 0.000000000000000000e+00 3.944712727070728953e+00 1.078999999999999915e+01
9.269117000000000000e+06 1.000000000000000000e+00 6.500000000000000000e+01 5.511850000000000364e+03 9.193650247317465983e+03 1.185188521924538691e+03 0.000000000000000000e+00 3.189261360967668324e+00 2.400000000000000050e-02
9.269117000000000000e+06 1.000000000000000000e+00 6.500000000000000000e+01 5.511899999999999636e+03 9.194181697317466387e+03 1.185721521924539957e+03 0.000000000000000000e+00 3.263086763534022605e+00 9.199999999999999845e-02
9.269117000000000000e+06 1.000000000000000000e+00 6.500000000000000000e+01 5.512199999999999818e+03 9.195360887317467132e+03 1.187279521924539040e+03 0.000000000000000000e+00 3.460705477891270476e+00 9.199999999999999845e-02
9.267206000000000000e+06 0.000000000000000000e+00 6.500000000000000000e+01 5.526000000000000000e+03 9.197188447317466853e+03 1.175832521924538923e+03 0.000000000000000000e+00 9.447900767483584650e-01 1.124000000000000021e+01
9.267206000000000000e+06 0.000000000000000000e+00 6.500000000000000000e+01 5.526000000000000000e+03 9.197188447317466853e+03 1.175832521924538923e+03 0.000000000000000000e+00 9.447900767483584650e-01 5.119119999999999671e+00
9.268128000000000000e+06 1.000000000000000000e+00 6.500000000000000000e+01 5.510130000000000109e+03 9.187679887317466637e+03 1.168735521924539171e+03 0.000000000000000000e+00 3.944712727070728953e+00 6.685290000000000177e+00
7.812919000000000000e+06 1.000000000000000000e+00 6.500000000000000000e+01 3.675260000000000218e+03 9.230753397317466806e+03 6.850695219245390035e+02 0.000000000000000000e+00 3.495006607325009451e+00 1.078999999999999915e+01
7.812919000000000000e+06 1.000000000000000000e+00 6.500000000000000000e+01 3.673670000000000073e+03 9.231988697317467086e+03 6.865045219245394037e+02 0.000000000000000000e+00 4.575477097659550907e+00 9.199999999999999845e-02
7.815389000000000000e+06 1.000000000000000000e+00 6.500000000000000000e+01 3.670539999999999964e+03 9.255595297317468066e+03 7.030535219245393819e+02 0.000000000000000000e+00 3.114482708135874134e+00 9.199999999999999845e-02
7.815393000000000000e+06 0.000000000000000000e+00 6.600000000000000000e+01 3.668389999999999873e+03 9.253361097317465465e+03 7.040465219245388653e+02 0.000000000000000000e+00 2.252110387233530187e+00 2.400000000000000050e-02
7.815389000000000000e+06 1.000000000000000000e+00 6.500000000000000000e+01 3.668809999999999945e+03 9.257114797317466582e+03 6.991325219245391054e+02 0.000000000000000000e+00 1.026446475422198246e+00 1.000000000000000021e-02
7.812919000000000000e+06 1.000000000000000000e+00 6.500000000000000000e+01 3.675260000000000218e+03 9.230753397317466806e+03 6.850695219245390035e+02 0.000000000000000000e+00 3.495006607325009451e+00 3.561720000000000219e+00
3.488030000000000000e+06 0.000000000000000000e+00 6.600000000000000000e+01 2.731520000000000437e+03 9.272731597317466367e+03 4.912945219245393673e+02 0.000000000000000000e+00 6.002748857331290822e+00 1.339000000000000057e+01
3.488362000000000000e+06 1.000000000000000000e+00 6.600000000000000000e+01 2.728239999999999782e+03 9.270676997317466885e+03 4.923385219245392364e+02 0.000000000000000000e+00 6.046679023056118041e+00 1.078999999999999915e+01
3.488362000000000000e+06 1.000000000000000000e+00 6.600000000000000000e+01 2.728239999999999782e+03 9.270676997317466885e+03 4.923385219245392364e+02 0.000000000000000000e+00 6.046679023056118041e+00 5.558489999999999931e+00
3.488362000000000000e+06 1.000000000000000000e+00 6.600000000000000000e+01 2.728239999999999782e+03 9.270676997317466885e+03 4.923385219245392364e+02 0.000000000000000000e+00 6.046679023056118041e+00 1.326149999999999940e+00
3.488030000000000000e+06 0.000000000000000000e+00 6.600000000000000000e+01 2.731520000000000437e+03 9.272731597317466367e+03 4.912945219245393673e+02 0.000000000000000000e+00 6.002748857331290822e+00 5.624089999999999812e+00
3.488029000000000000e+06 1.000000000000000000e+00 6.500000000000000000e+01 2.738060000000000400e+03 9.277272997317466434e+03 4.809565219245387198e+02 0.000000000000000000e+00 1.586438649940714596e+00 6.099999999999999867e-02
3.488029000000000000e+06 1.000000000000000000e+00 6.500000000000000000e+01 2.737149999999999636e+03 9.280921797317467281e+03 4.787765219245393382e+02 0.000000000000000000e+00 5.118477784130686103e+00 2.400000000000000050e-02
3.488029000000000000e+06 1.000000000000000000e+00 6.500000000000000000e+01 2.734890000000000327e+03 9.277447797317467121e+03 4.779165219245387561e+02 0.000000000000000000e+00 5.081349264413949740e+00 2.400000000000000050e-02
3.488029000000000000e+06 1.000000000000000000e+00 6.500000000000000000e+01 2.735969999999999345e+03 9.284297497317467787e+03 4.797495219245392946e+02 0.000000000000000000e+00 6.935328634675458126e+00 9.199999999999999845e-02
3.488286000000000000e+06 1.000000000000000000e+00 6.600000000000000000e+01 2.730229999999999563e+03 9.298474497317467467e+03 4.788175219245395056e+02 0.000000000000000000e+00 8.766661445975432176e-01 4.600000000000000200e-01
3.488286000000000000e+06 1.000000000000000000e+00 6.600000000000000000e+01 2.731159999999999854e+03 9.298264497317466521e+03 4.782195219245395492e+02 0.000000000000000000e+00 1.969967216478058614e+00 9.199999999999999845e-02
3.488285000000000000e+06 0.000000000000000000e+00 6.600000000000000000e+01 2.730840000000000146e+03 9.296227497317468078e+03 4.756035219245395638e+02 0.000000000000000000e+00 2.852641987024161274e+00 9.199999999999999845e-02
3.489125000000000000e+06 1.000000000000000000e+00 6.600000000000000000e+01 2.737399999999999636e+03 9.321126497317465692e+03 4.740305219245392436e+02 0.000000000000000000e+00 3.600801776394343623e+00 2.400000000000000050e-02
3.489134000000000000e+06 1.000000000000000000e+00 6.600000000000000000e+01 2.721440000000000509e+03 9.311863497317466681e+03 5.016845219245387852e+02 0.000000000000000000e+00 3.874314731423072367e+00 2.400000000000000050e-02
3.489138000000000000e+06 1.000000000000000000e+00 6.500000000000000000e+01 2.719989999999999782e+03 9.314262497317467933e+03 5.055315219245394474e+02 0.000000000000000000e+00 5.993301057857328473e+00 9.199999999999999845e-02
3.488291000000000000e+06 1.000000000000000000e+00 6.500000000000000000e+01 2.710090000000000146e+03 9.293899497317466739e+03 4.956185219245389817e+02 0.000000000000000000e+00 3.343846541527323968e+00 2.400000000000000050e-02
3.488291000000000000e+06 1.000000000000000000e+00 6.500000000000000000e+01 2.712270000000000437e+03 9.294013497317466317e+03 4.924945219245391854e+02 0.000000000000000000e+00 3.773023778788598404e-01 2.400000000000000050e-02
3.488290000000000000e+06 1.000000000000000000e+00 6.500000000000000000e+01 2.717869999999999891e+03 9.297027497317467351e+03 4.894805219245390617e+02 0.000000000000000000e+00 3.008315570076098844e+00 2.039999999999999869e-01
3.488291000000000000e+06 1.000000000000000000e+00 6.500000000000000000e+01 2.711680000000000291e+03 9.293053497317467190e+03 4.887505219245394983e+02 0.000000000000000000e+00 1.175406529058228511e+00 4.169999999999999818e-01
3.488291000000000000e+06 1.000000000000000000e+00 6.500000000000000000e+01 2.711060000000000400e+03 9.290942497317466405e+03 4.895495219245394765e+02 0.000000000000000000e+00 1.276025027035826209e+00 9.199999999999999845e-02
3.488295000000000000e+06 1.000000000000000000e+00 6.600000000000000000e+01 2.708560000000000400e+03 9.298854497317466667e+03 5.004395219245388944e+02 0.000000000000000000e+00 4.435642804940245654e+00 4.169999999999999818e-01
3.489133000000000000e+06 0.000000000000000000e+00 6.500000000000000000e+01 2.717319999999999709e+03 9.310225497317467671e+03 4.932245219245387489e+02 0.000000000000000000e+00 1.499950099754284949e+00 9.199999999999999845e-02
3.489133000000000000e+06 1.000000000000000000e+00 6.600000000000000000e+01 2.713739999999999782e+03 9.315065497317467816e+03 4.965805219245394255e+02 0.000000000000000000e+00 1.656735927943765674e+00 9.199999999999999845e-02
3.489134000000000000e+06 1.000000000000000000e+00 6.500000000000000000e+01 2.709550000000000182e+03 9.307605497317466870e+03 4.985635219245386907e+02 0.000000000000000000e+00 7.568824497066209966e-01 9.199999999999999845e-02
3.488294000000000000e+06 1.000000000000000000e+00 6.600000000000000000e+01 2.702150000000000546e+03 9.303298497317467991e+03 4.952375219245395783e+02 0.000000000000000000e+00 2.978025917922803245e+00 6.099999999999999867e-02
3.488294000000000000e+06 1.000000000000000000e+00 6.600000000000000000e+01 2.699309999999999491e+03 9.304416497317466565e+03 4.969135219245390545e+02 0.000000000000000000e+00 9.064759241368515186e-01 6.099999999999999867e-02
3.488294000000000000e+06 1.000000000000000000e+00 6.600000000000000000e+01 2.687699999999999818e+03 9.308751497317465692e+03 4.979855219245391709e+02 0.000000000000000000e+00 6.035842741706586523e+00 2.400000000000000050e-02
3.488294000000000000e+06 0.000000000000000000e+00 6.500000000000000000e+01 2.700880000000000109e+03 9.293829497317467030e+03 4.978135219245386907e+02 0.000000000000000000e+00 3.897197816066890308e+00 5.000000000000000000e-01
3.488293000000000000e+06 0.000000000000000000e+00 6.500000000000000000e+01 2.699670000000000073e+03 9.292800497317466579e+03 4.921975219245387052e+02 0.000000000000000000e+00 1.443743727926793063e+00 9.199999999999999845e-02
3.488292000000000000e+06 0.000000000000000000e+00 6.500000000000000000e+01 2.702260000000000218e+03 9.293000497317465488e+03 4.888745219245392946e+02 0.000000000000000000e+00 1.834688560427033321e+00 2.400000000000000050e-02
3.488292000000000000e+06 0.000000000000000000e+00 6.500000000000000000e+01 2.702409999999999854e+03 9.292665497317466361e+03 4.885315219245394474e+02 0.000000000000000000e+00 2.018241281617199512e+00 6.099999999999999867e-02
3.488369000000000000e+06 1.000000000000000000e+00 6.600000000000000000e+01 2.704000000000000000e+03 9.285014697317466926e+03 4.827105219245395347e+02 0.000000000000000000e+00 4.750378792202366363e+00 9.199999999999999845e-02
3.488365000000000000e+06 1.000000000000000000e+00 6.500000000000000000e+01 2.706170000000000073e+03 9.275813297317467004e+03 4.838795219245394037e+02 0.000000000000000000e+00 5.982009233986063101e+00 4.169999999999999818e-01
3.488365000000000000e+06 1.000000000000000000e+00 6.500000000000000000e+01 2.704380000000000109e+03 9.275265597317466018e+03 4.836885219245386907e+02 0.000000000000000000e+00 7.360131415184170578e+00 4.169999999999999818e-01
3.487321000000000000e+06 1.000000000000000000e+00 6.500000000000000000e+01 2.704520000000000437e+03 9.277756097317465901e+03 4.802385219245388726e+02 0.000000000000000000e+00 6.714904550223454116e+00 8.349999999999999645e-01
3.488370000000000000e+06 1.000000000000000000e+00 6.600000000000000000e+01 2.705949999999999818e+03 9.278477597317465552e+03 4.773835219245393091e+02 0.000000000000000000e+00 6.728926369102619098e+00 2.400000000000000050e-02
3.487320000000000000e+06 1.000000000000000000e+00 6.500000000000000000e+01 2.703899999999999636e+03 9.272194697317467217e+03 4.699955219245393891e+02 0.000000000000000000e+00 9.324631258113532439e+00 9.199999999999999845e-02
3.487320000000000000e+06 1.000000000000000000e+00 6.500000000000000000e+01 2.703899999999999636e+03 9.272194697317467217e+03 4.699955219245393891e+02 0.000000000000000000e+00 9.324631258113532439e+00 7.330940000000000012e+00
4.714379300000000000e+07 0.000000000000000000e+00 6.500000000000000000e+01 7.893822000000000116e+03 8.683867497317467496e+03 5.409722521924540160e+03 1.000000000000000000e+00 2.792373047493324378e+00 2.380000000000000000e+02
