5.682709000000000000e+06 1.000000000000000000e+00 6.600000000000000000e+01 2.004545683791411648e+02 9.501068106739185168e+02 6.886599999999998545e+02 1.000000000000000000e+00 6.396264503158463066e-01 8.400000000000000000e+01
5.682634000000000000e+06 1.000000000000000000e+00 6.500000000000000000e+01 2.337292683791411037e+02 9.118278106739180657e+02 6.704799999999995634e+02 1.000000000000000000e+00 6.381418885728096235e-01 8.400000000000000000e+01
5.681425000000000000e+06 1.000000000000000000e+00 6.600000000000000000e+01 1.901515683791412812e+02 9.163458106739180948e+02 6.726700000000000728e+02 1.000000000000000000e+00 3.369648867329124720e-01 8.400000000000000000e+01
5.682641000000000000e+06 1.000000000000000000e+00 6.600000000000000000e+01 2.397738683791412768e+02 9.019828106739187206e+02 6.839300000000002910e+02 1.000000000000000000e+00 6.446651670701087911e-01 8.400000000000000000e+01
5.682719000000000000e+06 0.000000000000000000e+00 6.500000000000000000e+01 2.233814683791415518e+02 9.474338106739187424e+02 7.053400000000001455e+02 1.000000000000000000e+00 2.866862379665471749e+00 8.400000000000000000e+01
5.682586000000000000e+06 0.000000000000000000e+00 6.600000000000000000e+01 1.907100683791413758e+02 9.280638106739188515e+02 7.574200000000000728e+02 1.000000000000000000e+00 1.524663932302643410e+00 8.400000000000000000e+01
5.680566000000000000e+06 1.000000000000000000e+00 6.600000000000000000e+01 2.884632683791414820e+02 1.061603810673918815e+03 7.754799999999995634e+02 1.000000000000000000e+00 8.174795107431077623e-01 8.400000000000000000e+01
5.682707000000000000e+06 0.000000000000000000e+00 6.600000000000000000e+01 1.951684683791409043e+02 9.572618106739182622e+02 6.898299999999999272e+02 1.000000000000000000e+00 1.371073022756511550e+00 8.400000000000000000e+01
5.682636000000000000e+06 0.000000000000000000e+00 6.500000000000000000e+01 2.370445683791413103e+02 9.119358106739182404e+02 6.750199999999995271e+02 1.000000000000000000e+00 1.287001059218956689e+00 8.400000000000000000e+01
5.681450000000000000e+06 0.000000000000000000e+00 6.500000000000000000e+01 2.419469683791412535e+02 9.309478106739188661e+02 6.826599999999998545e+02 1.000000000000000000e+00 2.374059070256062220e+00 8.400000000000000000e+01
5.681398000000000000e+06 0.000000000000000000e+00 6.500000000000000000e+01 1.873894683791413627e+02 9.396178106739189388e+02 7.401599999999998545e+02 1.000000000000000000e+00 1.144551377920911106e+00 8.400000000000000000e+01
5.682731000000000000e+06 1.000000000000000000e+00 6.600000000000000000e+01 2.076343683791410513e+02 9.224148106739185096e+02 7.359300000000002910e+02 1.000000000000000000e+00 8.416964135287695603e-01 8.400000000000000000e+01
