6.194915700000000000e+07 1.000000000000000000e+00 6.600000000000000000e+01 7.433885414576841868e+03 2.400000000000000000e+02 7.158771379679448728e+03 0.000000000000000000e+00 4.985262667031908457e+00 1.449514809470645993e+01
6.194915800000000000e+07 1.000000000000000000e+00 6.600000000000000000e+01 7.438885414576841868e+03 2.400000000000000000e+02 7.163771379679448728e+03 0.000000000000000000e+00 1.280756456771187546e+00 9.199999999999999845e-02
6.194915900000000000e+07 1.000000000000000000e+00 6.600000000000000000e+01 7.443885414576841868e+03 2.300000000000000000e+02 7.168771379679448728e+03 0.000000000000000000e+00 7.206924438446923986e+00 1.266845772748586008e+01
6.194915900000000000e+07 1.000000000000000000e+00 6.600000000000000000e+01 7.448885414576841868e+03 2.300000000000000000e+02 7.168771379679448728e+03 0.000000000000000000e+00 7.211919632555289006e+00 2.684000000000014907e+01
6.194862100000000000e+07 1.000000000000000000e+00 6.600000000000000000e+01 7.473885414576841868e+03 3.800000000000000000e+02 7.168771379679448728e+03 0.000000000000000000e+00 3.107506329171817683e+00 6.099999999999999173e-02
6.194862400000000000e+07 1.000000000000000000e+00 6.500000000000000000e+01 7.473885414576841868e+03 3.900000000000000000e+02 7.168771379679448728e+03 0.000000000000000000e+00 4.130874576129347275e+00 5.240000000000000213e-01
6.195044500000000000e+07 1.000000000000000000e+00 6.500000000000000000e+01 7.473885414576841868e+03 4.000000000000000000e+02 7.168771379679448728e+03 0.000000000000000000e+00 6.674054948099192863e+00 7.563207517901504140e+00
6.194862100000000000e+07 1.000000000000000000e+00 6.600000000000000000e+01 7.473885414576841868e+03 3.800000000000000000e+02 7.173771379679448728e+03 0.000000000000000000e+00 7.031883985130189529e+00 9.199999999999999845e-02
6.194943000000000000e+07 1.000000000000000000e+00 6.600000000000000000e+01 7.473885414576841868e+03 3.600000000000000000e+02 7.178771379679448728e+03 0.000000000000000000e+00 3.023543478836762777e+00 2.400000000000000050e-02
6.194943100000000000e+07 1.000000000000000000e+00 6.600000000000000000e+01 7.473885414576841868e+03 3.600000000000000000e+02 7.183771379679448728e+03 0.000000000000000000e+00 2.412825896081798760e+00 1.219999999999999973e-01
6.194943100000000000e+07 1.000000000000000000e+00 6.600000000000000000e+01 7.473885414576841868e+03 3.600000000000000000e+02 7.188771379679448728e+03 0.000000000000000000e+00 2.236633151811012077e+00 6.099999999999999173e-02
6.194942700000000000e+07 1.000000000000000000e+00 6.500000000000000000e+01 7.473885414576841868e+03 3.700000000000000000e+02 7.188771379679448728e+03 0.000000000000000000e+00 9.543230784518925702e+00 9.199999999999999845e-02
6.194862100000000000e+07 1.000000000000000000e+00 6.600000000000000000e+01 7.478885414576841868e+03 3.800000000000000000e+02 7.168771379679448728e+03 0.000000000000000000e+00 4.870228958707143008e+00 6.099999999999999173e-02
6.194862400000000000e+07 1.000000000000000000e+00 6.500000000000000000e+01 7.478885414576841868e+03 3.900000000000000000e+02 7.168771379679448728e+03 0.000000000000000000e+00 1.105393812510938378e+00 4.119999999999999218e-01
6.194862800000000000e+07 1.000000000000000000e+00 6.600000000000000000e+01 7.478885414576841868e+03 4.000000000000000000e+02 7.168771379679448728e+03 0.000000000000000000e+00 6.185756301992348050e+00 9.199999999999999845e-02
6.194943000000000000e+07 1.000000000000000000e+00 6.600000000000000000e+01 7.478885414576841868e+03 3.600000000000000000e+02 7.178771379679448728e+03 0.000000000000000000e+00 7.395874589041850911e+00 9.199999999999999845e-02
6.194943100000000000e+07 1.000000000000000000e+00 6.600000000000000000e+01 7.478885414576841868e+03 3.600000000000000000e+02 7.188771379679448728e+03 0.000000000000000000e+00 4.215581800170965288e+00 6.099999999999999173e-02
6.195045200000000000e+07 1.000000000000000000e+00 6.600000000000000000e+01 7.478885414576841868e+03 4.000000000000000000e+02 7.198771379679448728e+03 0.000000000000000000e+00 2.892141419139266034e+00 9.199999999999999845e-02
6.195045200000000000e+07 1.000000000000000000e+00 6.600000000000000000e+01 7.483885414576841868e+03 4.000000000000000000e+02 7.198771379679448728e+03 0.000000000000000000e+00 3.754626188380351781e+00 6.099999999999999173e-02
6.194961000000000000e+07 1.000000000000000000e+00 6.600000000000000000e+01 7.488885414576841868e+03 4.100000000000000000e+02 7.188771379679448728e+03 0.000000000000000000e+00 2.547652218531844426e+00 9.199999999999999845e-02
6.195044800000000000e+07 1.000000000000000000e+00 6.500000000000000000e+01 7.488885414576841868e+03 4.100000000000000000e+02 7.193771379679448728e+03 0.000000000000000000e+00 4.480135182324070264e+00 1.839999999999999969e-01
6.194961200000000000e+07 1.000000000000000000e+00 6.500000000000000000e+01 7.493885414576841868e+03 4.200000000000000000e+02 7.193771379679448728e+03 0.000000000000000000e+00 1.959002329897208794e+00 9.199999999999999845e-02
6.195052800000000000e+07 1.000000000000000000e+00 6.600000000000000000e+01 7.493885414576841868e+03 4.300000000000000000e+02 7.193771379679448728e+03 0.000000000000000000e+00 3.218790829332699222e+00 1.079000000000005066e+01
6.194961100000000000e+07 0.000000000000000000e+00 6.500000000000000000e+01 7.498885414576841868e+03 4.200000000000000000e+02 7.193771379679448728e+03 0.000000000000000000e+00 1.568588632081037826e+00 6.099999999999999173e-02
6.195382500000000000e+07 1.000000000000000000e+00 6.600000000000000000e+01 7.508885414576841868e+03 6.800000000000000000e+02 7.228771379679448728e+03 0.000000000000000000e+00 8.048286078027590662e+00 9.199999999999999845e-02
6.195382400000000000e+07 0.000000000000000000e+00 6.600000000000000000e+01 7.508885414576841868e+03 6.900000000000000000e+02 7.228771379679448728e+03 0.000000000000000000e+00 3.322317662504350455e+00 4.169999999999999818e-01
6.195382600000000000e+07 1.000000000000000000e+00 6.600000000000000000e+01 7.508885414576841868e+03 6.800000000000000000e+02 7.233771379679448728e+03 0.000000000000000000e+00 7.860096657640904816e+00 9.199999999999999845e-02
6.195382100000000000e+07 1.000000000000000000e+00 6.500000000000000000e+01 7.513885414576841868e+03 6.800000000000000000e+02 7.233771379679448728e+03 0.000000000000000000e+00 7.821803441927335676e+00 9.199999999999999845e-02
6.195281900000000000e+07 1.000000000000000000e+00 6.500000000000000000e+01 7.513885414576841868e+03 6.900000000000000000e+02 7.233771379679448728e+03 0.000000000000000000e+00 3.476269438419477442e+00 2.400000000000000050e-02
6.195182500000000000e+07 1.000000000000000000e+00 6.600000000000000000e+01 7.513885414576841868e+03 6.600000000000000000e+02 7.243771379679448728e+03 0.000000000000000000e+00 5.962902816014514329e+00 6.099999999999999173e-02
6.195182600000000000e+07 1.000000000000000000e+00 6.600000000000000000e+01 7.513885414576841868e+03 6.700000000000000000e+02 7.243771379679448728e+03 0.000000000000000000e+00 9.200043236890294907e+00 1.529999999999999971e-01
6.195382200000000000e+07 1.000000000000000000e+00 6.500000000000000000e+01 7.513885414576841868e+03 6.900000000000000000e+02 7.243771379679448728e+03 0.000000000000000000e+00 6.029057401168609331e+00 1.160000000000000059e-01
6.195282100000000000e+07 1.000000000000000000e+00 6.500000000000000000e+01 7.513885414576841868e+03 7.000000000000000000e+02 7.243771379679448728e+03 0.000000000000000000e+00 1.119823708395252027e+00 1.459999999999999909e-01
6.195282400000000000e+07 1.000000000000000000e+00 6.500000000000000000e+01 7.513885414576841868e+03 7.200000000000000000e+02 7.248771379679448728e+03 0.000000000000000000e+00 6.207056662936686564e+00 1.160000000000000059e-01
6.195282200000000000e+07 1.000000000000000000e+00 6.500000000000000000e+01 7.513885414576841868e+03 7.000000000000000000e+02 7.253771379679448728e+03 0.000000000000000000e+00 9.180951672579212186e+00 9.199999999999999845e-02
6.195281900000000000e+07 0.000000000000000000e+00 6.500000000000000000e+01 7.518885414576841868e+03 7.000000000000000000e+02 7.233771379679448728e+03 0.000000000000000000e+00 7.390195976745027595e-01 4.410000000000000031e-01
6.195182300000000000e+07 0.000000000000000000e+00 6.600000000000000000e+01 7.518885414576841868e+03 6.600000000000000000e+02 7.238771379679448728e+03 0.000000000000000000e+00 5.438309264722422931e+00 7.578536945153421023e+00
6.195382200000000000e+07 1.000000000000000000e+00 6.500000000000000000e+01 7.518885414576841868e+03 6.900000000000000000e+02 7.238771379679448728e+03 0.000000000000000000e+00 1.974983076541814597e+00 5.699999999999999512e-01
6.195382200000000000e+07 1.000000000000000000e+00 6.500000000000000000e+01 7.518885414576841868e+03 6.900000000000000000e+02 7.243771379679448728e+03 0.000000000000000000e+00 2.047114778170555649e+00 3.679999999999999938e-01
6.195282200000000000e+07 1.000000000000000000e+00 6.500000000000000000e+01 7.518885414576841868e+03 7.100000000000000000e+02 7.243771379679448728e+03 0.000000000000000000e+00 1.297613715460269823e+00 1.160000000000000059e-01
6.195382300000000000e+07 1.000000000000000000e+00 6.500000000000000000e+01 7.518885414576841868e+03 7.000000000000000000e+02 7.253771379679448728e+03 0.000000000000000000e+00 6.341226382227498348e+00 9.199999999999999845e-02
6.195281600000000000e+07 1.000000000000000000e+00 6.600000000000000000e+01 7.523885414576841868e+03 6.800000000000000000e+02 7.238771379679448728e+03 0.000000000000000000e+00 8.850186210413919952e+00 1.529999999999999971e-01
6.195282200000000000e+07 1.000000000000000000e+00 6.500000000000000000e+01 7.523885414576841868e+03 7.100000000000000000e+02 7.248771379679448728e+03 0.000000000000000000e+00 3.592835527177560717e+00 8.339999999999999636e-01
6.195382300000000000e+07 1.000000000000000000e+00 6.500000000000000000e+01 7.523885414576841868e+03 7.000000000000000000e+02 7.253771379679448728e+03 0.000000000000000000e+00 6.764709735020134396e+00 4.169999999999999818e-01
6.195382400000000000e+07 1.000000000000000000e+00 6.500000000000000000e+01 7.523885414576841868e+03 7.100000000000000000e+02 7.253771379679448728e+03 0.000000000000000000e+00 7.462100050573018173e+00 9.199999999999999845e-02
6.195282300000000000e+07 1.000000000000000000e+00 6.500000000000000000e+01 7.523885414576841868e+03 7.200000000000000000e+02 7.253771379679448728e+03 0.000000000000000000e+00 7.227445715912102386e+00 1.097400000000004994e+01
6.195161700000000000e+07 0.000000000000000000e+00 6.600000000000000000e+01 7.528885414576841868e+03 5.300000000000000000e+02 7.188771379679448728e+03 0.000000000000000000e+00 9.466415356873609799e-01 2.039999999999999869e-01
6.195162000000000000e+07 0.000000000000000000e+00 6.600000000000000000e+01 7.528885414576841868e+03 5.200000000000000000e+02 7.193771379679448728e+03 0.000000000000000000e+00 1.094792509315314355e+00 1.230421894797144944e+01
6.195172400000000000e+07 1.000000000000000000e+00 6.500000000000000000e+01 7.528885414576841868e+03 6.100000000000000000e+02 7.223771379679448728e+03 0.000000000000000000e+00 7.778001122501158049e-01 1.264866229053074953e+01
6.195281200000000000e+07 1.000000000000000000e+00 6.500000000000000000e+01 7.528885414576841868e+03 6.800000000000000000e+02 7.223771379679448728e+03 0.000000000000000000e+00 2.833340587879349837e+00 2.400000000000000050e-02
6.195182200000000000e+07 1.000000000000000000e+00 6.500000000000000000e+01 7.528885414576841868e+03 6.700000000000000000e+02 7.238771379679448728e+03 0.000000000000000000e+00 4.672160964201938604e+00 1.839999999999999969e-01
6.195382100000000000e+07 1.000000000000000000e+00 6.500000000000000000e+01 7.528885414576841868e+03 6.900000000000000000e+02 7.243771379679448728e+03 0.000000000000000000e+00 6.790004601022844533e+00 9.199999999999999845e-02
6.195272200000000000e+07 1.000000000000000000e+00 6.600000000000000000e+01 7.533885414576841868e+03 6.100000000000000000e+02 7.218771379679448728e+03 0.000000000000000000e+00 2.442976386652732756e+00 9.199999999999999845e-02
6.195182300000000000e+07 1.000000000000000000e+00 6.500000000000000000e+01 7.533885414576841868e+03 6.700000000000000000e+02 7.223771379679448728e+03 0.000000000000000000e+00 9.281652565168608149e+00 9.199999999999999845e-02
6.195281200000000000e+07 1.000000000000000000e+00 6.500000000000000000e+01 7.533885414576841868e+03 6.800000000000000000e+02 7.223771379679448728e+03 0.000000000000000000e+00 4.676405343869679321e+00 1.152928854357291932e+01
6.195272500000000000e+07 0.000000000000000000e+00 6.500000000000000000e+01 7.533885414576841868e+03 6.100000000000000000e+02 7.228771379679448728e+03 0.000000000000000000e+00 8.177673538631528016e-01 9.199999999999999845e-02
6.195180700000000000e+07 1.000000000000000000e+00 6.500000000000000000e+01 7.533885414576841868e+03 6.200000000000000000e+02 7.228771379679448728e+03 0.000000000000000000e+00 5.148252773171369867e+00 1.219999999999999973e-01
6.195181200000000000e+07 1.000000000000000000e+00 6.600000000000000000e+01 7.533885414576841868e+03 6.300000000000000000e+02 7.228771379679448728e+03 0.000000000000000000e+00 3.419867387092084154e+00 1.079000000000013060e+01
6.195281200000000000e+07 1.000000000000000000e+00 6.500000000000000000e+01 7.533885414576841868e+03 6.800000000000000000e+02 7.228771379679448728e+03 0.000000000000000000e+00 5.602103509813114890e+00 1.529999999999999971e-01
6.195182300000000000e+07 1.000000000000000000e+00 6.500000000000000000e+01 7.533885414576841868e+03 6.700000000000000000e+02 7.233771379679448728e+03 0.000000000000000000e+00 5.900056603921361109e+00 1.529999999999999971e-01
6.195281200000000000e+07 1.000000000000000000e+00 6.500000000000000000e+01 7.533885414576841868e+03 6.800000000000000000e+02 7.233771379679448728e+03 0.000000000000000000e+00 9.534063169978891139e+00 2.400000000000000050e-02
6.195381700000000000e+07 1.000000000000000000e+00 6.600000000000000000e+01 7.533885414576841868e+03 6.900000000000000000e+02 7.233771379679448728e+03 0.000000000000000000e+00 4.205180490145822958e+00 9.199999999999999845e-02
6.195182100000000000e+07 1.000000000000000000e+00 6.500000000000000000e+01 7.533885414576841868e+03 6.600000000000000000e+02 7.238771379679448728e+03 0.000000000000000000e+00 2.255475982300712001e+00 2.290951042767071044e+01
6.195182200000000000e+07 1.000000000000000000e+00 6.500000000000000000e+01 7.533885414576841868e+03 6.700000000000000000e+02 7.238771379679448728e+03 0.000000000000000000e+00 4.595349153636887785e+00 1.093599999999996086e+01
6.195182200000000000e+07 1.000000000000000000e+00 6.500000000000000000e+01 7.533885414576841868e+03 6.700000000000000000e+02 7.243771379679448728e+03 0.000000000000000000e+00 6.702240717724090580e+00 2.400000000000000050e-02
6.195271400000000000e+07 1.000000000000000000e+00 6.500000000000000000e+01 7.538885414576841868e+03 6.200000000000000000e+02 7.203771379679448728e+03 0.000000000000000000e+00 2.808767965165666070e+00 3.370000000000000218e-01
6.195272000000000000e+07 0.000000000000000000e+00 6.600000000000000000e+01 7.538885414576841868e+03 6.100000000000000000e+02 7.218771379679448728e+03 0.000000000000000000e+00 1.262824530203443762e+00 9.170000000000000373e-01
6.195272200000000000e+07 0.000000000000000000e+00 6.600000000000000000e+01 7.538885414576841868e+03 6.100000000000000000e+02 7.223771379679448728e+03 0.000000000000000000e+00 1.647204013133943157e+00 2.139999999999999958e-01
6.195272300000000000e+07 0.000000000000000000e+00 6.500000000000000000e+01 7.538885414576841868e+03 6.100000000000000000e+02 7.228771379679448728e+03 0.000000000000000000e+00 9.843605708083651429e-01 1.519834839715433006e+01
6.195281200000000000e+07 1.000000000000000000e+00 6.500000000000000000e+01 7.538885414576841868e+03 6.800000000000000000e+02 7.228771379679448728e+03 0.000000000000000000e+00 8.727984274910191687e+00 6.099999999999999173e-02
6.195182200000000000e+07 1.000000000000000000e+00 6.500000000000000000e+01 7.538885414576841868e+03 6.700000000000000000e+02 7.233771379679448728e+03 0.000000000000000000e+00 9.828661293266883092e+00 6.099999999999999173e-02
6.195181900000000000e+07 1.000000000000000000e+00 6.600000000000000000e+01 7.538885414576841868e+03 6.600000000000000000e+02 7.238771379679448728e+03 0.000000000000000000e+00 3.890034625042221084e+00 7.645421923159601363e+01
6.195182200000000000e+07 1.000000000000000000e+00 6.500000000000000000e+01 7.538885414576841868e+03 6.700000000000000000e+02 7.238771379679448728e+03 0.000000000000000000e+00 8.390791357926266514e+00 1.744611117938487155e+01
6.195271400000000000e+07 1.000000000000000000e+00 6.500000000000000000e+01 7.543885414576841868e+03 6.200000000000000000e+02 7.208771379679448728e+03 0.000000000000000000e+00 1.612751576994212899e+00 9.199999999999999845e-02
6.195271800000000000e+07 0.000000000000000000e+00 6.500000000000000000e+01 7.543885414576841868e+03 6.100000000000000000e+02 7.213771379679448728e+03 0.000000000000000000e+00 1.059390289271298746e+00 6.099999999999999173e-02
6.195180200000000000e+07 1.000000000000000000e+00 6.600000000000000000e+01 7.543885414576841868e+03 6.200000000000000000e+02 7.213771379679448728e+03 0.000000000000000000e+00 4.682251027729713577e+00 2.400000000000000050e-02
6.195271900000000000e+07 1.000000000000000000e+00 6.500000000000000000e+01 7.543885414576841868e+03 6.000000000000000000e+02 7.218771379679448728e+03 0.000000000000000000e+00 1.721062042137268433e+00 2.400000000000000050e-02
6.195180300000000000e+07 1.000000000000000000e+00 6.600000000000000000e+01 7.543885414576841868e+03 6.100000000000000000e+02 7.218771379679448728e+03 0.000000000000000000e+00 9.183517857465277601e-01 1.529999999999999971e-01
6.195271900000000000e+07 1.000000000000000000e+00 6.500000000000000000e+01 7.543885414576841868e+03 6.000000000000000000e+02 7.223771379679448728e+03 0.000000000000000000e+00 5.034054342146547789e+00 6.099999999999999173e-02
6.195272100000000000e+07 0.000000000000000000e+00 6.500000000000000000e+01 7.543885414576841868e+03 6.100000000000000000e+02 7.223771379679448728e+03 0.000000000000000000e+00 1.103066091615221067e+00 6.099999999999999173e-02
6.195181800000000000e+07 1.000000000000000000e+00 6.600000000000000000e+01 7.543885414576841868e+03 6.600000000000000000e+02 7.243771379679448728e+03 0.000000000000000000e+00 4.528281604748076283e+00 2.400000000000000050e-02
6.195271900000000000e+07 1.000000000000000000e+00 6.500000000000000000e+01 7.548885414576841868e+03 6.000000000000000000e+02 7.218771379679448728e+03 0.000000000000000000e+00 4.648983985089122584e+00 9.199999999999999845e-02
6.195271900000000000e+07 0.000000000000000000e+00 6.500000000000000000e+01 7.548885414576841868e+03 6.100000000000000000e+02 7.218771379679448728e+03 0.000000000000000000e+00 2.676522446381208287e+00 1.839999999999999969e-01
6.760154700000000000e+07 0.000000000000000000e+00 6.500000000000000000e+01 7.134304414576841737e+03 1.211199999999998909e+02 7.843896379679448728e+03 1.000000000000000000e+00 1.263604175989925915e+00 8.500000000000000000e+01
6.760154800000000000e+07 0.000000000000000000e+00 6.500000000000000000e+01 7.140412414576841911e+03 1.206499999999996362e+02 7.852861379679448874e+03 1.000000000000000000e+00 2.750947180578854123e+00 8.500000000000000000e+01
6.759972400000000000e+07 0.000000000000000000e+00 6.600000000000000000e+01 7.120123414576842151e+03 9.421000000000003638e+01 7.828714379679448939e+03 1.000000000000000000e+00 1.023275251879164349e+00 8.500000000000000000e+01
6.760069100000000000e+07 0.000000000000000000e+00 6.600000000000000000e+01 7.137607414576841620e+03 1.719600000000000364e+02 7.807579379679448721e+03 1.000000000000000000e+00 2.842219003109268449e+00 8.500000000000000000e+01
6.760150000000000000e+07 0.000000000000000000e+00 6.600000000000000000e+01 7.135913414576842115e+03 1.656800000000002910e+02 7.798880379679449106e+03 1.000000000000000000e+00 2.850911731509739422e+00 8.500000000000000000e+01
6.760166200000000000e+07 1.000000000000000000e+00 6.600000000000000000e+01 7.152017414576841475e+03 1.769099999999998545e+02 7.888630379679449106e+03 1.000000000000000000e+00 3.381117681773309624e-01 8.500000000000000000e+01
6.760063000000000000e+07 1.000000000000000000e+00 6.600000000000000000e+01 7.118639414576841773e+03 1.218400000000001455e+02 7.864457379679448422e+03 1.000000000000000000e+00 5.253120346993495060e-01 8.500000000000000000e+01
6.760153500000000000e+07 1.000000000000000000e+00 6.500000000000000000e+01 7.137131414576841962e+03 1.463099999999994907e+02 7.799804379679449085e+03 1.000000000000000000e+00 4.796353606432477990e-01 8.500000000000000000e+01
6.760058900000000000e+07 0.000000000000000000e+00 6.600000000000000000e+01 7.110084414576841482e+03 1.581700000000000728e+02 7.835983379679448262e+03 1.000000000000000000e+00 1.793701262542461095e+00 8.500000000000000000e+01
6.760162800000000000e+07 0.000000000000000000e+00 6.500000000000000000e+01 7.176567414576841657e+03 1.047500000000000000e+02 7.870506379679448401e+03 1.000000000000000000e+00 1.437163281411689475e+00 8.500000000000000000e+01
