4.479729000000000000e+06 1.000000000000000000e+00 6.500000000000000000e+01 4.484800122213355280e+02 5.759031438928096577e+03 4.500000000000000000e+02 0.000000000000000000e+00 6.254046568445145837e+00 1.623298624497672904e+01
4.479728000000000000e+06 1.000000000000000000e+00 6.500000000000000000e+01 4.484800122213355280e+02 5.759031438928096577e+03 4.600000000000000000e+02 0.000000000000000000e+00 2.123676971168024785e+00 6.099999999999999173e-02
4.479730000000000000e+06 1.000000000000000000e+00 6.600000000000000000e+01 4.534800122213355280e+02 5.754031438928096577e+03 4.800000000000000000e+02 0.000000000000000000e+00 8.021993166529799879e+00 9.199999999999999845e-02
4.479729000000000000e+06 0.000000000000000000e+00 6.500000000000000000e+01 4.534800122213355280e+02 5.764031438928096577e+03 4.600000000000000000e+02 0.000000000000000000e+00 9.551783934180959612e-01 7.639684310748083185e+00
4.480568000000000000e+06 1.000000000000000000e+00 6.600000000000000000e+01 4.584800122213355280e+02 5.739031438928096577e+03 4.300000000000000000e+02 0.000000000000000000e+00 8.056223491829735295e+00 2.400000000000000050e-02
4.480564000000000000e+06 1.000000000000000000e+00 6.500000000000000000e+01 4.584800122213355280e+02 5.744031438928096577e+03 4.200000000000000000e+02 0.000000000000000000e+00 7.308436885557370921e+00 5.090000000000000080e-01
4.478976000000000000e+06 1.000000000000000000e+00 6.500000000000000000e+01 4.584800122213355280e+02 5.749031438928096577e+03 4.100000000000000000e+02 0.000000000000000000e+00 6.436240498604914428e+00 4.169999999999999818e-01
4.479732000000000000e+06 0.000000000000000000e+00 6.600000000000000000e+01 4.584800122213355280e+02 5.754031438928096577e+03 4.600000000000000000e+02 0.000000000000000000e+00 1.908496418701649544e+00 3.679999999999999938e-01
4.479731000000000000e+06 0.000000000000000000e+00 6.500000000000000000e+01 4.584800122213355280e+02 5.759031438928096577e+03 4.600000000000000000e+02 0.000000000000000000e+00 1.498101919182512232e+00 1.529999999999999971e-01
4.479564000000000000e+06 1.000000000000000000e+00 6.500000000000000000e+01 4.584800122213355280e+02 5.759031438928096577e+03 4.800000000000000000e+02 0.000000000000000000e+00 4.516711870334725099e+00 9.199999999999999845e-02
4.479563000000000000e+06 1.000000000000000000e+00 6.500000000000000000e+01 4.584800122213355280e+02 5.764031438928096577e+03 4.800000000000000000e+02 0.000000000000000000e+00 2.235168344957837228e+00 6.099999999999999173e-02
4.479901000000000000e+06 0.000000000000000000e+00 6.500000000000000000e+01 4.634800122213355280e+02 5.739031438928096577e+03 4.900000000000000000e+02 0.000000000000000000e+00 2.741380319837454227e+00 5.330000000000000293e-01
4.479749000000000000e+06 1.000000000000000000e+00 6.600000000000000000e+01 4.634800122213355280e+02 5.739031438928096577e+03 5.000000000000000000e+02 0.000000000000000000e+00 7.324796106774507098e-01 2.400000000000000050e-02
4.479755000000000000e+06 1.000000000000000000e+00 6.500000000000000000e+01 4.634800122213355280e+02 5.739031438928096577e+03 5.200000000000000000e+02 0.000000000000000000e+00 1.382866222357234331e+00 2.400000000000000050e-02
4.479734000000000000e+06 1.000000000000000000e+00 6.600000000000000000e+01 4.634800122213355280e+02 5.749031438928096577e+03 4.500000000000000000e+02 0.000000000000000000e+00 8.038401582267219680e+00 2.760000000000000231e-01
4.479734000000000000e+06 1.000000000000000000e+00 6.600000000000000000e+01 4.634800122213355280e+02 5.754031438928096577e+03 4.500000000000000000e+02 0.000000000000000000e+00 4.207564921225440457e+00 2.959999999999999853e-01
4.479733000000000000e+06 0.000000000000000000e+00 6.600000000000000000e+01 4.634800122213355280e+02 5.754031438928096577e+03 4.600000000000000000e+02 0.000000000000000000e+00 5.220311817173320934e-01 4.779999999999999805e-01
4.479734000000000000e+06 1.000000000000000000e+00 6.600000000000000000e+01 4.634800122213355280e+02 5.759031438928096577e+03 4.500000000000000000e+02 0.000000000000000000e+00 3.951833985289966211e+00 2.504494822283217914e+01
4.479564000000000000e+06 1.000000000000000000e+00 6.500000000000000000e+01 4.634800122213355280e+02 5.759031438928096577e+03 4.800000000000000000e+02 0.000000000000000000e+00 5.110214741321055243e+00 8.950000000000000178e-01
4.478791000000000000e+06 1.000000000000000000e+00 6.500000000000000000e+01 4.634800122213355280e+02 5.759031438928096577e+03 4.900000000000000000e+02 0.000000000000000000e+00 4.730474189883217662e+00 1.839999999999999969e-01
4.478787000000000000e+06 1.000000000000000000e+00 6.600000000000000000e+01 4.634800122213355280e+02 5.759031438928096577e+03 5.000000000000000000e+02 0.000000000000000000e+00 5.381191413674275559e+00 6.099999999999999173e-02
4.479564000000000000e+06 1.000000000000000000e+00 6.500000000000000000e+01 4.634800122213355280e+02 5.764031438928096577e+03 4.800000000000000000e+02 0.000000000000000000e+00 2.551612415750458940e+00 4.169999999999999818e-01
4.480530000000000000e+06 1.000000000000000000e+00 6.600000000000000000e+01 4.634800122213355280e+02 5.814031438928096577e+03 3.900000000000000000e+02 0.000000000000000000e+00 6.626940014910694288e+00 3.200000000000000067e-01
4.480530000000000000e+06 1.000000000000000000e+00 6.600000000000000000e+01 4.634800122213355280e+02 5.814031438928096577e+03 4.000000000000000000e+02 0.000000000000000000e+00 2.150578516119130423e+00 4.169999999999999818e-01
4.480530000000000000e+06 1.000000000000000000e+00 6.600000000000000000e+01 4.634800122213355280e+02 5.819031438928096577e+03 3.900000000000000000e+02 0.000000000000000000e+00 3.657735799420670730e+00 7.490081043384702042e+00
4.480671000000000000e+06 1.000000000000000000e+00 6.600000000000000000e+01 4.684800122213355280e+02 5.734031438928096577e+03 5.000000000000000000e+02 0.000000000000000000e+00 1.591587801242599465e+00 3.609999999999999876e-01
4.479755000000000000e+06 1.000000000000000000e+00 6.500000000000000000e+01 4.684800122213355280e+02 5.739031438928096577e+03 5.200000000000000000e+02 0.000000000000000000e+00 3.097311286685205278e+00 9.199999999999999845e-02
4.479755000000000000e+06 1.000000000000000000e+00 6.500000000000000000e+01 4.684800122213355280e+02 5.744031438928096577e+03 5.200000000000000000e+02 0.000000000000000000e+00 5.047957846230578305e+00 7.408847698677465843e+00
4.479734000000000000e+06 1.000000000000000000e+00 6.600000000000000000e+01 4.684800122213355280e+02 5.749031438928096577e+03 4.600000000000000000e+02 0.000000000000000000e+00 3.871103024125917447e+00 5.940000000000000835e-01
4.479901000000000000e+06 1.000000000000000000e+00 6.600000000000000000e+01 4.684800122213355280e+02 5.749031438928096577e+03 4.800000000000000000e+02 0.000000000000000000e+00 3.397806002054633900e+00 1.160000000000000059e-01
4.479734000000000000e+06 1.000000000000000000e+00 6.600000000000000000e+01 4.684800122213355280e+02 5.754031438928096577e+03 4.500000000000000000e+02 0.000000000000000000e+00 4.832652767346001355e+00 1.242795893717759981e+01
4.479735000000000000e+06 0.000000000000000000e+00 6.600000000000000000e+01 4.684800122213355280e+02 5.754031438928096577e+03 4.600000000000000000e+02 0.000000000000000000e+00 1.667477460941080070e+00 2.039999999999999869e-01
4.479734000000000000e+06 1.000000000000000000e+00 6.500000000000000000e+01 4.684800122213355280e+02 5.754031438928096577e+03 4.700000000000000000e+02 0.000000000000000000e+00 1.660936921080943707e+00 6.010000000000000897e-01
4.479901000000000000e+06 1.000000000000000000e+00 6.600000000000000000e+01 4.684800122213355280e+02 5.754031438928096577e+03 4.800000000000000000e+02 0.000000000000000000e+00 2.598552464078051294e+00 6.099999999999999173e-02
4.478786000000000000e+06 1.000000000000000000e+00 6.600000000000000000e+01 4.684800122213355280e+02 5.754031438928096577e+03 5.100000000000000000e+02 0.000000000000000000e+00 5.072899031942987413e+00 7.637139587117994566e+00
4.480534000000000000e+06 1.000000000000000000e+00 6.500000000000000000e+01 4.684800122213355280e+02 5.809031438928096577e+03 3.900000000000000000e+02 0.000000000000000000e+00 9.371130211101814211e+00 1.769999999999999907e-01
4.480675000000000000e+06 1.000000000000000000e+00 6.500000000000000000e+01 4.734800122213355280e+02 5.734031438928096577e+03 5.100000000000000000e+02 0.000000000000000000e+00 6.921763100868884244e+00 9.199999999999999845e-02
4.480665000000000000e+06 1.000000000000000000e+00 6.500000000000000000e+01 4.734800122213355280e+02 5.739031438928096577e+03 4.800000000000000000e+02 0.000000000000000000e+00 1.408573204889211006e+00 1.529999999999999971e-01
4.479909000000000000e+06 1.000000000000000000e+00 6.600000000000000000e+01 4.734800122213355280e+02 5.744031438928096577e+03 4.600000000000000000e+02 0.000000000000000000e+00 6.434733452803114151e-01 9.199999999999999845e-02
4.480663000000000000e+06 1.000000000000000000e+00 6.600000000000000000e+01 4.734800122213355280e+02 5.749031438928096577e+03 4.600000000000000000e+02 0.000000000000000000e+00 1.574222481773343896e+00 8.339999999999999636e-01
4.479905000000000000e+06 1.000000000000000000e+00 6.500000000000000000e+01 4.734800122213355280e+02 5.749031438928096577e+03 4.700000000000000000e+02 0.000000000000000000e+00 8.346999214675990819e-01 6.099999999999999173e-02
4.479736000000000000e+06 0.000000000000000000e+00 6.600000000000000000e+01 4.734800122213355280e+02 5.754031438928096577e+03 4.600000000000000000e+02 0.000000000000000000e+00 7.661371003055142959e-01 6.099999999999999173e-02
4.480622000000000000e+06 1.000000000000000000e+00 6.500000000000000000e+01 4.734800122213355280e+02 5.764031438928096577e+03 4.500000000000000000e+02 0.000000000000000000e+00 4.180013730920467019e+00 2.936343950802523040e+01
4.480622000000000000e+06 1.000000000000000000e+00 6.500000000000000000e+01 4.734800122213355280e+02 5.769031438928096577e+03 4.500000000000000000e+02 0.000000000000000000e+00 4.552351488148858927e+00 1.338999999999998991e+01
4.478895000000000000e+06 1.000000000000000000e+00 6.600000000000000000e+01 4.734800122213355280e+02 5.789031438928096577e+03 4.000000000000000000e+02 0.000000000000000000e+00 3.401913234177781131e+00 9.199999999999999845e-02
4.480480000000000000e+06 1.000000000000000000e+00 6.500000000000000000e+01 4.784800122213355280e+02 5.754031438928096577e+03 4.000000000000000000e+02 0.000000000000000000e+00 5.669542791018277406e+00 9.199999999999999845e-02
4.478889000000000000e+06 1.000000000000000000e+00 6.600000000000000000e+01 4.784800122213355280e+02 5.754031438928096577e+03 4.100000000000000000e+02 0.000000000000000000e+00 3.984486775156747651e+00 9.199999999999999845e-02
4.478973000000000000e+06 1.000000000000000000e+00 6.600000000000000000e+01 4.784800122213355280e+02 5.759031438928096577e+03 4.000000000000000000e+02 0.000000000000000000e+00 4.061717271159379195e+00 1.018999999999999906e+00
4.480621000000000000e+06 1.000000000000000000e+00 6.600000000000000000e+01 4.784800122213355280e+02 5.774031438928096577e+03 4.300000000000000000e+02 0.000000000000000000e+00 7.426542513612784724e+00 2.007499226222401845e+01
4.480620000000000000e+06 1.000000000000000000e+00 6.600000000000000000e+01 4.784800122213355280e+02 5.774031438928096577e+03 4.400000000000000000e+02 0.000000000000000000e+00 3.306273940547926671e+00 1.614199999999997104e+01
4.480619000000000000e+06 1.000000000000000000e+00 6.500000000000000000e+01 4.784800122213355280e+02 5.779031438928096577e+03 4.500000000000000000e+02 0.000000000000000000e+00 1.315918616022218934e+00 1.709794107445712896e+01
4.478895000000000000e+06 1.000000000000000000e+00 6.600000000000000000e+01 4.784800122213355280e+02 5.789031438928096577e+03 4.000000000000000000e+02 0.000000000000000000e+00 5.644832669462338970e+00 2.400000000000000050e-02
4.480539000000000000e+06 1.000000000000000000e+00 6.600000000000000000e+01 4.784800122213355280e+02 5.794031438928096577e+03 4.000000000000000000e+02 0.000000000000000000e+00 6.838224566628634982e+00 1.604999999999997939e+01
4.480618000000000000e+06 1.000000000000000000e+00 6.500000000000000000e+01 4.784800122213355280e+02 5.794031438928096577e+03 4.500000000000000000e+02 0.000000000000000000e+00 8.669685915752534555e+00 8.499999999999999223e-02
4.480617000000000000e+06 1.000000000000000000e+00 6.500000000000000000e+01 4.784800122213355280e+02 5.799031438928096577e+03 4.400000000000000000e+02 0.000000000000000000e+00 6.511475090424029943e+00 2.400000000000000050e-02
4.479823000000000000e+06 0.000000000000000000e+00 6.500000000000000000e+01 4.834800122213355280e+02 5.739031438928096577e+03 4.800000000000000000e+02 0.000000000000000000e+00 2.828258372888888150e+00 4.800000000000000100e-02
4.479825000000000000e+06 1.000000000000000000e+00 6.500000000000000000e+01 4.834800122213355280e+02 5.739031438928096577e+03 4.900000000000000000e+02 0.000000000000000000e+00 4.872272092265243160e+00 2.400000000000000050e-02
4.478888000000000000e+06 1.000000000000000000e+00 6.600000000000000000e+01 4.834800122213355280e+02 5.754031438928096577e+03 4.100000000000000000e+02 0.000000000000000000e+00 3.590541452993768701e+00 6.099999999999999173e-02
4.480480000000000000e+06 1.000000000000000000e+00 6.600000000000000000e+01 4.834800122213355280e+02 5.779031438928096577e+03 3.700000000000000000e+02 0.000000000000000000e+00 9.295189111842686813e+00 2.696756676469719949e+01
4.480621000000000000e+06 1.000000000000000000e+00 6.600000000000000000e+01 4.834800122213355280e+02 5.779031438928096577e+03 4.300000000000000000e+02 0.000000000000000000e+00 4.988043511786783846e+00 1.088199999999998013e+01
4.480619000000000000e+06 1.000000000000000000e+00 6.500000000000000000e+01 4.834800122213355280e+02 5.779031438928096577e+03 4.500000000000000000e+02 0.000000000000000000e+00 1.977331854408279632e+00 9.199999999999999845e-02
4.481609000000000000e+06 1.000000000000000000e+00 6.500000000000000000e+01 4.834800122213355280e+02 5.784031438928096577e+03 3.900000000000000000e+02 0.000000000000000000e+00 9.416189184111479094e+00 9.199999999999999845e-02
4.480621000000000000e+06 1.000000000000000000e+00 6.600000000000000000e+01 4.834800122213355280e+02 5.784031438928096577e+03 4.300000000000000000e+02 0.000000000000000000e+00 2.149652472822863647e+00 2.400000000000000050e-02
4.480620000000000000e+06 0.000000000000000000e+00 6.600000000000000000e+01 4.834800122213355280e+02 5.784031438928096577e+03 4.400000000000000000e+02 0.000000000000000000e+00 3.825635116436477912e+00 1.088199999999999967e+01
4.480619000000000000e+06 1.000000000000000000e+00 6.500000000000000000e+01 4.834800122213355280e+02 5.784031438928096577e+03 4.500000000000000000e+02 0.000000000000000000e+00 2.975907387951197247e+00 2.400000000000000050e-02
4.480619000000000000e+06 1.000000000000000000e+00 6.500000000000000000e+01 4.834800122213355280e+02 5.789031438928096577e+03 4.500000000000000000e+02 0.000000000000000000e+00 6.406262272637161637e+00 9.199999999999999845e-02
4.481690000000000000e+06 1.000000000000000000e+00 6.500000000000000000e+01 4.884800122213355280e+02 5.754031438928096577e+03 4.300000000000000000e+02 0.000000000000000000e+00 3.657976982179103942e+00 9.199999999999999845e-02
4.478885000000000000e+06 1.000000000000000000e+00 6.500000000000000000e+01 4.884800122213355280e+02 5.759031438928096577e+03 4.200000000000000000e+02 0.000000000000000000e+00 4.728082944519786390e-01 2.039999999999999869e-01
4.481606000000000000e+06 0.000000000000000000e+00 6.600000000000000000e+01 4.884800122213355280e+02 5.764031438928096577e+03 4.000000000000000000e+02 0.000000000000000000e+00 1.132773756476469718e+00 2.400000000000000050e-02
4.481607000000000000e+06 0.000000000000000000e+00 6.600000000000000000e+01 4.884800122213355280e+02 5.769031438928096577e+03 4.000000000000000000e+02 0.000000000000000000e+00 3.741438418693711743e+00 2.760000000000000231e-01
4.480623000000000000e+06 0.000000000000000000e+00 6.600000000000000000e+01 4.884800122213355280e+02 5.769031438928096577e+03 4.500000000000000000e+02 0.000000000000000000e+00 2.085406624242186702e+00 5.000000000000000000e-01
4.480623000000000000e+06 0.000000000000000000e+00 6.600000000000000000e+01 4.884800122213355280e+02 5.774031438928096577e+03 4.500000000000000000e+02 0.000000000000000000e+00 4.522651258627531590e+00 2.400000000000000050e-02
4.481609000000000000e+06 1.000000000000000000e+00 6.500000000000000000e+01 4.884800122213355280e+02 5.784031438928096577e+03 3.800000000000000000e+02 0.000000000000000000e+00 8.030760532085562176e+00 3.631840848767298979e+01
4.480555000000000000e+06 1.000000000000000000e+00 6.500000000000000000e+01 4.934800122213355280e+02 5.754031438928096577e+03 4.100000000000000000e+02 0.000000000000000000e+00 2.504793461636587892e+00 1.160000000000000059e-01
4.480551000000000000e+06 1.000000000000000000e+00 6.500000000000000000e+01 4.934800122213355280e+02 5.754031438928096577e+03 4.300000000000000000e+02 0.000000000000000000e+00 2.522136803787155213e+00 4.779999999999999805e-01
4.481696000000000000e+06 1.000000000000000000e+00 6.600000000000000000e+01 4.934800122213355280e+02 5.754031438928096577e+03 4.400000000000000000e+02 0.000000000000000000e+00 6.119669368674259147e+00 7.485557098474697746e+00
4.480477000000000000e+06 1.000000000000000000e+00 6.500000000000000000e+01 4.934800122213355280e+02 5.769031438928096577e+03 3.700000000000000000e+02 0.000000000000000000e+00 4.905902869778990372e+00 1.124000000000000021e+01
4.480624000000000000e+06 1.000000000000000000e+00 6.600000000000000000e+01 4.934800122213355280e+02 5.769031438928096577e+03 4.500000000000000000e+02 0.000000000000000000e+00 3.533693099202639409e-01 1.839999999999999969e-01
4.479815000000000000e+06 1.000000000000000000e+00 6.600000000000000000e+01 4.934800122213355280e+02 5.769031438928096577e+03 4.600000000000000000e+02 0.000000000000000000e+00 2.254184885859225496e+00 7.644087777349320767e+00
4.480477000000000000e+06 1.000000000000000000e+00 6.500000000000000000e+01 4.934800122213355280e+02 5.774031438928096577e+03 3.700000000000000000e+02 0.000000000000000000e+00 8.451820646977360241e+00 3.320527363239548890e+01
4.481608000000000000e+06 1.000000000000000000e+00 6.500000000000000000e+01 4.934800122213355280e+02 5.774031438928096577e+03 3.900000000000000000e+02 0.000000000000000000e+00 1.398470746556008226e+00 2.400000000000000050e-02
4.481609000000000000e+06 1.000000000000000000e+00 6.500000000000000000e+01 4.934800122213355280e+02 5.794031438928096577e+03 3.900000000000000000e+02 0.000000000000000000e+00 9.675123539210613188e+00 1.914985363933772078e+01
