6.450819300000000000e+07 1.000000000000000000e+00 6.500000000000000000e+01 2.500000000000000000e+02 1.300439821773631411e+04 7.580117732940430869e+03 0.000000000000000000e+00 9.910732384462939137e+00 8.139640479760112513e+00
6.555922900000000000e+07 1.000000000000000000e+00 6.600000000000000000e+01 2.700000000000000000e+02 1.283439821773631411e+04 7.730117732940430869e+03 0.000000000000000000e+00 3.618297393405419893e+00 1.529999999999999971e-01
6.555922800000000000e+07 1.000000000000000000e+00 6.600000000000000000e+01 2.700000000000000000e+02 1.283939821773631411e+04 7.730117732940430869e+03 0.000000000000000000e+00 3.059298462293294829e+00 1.789849724963577060e+01
6.555922800000000000e+07 1.000000000000000000e+00 6.600000000000000000e+01 2.600000000000000000e+02 1.283939821773631411e+04 7.735117732940430869e+03 0.000000000000000000e+00 7.870498096902629470e+00 1.708995570549366860e+01
6.555923000000000000e+07 1.000000000000000000e+00 6.600000000000000000e+01 2.800000000000000000e+02 1.282939821773631411e+04 7.740117732940430869e+03 0.000000000000000000e+00 3.986550176664198641e+00 6.099999999999999173e-02
6.555922600000000000e+07 1.000000000000000000e+00 6.500000000000000000e+01 2.800000000000000000e+02 1.283439821773631411e+04 7.740117732940430869e+03 0.000000000000000000e+00 5.006238061523824001e+00 2.400000000000000050e-02
6.555922500000000000e+07 1.000000000000000000e+00 6.500000000000000000e+01 2.700000000000000000e+02 1.283439821773631411e+04 7.745117732940430869e+03 0.000000000000000000e+00 3.025798228683094226e+00 4.169999999999999818e-01
6.555922600000000000e+07 1.000000000000000000e+00 6.500000000000000000e+01 2.800000000000000000e+02 1.283439821773631411e+04 7.745117732940430869e+03 0.000000000000000000e+00 6.122805642265460868e+00 1.356038315609636946e+01
6.555922400000000000e+07 1.000000000000000000e+00 6.500000000000000000e+01 2.700000000000000000e+02 1.284439821773631411e+04 7.750117732940430869e+03 0.000000000000000000e+00 1.669434285281317543e+00 6.099999999999999173e-02
6.555922300000000000e+07 1.000000000000000000e+00 6.500000000000000000e+01 2.600000000000000000e+02 1.284939821773631411e+04 7.750117732940430869e+03 0.000000000000000000e+00 3.841941973700700341e+00 1.167882718053921032e+01
