4.501640000000000000e+06 1.000000000000000000e+00 6.500000000000000000e+01 1.569070089312907839e+03 6.506309632418534420e+03 4.859199999999991633e+02 0.000000000000000000e+00 8.457603257371145489e+00 1.605000000000000071e+01
5.541166800000000000e+07 1.000000000000000000e+00 6.500000000000000000e+01 1.600449808312907408e+03 6.501210530418534290e+03 6.539014000000000124e+03 0.000000000000000000e+00 8.843769959188854557e+00 9.199999999999999845e-02
5.541166600000000000e+07 1.000000000000000000e+00 6.500000000000000000e+01 1.608032808312907946e+03 6.520589510418534701e+03 6.536247000000000298e+03 0.000000000000000000e+00 4.326434166098783507e+00 6.099999999999999867e-02
5.541167100000000000e+07 1.000000000000000000e+00 6.600000000000000000e+01 1.605567308312907699e+03 6.532624110418534656e+03 6.533101999999999862e+03 0.000000000000000000e+00 3.611257805128681664e+00 2.400000000000000050e-02
5.541167100000000000e+07 1.000000000000000000e+00 6.600000000000000000e+01 1.602147608312907323e+03 6.529635010418534875e+03 6.530814999999999600e+03 0.000000000000000000e+00 3.341421757625178568e+00 8.349999999999999645e-01
5.541167300000000000e+07 0.000000000000000000e+00 6.600000000000000000e+01 1.597174208312907467e+03 6.523991810418534442e+03 6.526355999999999767e+03 0.000000000000000000e+00 1.225005685891446650e+00 9.199999999999999845e-02
5.541167200000000000e+07 0.000000000000000000e+00 6.600000000000000000e+01 1.595096608312907847e+03 6.517407410418534710e+03 6.525065999999999804e+03 0.000000000000000000e+00 1.108394551787297955e+00 6.099999999999999867e-02
5.541166800000000000e+07 1.000000000000000000e+00 6.500000000000000000e+01 1.602115408312907675e+03 6.508452710418534480e+03 6.537953999999999724e+03 0.000000000000000000e+00 2.036145421233094943e+00 9.199999999999999845e-02
4.501641000000000000e+06 1.000000000000000000e+00 6.500000000000000000e+01 1.574273748312907628e+03 6.507322750418535179e+03 4.782899999999999636e+02 0.000000000000000000e+00 8.633353662058915745e+00 2.400000000000000050e-02
4.502557000000000000e+06 1.000000000000000000e+00 6.600000000000000000e+01 1.575953078312907564e+03 6.506649830418534293e+03 4.788299999999999272e+02 0.000000000000000000e+00 7.570588517557770736e+00 1.260999999999999943e+01
4.503463000000000000e+06 1.000000000000000000e+00 6.600000000000000000e+01 1.567879140312908021e+03 6.496514090418534579e+03 3.790400000000008731e+02 0.000000000000000000e+00 9.347362561605940812e+00 4.169999999999999818e-01
4.409840700000000000e+07 0.000000000000000000e+00 6.500000000000000000e+01 1.601632408312907501e+03 6.536831610418535092e+03 5.127779999999999745e+03 1.000000000000000000e+00 1.313328850249624979e+00 1.200000000000000000e+01
6.341152400000000000e+07 0.000000000000000000e+00 6.600000000000000000e+01 1.601943508312907397e+03 6.545437510418534657e+03 7.481970999999999549e+03 1.000000000000000000e+00 1.329911271066416711e+00 1.200000000000000000e+01
