2.050677500000000000e+07 1.000000000000000000e+00 6.500000000000000000e+01 3.223362246292321288e+03 9.966961973542067426e+03 2.438349999999999454e+03 0.000000000000000000e+00 1.770941886778161001e+00 1.605000000000000071e+01
2.050677500000000000e+07 1.000000000000000000e+00 6.500000000000000000e+01 3.223695846292321221e+03 9.964676973542067572e+03 2.441079999999999927e+03 0.000000000000000000e+00 2.039757204767744803e+00 1.078999999999999915e+01
2.050593300000000000e+07 1.000000000000000000e+00 6.600000000000000000e+01 3.227926646292320584e+03 9.936261973542068517e+03 2.478970000000000255e+03 0.000000000000000000e+00 1.679366480582775267e+00 1.339000000000000057e+01
3.611785200000000000e+07 1.000000000000000000e+00 6.600000000000000000e+01 3.321195946292321423e+03 8.441421973542068372e+03 4.040759999999999764e+03 0.000000000000000000e+00 6.047663726402090489e+00 1.078999999999999915e+01
3.611785200000000000e+07 1.000000000000000000e+00 6.600000000000000000e+01 3.320973146292320962e+03 8.439661973542068154e+03 4.038220000000000255e+03 0.000000000000000000e+00 6.702684358650336627e+00 1.605000000000000071e+01
3.269167000000000000e+07 1.000000000000000000e+00 6.500000000000000000e+01 3.348536346292320559e+03 8.275631973542069318e+03 3.904250000000000000e+03 0.000000000000000000e+00 7.803020710925246739e+00 3.229999999999999716e+01
3.521042100000000000e+07 1.000000000000000000e+00 6.600000000000000000e+01 3.568750446292320703e+03 6.615051973542068481e+03 4.092909999999999854e+03 0.000000000000000000e+00 5.958273064814836317e+00 1.078999999999999915e+01
3.521055000000000000e+07 1.000000000000000000e+00 6.500000000000000000e+01 3.565872446292321001e+03 6.579721973542068554e+03 4.104549999999999272e+03 0.000000000000000000e+00 1.591318929156047890e+00 1.078999999999999915e+01
3.520888400000000000e+07 0.000000000000000000e+00 6.500000000000000000e+01 3.563158446292321059e+03 6.547981973542067863e+03 4.111909999999999854e+03 0.000000000000000000e+00 1.198514385858668208e+00 1.078999999999999915e+01
3.521056400000000000e+07 1.000000000000000000e+00 6.500000000000000000e+01 3.563246446292320798e+03 6.545971973542067644e+03 4.112719999999999345e+03 0.000000000000000000e+00 9.406000177555310371e-01 1.078999999999999915e+01
3.520861500000000000e+07 1.000000000000000000e+00 6.600000000000000000e+01 3.566460446292320739e+03 6.497351973542068663e+03 4.128859999999999673e+03 0.000000000000000000e+00 2.465822397305214242e+00 1.078999999999999915e+01
3.520522100000000000e+07 0.000000000000000000e+00 6.500000000000000000e+01 3.608539446292321372e+03 6.191131973542068408e+03 4.168859999999999673e+03 0.000000000000000000e+00 1.278750853476209759e+00 9.199999999999999845e-02
3.520522400000000000e+07 1.000000000000000000e+00 6.600000000000000000e+01 3.608449446292321227e+03 6.186301973542068481e+03 4.158569999999999709e+03 0.000000000000000000e+00 2.455819175626924533e+00 9.199999999999999845e-02
3.520522400000000000e+07 1.000000000000000000e+00 6.600000000000000000e+01 3.608309446292320899e+03 6.186551973542068481e+03 4.158270000000000437e+03 0.000000000000000000e+00 2.155498928917003898e+00 9.199999999999999845e-02
3.520522400000000000e+07 0.000000000000000000e+00 6.600000000000000000e+01 3.608325446292321431e+03 6.194271973542068736e+03 4.160190000000000509e+03 0.000000000000000000e+00 3.559641899854453784e-01 1.124000000000000021e+01
3.520522400000000000e+07 0.000000000000000000e+00 6.600000000000000000e+01 3.608325446292321431e+03 6.194271973542068736e+03 4.160190000000000509e+03 0.000000000000000000e+00 3.559641899854453784e-01 1.791970000000000063e+00
3.520861500000000000e+07 1.000000000000000000e+00 6.600000000000000000e+01 3.566460446292320739e+03 6.497351973542068663e+03 4.128859999999999673e+03 0.000000000000000000e+00 2.465822397305214242e+00 4.045510000000000161e+00
3.521056400000000000e+07 1.000000000000000000e+00 6.500000000000000000e+01 3.563246446292320798e+03 6.545971973542067644e+03 4.112719999999999345e+03 0.000000000000000000e+00 9.406000177555310371e-01 6.460519999999999818e+00
3.520888300000000000e+07 0.000000000000000000e+00 6.500000000000000000e+01 3.559914446292321372e+03 6.544761973542068517e+03 4.108739999999999782e+03 0.000000000000000000e+00 6.490253537600864098e-01 1.078999999999999915e+01
3.520880400000000000e+07 1.000000000000000000e+00 6.600000000000000000e+01 3.565160446292321467e+03 6.551671973542068372e+03 4.106350000000000364e+03 0.000000000000000000e+00 1.635492421146080178e+00 1.339000000000000057e+01
3.521056000000000000e+07 0.000000000000000000e+00 6.600000000000000000e+01 3.564422446292321183e+03 6.550511973542068517e+03 4.106100000000000364e+03 0.000000000000000000e+00 1.693445788416955367e+00 2.039999999999999869e-01
3.520880300000000000e+07 0.000000000000000000e+00 6.600000000000000000e+01 3.562520446292321139e+03 6.548221973542068554e+03 4.104909999999999854e+03 0.000000000000000000e+00 9.198058852036682387e-01 2.400000000000000050e-02
3.520880400000000000e+07 0.000000000000000000e+00 6.600000000000000000e+01 3.562132446292321220e+03 6.549371973542069099e+03 4.102930000000000291e+03 0.000000000000000000e+00 6.420117682742282339e-01 2.400000000000000050e-02
3.520880500000000000e+07 1.000000000000000000e+00 6.600000000000000000e+01 3.561888446292320623e+03 6.551231973542068772e+03 4.100659999999999854e+03 0.000000000000000000e+00 1.565190307301916661e+00 9.199999999999999845e-02
3.521055600000000000e+07 1.000000000000000000e+00 6.500000000000000000e+01 3.562825446292321431e+03 6.555321973542068008e+03 4.094930000000000291e+03 0.000000000000000000e+00 2.623526047859098931e+00 1.339000000000000057e+01
3.521055700000000000e+07 1.000000000000000000e+00 6.500000000000000000e+01 3.563553446292321496e+03 6.552601973542068663e+03 4.097510000000000218e+03 0.000000000000000000e+00 1.432371753620232280e+00 8.220000000000000639e+00
3.521055700000000000e+07 1.000000000000000000e+00 6.500000000000000000e+01 3.563553446292321496e+03 6.552601973542068663e+03 4.097510000000000218e+03 0.000000000000000000e+00 1.432371753620232280e+00 5.097179999999999822e+00
3.521055600000000000e+07 1.000000000000000000e+00 6.500000000000000000e+01 3.562825446292321431e+03 6.555321973542068008e+03 4.094930000000000291e+03 0.000000000000000000e+00 2.623526047859098931e+00 5.260799999999999699e+00
3.520880400000000000e+07 1.000000000000000000e+00 6.600000000000000000e+01 3.565160446292321467e+03 6.551671973542068372e+03 4.106350000000000364e+03 0.000000000000000000e+00 1.635492421146080178e+00 2.338490000000000180e+00
3.520888300000000000e+07 0.000000000000000000e+00 6.500000000000000000e+01 3.559914446292321372e+03 6.544761973542068517e+03 4.108739999999999782e+03 0.000000000000000000e+00 6.490253537600864098e-01 1.540310000000000068e+00
3.521054900000000000e+07 1.000000000000000000e+00 6.600000000000000000e+01 3.554861446292320579e+03 6.586481973542068772e+03 4.113930000000000291e+03 0.000000000000000000e+00 2.668095118922331199e+00 6.099999999999999867e-02
3.520899400000000000e+07 1.000000000000000000e+00 6.500000000000000000e+01 3.572824446292321227e+03 6.572001973542068299e+03 4.098430000000000291e+03 0.000000000000000000e+00 5.138266007103630351e+00 9.199999999999999845e-02
3.521054300000000000e+07 1.000000000000000000e+00 6.500000000000000000e+01 3.548407446292320856e+03 6.594381973542068408e+03 4.109029999999999745e+03 0.000000000000000000e+00 1.466132549106994754e+00 9.199999999999999845e-02
3.521053900000000000e+07 0.000000000000000000e+00 6.500000000000000000e+01 3.531729446292320972e+03 6.594751973542068299e+03 4.097790000000000873e+03 0.000000000000000000e+00 1.068774611277180542e+00 2.400000000000000050e-02
3.521053400000000000e+07 1.000000000000000000e+00 6.500000000000000000e+01 3.523909446292321263e+03 6.593261973542068517e+03 4.106329999999999927e+03 0.000000000000000000e+00 3.947532037547358819e+00 2.400000000000000050e-02
3.521007000000000000e+07 0.000000000000000000e+00 6.500000000000000000e+01 3.522993446292321096e+03 6.603021973542068736e+03 4.092010000000000218e+03 0.000000000000000000e+00 1.280131311963514262e+00 1.000000000000000021e-02
3.521007100000000000e+07 0.000000000000000000e+00 6.500000000000000000e+01 3.521455446292320630e+03 6.605401973542067935e+03 4.089660000000000309e+03 0.000000000000000000e+00 1.280238161323971502e+00 2.400000000000000050e-02
3.521007000000000000e+07 1.000000000000000000e+00 6.600000000000000000e+01 3.521804446292320790e+03 6.612941973542068808e+03 4.093769999999999982e+03 0.000000000000000000e+00 8.765044101301487922e-01 1.000000000000000000e+01
3.521007000000000000e+07 1.000000000000000000e+00 6.600000000000000000e+01 3.521804446292320790e+03 6.612941973542068808e+03 4.093769999999999982e+03 0.000000000000000000e+00 8.765044101301487922e-01 1.973680000000000101e+00
3.521042100000000000e+07 1.000000000000000000e+00 6.600000000000000000e+01 3.568750446292320703e+03 6.615051973542068481e+03 4.092909999999999854e+03 0.000000000000000000e+00 5.958273064814836317e+00 1.010410000000000030e+00
3.611785200000000000e+07 1.000000000000000000e+00 6.600000000000000000e+01 3.322864646292320685e+03 8.440041973542069172e+03 4.038690000000000055e+03 0.000000000000000000e+00 8.160659494030513272e+00 1.078999999999999915e+01
3.611785200000000000e+07 1.000000000000000000e+00 6.600000000000000000e+01 3.323529946292321256e+03 8.439391973542067717e+03 4.040390000000000327e+03 0.000000000000000000e+00 8.792518777881566550e+00 6.099999999999999867e-02
3.611647100000000000e+07 1.000000000000000000e+00 6.500000000000000000e+01 3.336806946292321300e+03 8.444971973542069463e+03 4.022929999999999836e+03 0.000000000000000000e+00 8.050944799421536402e+00 9.199999999999999845e-02
3.611647400000000000e+07 1.000000000000000000e+00 6.500000000000000000e+01 3.352622146292321304e+03 8.418961973542067426e+03 4.009639999999999873e+03 0.000000000000000000e+00 7.378668065865540804e+00 2.400000000000000050e-02
3.611785200000000000e+07 1.000000000000000000e+00 6.600000000000000000e+01 3.322864646292320685e+03 8.440041973542069172e+03 4.038690000000000055e+03 0.000000000000000000e+00 8.160659494030513272e+00 2.591340000000000199e+00
3.611785200000000000e+07 1.000000000000000000e+00 6.600000000000000000e+01 3.324385446292320921e+03 8.442961973542067426e+03 4.041609999999999673e+03 0.000000000000000000e+00 9.274148063618445903e+00 1.078999999999999915e+01
3.611784400000000000e+07 1.000000000000000000e+00 6.500000000000000000e+01 3.315296946292321081e+03 8.465721973542069463e+03 4.035929999999999836e+03 0.000000000000000000e+00 1.309420759346700880e+00 6.099999999999999867e-02
3.611784400000000000e+07 1.000000000000000000e+00 6.500000000000000000e+01 3.315289146292320765e+03 8.465841973542068445e+03 4.035850000000000364e+03 0.000000000000000000e+00 1.267340054186254950e+00 9.199999999999999845e-02
3.611784000000000000e+07 1.000000000000000000e+00 6.600000000000000000e+01 3.314981346292321177e+03 8.472771973542068736e+03 4.034489999999999782e+03 0.000000000000000000e+00 3.242938465941993087e+00 1.000000000000000000e+01
3.611784800000000000e+07 1.000000000000000000e+00 6.600000000000000000e+01 3.305863046292321087e+03 8.470811973542069609e+03 4.048289999999999964e+03 0.000000000000000000e+00 4.531791570564451810e+00 9.199999999999999845e-02
3.611784800000000000e+07 1.000000000000000000e+00 6.600000000000000000e+01 3.306656146292320955e+03 8.468921973542068372e+03 4.048820000000000164e+03 0.000000000000000000e+00 4.314114795914278488e+00 1.000000000000000000e+01
3.611784800000000000e+07 1.000000000000000000e+00 6.600000000000000000e+01 3.306656146292320955e+03 8.468921973542068372e+03 4.048820000000000164e+03 0.000000000000000000e+00 4.314114795914278488e+00 3.777489999999999792e+00
3.611785200000000000e+07 1.000000000000000000e+00 6.600000000000000000e+01 3.324385446292320921e+03 8.442961973542067426e+03 4.041609999999999673e+03 0.000000000000000000e+00 9.274148063618445903e+00 7.365549999999999820e+00
2.478903400000000000e+07 1.000000000000000000e+00 6.600000000000000000e+01 3.258660546292320760e+03 9.663041973542069172e+03 2.802300000000000182e+03 0.000000000000000000e+00 5.429221833892689197e+00 9.199999999999999845e-02
2.478903500000000000e+07 1.000000000000000000e+00 6.600000000000000000e+01 3.261231446292321380e+03 9.665509973542068110e+03 2.797380000000000109e+03 0.000000000000000000e+00 8.496698816964729062e+00 9.199999999999999845e-02
2.478903100000000000e+07 1.000000000000000000e+00 6.500000000000000000e+01 3.258548746292321084e+03 9.660977973542068867e+03 2.793079999999999927e+03 0.000000000000000000e+00 6.352767020322170666e+00 9.199999999999999845e-02
2.478903100000000000e+07 1.000000000000000000e+00 6.500000000000000000e+01 3.258292146292321377e+03 9.659778973542068343e+03 2.792630000000000109e+03 0.000000000000000000e+00 6.310453602031773634e+00 1.078999999999999915e+01
2.478903100000000000e+07 1.000000000000000000e+00 6.500000000000000000e+01 3.258292146292321377e+03 9.659778973542068343e+03 2.792630000000000109e+03 0.000000000000000000e+00 6.310453602031773634e+00 2.165709999999999802e+00
2.478903100000000000e+07 1.000000000000000000e+00 6.500000000000000000e+01 3.258292146292321377e+03 9.659778973542068343e+03 2.792630000000000109e+03 0.000000000000000000e+00 6.310453602031773634e+00 1.830660000000000065e-01
2.050601600000000000e+07 1.000000000000000000e+00 6.500000000000000000e+01 3.229663246292320764e+03 9.923007973542069521e+03 2.486720000000000255e+03 0.000000000000000000e+00 5.844968885017506111e+00 6.099999999999999867e-02
2.050601600000000000e+07 1.000000000000000000e+00 6.500000000000000000e+01 3.227135246292321426e+03 9.922186973542069609e+03 2.487980000000000473e+03 0.000000000000000000e+00 8.613505886499511988e+00 2.400000000000000050e-02
2.050593700000000000e+07 1.000000000000000000e+00 6.500000000000000000e+01 3.224466346292320850e+03 9.920854973542067455e+03 2.487729999999999563e+03 0.000000000000000000e+00 7.789990921631477327e+00 6.099999999999999867e-02
2.050601600000000000e+07 1.000000000000000000e+00 6.500000000000000000e+01 3.229408146292321362e+03 9.921784973542067746e+03 2.492810000000000400e+03 0.000000000000000000e+00 7.832545580291034426e+00 9.199999999999999845e-02
2.050601700000000000e+07 1.000000000000000000e+00 6.500000000000000000e+01 3.230851946292321372e+03 9.922166973542069172e+03 2.496010000000000218e+03 0.000000000000000000e+00 7.390956414071011338e+00 4.169999999999999818e-01
2.050601700000000000e+07 1.000000000000000000e+00 6.500000000000000000e+01 3.234834846292321345e+03 9.930271973542068736e+03 2.493270000000000437e+03 0.000000000000000000e+00 1.228880307116190229e+00 9.199999999999999845e-02
2.050609100000000000e+07 1.000000000000000000e+00 6.500000000000000000e+01 3.240275846292321148e+03 9.939438973542068197e+03 2.504659999999999854e+03 0.000000000000000000e+00 6.934839377013392259e+00 2.400000000000000050e-02
2.050602000000000000e+07 1.000000000000000000e+00 6.500000000000000000e+01 3.243144746292320633e+03 9.940232973542068066e+03 2.494660000000000764e+03 0.000000000000000000e+00 1.024669621606710157e+00 5.000000000000000000e-01
2.050602400000000000e+07 1.000000000000000000e+00 6.600000000000000000e+01 3.243818646292321318e+03 9.933434973542069201e+03 2.503349999999999454e+03 0.000000000000000000e+00 3.375803618217938062e+00 2.400000000000000050e-02
2.050594400000000000e+07 0.000000000000000000e+00 6.500000000000000000e+01 3.250768546292320934e+03 9.948419973542069783e+03 2.515059999999999491e+03 0.000000000000000000e+00 5.557452854856316238e-01 9.199999999999999845e-02
2.050594200000000000e+07 1.000000000000000000e+00 6.500000000000000000e+01 3.258049846292320581e+03 9.962506973542069318e+03 2.508379999999999200e+03 0.000000000000000000e+00 5.009928228621256530e+00 4.169999999999999818e-01
2.050594100000000000e+07 1.000000000000000000e+00 6.500000000000000000e+01 3.251065446292321212e+03 9.965388973542068925e+03 2.510160000000000764e+03 0.000000000000000000e+00 4.112741969693546551e+00 5.000000000000000000e-01
2.050594100000000000e+07 1.000000000000000000e+00 6.500000000000000000e+01 3.249822946292320921e+03 9.964951973542069027e+03 2.511650000000000546e+03 0.000000000000000000e+00 5.746096687934518776e+00 4.169999999999999818e-01
2.050590000000000000e+07 1.000000000000000000e+00 6.600000000000000000e+01 3.241573846292320923e+03 9.981503973542068707e+03 2.515240000000000691e+03 0.000000000000000000e+00 6.474601102434355937e+00 9.199999999999999845e-02
2.050590100000000000e+07 1.000000000000000000e+00 6.600000000000000000e+01 3.236075746292321128e+03 9.981954973542069638e+03 2.507859999999999673e+03 0.000000000000000000e+00 1.756319525823699434e+00 9.199999999999999845e-02
2.050590500000000000e+07 1.000000000000000000e+00 6.500000000000000000e+01 3.239491746292321295e+03 9.977949973542068619e+03 2.502760000000000218e+03 0.000000000000000000e+00 2.275435176032461815e+00 2.400000000000000050e-02
2.050575700000000000e+07 1.000000000000000000e+00 6.600000000000000000e+01 3.242011446292321125e+03 9.987659973542067746e+03 2.499400000000000546e+03 0.000000000000000000e+00 8.292007526842484211e+00 4.169999999999999818e-01
2.050575400000000000e+07 1.000000000000000000e+00 6.500000000000000000e+01 3.249923546292320680e+03 9.983040973542068969e+03 2.490420000000000073e+03 0.000000000000000000e+00 6.204456651031931891e+00 9.199999999999999845e-02
2.050498100000000000e+07 1.000000000000000000e+00 6.500000000000000000e+01 3.260111146292320882e+03 9.996632973542069521e+03 2.501170000000000073e+03 0.000000000000000000e+00 7.772501615609813008e+00 2.400000000000000050e-02
2.050498100000000000e+07 1.000000000000000000e+00 6.500000000000000000e+01 3.261504846292321417e+03 9.996094973542069056e+03 2.501739999999999782e+03 0.000000000000000000e+00 7.534799949474935588e+00 2.400000000000000050e-02
2.050498100000000000e+07 1.000000000000000000e+00 6.500000000000000000e+01 3.262167446292321074e+03 9.995838973542067833e+03 2.502020000000000437e+03 0.000000000000000000e+00 7.540738672814003785e+00 4.169999999999999818e-01
2.050678000000000000e+07 1.000000000000000000e+00 6.600000000000000000e+01 3.216888446292320623e+03 9.977067973542067193e+03 2.438810000000000400e+03 0.000000000000000000e+00 4.866345408059967181e-01 1.078999999999999915e+01
2.050678000000000000e+07 1.000000000000000000e+00 6.600000000000000000e+01 3.216888446292320623e+03 9.977067973542067193e+03 2.438810000000000400e+03 0.000000000000000000e+00 4.866345408059967181e-01 2.650830000000000020e+00
2.050678000000000000e+07 1.000000000000000000e+00 6.600000000000000000e+01 3.216888446292320623e+03 9.977067973542067193e+03 2.438810000000000400e+03 0.000000000000000000e+00 4.866345408059967181e-01 1.755959999999999965e+00
2.050677400000000000e+07 0.000000000000000000e+00 6.500000000000000000e+01 3.231869446292321300e+03 9.967863973542069289e+03 2.438320000000000618e+03 0.000000000000000000e+00 3.131111089014472215e-01 1.078999999999999915e+01
2.050507000000000000e+07 0.000000000000000000e+00 6.600000000000000000e+01 3.236079546292320629e+03 9.965377973542068503e+03 2.432410000000000764e+03 0.000000000000000000e+00 1.645828735764630624e+00 6.099999999999999867e-02
2.050677900000000000e+07 1.000000000000000000e+00 6.600000000000000000e+01 3.227975246292320662e+03 9.977992973542068285e+03 2.446449999999999818e+03 0.000000000000000000e+00 1.554720106916203326e+00 2.400000000000000050e-02
2.050677600000000000e+07 0.000000000000000000e+00 6.600000000000000000e+01 3.228677746292320990e+03 9.974677973542067775e+03 2.437650000000000546e+03 0.000000000000000000e+00 1.526413116549735660e+00 2.400000000000000050e-02
2.050677700000000000e+07 0.000000000000000000e+00 6.600000000000000000e+01 3.226258246292321019e+03 9.975170973542068168e+03 2.440390000000000327e+03 0.000000000000000000e+00 1.935423233342934646e+00 2.400000000000000050e-02
2.050678000000000000e+07 1.000000000000000000e+00 6.600000000000000000e+01 3.218645646292320635e+03 9.975246973542067281e+03 2.451080000000000837e+03 0.000000000000000000e+00 7.712793761437167994e+00 9.199999999999999845e-02
2.050678500000000000e+07 1.000000000000000000e+00 6.500000000000000000e+01 3.203744146292320693e+03 9.977346973542069463e+03 2.446880000000000109e+03 0.000000000000000000e+00 7.641886989017666387e+00 9.199999999999999845e-02
2.050506800000000000e+07 1.000000000000000000e+00 6.500000000000000000e+01 3.234607846292320573e+03 9.968237973542069085e+03 2.442279999999999745e+03 0.000000000000000000e+00 2.675261560668821481e+00 2.400000000000000050e-02
2.050506600000000000e+07 1.000000000000000000e+00 6.500000000000000000e+01 3.244707746292320735e+03 9.959243973542068488e+03 2.443280000000000655e+03 0.000000000000000000e+00 1.480884125029620524e+00 4.169999999999999818e-01
2.050506600000000000e+07 1.000000000000000000e+00 6.500000000000000000e+01 3.244670446292320776e+03 9.959503973542068707e+03 2.442850000000000364e+03 0.000000000000000000e+00 1.521582948850752404e+00 1.124000000000000021e+01
2.050506600000000000e+07 1.000000000000000000e+00 6.500000000000000000e+01 3.244670446292320776e+03 9.959503973542068707e+03 2.442850000000000364e+03 0.000000000000000000e+00 1.521582948850752404e+00 1.754369999999999985e+00
4.184600300000000000e+07 0.000000000000000000e+00 6.600000000000000000e+01 1.152731446292321380e+03 9.162011973542068517e+03 4.826350000000000364e+03 1.000000000000000000e+00 2.899745679559927680e+00 2.400000000000000000e+02
2.604096800000000000e+07 1.000000000000000000e+00 6.600000000000000000e+01 6.189814462923213796e+02 1.006213197354206932e+04 3.066110000000000582e+03 1.000000000000000000e+00 7.564645920297280446e-01 2.400000000000000000e+02
2.604096900000000000e+07 0.000000000000000000e+00 6.500000000000000000e+01 6.184514462923207248e+02 1.006000197354206830e+04 3.071130000000000109e+03 1.000000000000000000e+00 2.451112870815689515e+00 2.400000000000000000e+02
2.487466800000000000e+07 0.000000000000000000e+00 6.600000000000000000e+01 1.191531446292320652e+03 9.975627973542068503e+03 2.831680000000000291e+03 1.000000000000000000e+00 1.162335974041683428e+00 2.400000000000000000e+02
4.184768600000000000e+07 0.000000000000000000e+00 6.500000000000000000e+01 1.037411446292320761e+03 9.121201973542069027e+03 4.746379999999999200e+03 1.000000000000000000e+00 9.836265799442285296e-01 2.400000000000000000e+02
4.184600500000000000e+07 1.000000000000000000e+00 6.500000000000000000e+01 1.140691446292320506e+03 9.158251973542068299e+03 4.819569999999999709e+03 1.000000000000000000e+00 7.086384776607734803e-01 2.400000000000000000e+02
2.487311600000000000e+07 1.000000000000000000e+00 6.600000000000000000e+01 1.174261446292321125e+03 9.978738973542069289e+03 2.808139999999999418e+03 1.000000000000000000e+00 6.626937736139656421e-01 2.400000000000000000e+02
4.184688300000000000e+07 0.000000000000000000e+00 6.500000000000000000e+01 1.114181446292321198e+03 9.154041973542069172e+03 4.807710000000000036e+03 1.000000000000000000e+00 2.602855298665818662e+00 2.400000000000000000e+02
4.184688300000000000e+07 0.000000000000000000e+00 6.600000000000000000e+01 1.105671446292320979e+03 9.152861973542068881e+03 4.804130000000000109e+03 1.000000000000000000e+00 1.563225781444452123e+00 2.400000000000000000e+02
