2.271988000000000000e+06 1.000000000000000000e+00 6.500000000000000000e+01 7.408720644584545880e+02 1.345557234272735877e+04 1.219900000000006912e+02 0.000000000000000000e+00 9.453213468075819748e+00 9.199999999999999845e-02
2.272061000000000000e+06 1.000000000000000000e+00 6.500000000000000000e+01 7.516091644584548703e+02 1.346418334272735956e+04 1.296900000000005093e+02 0.000000000000000000e+00 8.933137746334569584e+00 2.400000000000000050e-02
2.272061000000000000e+06 1.000000000000000000e+00 6.500000000000000000e+01 7.513064644584546841e+02 1.346364414272735848e+04 1.299499999999998181e+02 0.000000000000000000e+00 8.914285862851862419e+00 1.078999999999999915e+01
2.272061000000000000e+06 1.000000000000000000e+00 6.500000000000000000e+01 7.513064644584546841e+02 1.346364414272735848e+04 1.299499999999998181e+02 0.000000000000000000e+00 8.914285862851862419e+00 1.957419999999999938e+00
2.272061000000000000e+06 1.000000000000000000e+00 6.500000000000000000e+01 7.513064644584546841e+02 1.346364414272735848e+04 1.299499999999998181e+02 0.000000000000000000e+00 8.914285862851862419e+00 1.877499999999999947e+00
2.271808000000000000e+06 1.000000000000000000e+00 6.500000000000000000e+01 7.338173644584549038e+02 1.346679244272735741e+04 1.632699999999995271e+02 0.000000000000000000e+00 9.360215553972125235e+00 9.199999999999999845e-02
2.271808000000000000e+06 1.000000000000000000e+00 6.500000000000000000e+01 7.326063644584546637e+02 1.347071054272736001e+04 1.665900000000001455e+02 0.000000000000000000e+00 9.065312627183351069e+00 9.199999999999999845e-02
2.271808000000000000e+06 1.000000000000000000e+00 6.500000000000000000e+01 7.322597644584548107e+02 1.347134124272735789e+04 1.669300000000002910e+02 0.000000000000000000e+00 9.472572867613578751e+00 9.199999999999999845e-02
2.271816000000000000e+06 1.000000000000000000e+00 6.500000000000000000e+01 7.292525644584547990e+02 1.347046214272735961e+04 2.002100000000000364e+02 0.000000000000000000e+00 5.408894444162920756e+00 9.199999999999999845e-02
2.271816000000000000e+06 1.000000000000000000e+00 6.500000000000000000e+01 7.321363644584553185e+02 1.346748364272735853e+04 2.047200000000002547e+02 0.000000000000000000e+00 2.420523509862747780e+00 9.199999999999999845e-02
2.271819000000000000e+06 1.000000000000000000e+00 6.500000000000000000e+01 7.282584644584549096e+02 1.343730284272735844e+04 2.031000000000003638e+02 0.000000000000000000e+00 9.937775532955212654e+00 2.400000000000000050e-02
2.271818000000000000e+06 1.000000000000000000e+00 6.500000000000000000e+01 7.269170644584546608e+02 1.344825234272735906e+04 1.963099999999994907e+02 0.000000000000000000e+00 8.512679684375456191e+00 9.199999999999999845e-02
2.273450000000000000e+06 1.000000000000000000e+00 6.600000000000000000e+01 6.998661644584544774e+02 1.340102642572735931e+04 8.022000000000025466e+01 1.000000000000000000e+00 6.333654326878057628e-01 4.300000000000000000e+01
