2.706798000000000000e+06 1.000000000000000000e+00 6.500000000000000000e+01 1.048882432348366092e+04 1.118714072640604536e+04 6.092999999999938154e+01 0.000000000000000000e+00 6.400211507884216111e+00 1.078999999999999915e+01
2.706793000000000000e+06 1.000000000000000000e+00 6.600000000000000000e+01 1.048871531948366101e+04 1.118773344630604515e+04 8.027999999999974534e+01 0.000000000000000000e+00 4.848522564513693567e+00 1.605000000000000071e+01
2.706437000000000000e+06 1.000000000000000000e+00 6.600000000000000000e+01 1.048496201248366197e+04 1.122355257230604548e+04 2.117800000000006548e+02 0.000000000000000000e+00 5.161703399213124044e+00 1.078999999999999915e+01
2.949508000000000000e+06 1.000000000000000000e+00 6.600000000000000000e+01 1.045011175248366089e+04 1.129587907230604469e+04 3.816699999999991633e+02 0.000000000000000000e+00 2.496683302340440669e+00 1.078999999999999915e+01
2.949514000000000000e+06 1.000000000000000000e+00 6.600000000000000000e+01 1.044266785248366068e+04 1.130450607230604510e+04 3.972399999999997817e+02 0.000000000000000000e+00 1.245152613197296088e+00 3.229999999999999716e+01
2.949619000000000000e+06 1.000000000000000000e+00 6.600000000000000000e+01 1.042885015248366108e+04 1.134697707230604647e+04 4.297299999999995634e+02 0.000000000000000000e+00 6.240845661368683572e+00 9.199999999999999845e-02
2.949618000000000000e+06 1.000000000000000000e+00 6.600000000000000000e+01 1.042737005248366040e+04 1.134638607230604612e+04 4.288499999999994543e+02 0.000000000000000000e+00 6.213793074476646972e+00 9.199999999999999845e-02
2.949618000000000000e+06 1.000000000000000000e+00 6.600000000000000000e+01 1.042930485248365949e+04 1.134715407230604615e+04 4.240999999999994543e+02 0.000000000000000000e+00 6.493319979882204329e+00 4.169999999999999818e-01
2.949621000000000000e+06 0.000000000000000000e+00 6.500000000000000000e+01 1.044132165248366073e+04 1.133834007230604402e+04 4.329400000000005093e+02 0.000000000000000000e+00 8.596037425810665322e-01 1.000000000000000021e-02
2.949621000000000000e+06 1.000000000000000000e+00 6.500000000000000000e+01 1.044446345248366197e+04 1.133812807230604449e+04 4.294200000000000728e+02 0.000000000000000000e+00 1.804542482058533182e+00 4.169999999999999818e-01
2.949625000000000000e+06 1.000000000000000000e+00 6.600000000000000000e+01 1.045510265248365977e+04 1.132655207230604537e+04 4.421899999999995998e+02 0.000000000000000000e+00 3.098455790478702898e+00 2.039999999999999869e-01
2.949628000000000000e+06 0.000000000000000000e+00 6.500000000000000000e+01 1.046494445248366173e+04 1.133451007230604591e+04 4.492199999999993452e+02 0.000000000000000000e+00 5.257749346367779353e+00 2.400000000000000050e-02
2.949625000000000000e+06 1.000000000000000000e+00 6.500000000000000000e+01 1.044968235248366182e+04 1.133476207230604632e+04 4.447500000000000000e+02 0.000000000000000000e+00 2.546366042947735053e+00 4.169999999999999818e-01
2.949623000000000000e+06 0.000000000000000000e+00 6.600000000000000000e+01 1.044761795248366070e+04 1.133332407230604440e+04 4.432600000000002183e+02 0.000000000000000000e+00 1.860489365621146751e+00 9.199999999999999845e-02
2.949636000000000000e+06 1.000000000000000000e+00 6.600000000000000000e+01 1.048179094248366164e+04 1.132666207230604414e+04 4.326300000000001091e+02 0.000000000000000000e+00 5.612932282688828600e+00 9.199999999999999845e-02
2.949636000000000000e+06 1.000000000000000000e+00 6.600000000000000000e+01 1.048134132248366041e+04 1.132509507230604504e+04 4.278699999999998909e+02 0.000000000000000000e+00 9.892939275282660816e+00 9.199999999999999845e-02
2.949575000000000000e+06 1.000000000000000000e+00 6.600000000000000000e+01 1.048646834248366031e+04 1.130737107230604488e+04 4.196999999999998181e+02 0.000000000000000000e+00 9.840836606947604537e+00 4.169999999999999818e-01
2.947895000000000000e+06 1.000000000000000000e+00 6.500000000000000000e+01 1.048467661248366130e+04 1.130618707230604559e+04 4.220899999999992360e+02 0.000000000000000000e+00 9.085832607739956046e+00 6.099999999999999867e-02
2.947895000000000000e+06 1.000000000000000000e+00 6.500000000000000000e+01 1.048394211248366082e+04 1.130517407230604476e+04 4.232799999999997453e+02 0.000000000000000000e+00 7.729118325870607542e+00 2.400000000000000050e-02
2.949574000000000000e+06 1.000000000000000000e+00 6.600000000000000000e+01 1.048887146948365989e+04 1.130046507230604402e+04 4.282799999999997453e+02 0.000000000000000000e+00 7.564834132068892103e+00 9.199999999999999845e-02
2.947895000000000000e+06 1.000000000000000000e+00 6.500000000000000000e+01 1.048496314248366070e+04 1.130134707230604545e+04 4.278699999999998909e+02 0.000000000000000000e+00 8.662485772462755307e+00 9.199999999999999845e-02
2.947892000000000000e+06 1.000000000000000000e+00 6.600000000000000000e+01 1.048574297248366202e+04 1.130156707230604479e+04 4.286999999999998181e+02 0.000000000000000000e+00 9.589785086863123809e+00 6.099999999999999867e-02
2.947892000000000000e+06 1.000000000000000000e+00 6.600000000000000000e+01 1.048638312248366128e+04 1.129581207230604559e+04 4.299099999999998545e+02 0.000000000000000000e+00 5.449879634723910904e+00 9.199999999999999845e-02
2.949574000000000000e+06 1.000000000000000000e+00 6.600000000000000000e+01 1.049077055248366014e+04 1.129608707230604523e+04 4.239200000000000728e+02 0.000000000000000000e+00 3.487526705525752835e+00 9.199999999999999845e-02
2.949575000000000000e+06 1.000000000000000000e+00 6.600000000000000000e+01 1.049090892248366072e+04 1.129408607230604503e+04 4.225799999999999272e+02 0.000000000000000000e+00 2.095681696238463676e+00 4.169999999999999818e-01
2.949578000000000000e+06 0.000000000000000000e+00 6.500000000000000000e+01 1.049104292248366073e+04 1.128626037230604561e+04 4.215300000000006548e+02 0.000000000000000000e+00 3.320947951038507817e+00 4.169999999999999818e-01
2.949575000000000000e+06 0.000000000000000000e+00 6.500000000000000000e+01 1.050207535248366185e+04 1.128979107230604495e+04 4.160000000000000000e+02 0.000000000000000000e+00 3.530194166727604443e+00 5.000000000000000000e-01
2.949575000000000000e+06 0.000000000000000000e+00 6.500000000000000000e+01 1.050085215248366148e+04 1.129013107230604510e+04 4.163800000000001091e+02 0.000000000000000000e+00 2.567326038288986645e+00 6.099999999999999867e-02
2.949577000000000000e+06 0.000000000000000000e+00 6.600000000000000000e+01 1.049179888248366115e+04 1.128888507230604591e+04 4.160700000000006185e+02 0.000000000000000000e+00 1.823805891459179263e+00 4.169999999999999818e-01
2.949016000000000000e+06 0.000000000000000000e+00 6.500000000000000000e+01 1.050129925248366089e+04 1.128188467230604510e+04 4.308800000000001091e+02 0.000000000000000000e+00 7.473825675605247909e-01 9.199999999999999845e-02
2.949576000000000000e+06 1.000000000000000000e+00 6.500000000000000000e+01 1.049893911248366203e+04 1.127945667230604522e+04 4.320199999999995271e+02 0.000000000000000000e+00 6.927140563885660907e-01 9.199999999999999845e-02
2.949018000000000000e+06 0.000000000000000000e+00 6.500000000000000000e+01 1.049726233248366043e+04 1.127547077230604555e+04 4.338900000000003274e+02 0.000000000000000000e+00 9.092805748175856184e-01 2.400000000000000050e-02
2.949576000000000000e+06 1.000000000000000000e+00 6.500000000000000000e+01 1.049869819248366184e+04 1.127670027230604501e+04 4.334700000000002547e+02 0.000000000000000000e+00 8.486220062922024132e-01 6.099999999999999867e-02
2.949019000000000000e+06 1.000000000000000000e+00 6.600000000000000000e+01 1.050897245248366016e+04 1.127609547230604585e+04 4.362799999999997453e+02 0.000000000000000000e+00 3.363679617793455812e+00 9.199999999999999845e-02
2.949019000000000000e+06 1.000000000000000000e+00 6.600000000000000000e+01 1.050891965248366068e+04 1.127690577230604504e+04 4.390200000000004366e+02 0.000000000000000000e+00 4.411249394225690068e+00 2.400000000000000050e-02
2.949020000000000000e+06 1.000000000000000000e+00 6.600000000000000000e+01 1.050884115248366106e+04 1.127733267230604542e+04 4.395600000000004002e+02 0.000000000000000000e+00 4.652621510590791765e+00 2.400000000000000050e-02
2.949020000000000000e+06 1.000000000000000000e+00 6.600000000000000000e+01 1.050266545248365946e+04 1.127965377230604645e+04 4.457100000000000364e+02 0.000000000000000000e+00 6.766776580711488798e+00 2.400000000000000050e-02
2.949102000000000000e+06 0.000000000000000000e+00 6.600000000000000000e+01 1.049741639248366118e+04 1.125999337230604579e+04 4.481300000000001091e+02 0.000000000000000000e+00 1.059867990840463570e+00 4.169999999999999818e-01
2.949103000000000000e+06 0.000000000000000000e+00 6.600000000000000000e+01 1.049723046248366154e+04 1.125995237230604471e+04 4.475199999999995271e+02 0.000000000000000000e+00 1.471865060767866051e+00 9.199999999999999845e-02
2.949582000000000000e+06 1.000000000000000000e+00 6.600000000000000000e+01 1.048188161248365941e+04 1.126304397230604445e+04 4.409600000000000364e+02 0.000000000000000000e+00 3.737524958493060101e+00 9.199999999999999845e-02
2.949587000000000000e+06 1.000000000000000000e+00 6.500000000000000000e+01 1.046540495248366096e+04 1.125705927230604539e+04 4.419100000000007640e+02 0.000000000000000000e+00 2.689041507875744141e+00 9.199999999999999845e-02
2.947971000000000000e+06 1.000000000000000000e+00 6.500000000000000000e+01 1.046720705248365994e+04 1.125315517230604564e+04 4.302500000000000000e+02 0.000000000000000000e+00 2.427494202545164459e+00 9.199999999999999845e-02
2.949585000000000000e+06 1.000000000000000000e+00 6.500000000000000000e+01 1.047188235248366072e+04 1.125665137230604523e+04 4.315199999999995271e+02 0.000000000000000000e+00 2.144556248550311572e+00 9.199999999999999845e-02
2.947972000000000000e+06 1.000000000000000000e+00 6.500000000000000000e+01 1.046249275248366030e+04 1.125800177230604459e+04 4.313099999999994907e+02 0.000000000000000000e+00 5.814295740639616739e+00 9.199999999999999845e-02
2.947972000000000000e+06 1.000000000000000000e+00 6.500000000000000000e+01 1.046203335248366056e+04 1.125758367230604563e+04 4.309400000000005093e+02 0.000000000000000000e+00 6.044445008875472425e+00 2.400000000000000050e-02
2.949590000000000000e+06 1.000000000000000000e+00 6.600000000000000000e+01 1.045507425248366053e+04 1.125276067230604531e+04 4.310100000000002183e+02 0.000000000000000000e+00 5.285530221461393729e+00 4.169999999999999818e-01
2.949590000000000000e+06 1.000000000000000000e+00 6.600000000000000000e+01 1.045507425248366053e+04 1.125276067230604531e+04 4.310100000000002183e+02 0.000000000000000000e+00 5.285530221461393729e+00 6.998199999999999754e+00
2.949618000000000000e+06 1.000000000000000000e+00 6.600000000000000000e+01 1.041787965248366163e+04 1.134279507230604577e+04 4.227000000000007276e+02 0.000000000000000000e+00 8.893164026620262064e+00 4.169999999999999818e-01
2.949614000000000000e+06 1.000000000000000000e+00 6.500000000000000000e+01 1.040864305248366145e+04 1.133494407230604520e+04 4.312600000000002183e+02 0.000000000000000000e+00 9.494974253797328956e+00 2.400000000000000050e-02
2.949614000000000000e+06 1.000000000000000000e+00 6.500000000000000000e+01 1.041664185248366084e+04 1.133357007230604540e+04 4.363200000000006185e+02 0.000000000000000000e+00 6.662573415422452960e+00 9.199999999999999845e-02
2.949614000000000000e+06 1.000000000000000000e+00 6.500000000000000000e+01 1.041774145248366040e+04 1.132923107230604546e+04 4.327500000000009095e+02 0.000000000000000000e+00 1.974898398869397553e+00 2.400000000000000050e-02
2.949614000000000000e+06 1.000000000000000000e+00 6.500000000000000000e+01 1.041684995248366067e+04 1.132779607230604597e+04 4.334499999999998181e+02 0.000000000000000000e+00 1.004283801683646171e+00 9.199999999999999845e-02
2.949620000000000000e+06 1.000000000000000000e+00 6.600000000000000000e+01 1.042510325248366098e+04 1.133864807230604492e+04 4.396400000000003274e+02 0.000000000000000000e+00 5.470592368785635706e+00 5.000000000000000000e-01
2.949620000000000000e+06 1.000000000000000000e+00 6.600000000000000000e+01 1.042510325248366098e+04 1.133864807230604492e+04 4.396400000000003274e+02 0.000000000000000000e+00 5.470592368785635706e+00 7.173689999999999678e+00
2.949513000000000000e+06 1.000000000000000000e+00 6.600000000000000000e+01 1.044629605248365988e+04 1.129824907230604549e+04 4.061500000000005457e+02 0.000000000000000000e+00 2.949416932578909911e+00 1.078999999999999915e+01
2.949513000000000000e+06 1.000000000000000000e+00 6.600000000000000000e+01 1.044712825248366062e+04 1.129878507230604555e+04 4.034200000000009823e+02 0.000000000000000000e+00 3.171712759388467973e+00 4.169999999999999818e-01
2.949513000000000000e+06 1.000000000000000000e+00 6.600000000000000000e+01 1.044751785248366104e+04 1.129903707230604414e+04 4.021400000000003274e+02 0.000000000000000000e+00 4.062591464272491848e+00 4.169999999999999818e-01
2.949510000000000000e+06 0.000000000000000000e+00 6.500000000000000000e+01 1.044776905248366165e+04 1.130012307230604529e+04 3.973099999999994907e+02 0.000000000000000000e+00 3.709994732487803759e+00 9.199999999999999845e-02
2.949512000000000000e+06 0.000000000000000000e+00 6.600000000000000000e+01 1.044380695248366101e+04 1.130080907230604498e+04 3.952500000000000000e+02 0.000000000000000000e+00 2.108361987720610564e+00 2.400000000000000050e-02
2.947990000000000000e+06 1.000000000000000000e+00 6.600000000000000000e+01 1.043729915248366160e+04 1.129724307230604609e+04 3.948899999999994179e+02 0.000000000000000000e+00 1.281189909879257405e+00 2.400000000000000050e-02
2.949511000000000000e+06 1.000000000000000000e+00 6.500000000000000000e+01 1.044405755248366040e+04 1.130341207230604414e+04 3.849799999999995634e+02 0.000000000000000000e+00 2.387131001832937027e+00 2.400000000000000050e-02
2.949511000000000000e+06 1.000000000000000000e+00 6.500000000000000000e+01 1.044320545248366034e+04 1.130387607230604408e+04 3.834500000000007276e+02 0.000000000000000000e+00 2.660413645895030488e+00 2.400000000000000050e-02
2.949512000000000000e+06 0.000000000000000000e+00 6.500000000000000000e+01 1.044085195248366108e+04 1.130259707230604545e+04 3.875000000000000000e+02 0.000000000000000000e+00 1.688638153092847816e+00 9.199999999999999845e-02
2.949510000000000000e+06 1.000000000000000000e+00 6.500000000000000000e+01 1.044685415248366189e+04 1.130731207230604559e+04 3.884899999999997817e+02 0.000000000000000000e+00 1.719326208181711557e+00 9.199999999999999845e-02
2.949512000000000000e+06 1.000000000000000000e+00 6.500000000000000000e+01 1.044170905248366034e+04 1.130122407230604585e+04 3.801900000000005093e+02 0.000000000000000000e+00 5.716795344140418678e+00 2.039999999999999869e-01
2.949511000000000000e+06 1.000000000000000000e+00 6.500000000000000000e+01 1.044157725248366114e+04 1.130263907230604491e+04 3.786100000000005821e+02 0.000000000000000000e+00 5.964533443052717487e+00 2.400000000000000050e-02
2.949507000000000000e+06 1.000000000000000000e+00 6.600000000000000000e+01 1.045173205248366139e+04 1.130353007230604635e+04 3.717400000000006912e+02 0.000000000000000000e+00 8.212258640062376713e+00 6.099999999999999867e-02
2.949507000000000000e+06 1.000000000000000000e+00 6.600000000000000000e+01 1.045173205248366139e+04 1.130353007230604635e+04 3.717400000000006912e+02 0.000000000000000000e+00 8.212258640062376713e+00 7.375040000000000262e+00
2.949513000000000000e+06 1.000000000000000000e+00 6.600000000000000000e+01 1.044629605248365988e+04 1.129824907230604549e+04 4.061500000000005457e+02 0.000000000000000000e+00 2.949416932578909911e+00 5.521329999999999849e+00
2.949511000000000000e+06 0.000000000000000000e+00 6.600000000000000000e+01 1.044253625248366006e+04 1.129563407230604571e+04 3.943800000000001091e+02 0.000000000000000000e+00 5.525451533525660430e-01 2.400000000000000050e-02
2.949510000000000000e+06 0.000000000000000000e+00 6.500000000000000000e+01 1.044671875248366086e+04 1.130101207230604632e+04 3.918500000000003638e+02 0.000000000000000000e+00 1.221352049724889977e+00 2.400000000000000050e-02
2.949509000000000000e+06 1.000000000000000000e+00 6.500000000000000000e+01 1.045509815248366067e+04 1.130774807230604529e+04 3.906800000000002910e+02 0.000000000000000000e+00 3.692974800250428569e+00 9.199999999999999845e-02
2.949509000000000000e+06 1.000000000000000000e+00 6.500000000000000000e+01 1.045515635248366016e+04 1.130894607230604561e+04 3.901999999999998181e+02 0.000000000000000000e+00 4.178242662850498057e+00 2.400000000000000050e-02
2.949509000000000000e+06 1.000000000000000000e+00 6.500000000000000000e+01 1.045433105248365973e+04 1.130771807230604463e+04 3.913400000000001455e+02 0.000000000000000000e+00 3.498424105635745462e+00 5.000000000000000000e-01
2.947985000000000000e+06 1.000000000000000000e+00 6.500000000000000000e+01 1.045016665248366189e+04 1.129663507230604591e+04 4.025500000000001819e+02 0.000000000000000000e+00 3.495559710994619707e+00 2.039999999999999869e-01
2.947985000000000000e+06 1.000000000000000000e+00 6.500000000000000000e+01 1.045016665248366189e+04 1.129663507230604591e+04 4.025500000000001819e+02 0.000000000000000000e+00 3.495559710994619707e+00 7.387059999999999960e+00
2.949162000000000000e+06 1.000000000000000000e+00 6.600000000000000000e+01 1.052896495248366045e+04 1.127170857230604452e+04 3.358099999999994907e+02 0.000000000000000000e+00 7.391357265892622763e+00 4.169999999999999818e-01
2.949162000000000000e+06 1.000000000000000000e+00 6.600000000000000000e+01 1.053065335248365955e+04 1.127208867230604483e+04 3.369099999999998545e+02 0.000000000000000000e+00 7.327414281719960343e+00 6.099999999999999867e-02
2.949084000000000000e+06 1.000000000000000000e+00 6.600000000000000000e+01 1.053454135248366038e+04 1.129259107230604423e+04 3.799300000000002910e+02 0.000000000000000000e+00 9.439924173937374263e+00 2.400000000000000050e-02
2.949084000000000000e+06 1.000000000000000000e+00 6.600000000000000000e+01 1.053218915248366102e+04 1.129563407230604571e+04 3.874700000000002547e+02 0.000000000000000000e+00 6.863349515329751682e+00 6.099999999999999867e-02
2.950611000000000000e+06 1.000000000000000000e+00 6.600000000000000000e+01 1.052856845248366153e+04 1.130809707230604545e+04 3.869500000000007276e+02 0.000000000000000000e+00 5.424895105947650897e+00 9.199999999999999845e-02
2.950611000000000000e+06 1.000000000000000000e+00 6.600000000000000000e+01 1.052937655248365991e+04 1.130944307230604500e+04 3.886000000000003638e+02 0.000000000000000000e+00 4.013998456962904804e+00 4.169999999999999818e-01
2.950610000000000000e+06 0.000000000000000000e+00 6.600000000000000000e+01 1.053443875248366021e+04 1.131195807230604623e+04 3.920599999999994907e+02 0.000000000000000000e+00 8.803624004124301905e-01 9.199999999999999845e-02
2.950609000000000000e+06 0.000000000000000000e+00 6.600000000000000000e+01 1.054057105248366133e+04 1.131329307230604536e+04 3.916599999999998545e+02 0.000000000000000000e+00 1.168755539830079737e+00 4.169999999999999818e-01
2.950612000000000000e+06 1.000000000000000000e+00 6.500000000000000000e+01 1.054138945248366144e+04 1.132677907230604615e+04 3.851099999999996726e+02 0.000000000000000000e+00 4.394460607497388871e+00 4.169999999999999818e-01
2.950607000000000000e+06 1.000000000000000000e+00 6.600000000000000000e+01 1.055502565248366045e+04 1.131646307230604543e+04 3.927400000000006912e+02 0.000000000000000000e+00 6.519786645206468556e+00 9.199999999999999845e-02
2.950597000000000000e+06 1.000000000000000000e+00 6.600000000000000000e+01 1.057113695248366093e+04 1.131569507230604540e+04 3.865200000000004366e+02 0.000000000000000000e+00 7.784649974441905762e+00 4.169999999999999818e-01
2.950597000000000000e+06 1.000000000000000000e+00 6.600000000000000000e+01 1.057113695248366093e+04 1.131569507230604540e+04 3.865200000000004366e+02 0.000000000000000000e+00 7.784649974441905762e+00 7.129979999999999762e+00
2.949170000000000000e+06 1.000000000000000000e+00 6.600000000000000000e+01 1.051267335248365998e+04 1.127036737230604558e+04 3.366100000000005821e+02 0.000000000000000000e+00 6.422715941366465842e+00 4.169999999999999818e-01
2.949170000000000000e+06 1.000000000000000000e+00 6.600000000000000000e+01 1.051315085248366086e+04 1.127079217230604627e+04 3.369600000000000364e+02 0.000000000000000000e+00 6.893237152934121426e+00 9.199999999999999845e-02
2.950451000000000000e+06 1.000000000000000000e+00 6.500000000000000000e+01 1.051301325248366084e+04 1.127222747230604546e+04 3.434300000000002910e+02 0.000000000000000000e+00 7.234588263908673156e+00 2.039999999999999869e-01
2.950457000000000000e+06 1.000000000000000000e+00 6.600000000000000000e+01 1.051437385248366081e+04 1.129158207230604603e+04 3.472500000000000000e+02 0.000000000000000000e+00 6.949919839536447874e+00 6.099999999999999867e-02
2.949178000000000000e+06 1.000000000000000000e+00 6.500000000000000000e+01 1.051044745248366053e+04 1.130303707230604414e+04 3.373500000000003638e+02 0.000000000000000000e+00 9.008693189395870604e+00 9.199999999999999845e-02
2.706436000000000000e+06 1.000000000000000000e+00 6.600000000000000000e+01 1.047736925248366060e+04 1.123318887230604560e+04 2.167599999999993088e+02 0.000000000000000000e+00 6.802899556804242742e+00 2.039999999999999869e-01
2.706353000000000000e+06 1.000000000000000000e+00 6.500000000000000000e+01 1.046410285248366199e+04 1.124591177230604444e+04 2.232500000000000000e+02 0.000000000000000000e+00 9.481891484213516463e+00 9.199999999999999845e-02
2.705366000000000000e+06 1.000000000000000000e+00 6.600000000000000000e+01 1.043080705248366030e+04 1.127430897230604387e+04 2.266300000000001091e+02 0.000000000000000000e+00 7.182471772279926725e+00 6.099999999999999867e-02
2.705365000000000000e+06 1.000000000000000000e+00 6.600000000000000000e+01 1.042716645248365967e+04 1.127534947230604485e+04 2.254399999999995998e+02 0.000000000000000000e+00 4.915915040950262771e+00 2.039999999999999869e-01
2.705365000000000000e+06 1.000000000000000000e+00 6.600000000000000000e+01 1.042458685248366055e+04 1.127547837230604637e+04 2.272500000000000000e+02 0.000000000000000000e+00 4.163868227608183759e+00 6.099999999999999867e-02
2.705361000000000000e+06 1.000000000000000000e+00 6.500000000000000000e+01 1.043171565248366096e+04 1.126020737230604573e+04 2.344300000000002910e+02 0.000000000000000000e+00 9.991770700038294706e+00 4.169999999999999818e-01
2.705367000000000000e+06 1.000000000000000000e+00 6.600000000000000000e+01 1.044149925248365980e+04 1.126408147230604482e+04 2.164799999999995634e+02 0.000000000000000000e+00 9.667838758508464636e+00 9.199999999999999845e-02
2.705367000000000000e+06 1.000000000000000000e+00 6.600000000000000000e+01 1.044078655248365976e+04 1.126738487230604551e+04 2.156400000000003274e+02 0.000000000000000000e+00 8.859980838121904512e+00 2.400000000000000050e-02
2.705530000000000000e+06 1.000000000000000000e+00 6.500000000000000000e+01 1.045155725248366070e+04 1.121732387230604581e+04 1.477200000000002547e+02 0.000000000000000000e+00 8.491354677821217223e+00 4.169999999999999818e-01
2.705528000000000000e+06 1.000000000000000000e+00 6.500000000000000000e+01 1.044422155248366107e+04 1.122585537230604496e+04 1.298800000000001091e+02 0.000000000000000000e+00 1.223689339783041730e+00 6.099999999999999867e-02
2.705454000000000000e+06 1.000000000000000000e+00 6.500000000000000000e+01 1.046902565248366045e+04 1.124147357230604393e+04 1.315199999999995271e+02 0.000000000000000000e+00 2.176675123847695570e+00 2.400000000000000050e-02
2.705454000000000000e+06 1.000000000000000000e+00 6.500000000000000000e+01 1.048227181248366105e+04 1.124255407230604396e+04 1.352999999999992724e+02 0.000000000000000000e+00 9.997346340187418079e+00 9.199999999999999845e-02
2.705454000000000000e+06 1.000000000000000000e+00 6.500000000000000000e+01 1.047731715248366163e+04 1.123976157230604440e+04 1.302200000000002547e+02 0.000000000000000000e+00 5.975028345490576598e+00 9.199999999999999845e-02
2.706603000000000000e+06 1.000000000000000000e+00 6.500000000000000000e+01 1.049303767248366057e+04 1.124342127230604456e+04 1.350299999999997453e+02 0.000000000000000000e+00 9.972294176607723770e+00 4.169999999999999818e-01
2.706673000000000000e+06 1.000000000000000000e+00 6.600000000000000000e+01 1.049120701248366095e+04 1.126295117230604592e+04 1.378800000000001091e+02 0.000000000000000000e+00 5.730410911564181475e+00 2.400000000000000050e-02
2.706674000000000000e+06 1.000000000000000000e+00 6.600000000000000000e+01 1.049255323248366039e+04 1.126805237230604507e+04 1.321499999999996362e+02 0.000000000000000000e+00 3.404563944124756159e+00 2.400000000000000050e-02
2.706337000000000000e+06 1.000000000000000000e+00 6.500000000000000000e+01 1.049110934248366175e+04 1.127197777230604515e+04 1.367899999999999636e+02 0.000000000000000000e+00 4.110950770879581384e+00 2.039999999999999869e-01
2.706337000000000000e+06 1.000000000000000000e+00 6.500000000000000000e+01 1.049573055248366109e+04 1.127667227230604476e+04 1.392199999999993452e+02 0.000000000000000000e+00 1.996542999632076931e+00 9.199999999999999845e-02
2.706338000000000000e+06 0.000000000000000000e+00 6.500000000000000000e+01 1.049736090248366054e+04 1.127952977230604483e+04 1.354700000000002547e+02 0.000000000000000000e+00 1.455017911404160591e+00 6.099999999999999867e-02
2.706335000000000000e+06 1.000000000000000000e+00 6.600000000000000000e+01 1.048763960248366129e+04 1.127643757230604388e+04 1.340100000000002183e+02 0.000000000000000000e+00 2.560312795297443156e+00 6.099999999999999867e-02
2.706334000000000000e+06 0.000000000000000000e+00 6.600000000000000000e+01 1.048362766248366097e+04 1.127984157230604615e+04 1.318800000000001091e+02 0.000000000000000000e+00 8.143727660569466398e-01 9.199999999999999845e-02
2.705468000000000000e+06 1.000000000000000000e+00 6.500000000000000000e+01 1.047101165248365942e+04 1.129447007230604504e+04 1.109099999999998545e+02 0.000000000000000000e+00 6.589294449171539725e+00 2.400000000000000050e-02
2.706406000000000000e+06 0.000000000000000000e+00 6.500000000000000000e+01 1.048538852248365947e+04 1.130763307230604551e+04 1.320400000000008731e+02 0.000000000000000000e+00 8.219347349161127969e-01 2.039999999999999869e-01
2.706407000000000000e+06 0.000000000000000000e+00 6.500000000000000000e+01 1.048656260248366016e+04 1.130376707230604552e+04 1.310800000000008367e+02 0.000000000000000000e+00 3.283662227042667858e+00 9.199999999999999845e-02
2.706329000000000000e+06 1.000000000000000000e+00 6.600000000000000000e+01 1.047031025248366132e+04 1.129330307230604558e+04 1.276700000000000728e+02 0.000000000000000000e+00 1.794907140173711335e+00 9.199999999999999845e-02
2.706324000000000000e+06 1.000000000000000000e+00 6.600000000000000000e+01 1.044416145248366047e+04 1.127847467230604525e+04 1.308199999999997090e+02 0.000000000000000000e+00 2.815017751934747903e+00 2.400000000000000050e-02
2.706325000000000000e+06 1.000000000000000000e+00 6.600000000000000000e+01 1.044857645248365952e+04 1.128150147230604489e+04 1.244099999999998545e+02 0.000000000000000000e+00 2.944040692470126341e+00 2.400000000000000050e-02
2.706321000000000000e+06 0.000000000000000000e+00 6.600000000000000000e+01 1.043980225248365969e+04 1.128599537230604619e+04 1.340599999999994907e+02 0.000000000000000000e+00 2.457422772824887414e+00 2.400000000000000050e-02
2.706321000000000000e+06 1.000000000000000000e+00 6.600000000000000000e+01 1.044203935248366179e+04 1.129268907230604600e+04 1.344699999999993452e+02 0.000000000000000000e+00 1.016798166827820982e+00 9.199999999999999845e-02
2.706321000000000000e+06 1.000000000000000000e+00 6.600000000000000000e+01 1.044228775248366037e+04 1.129313107230604510e+04 1.333500000000003638e+02 0.000000000000000000e+00 1.485999308374123862e+00 2.039999999999999869e-01
2.706320000000000000e+06 1.000000000000000000e+00 6.500000000000000000e+01 1.043462785248365981e+04 1.128613537230604561e+04 1.160700000000006185e+02 0.000000000000000000e+00 6.768485272773760997e+00 9.199999999999999845e-02
2.706317000000000000e+06 1.000000000000000000e+00 6.600000000000000000e+01 1.042710045248366077e+04 1.129008107230604583e+04 1.174600000000000364e+02 0.000000000000000000e+00 4.369003846229623456e+00 2.400000000000000050e-02
2.706145000000000000e+06 1.000000000000000000e+00 6.500000000000000000e+01 1.042372045248365976e+04 1.129692407230604476e+04 1.192300000000004729e+02 0.000000000000000000e+00 1.417485217806104369e+00 6.099999999999999867e-02
2.706316000000000000e+06 0.000000000000000000e+00 6.600000000000000000e+01 1.042236925248366060e+04 1.129551007230604591e+04 1.203100000000004002e+02 0.000000000000000000e+00 2.373992081858509628e+00 6.099999999999999867e-02
2.706316000000000000e+06 0.000000000000000000e+00 6.600000000000000000e+01 1.042188355248366133e+04 1.129678407230604535e+04 1.211799999999993815e+02 0.000000000000000000e+00 2.529931693185686559e+00 4.169999999999999818e-01
2.706316000000000000e+06 0.000000000000000000e+00 6.600000000000000000e+01 1.042188355248366133e+04 1.129678407230604535e+04 1.211799999999993815e+02 0.000000000000000000e+00 2.529931693185686559e+00 7.322630000000000194e+00
2.706793000000000000e+06 1.000000000000000000e+00 6.600000000000000000e+01 1.048404425248366169e+04 1.118881474230604545e+04 7.696999999999934516e+01 0.000000000000000000e+00 3.016066305141322790e+00 2.400000000000000050e-02
2.706793000000000000e+06 1.000000000000000000e+00 6.600000000000000000e+01 1.048124329248366121e+04 1.119034277230604494e+04 7.638000000000010914e+01 0.000000000000000000e+00 4.687425148420887311e+00 6.099999999999999867e-02
2.706798000000000000e+06 1.000000000000000000e+00 6.500000000000000000e+01 1.049027584048366043e+04 1.117879947230604557e+04 6.293999999999959982e+01 0.000000000000000000e+00 7.885233551113274508e+00 9.199999999999999845e-02
2.708084000000000000e+06 1.000000000000000000e+00 6.500000000000000000e+01 1.048378438248366001e+04 1.118501072230604404e+04 4.601000000000021828e+01 0.000000000000000000e+00 9.039965695617237174e+00 2.400000000000000050e-02
2.708079000000000000e+06 1.000000000000000000e+00 6.600000000000000000e+01 1.049699487248366131e+04 1.117805661230604528e+04 5.300999999999930878e+01 0.000000000000000000e+00 4.878582967725655806e+00 2.400000000000000050e-02
2.950456000000000000e+06 1.000000000000000000e+00 6.600000000000000000e+01 1.050846275248366146e+04 1.127238007230604489e+04 3.539399999999995998e+02 1.000000000000000000e+00 5.857258680519866756e-01 8.600000000000000000e+01
2.950458000000000000e+06 0.000000000000000000e+00 6.600000000000000000e+01 1.050488015248365991e+04 1.127944587230604520e+04 3.616499999999996362e+02 1.000000000000000000e+00 2.562874683072493998e+00 8.600000000000000000e+01
2.950605000000000000e+06 0.000000000000000000e+00 6.500000000000000000e+01 1.054816545248365946e+04 1.130387707230604428e+04 3.897800000000006548e+02 1.000000000000000000e+00 1.186678154852073508e+00 8.600000000000000000e+01
8.361671000000000000e+06 0.000000000000000000e+00 6.500000000000000000e+01 1.028326765248366064e+04 1.133590507230604635e+04 8.521199999999998909e+02 1.000000000000000000e+00 7.800715296905599283e-01 8.600000000000000000e+01
8.361673000000000000e+06 0.000000000000000000e+00 6.500000000000000000e+01 1.028482165248366073e+04 1.133846407230604564e+04 8.397199999999993452e+02 1.000000000000000000e+00 1.617167193386161550e+00 8.600000000000000000e+01
8.360641000000000000e+06 1.000000000000000000e+00 6.600000000000000000e+01 1.015639765248366166e+04 1.126706327230604438e+04 8.850299999999997453e+02 1.000000000000000000e+00 6.629320724379121899e-01 8.600000000000000000e+01
8.361673000000000000e+06 0.000000000000000000e+00 6.600000000000000000e+01 1.028474165248366080e+04 1.134334507230604504e+04 8.456199999999998909e+02 1.000000000000000000e+00 2.658999926609305842e+00 8.600000000000000000e+01
2.949557000000000000e+06 1.000000000000000000e+00 6.600000000000000000e+01 1.049546865248366157e+04 1.135714707230604472e+04 3.956199999999998909e+02 1.000000000000000000e+00 4.644986299949215858e-01 8.600000000000000000e+01
