4.583298300000000000e+07 1.000000000000000000e+00 6.500000000000000000e+01 1.225007909894113254e+04 3.926809871944783481e+03 5.461780000000000655e+03 0.000000000000000000e+00 4.035724663890507102e+00 1.078999999999999915e+01
7.977315800000000000e+07 1.000000000000000000e+00 6.500000000000000000e+01 1.230925659894113414e+04 3.933427271944782660e+03 9.557889999999999418e+03 0.000000000000000000e+00 7.271261928054387980e+00 2.400000000000000050e-02
7.977315800000000000e+07 1.000000000000000000e+00 6.500000000000000000e+01 1.231111059894113350e+04 3.933591771944783432e+03 9.554649999999999636e+03 0.000000000000000000e+00 5.901381551800270131e+00 9.199999999999999845e-02
7.977315800000000000e+07 1.000000000000000000e+00 6.500000000000000000e+01 1.231374759894113413e+04 3.933870971944783378e+03 9.556459999999999127e+03 0.000000000000000000e+00 8.099834132217413440e+00 2.400000000000000050e-02
7.977316300000000000e+07 1.000000000000000000e+00 6.600000000000000000e+01 1.230891959894113461e+04 3.939353471944783450e+03 9.559600000000000364e+03 0.000000000000000000e+00 7.101865351314299524e+00 9.199999999999999845e-02
7.977316300000000000e+07 1.000000000000000000e+00 6.600000000000000000e+01 1.230587259894113413e+04 3.938610471944783058e+03 9.560630000000001019e+03 0.000000000000000000e+00 6.391412786777044275e+00 2.400000000000000050e-02
7.977316300000000000e+07 1.000000000000000000e+00 6.600000000000000000e+01 1.230587259894113413e+04 3.938610471944783058e+03 9.560630000000001019e+03 0.000000000000000000e+00 6.391412786777044275e+00 7.399370000000000225e+00
4.583450700000000000e+07 1.000000000000000000e+00 6.600000000000000000e+01 1.225167449894113452e+04 3.882202511944783510e+03 5.477279999999999745e+03 0.000000000000000000e+00 6.905150668366552003e-01 9.199999999999999845e-02
4.583297200000000000e+07 1.000000000000000000e+00 6.600000000000000000e+01 1.226453869894113450e+04 3.895426271944783366e+03 5.479510000000000218e+03 0.000000000000000000e+00 2.149931739437437095e+00 8.349999999999999645e-01
4.583297300000000000e+07 1.000000000000000000e+00 6.600000000000000000e+01 1.226453999894113440e+04 3.898570771944782791e+03 5.479369999999999891e+03 0.000000000000000000e+00 1.055224849383986641e+00 2.039999999999999869e-01
4.583297300000000000e+07 1.000000000000000000e+00 6.600000000000000000e+01 1.226453999894113440e+04 3.898570771944782791e+03 5.479369999999999891e+03 0.000000000000000000e+00 1.055224849383986641e+00 7.362800000000000011e+00
3.331298100000000000e+07 1.000000000000000000e+00 6.600000000000000000e+01 1.211051869894113406e+04 3.924950571944783405e+03 3.808289999999999964e+03 0.000000000000000000e+00 9.079789703326945016e+00 4.169999999999999818e-01
3.331377300000000000e+07 1.000000000000000000e+00 6.600000000000000000e+01 1.213017299894113421e+04 3.916492871944783474e+03 3.797010000000000218e+03 0.000000000000000000e+00 9.766245122902503795e+00 2.400000000000000050e-02
3.331376900000000000e+07 1.000000000000000000e+00 6.500000000000000000e+01 1.212723629894113401e+04 3.920520971944783014e+03 3.793079999999999927e+03 0.000000000000000000e+00 5.506644059005425085e+00 8.349999999999999645e-01
3.331376900000000000e+07 1.000000000000000000e+00 6.500000000000000000e+01 1.212723629894113401e+04 3.920520971944783014e+03 3.793079999999999927e+03 0.000000000000000000e+00 5.506644059005425085e+00 7.134759999999999991e+00
