3.308386100000000000e+07 1.000000000000000000e+00 6.500000000000000000e+01 6.072597715736992541e+03 2.990659999999999854e+03 3.799252298480583704e+03 0.000000000000000000e+00 5.892134942840707268e+00 1.339000000000000057e+01
3.308358100000000000e+07 1.000000000000000000e+00 6.600000000000000000e+01 6.071350285736993101e+03 3.066369999999999891e+03 3.795977298480584068e+03 0.000000000000000000e+00 4.348281021198348917e+00 1.078999999999999915e+01
2.962786800000000000e+07 1.000000000000000000e+00 6.600000000000000000e+01 5.657217775736992735e+03 6.089779999999999745e+03 3.432333798480583937e+03 0.000000000000000000e+00 9.347212426157268439e+00 1.605000000000000071e+01
2.962887700000000000e+07 1.000000000000000000e+00 6.500000000000000000e+01 5.634580775736993019e+03 6.213149999999999636e+03 3.413462798480583842e+03 0.000000000000000000e+00 3.935211863782166475e+00 1.078999999999999915e+01
2.962887700000000000e+07 1.000000000000000000e+00 6.500000000000000000e+01 5.634580775736993019e+03 6.213149999999999636e+03 3.413462798480583842e+03 0.000000000000000000e+00 3.935211863782166475e+00 7.314189999999999969e+00
3.308358100000000000e+07 1.000000000000000000e+00 6.600000000000000000e+01 6.073248155736992885e+03 3.058989999999999782e+03 3.799930398480583790e+03 0.000000000000000000e+00 6.893486564129729821e+00 2.400000000000000050e-02
3.308358000000000000e+07 1.000000000000000000e+00 6.600000000000000000e+01 6.069543205736992604e+03 3.064439999999999600e+03 3.799295398480583572e+03 0.000000000000000000e+00 5.087130644167565663e+00 4.169999999999999818e-01
3.308358000000000000e+07 1.000000000000000000e+00 6.600000000000000000e+01 6.065675142736992711e+03 3.060109999999999673e+03 3.807152298480584250e+03 0.000000000000000000e+00 9.373177316114295721e+00 2.400000000000000050e-02
3.308269400000000000e+07 1.000000000000000000e+00 6.500000000000000000e+01 6.061284065736993398e+03 3.055600000000000364e+03 3.811716598480584253e+03 0.000000000000000000e+00 9.913446742029853098e+00 1.078999999999999915e+01
3.308269400000000000e+07 1.000000000000000000e+00 6.500000000000000000e+01 6.061284065736993398e+03 3.055600000000000364e+03 3.811716598480584253e+03 0.000000000000000000e+00 9.913446742029853098e+00 5.508630000000000138e+00
3.308269400000000000e+07 1.000000000000000000e+00 6.500000000000000000e+01 6.061284065736993398e+03 3.055600000000000364e+03 3.811716598480584253e+03 0.000000000000000000e+00 9.913446742029853098e+00 4.892850000000000144e+00
3.308541100000000000e+07 1.000000000000000000e+00 6.600000000000000000e+01 6.066571488736993160e+03 2.987920000000000073e+03 3.809209798480584141e+03 0.000000000000000000e+00 8.905940521193139503e+00 9.199999999999999845e-02
3.308541100000000000e+07 1.000000000000000000e+00 6.600000000000000000e+01 6.068756975736992899e+03 2.985579999999999927e+03 3.810407498480583854e+03 0.000000000000000000e+00 6.121650603185335271e+00 8.220000000000000639e+00
3.308541100000000000e+07 1.000000000000000000e+00 6.600000000000000000e+01 6.068756975736992899e+03 2.985579999999999927e+03 3.810407498480583854e+03 0.000000000000000000e+00 6.121650603185335271e+00 5.914539999999999687e+00
3.249018300000000000e+07 1.000000000000000000e+00 6.600000000000000000e+01 6.156923575736993371e+03 5.664050000000000182e+03 3.758829898480584234e+03 1.000000000000000000e+00 6.103900850608119377e-01 5.600000000000000000e+01
3.251904600000000000e+07 0.000000000000000000e+00 6.500000000000000000e+01 6.147471475736992943e+03 8.186734000000000378e+03 3.882322898480583717e+03 1.000000000000000000e+00 1.653291971585762354e+00 5.600000000000000000e+01
