8.687497600000000000e+07 1.000000000000000000e+00 6.500000000000000000e+01 4.363899999999999636e+03 1.102228426036828932e+04 1.007319038354653640e+04 0.000000000000000000e+00 4.502252685554928746e+00 1.339000000000000057e+01
8.671000000000000000e+07 0.000000000000000000e+00 6.500000000000000000e+01 7.968823000000000320e+03 1.115364426036828991e+04 1.004702621354653638e+04 0.000000000000000000e+00 8.874358587726449699e-01 1.605000000000000071e+01
8.671239700000000000e+07 1.000000000000000000e+00 6.600000000000000000e+01 8.105445999999999913e+03 1.115923926036828925e+04 1.004880301354653784e+04 0.000000000000000000e+00 7.736322211202264043e+00 1.078999999999999915e+01
8.758965900000000000e+07 1.000000000000000000e+00 6.600000000000000000e+01 1.083952000000000044e+04 1.137447026036828902e+04 1.014437021354653552e+04 0.000000000000000000e+00 9.014573747109627888e+00 1.339000000000000057e+01
8.758965900000000000e+07 1.000000000000000000e+00 6.600000000000000000e+01 1.083952000000000044e+04 1.137447026036828902e+04 1.014437021354653552e+04 0.000000000000000000e+00 9.014573747109627888e+00 3.824920000000000098e+00
8.671239700000000000e+07 1.000000000000000000e+00 6.600000000000000000e+01 8.103474000000000160e+03 1.115983926036828962e+04 1.005260961354653773e+04 0.000000000000000000e+00 5.239554804358349749e+00 9.199999999999999845e-02
8.743967300000000000e+07 1.000000000000000000e+00 6.500000000000000000e+01 8.104983000000000175e+03 1.116920126036828879e+04 1.006226591354653647e+04 0.000000000000000000e+00 9.590567061020834672e+00 2.400000000000000050e-02
8.743967200000000000e+07 1.000000000000000000e+00 6.500000000000000000e+01 8.097471999999999753e+03 1.116935026036829004e+04 1.006553571354653650e+04 0.000000000000000000e+00 5.401790003138705387e+00 9.199999999999999845e-02
8.743967100000000000e+07 1.000000000000000000e+00 6.500000000000000000e+01 8.091212999999999738e+03 1.116610326036829065e+04 1.006641211354653569e+04 0.000000000000000000e+00 1.815721362586629306e+00 2.400000000000000050e-02
8.743967000000000000e+07 1.000000000000000000e+00 6.500000000000000000e+01 8.084622999999999593e+03 1.116615126036828951e+04 1.006931613354653746e+04 0.000000000000000000e+00 7.379432029005865701e-01 9.199999999999999845e-02
8.743967100000000000e+07 1.000000000000000000e+00 6.500000000000000000e+01 8.087753999999999905e+03 1.116539226036828950e+04 1.006921628354653694e+04 0.000000000000000000e+00 1.253194473714000168e+00 1.078999999999999915e+01
8.671240100000000000e+07 0.000000000000000000e+00 6.600000000000000000e+01 8.089372999999999593e+03 1.115751126036829010e+04 1.007691758554653643e+04 0.000000000000000000e+00 1.338923327031661614e+00 2.400000000000000050e-02
8.671240200000000000e+07 0.000000000000000000e+00 6.600000000000000000e+01 8.090684000000000196e+03 1.115334726036828943e+04 1.007862036354653537e+04 0.000000000000000000e+00 2.048178581778149709e+00 4.169999999999999818e-01
8.743967400000000000e+07 1.000000000000000000e+00 6.600000000000000000e+01 8.088010000000000218e+03 1.116248126036828944e+04 1.008140867354653710e+04 0.000000000000000000e+00 1.293354916111378428e+00 9.199999999999999845e-02
8.743967600000000000e+07 1.000000000000000000e+00 6.500000000000000000e+01 8.092037000000000262e+03 1.116263826036829050e+04 1.008790941354653660e+04 0.000000000000000000e+00 3.900465410580455039e+00 9.199999999999999845e-02
8.671240400000000000e+07 0.000000000000000000e+00 6.500000000000000000e+01 8.094119999999999891e+03 1.115245826036829021e+04 1.008389995354653729e+04 0.000000000000000000e+00 1.759336151352406841e+00 9.199999999999999845e-02
8.743959400000000000e+07 1.000000000000000000e+00 6.600000000000000000e+01 8.112542999999999665e+03 1.116421426036828962e+04 1.006453661354653741e+04 0.000000000000000000e+00 4.112300173032497064e+00 4.169999999999999818e-01
8.743958600000000000e+07 1.000000000000000000e+00 6.600000000000000000e+01 8.111103000000000065e+03 1.116175926036828969e+04 1.004683001354653607e+04 0.000000000000000000e+00 7.188202544293998741e+00 2.039999999999999869e-01
8.671231800000000000e+07 1.000000000000000000e+00 6.500000000000000000e+01 8.108688000000000102e+03 1.115368126036828835e+04 1.005412481354653573e+04 0.000000000000000000e+00 7.833978885362495426e+00 9.199999999999999845e-02
8.743959000000000000e+07 1.000000000000000000e+00 6.500000000000000000e+01 8.118845999999999549e+03 1.116145826036829021e+04 1.005964671354653547e+04 0.000000000000000000e+00 4.218963275280856351e+00 2.400000000000000050e-02
8.743967100000000000e+07 1.000000000000000000e+00 6.500000000000000000e+01 8.087753999999999905e+03 1.116539226036828950e+04 1.006921628354653694e+04 0.000000000000000000e+00 1.253194473714000168e+00 2.377359999999999918e+00
8.743966800000000000e+07 1.000000000000000000e+00 6.600000000000000000e+01 8.100574999999999818e+03 1.116348426036829005e+04 1.005376731354653748e+04 0.000000000000000000e+00 5.098762774531763853e+00 2.039999999999999869e-01
8.743966800000000000e+07 1.000000000000000000e+00 6.600000000000000000e+01 8.099645000000000437e+03 1.116892926036828976e+04 1.005335261354653630e+04 0.000000000000000000e+00 9.583880480427305670e+00 2.400000000000000050e-02
8.743959500000000000e+07 1.000000000000000000e+00 6.600000000000000000e+01 8.115939999999999600e+03 1.117233326036829021e+04 1.006469451354653575e+04 0.000000000000000000e+00 4.290399457375729142e+00 9.199999999999999845e-02
8.743959600000000000e+07 1.000000000000000000e+00 6.600000000000000000e+01 8.114256000000000313e+03 1.117430326036828956e+04 1.007383069354653708e+04 0.000000000000000000e+00 5.089249555233434918e+00 9.199999999999999845e-02
8.743967300000000000e+07 1.000000000000000000e+00 6.500000000000000000e+01 8.107570999999999913e+03 1.117535126036829024e+04 1.007175425354653635e+04 0.000000000000000000e+00 9.844763818540100075e+00 1.078999999999999915e+01
8.743967300000000000e+07 1.000000000000000000e+00 6.500000000000000000e+01 8.107570999999999913e+03 1.117535126036829024e+04 1.007175425354653635e+04 0.000000000000000000e+00 9.844763818540100075e+00 2.601150000000000073e+00
8.743967300000000000e+07 1.000000000000000000e+00 6.500000000000000000e+01 8.107570999999999913e+03 1.117535126036829024e+04 1.007175425354653635e+04 0.000000000000000000e+00 9.844763818540100075e+00 2.579720000000000013e+00
8.671000000000000000e+07 1.000000000000000000e+00 6.500000000000000000e+01 7.965000000000000000e+03 1.115061726036828986e+04 1.004847171354653619e+04 0.000000000000000000e+00 1.195253735206269541e+00 9.199999999999999845e-02
8.743727500000000000e+07 0.000000000000000000e+00 6.600000000000000000e+01 7.972752999999999702e+03 1.116335426036829085e+04 1.003383331354653637e+04 0.000000000000000000e+00 1.736682613709564782e+00 6.099999999999999867e-02
8.743727500000000000e+07 0.000000000000000000e+00 6.600000000000000000e+01 7.974488999999999578e+03 1.116545326036828919e+04 1.003327631354653568e+04 0.000000000000000000e+00 1.778126496063218598e+00 2.400000000000000050e-02
8.743727500000000000e+07 1.000000000000000000e+00 6.600000000000000000e+01 7.976503999999999905e+03 1.116805126036829097e+04 1.003344321354653584e+04 0.000000000000000000e+00 3.059972021932750863e+00 8.349999999999999645e-01
8.743727600000000000e+07 1.000000000000000000e+00 6.600000000000000000e+01 7.971069999999999709e+03 1.116752526036828931e+04 1.003313451354653625e+04 0.000000000000000000e+00 2.485476140618283480e+00 9.199999999999999845e-02
8.743854800000000000e+07 1.000000000000000000e+00 6.600000000000000000e+01 7.967550000000000182e+03 1.116195926036829042e+04 1.003702441354653638e+04 0.000000000000000000e+00 2.394380304565567386e+00 9.199999999999999845e-02
8.671127600000000000e+07 1.000000000000000000e+00 6.600000000000000000e+01 7.967136999999999716e+03 1.115766026036828953e+04 1.003805911354653654e+04 0.000000000000000000e+00 1.646306555157950768e+00 6.099999999999999867e-02
8.671127600000000000e+07 0.000000000000000000e+00 6.500000000000000000e+01 7.956893000000000029e+03 1.115214726036828870e+04 1.004824731354653704e+04 0.000000000000000000e+00 2.141946925392943957e+00 9.199999999999999845e-02
8.671127500000000000e+07 0.000000000000000000e+00 6.500000000000000000e+01 7.958007999999999811e+03 1.114885126036829024e+04 1.005015361354653578e+04 0.000000000000000000e+00 2.202035317312163176e+00 5.000000000000000000e-01
8.671127500000000000e+07 0.000000000000000000e+00 6.500000000000000000e+01 7.958007999999999811e+03 1.114885126036829024e+04 1.005015361354653578e+04 0.000000000000000000e+00 2.202035317312163176e+00 7.076999999999999957e+00
8.687497500000000000e+07 1.000000000000000000e+00 6.500000000000000000e+01 4.366809999999999491e+03 1.102250806036829090e+04 1.007759086852653672e+04 0.000000000000000000e+00 6.711651406178352097e+00 1.078999999999999915e+01
8.687512200000000000e+07 1.000000000000000000e+00 6.600000000000000000e+01 4.371409999999999854e+03 1.101877936036828942e+04 1.008335223354653681e+04 0.000000000000000000e+00 4.414170277658553410e+00 1.078999999999999915e+01
8.687512400000000000e+07 1.000000000000000000e+00 6.600000000000000000e+01 4.381680000000000291e+03 1.101627456036828880e+04 1.009454401354653601e+04 0.000000000000000000e+00 8.499968928826725501e-01 9.199999999999999845e-02
8.687512500000000000e+07 0.000000000000000000e+00 6.600000000000000000e+01 4.377270000000000437e+03 1.102064496036828859e+04 1.009568761354653543e+04 0.000000000000000000e+00 2.101017322972993373e+00 2.400000000000000050e-02
8.687504600000000000e+07 1.000000000000000000e+00 6.600000000000000000e+01 4.380299999999999272e+03 1.102960226036829044e+04 1.009416041354653680e+04 0.000000000000000000e+00 2.321511156084690608e+00 2.400000000000000050e-02
8.687495400000000000e+07 1.000000000000000000e+00 6.500000000000000000e+01 4.385770000000000437e+03 1.100928916036828923e+04 1.010724101354653612e+04 0.000000000000000000e+00 8.953046140112137508e+00 1.078999999999999915e+01
8.687495400000000000e+07 1.000000000000000000e+00 6.500000000000000000e+01 4.385770000000000437e+03 1.100928916036828923e+04 1.010724101354653612e+04 0.000000000000000000e+00 8.953046140112137508e+00 3.401409999999999823e+00
8.687495400000000000e+07 1.000000000000000000e+00 6.500000000000000000e+01 4.385770000000000437e+03 1.100928916036828923e+04 1.010724101354653612e+04 0.000000000000000000e+00 8.953046140112137508e+00 2.576499999999999790e+00
8.687504900000000000e+07 1.000000000000000000e+00 6.500000000000000000e+01 4.368729999999999563e+03 1.103340216036828861e+04 1.007954463354653672e+04 0.000000000000000000e+00 9.158695468083811519e+00 2.400000000000000050e-02
8.687504800000000000e+07 1.000000000000000000e+00 6.500000000000000000e+01 4.367760000000000218e+03 1.103260866036828884e+04 1.008158163354653698e+04 0.000000000000000000e+00 7.061019594739003757e+00 6.099999999999999867e-02
8.687512300000000000e+07 1.000000000000000000e+00 6.500000000000000000e+01 4.379130000000000109e+03 1.103208096036829011e+04 1.007740649154653693e+04 0.000000000000000000e+00 5.786415957014352962e+00 4.169999999999999818e-01
8.687512300000000000e+07 1.000000000000000000e+00 6.500000000000000000e+01 4.383590000000000146e+03 1.103398476036829015e+04 1.008575872354653620e+04 0.000000000000000000e+00 6.031625866349970000e-01 9.199999999999999845e-02
8.687504500000000000e+07 1.000000000000000000e+00 6.600000000000000000e+01 4.386069999999999709e+03 1.103354296036828964e+04 1.008846901354653710e+04 0.000000000000000000e+00 3.601387952303743756e+00 9.199999999999999845e-02
8.687495600000000000e+07 1.000000000000000000e+00 6.600000000000000000e+01 4.389969999999999345e+03 1.103218396036828926e+04 1.008922541354653731e+04 0.000000000000000000e+00 4.646006318656896283e+00 2.039999999999999869e-01
8.687512200000000000e+07 1.000000000000000000e+00 6.500000000000000000e+01 4.390190000000000509e+03 1.102926336036828980e+04 1.008453927354653570e+04 0.000000000000000000e+00 1.228235944556769432e+00 9.199999999999999845e-02
8.687512300000000000e+07 1.000000000000000000e+00 6.500000000000000000e+01 4.380850000000000364e+03 1.103137366036829007e+04 1.008332339354653595e+04 0.000000000000000000e+00 4.290720885688916186e-01 6.099999999999999867e-02
8.687512300000000000e+07 1.000000000000000000e+00 6.500000000000000000e+01 4.380710000000000036e+03 1.103266006036828912e+04 1.008392525354653662e+04 0.000000000000000000e+00 1.520305361606252736e+00 9.199999999999999845e-02
8.687512200000000000e+07 1.000000000000000000e+00 6.500000000000000000e+01 4.382600000000000364e+03 1.103146586036828921e+04 1.007986274354653688e+04 0.000000000000000000e+00 3.463873055279551583e+00 9.199999999999999845e-02
8.687512200000000000e+07 1.000000000000000000e+00 6.500000000000000000e+01 4.382600000000000364e+03 1.103146586036828921e+04 1.007986274354653688e+04 0.000000000000000000e+00 3.463873055279551583e+00 7.376750000000000362e+00
8.687512200000000000e+07 1.000000000000000000e+00 6.600000000000000000e+01 4.375380000000000109e+03 1.100981866036828978e+04 1.008614584354653562e+04 0.000000000000000000e+00 5.304296640596684043e+00 2.400000000000000050e-02
8.687497900000000000e+07 1.000000000000000000e+00 6.600000000000000000e+01 4.355329999999999927e+03 1.100067940036828986e+04 1.007850717554653602e+04 0.000000000000000000e+00 9.371881126939163309e+00 8.349999999999999645e-01
8.687497900000000000e+07 1.000000000000000000e+00 6.600000000000000000e+01 4.355290000000000873e+03 1.100063128036828857e+04 1.007853709054653700e+04 0.000000000000000000e+00 9.431087161702910393e+00 9.199999999999999845e-02
