3.270819500000000000e+07 1.000000000000000000e+00 6.600000000000000000e+01 3.185510000000000218e+03 7.140246211394604870e+03 3.768666878474517944e+03 0.000000000000000000e+00 6.750405521221315652e+00 1.078999999999999915e+01
2.955200800000000000e+07 1.000000000000000000e+00 6.500000000000000000e+01 3.588400000000000091e+03 6.434273211394604914e+03 3.555414878474518446e+03 0.000000000000000000e+00 5.045814625190549130e+00 1.078999999999999915e+01
2.955092800000000000e+07 1.000000000000000000e+00 6.500000000000000000e+01 3.598450000000000273e+03 6.386443211394604987e+03 3.528810878474518177e+03 0.000000000000000000e+00 2.280045174675565889e+00 1.339000000000000057e+01
2.955092800000000000e+07 0.000000000000000000e+00 6.500000000000000000e+01 3.599579999999999927e+03 6.380203211394605205e+03 3.525456878474518817e+03 0.000000000000000000e+00 9.559996527113326925e-01 1.078999999999999915e+01
2.954984500000000000e+07 1.000000000000000000e+00 6.500000000000000000e+01 3.611900000000000091e+03 6.326003211394605387e+03 3.494480878474518249e+03 0.000000000000000000e+00 8.668854116388859055e+00 1.078999999999999915e+01
2.954984400000000000e+07 1.000000000000000000e+00 6.500000000000000000e+01 3.613920000000000073e+03 6.316343211394605532e+03 3.490005878474518795e+03 0.000000000000000000e+00 5.052218223147122877e+00 1.078999999999999915e+01
2.954984800000000000e+07 1.000000000000000000e+00 6.600000000000000000e+01 3.614710000000000036e+03 6.310673211394605460e+03 3.487036878474518744e+03 0.000000000000000000e+00 5.981871712192569746e+00 1.078999999999999915e+01
2.954976600000000000e+07 1.000000000000000000e+00 6.600000000000000000e+01 3.618129999999999654e+03 6.290033211394605132e+03 3.476710878474518722e+03 0.000000000000000000e+00 1.520816700037994407e+00 1.605000000000000071e+01
2.954976700000000000e+07 1.000000000000000000e+00 6.600000000000000000e+01 3.609859999999999673e+03 6.277433211394604768e+03 3.457498878474518278e+03 0.000000000000000000e+00 8.564463934355453389e+00 1.078999999999999915e+01
2.954630600000000000e+07 1.000000000000000000e+00 6.500000000000000000e+01 3.550299999999999727e+03 6.019183211394604768e+03 3.417883878474518497e+03 0.000000000000000000e+00 9.069599904525704304e+00 2.039999999999999869e-01
2.954630600000000000e+07 1.000000000000000000e+00 6.500000000000000000e+01 3.551440000000000055e+03 6.022803211394604659e+03 3.418925878474518868e+03 0.000000000000000000e+00 9.624755023687910693e+00 9.199999999999999845e-02
2.954630600000000000e+07 1.000000000000000000e+00 6.500000000000000000e+01 3.551199999999999818e+03 6.022923211394605460e+03 3.418767878474518511e+03 0.000000000000000000e+00 9.735835249364484412e+00 4.169999999999999818e-01
2.703942100000000000e+07 1.000000000000000000e+00 6.600000000000000000e+01 3.554420000000000073e+03 5.982583211394605314e+03 3.190234878474518155e+03 0.000000000000000000e+00 4.172616565874029959e-01 9.199999999999999845e-02
2.703942100000000000e+07 1.000000000000000000e+00 6.600000000000000000e+01 3.554450000000000273e+03 5.983453211394604295e+03 3.190951878474518708e+03 0.000000000000000000e+00 1.054727010632252160e+00 2.400000000000000050e-02
2.703942100000000000e+07 1.000000000000000000e+00 6.600000000000000000e+01 3.554480000000000018e+03 5.984073211394605096e+03 3.191464878474518628e+03 0.000000000000000000e+00 1.330415766263780997e+00 9.199999999999999845e-02
2.703942100000000000e+07 1.000000000000000000e+00 6.600000000000000000e+01 3.554500000000000000e+03 5.984703211394605205e+03 3.191984878474518155e+03 0.000000000000000000e+00 1.934108601352171775e+00 4.169999999999999818e-01
2.703942200000000000e+07 1.000000000000000000e+00 6.600000000000000000e+01 3.548170000000000073e+03 5.993933211394605678e+03 3.187649878474518118e+03 0.000000000000000000e+00 5.656845463469781343e+00 6.099999999999999867e-02
2.954885900000000000e+07 1.000000000000000000e+00 6.600000000000000000e+01 3.623849999999999909e+03 6.275043211394605351e+03 3.455352878474518548e+03 0.000000000000000000e+00 9.141913498829220330e+00 1.078999999999999915e+01
2.954885900000000000e+07 1.000000000000000000e+00 6.600000000000000000e+01 3.623849999999999909e+03 6.275043211394605351e+03 3.455352878474518548e+03 0.000000000000000000e+00 9.141913498829220330e+00 5.589000000000000412e+00
2.954885900000000000e+07 1.000000000000000000e+00 6.600000000000000000e+01 3.623849999999999909e+03 6.275043211394605351e+03 3.455352878474518548e+03 0.000000000000000000e+00 9.141913498829220330e+00 5.122539999999999871e+00
2.954871600000000000e+07 1.000000000000000000e+00 6.500000000000000000e+01 3.699440000000000055e+03 6.197503211394605387e+03 3.557559878474518882e+03 0.000000000000000000e+00 1.593367142700048866e+00 1.078999999999999915e+01
2.954871600000000000e+07 1.000000000000000000e+00 6.500000000000000000e+01 3.699440000000000055e+03 6.197503211394605387e+03 3.557559878474518882e+03 0.000000000000000000e+00 1.593367142700048866e+00 3.223780000000000090e+00
2.954984800000000000e+07 1.000000000000000000e+00 6.600000000000000000e+01 3.614710000000000036e+03 6.310673211394605460e+03 3.487036878474518744e+03 0.000000000000000000e+00 5.981871712192569746e+00 3.326280000000000125e+00
2.954892800000000000e+07 1.000000000000000000e+00 6.600000000000000000e+01 3.618670000000000073e+03 6.312703211394605205e+03 3.492151878474518526e+03 0.000000000000000000e+00 8.540458813041620356e-01 2.400000000000000050e-02
2.954984700000000000e+07 1.000000000000000000e+00 6.600000000000000000e+01 3.620210000000000036e+03 6.307413211394605241e+03 3.492838878474518424e+03 0.000000000000000000e+00 2.614374913481201546e+00 1.000000000000000021e-02
2.954984700000000000e+07 1.000000000000000000e+00 6.600000000000000000e+01 3.621530000000000200e+03 6.305813211394604878e+03 3.491190878474518286e+03 0.000000000000000000e+00 3.669492863256968107e+00 2.039999999999999869e-01
2.954984300000000000e+07 1.000000000000000000e+00 6.500000000000000000e+01 3.616179999999999836e+03 6.307253211394605387e+03 3.496829878474518409e+03 0.000000000000000000e+00 2.152971379231384486e+00 4.169999999999999818e-01
2.954892300000000000e+07 1.000000000000000000e+00 6.500000000000000000e+01 3.622380000000000109e+03 6.325293211394605351e+03 3.509773878474518824e+03 0.000000000000000000e+00 1.822322942248379762e+00 9.199999999999999845e-02
2.955084700000000000e+07 1.000000000000000000e+00 6.600000000000000000e+01 3.604400000000000091e+03 6.349593211394604623e+03 3.494442878474518693e+03 0.000000000000000000e+00 9.344782710723739783e+00 6.099999999999999867e-02
2.954994900000000000e+07 1.000000000000000000e+00 6.600000000000000000e+01 3.604990000000000236e+03 6.340793211394605351e+03 3.479055878474518067e+03 0.000000000000000000e+00 9.780989744962255372e+00 6.099999999999999867e-02
2.954984500000000000e+07 1.000000000000000000e+00 6.500000000000000000e+01 3.618150000000000091e+03 6.329473211394604732e+03 3.500017878474518511e+03 0.000000000000000000e+00 4.903988437649966947e+00 2.400000000000000050e-02
2.955082000000000000e+07 1.000000000000000000e+00 6.600000000000000000e+01 3.654100000000000364e+03 6.323503211394605387e+03 3.529526878474518526e+03 0.000000000000000000e+00 6.541279521853198275e+00 4.169999999999999818e-01
2.954892000000000000e+07 1.000000000000000000e+00 6.500000000000000000e+01 3.647629999999999654e+03 6.316973211394604732e+03 3.516023878474518824e+03 0.000000000000000000e+00 7.605590458644908125e+00 6.099999999999999867e-02
2.954892000000000000e+07 1.000000000000000000e+00 6.500000000000000000e+01 3.647539999999999964e+03 6.314543211394604441e+03 3.516781878474518635e+03 0.000000000000000000e+00 8.896589201161873461e+00 6.099999999999999867e-02
2.954983900000000000e+07 1.000000000000000000e+00 6.500000000000000000e+01 3.639590000000000146e+03 6.310603211394604841e+03 3.525695878474518395e+03 0.000000000000000000e+00 7.087279441136336899e+00 2.400000000000000050e-02
2.954983800000000000e+07 1.000000000000000000e+00 6.500000000000000000e+01 3.640869999999999891e+03 6.309193211394604987e+03 3.526990878474518468e+03 0.000000000000000000e+00 8.809966103292794060e+00 9.199999999999999845e-02
2.954891500000000000e+07 1.000000000000000000e+00 6.600000000000000000e+01 3.648230000000000018e+03 6.314153211394605023e+03 3.533844878474518737e+03 0.000000000000000000e+00 8.539046919149779313e+00 2.039999999999999869e-01
2.954988500000000000e+07 1.000000000000000000e+00 6.500000000000000000e+01 3.651049999999999727e+03 6.323873211394604368e+03 3.506683878474518679e+03 0.000000000000000000e+00 5.381779101591744663e+00 2.400000000000000050e-02
2.954984900000000000e+07 1.000000000000000000e+00 6.500000000000000000e+01 3.649990000000000236e+03 6.322383211394604587e+03 3.507325878474518504e+03 0.000000000000000000e+00 6.966897133441410261e+00 9.199999999999999845e-02
2.954892400000000000e+07 1.000000000000000000e+00 6.600000000000000000e+01 3.648990000000000236e+03 6.316813211394604878e+03 3.511053878474518569e+03 0.000000000000000000e+00 9.305201947200913537e+00 6.099999999999999867e-02
2.954977800000000000e+07 1.000000000000000000e+00 6.500000000000000000e+01 3.656430000000000291e+03 6.314463211394604514e+03 3.491121878474518780e+03 0.000000000000000000e+00 3.084403627933788528e+00 9.199999999999999845e-02
2.954977800000000000e+07 1.000000000000000000e+00 6.500000000000000000e+01 3.657570000000000164e+03 6.312133211394604587e+03 3.494913878474518242e+03 0.000000000000000000e+00 6.120972977550035665e+00 9.199999999999999845e-02
2.954892900000000000e+07 1.000000000000000000e+00 6.500000000000000000e+01 3.655370000000000346e+03 6.318803211394604659e+03 3.497895878474518213e+03 0.000000000000000000e+00 9.432858137842039525e+00 4.169999999999999818e-01
2.954977800000000000e+07 1.000000000000000000e+00 6.500000000000000000e+01 3.658029999999999745e+03 6.311983211394604950e+03 3.498037878474518948e+03 0.000000000000000000e+00 9.244886688452078616e+00 9.199999999999999845e-02
2.954970200000000000e+07 1.000000000000000000e+00 6.600000000000000000e+01 3.649690000000000055e+03 6.314273211394604914e+03 3.502373878474518278e+03 0.000000000000000000e+00 8.343423550201586991e+00 5.000000000000000000e-01
2.954884700000000000e+07 1.000000000000000000e+00 6.500000000000000000e+01 3.621099999999999909e+03 6.301283211394605132e+03 3.487383878474518497e+03 0.000000000000000000e+00 2.082166188814679852e+00 9.199999999999999845e-02
2.954976500000000000e+07 1.000000000000000000e+00 6.500000000000000000e+01 3.612210000000000036e+03 6.298093211394605532e+03 3.479636878474518198e+03 0.000000000000000000e+00 3.136965040171722841e+00 2.400000000000000050e-02
2.954976500000000000e+07 1.000000000000000000e+00 6.500000000000000000e+01 3.607449999999999818e+03 6.300043211394605351e+03 3.471916878474518853e+03 0.000000000000000000e+00 1.000912810350491622e+00 6.099999999999999867e-02
2.954976500000000000e+07 1.000000000000000000e+00 6.500000000000000000e+01 3.609319999999999709e+03 6.298403211394605023e+03 3.473618878474518169e+03 0.000000000000000000e+00 1.595793371691767160e+00 6.099999999999999867e-02
2.954885100000000000e+07 1.000000000000000000e+00 6.600000000000000000e+01 3.614409999999999854e+03 6.293183211394604768e+03 3.476541878474518853e+03 0.000000000000000000e+00 1.218217921745634591e+00 2.400000000000000050e-02
2.954884900000000000e+07 1.000000000000000000e+00 6.500000000000000000e+01 3.618829999999999927e+03 6.287323211394605096e+03 3.489416878474518853e+03 0.000000000000000000e+00 6.492290364940207503e-01 9.199999999999999845e-02
2.954884900000000000e+07 1.000000000000000000e+00 6.500000000000000000e+01 3.619029999999999745e+03 6.286973211394604732e+03 3.489233878474518860e+03 0.000000000000000000e+00 9.820237491680570141e-01 6.099999999999999867e-02
2.954885000000000000e+07 1.000000000000000000e+00 6.500000000000000000e+01 3.620299999999999727e+03 6.284613211394605059e+03 3.489793878474518351e+03 0.000000000000000000e+00 1.017164073367390564e+00 2.400000000000000050e-02
2.954885000000000000e+07 1.000000000000000000e+00 6.500000000000000000e+01 3.617960000000000036e+03 6.283763211394604696e+03 3.486336878474518926e+03 0.000000000000000000e+00 1.766771319360599612e+00 9.199999999999999845e-02
2.954885000000000000e+07 1.000000000000000000e+00 6.500000000000000000e+01 3.620039999999999964e+03 6.281853211394604841e+03 3.487059878474518882e+03 0.000000000000000000e+00 2.101408854977069751e+00 6.099999999999999867e-02
2.954885000000000000e+07 1.000000000000000000e+00 6.500000000000000000e+01 3.614929999999999836e+03 6.280273211394604914e+03 3.489371878474518780e+03 0.000000000000000000e+00 2.484551415031912125e+00 1.000000000000000000e+01
2.954885000000000000e+07 1.000000000000000000e+00 6.500000000000000000e+01 3.614929999999999836e+03 6.280273211394604914e+03 3.489371878474518780e+03 0.000000000000000000e+00 2.484551415031912125e+00 1.571930000000000049e+00
2.954984900000000000e+07 1.000000000000000000e+00 6.600000000000000000e+01 3.613590000000000146e+03 6.328343211394605532e+03 3.490742878474518875e+03 0.000000000000000000e+00 9.299847903911981462e+00 9.199999999999999845e-02
2.954984900000000000e+07 1.000000000000000000e+00 6.600000000000000000e+01 3.615579999999999927e+03 6.328263211394604696e+03 3.488841878474518126e+03 0.000000000000000000e+00 7.229188740974562322e+00 9.199999999999999845e-02
2.955092800000000000e+07 0.000000000000000000e+00 6.500000000000000000e+01 3.599579999999999927e+03 6.380203211394605205e+03 3.525456878474518817e+03 0.000000000000000000e+00 9.559996527113326925e-01 4.738640000000000185e+00
2.955093000000000000e+07 0.000000000000000000e+00 6.500000000000000000e+01 3.604639999999999873e+03 6.388543211394605351e+03 3.523558878474518679e+03 0.000000000000000000e+00 8.458049157396222428e-01 4.169999999999999818e-01
2.954992800000000000e+07 1.000000000000000000e+00 6.600000000000000000e+01 3.597989999999999782e+03 6.375843211394605532e+03 3.524226878474518344e+03 0.000000000000000000e+00 1.173901284153990865e+00 6.099999999999999867e-02
2.955092600000000000e+07 1.000000000000000000e+00 6.500000000000000000e+01 3.592300000000000182e+03 6.370753211394605387e+03 3.525143878474518715e+03 0.000000000000000000e+00 1.465797990657907723e+00 8.220000000000000639e+00
2.955092600000000000e+07 1.000000000000000000e+00 6.500000000000000000e+01 3.592300000000000182e+03 6.370753211394605387e+03 3.525143878474518715e+03 0.000000000000000000e+00 1.465797990657907723e+00 2.015499999999999847e+00
2.955200700000000000e+07 1.000000000000000000e+00 6.500000000000000000e+01 3.599189999999999600e+03 6.440373211394605278e+03 3.555523878474518824e+03 0.000000000000000000e+00 1.767736458972856806e+00 9.199999999999999845e-02
2.955200400000000000e+07 1.000000000000000000e+00 6.600000000000000000e+01 3.609549999999999727e+03 6.449653211394605023e+03 3.577336878474518016e+03 0.000000000000000000e+00 6.277492489368220241e+00 9.199999999999999845e-02
3.270967500000000000e+07 1.000000000000000000e+00 6.600000000000000000e+01 3.276369999999999891e+03 7.038633211394604587e+03 3.755571878474518599e+03 0.000000000000000000e+00 5.733944336489241955e+00 2.400000000000000050e-02
3.270967500000000000e+07 1.000000000000000000e+00 6.600000000000000000e+01 3.276569999999999709e+03 7.037423211394605460e+03 3.755132878474518293e+03 0.000000000000000000e+00 6.836265323872066091e+00 2.400000000000000050e-02
3.270967600000000000e+07 1.000000000000000000e+00 6.600000000000000000e+01 3.280659999999999854e+03 7.056911211394604834e+03 3.756473878474518642e+03 0.000000000000000000e+00 9.505376331886440155e+00 1.000000000000000000e+01
3.270967600000000000e+07 1.000000000000000000e+00 6.600000000000000000e+01 3.279460000000000036e+03 7.057391211394605307e+03 3.755243878474519079e+03 0.000000000000000000e+00 9.133944991201872199e+00 9.199999999999999845e-02
3.270840400000000000e+07 1.000000000000000000e+00 6.500000000000000000e+01 3.280279999999999745e+03 7.063504211394604681e+03 3.747784878474518337e+03 0.000000000000000000e+00 6.974387553855977195e+00 2.400000000000000050e-02
3.270840300000000000e+07 1.000000000000000000e+00 6.600000000000000000e+01 3.287150000000000546e+03 7.080735211394605358e+03 3.741532878474517929e+03 0.000000000000000000e+00 6.220072072605502544e-01 9.199999999999999845e-02
3.270840200000000000e+07 1.000000000000000000e+00 6.600000000000000000e+01 3.290640000000000327e+03 7.080218211394604623e+03 3.746599878474518846e+03 0.000000000000000000e+00 1.975914721042368205e+00 2.039999999999999869e-01
3.270840200000000000e+07 0.000000000000000000e+00 6.600000000000000000e+01 3.278529999999999745e+03 7.085754211394604681e+03 3.741663878474519151e+03 0.000000000000000000e+00 1.596933063478274795e+00 9.199999999999999845e-02
3.270840200000000000e+07 0.000000000000000000e+00 6.600000000000000000e+01 3.281729999999999563e+03 7.082504211394604681e+03 3.742523878474517915e+03 0.000000000000000000e+00 1.334411624240894545e+00 9.199999999999999845e-02
3.270840100000000000e+07 0.000000000000000000e+00 6.600000000000000000e+01 3.280610000000000582e+03 7.087881211394605089e+03 3.743991878474518671e+03 0.000000000000000000e+00 2.480491604108686854e+00 1.000000000000000021e-02
3.270840000000000000e+07 0.000000000000000000e+00 6.500000000000000000e+01 3.279509999999999309e+03 7.088971211394605234e+03 3.746072878474518802e+03 0.000000000000000000e+00 1.478771428663312681e+00 6.099999999999999867e-02
3.270840000000000000e+07 0.000000000000000000e+00 6.500000000000000000e+01 3.279630000000000109e+03 7.089412211394605038e+03 3.746238878474518060e+03 0.000000000000000000e+00 1.739375417158315118e+00 6.099999999999999867e-02
3.270840000000000000e+07 0.000000000000000000e+00 6.500000000000000000e+01 3.279699999999999818e+03 7.089670211394604848e+03 3.746335878474517813e+03 0.000000000000000000e+00 1.932503336474705069e+00 9.199999999999999845e-02
3.270839700000000000e+07 1.000000000000000000e+00 6.500000000000000000e+01 3.280220000000000255e+03 7.102420211394604848e+03 3.743355878474518249e+03 0.000000000000000000e+00 5.111596928773351145e+00 2.400000000000000050e-02
3.270839700000000000e+07 1.000000000000000000e+00 6.500000000000000000e+01 3.286539999999999964e+03 7.093955211394604703e+03 3.746517878474518511e+03 0.000000000000000000e+00 2.814246185706445580e+00 4.169999999999999818e-01
3.270839700000000000e+07 1.000000000000000000e+00 6.500000000000000000e+01 3.289680000000000291e+03 7.096707211394605110e+03 3.752350878474519050e+03 0.000000000000000000e+00 2.807937153229085325e+00 2.400000000000000050e-02
3.270857700000000000e+07 1.000000000000000000e+00 6.500000000000000000e+01 3.333369999999999891e+03 7.125767211394604601e+03 3.772626878474518890e+03 0.000000000000000000e+00 8.806568315520774348e+00 2.400000000000000050e-02
3.270865700000000000e+07 1.000000000000000000e+00 6.600000000000000000e+01 3.323230000000000473e+03 7.139689211394605081e+03 3.777628878474519297e+03 0.000000000000000000e+00 7.769183422238961967e+00 2.400000000000000050e-02
3.270865900000000000e+07 1.000000000000000000e+00 6.500000000000000000e+01 3.326909999999999854e+03 7.149325211394605503e+03 3.776497878474518075e+03 0.000000000000000000e+00 6.460730600026614923e+00 2.400000000000000050e-02
3.270865900000000000e+07 1.000000000000000000e+00 6.500000000000000000e+01 3.322820000000000618e+03 7.159825211394605503e+03 3.777166878474517944e+03 0.000000000000000000e+00 1.810323389950394546e+00 2.039999999999999869e-01
3.270849400000000000e+07 1.000000000000000000e+00 6.600000000000000000e+01 3.326500000000000000e+03 7.170788211394605241e+03 3.778951878474517798e+03 0.000000000000000000e+00 7.933568941890102089e+00 4.169999999999999818e-01
3.270849400000000000e+07 1.000000000000000000e+00 6.600000000000000000e+01 3.326500000000000000e+03 7.170788211394605241e+03 3.778951878474517798e+03 0.000000000000000000e+00 7.933568941890102089e+00 7.030210000000000292e+00
3.270967200000000000e+07 1.000000000000000000e+00 6.500000000000000000e+01 3.268900000000000546e+03 7.061862211394604856e+03 3.754010878474518904e+03 0.000000000000000000e+00 9.124245481125754509e+00 1.339000000000000057e+01
3.270967400000000000e+07 0.000000000000000000e+00 6.500000000000000000e+01 3.258140000000000327e+03 7.049878211394605387e+03 3.744799878474517755e+03 0.000000000000000000e+00 5.762005623402634003e-01 1.078999999999999915e+01
3.270967400000000000e+07 0.000000000000000000e+00 6.500000000000000000e+01 3.258090000000000146e+03 7.049840211394604921e+03 3.744781878474517725e+03 0.000000000000000000e+00 5.805209703092129025e-01 1.339000000000000057e+01
3.270967700000000000e+07 1.000000000000000000e+00 6.500000000000000000e+01 3.260869999999999891e+03 7.038013211394604696e+03 3.735905878474519341e+03 0.000000000000000000e+00 4.047248071566310834e+00 8.220000000000000639e+00
3.270959500000000000e+07 1.000000000000000000e+00 6.600000000000000000e+01 3.249060000000000400e+03 7.034933211394604768e+03 3.734527878474518729e+03 0.000000000000000000e+00 8.046132483628934295e+00 6.099999999999999867e-02
3.270966900000000000e+07 1.000000000000000000e+00 6.600000000000000000e+01 3.240409999999999854e+03 7.053755211394604885e+03 3.744459878474519428e+03 0.000000000000000000e+00 2.165682341185064530e+00 2.400000000000000050e-02
3.270966900000000000e+07 1.000000000000000000e+00 6.600000000000000000e+01 3.238039999999999964e+03 7.055706211394604907e+03 3.745810878474518177e+03 0.000000000000000000e+00 3.549613514569423423e+00 9.199999999999999845e-02
3.270966900000000000e+07 1.000000000000000000e+00 6.600000000000000000e+01 3.238039999999999964e+03 7.055706211394604907e+03 3.745810878474518177e+03 0.000000000000000000e+00 3.549613514569423423e+00 7.335390000000000299e+00
3.270967800000000000e+07 1.000000000000000000e+00 6.600000000000000000e+01 3.271510000000000218e+03 7.055832211394605110e+03 3.742597878474518438e+03 0.000000000000000000e+00 2.454735020469691609e+00 1.078999999999999915e+01
3.270968200000000000e+07 0.000000000000000000e+00 6.500000000000000000e+01 3.278850000000000364e+03 7.051488211394605059e+03 3.732141878474518307e+03 0.000000000000000000e+00 2.472087507465429379e+00 9.199999999999999845e-02
3.270968400000000000e+07 1.000000000000000000e+00 6.600000000000000000e+01 3.285670000000000073e+03 7.046095211394605030e+03 3.731630878474517885e+03 0.000000000000000000e+00 4.860225661659153040e+00 4.169999999999999818e-01
3.270968100000000000e+07 0.000000000000000000e+00 6.500000000000000000e+01 3.282159999999999854e+03 7.046141211394605307e+03 3.733802878474518366e+03 0.000000000000000000e+00 6.773768441124623507e+00 6.099999999999999867e-02
3.270967900000000000e+07 0.000000000000000000e+00 6.500000000000000000e+01 3.273689999999999600e+03 7.049919211394604645e+03 3.741904878474519137e+03 0.000000000000000000e+00 3.115582681178036939e+00 9.199999999999999845e-02
3.271078300000000000e+07 1.000000000000000000e+00 6.500000000000000000e+01 3.228449999999999818e+03 6.985963211394604514e+03 3.721008878474518497e+03 0.000000000000000000e+00 9.444948247769652028e+00 2.400000000000000050e-02
3.271078100000000000e+07 1.000000000000000000e+00 6.500000000000000000e+01 3.227170000000000073e+03 6.975423211394605460e+03 3.715809878474517973e+03 0.000000000000000000e+00 3.502692401173927106e+00 5.000000000000000000e-01
3.271077900000000000e+07 1.000000000000000000e+00 6.600000000000000000e+01 3.220130000000000109e+03 6.972403211394605023e+03 3.724093878474517624e+03 0.000000000000000000e+00 5.125031764776623033e-01 6.099999999999999867e-02
3.270950400000000000e+07 1.000000000000000000e+00 6.600000000000000000e+01 3.220369999999999891e+03 6.976413211394605241e+03 3.716039878474519355e+03 0.000000000000000000e+00 2.667139181434337036e+00 6.099999999999999867e-02
3.270950400000000000e+07 1.000000000000000000e+00 6.600000000000000000e+01 3.219520000000000437e+03 6.976953211394605205e+03 3.716679878474518773e+03 0.000000000000000000e+00 1.801836331830258153e+00 2.400000000000000050e-02
3.271078300000000000e+07 1.000000000000000000e+00 6.500000000000000000e+01 3.218329999999999927e+03 6.983423211394605460e+03 3.715273878474517915e+03 0.000000000000000000e+00 2.092190715881512286e+00 6.099999999999999867e-02
3.271078700000000000e+07 1.000000000000000000e+00 6.600000000000000000e+01 3.225280000000000655e+03 6.990053211394604659e+03 3.707118878474519079e+03 0.000000000000000000e+00 6.802410407098537171e+00 2.400000000000000050e-02
3.271078700000000000e+07 1.000000000000000000e+00 6.600000000000000000e+01 3.227640000000000327e+03 6.989143211394604805e+03 3.705455878474518613e+03 0.000000000000000000e+00 8.123015277725745165e+00 6.099999999999999867e-02
3.271078700000000000e+07 1.000000000000000000e+00 6.600000000000000000e+01 3.227640000000000327e+03 6.989143211394604805e+03 3.705455878474518613e+03 0.000000000000000000e+00 8.123015277725745165e+00 7.340799999999999770e+00
3.270967800000000000e+07 1.000000000000000000e+00 6.600000000000000000e+01 3.271510000000000218e+03 7.055832211394605110e+03 3.742597878474518438e+03 0.000000000000000000e+00 2.454735020469691609e+00 2.782879999999999798e-01
3.270967700000000000e+07 1.000000000000000000e+00 6.600000000000000000e+01 3.274279999999999745e+03 7.062106211394604543e+03 3.750218878474517624e+03 0.000000000000000000e+00 9.061893149839798767e+00 9.199999999999999845e-02
3.270967700000000000e+07 1.000000000000000000e+00 6.600000000000000000e+01 3.275130000000000109e+03 7.062285211394604630e+03 3.749656878474517725e+03 0.000000000000000000e+00 9.358139726090234589e+00 9.199999999999999845e-02
3.270967700000000000e+07 1.000000000000000000e+00 6.600000000000000000e+01 3.272440000000000509e+03 7.058221211394605234e+03 3.753565878474519195e+03 0.000000000000000000e+00 7.727499312939907661e+00 9.199999999999999845e-02
3.270840400000000000e+07 1.000000000000000000e+00 6.500000000000000000e+01 3.277989999999999782e+03 7.069227211394605547e+03 3.750195878474518395e+03 0.000000000000000000e+00 4.876155942764084372e+00 4.169999999999999818e-01
3.270840400000000000e+07 1.000000000000000000e+00 6.500000000000000000e+01 3.276529999999999745e+03 7.069626211394604979e+03 3.747605878474518249e+03 0.000000000000000000e+00 3.135592061005953557e+00 6.099999999999999867e-02
3.270840200000000000e+07 1.000000000000000000e+00 6.600000000000000000e+01 3.290539999999999964e+03 7.084367211394604965e+03 3.743765878474518104e+03 0.000000000000000000e+00 1.760284021853820491e+00 4.169999999999999818e-01
3.270840200000000000e+07 1.000000000000000000e+00 6.600000000000000000e+01 3.290539999999999964e+03 7.084367211394604965e+03 3.743765878474518104e+03 0.000000000000000000e+00 1.760284021853820491e+00 7.306770000000000209e+00
3.270967200000000000e+07 1.000000000000000000e+00 6.500000000000000000e+01 3.270599999999999454e+03 7.057037211394605038e+03 3.754007878474518293e+03 0.000000000000000000e+00 6.404447421210493374e+00 6.099999999999999867e-02
3.270968000000000000e+07 1.000000000000000000e+00 6.500000000000000000e+01 3.281159999999999854e+03 7.054322211394604892e+03 3.747993878474519079e+03 0.000000000000000000e+00 6.477451893396995786e+00 2.039999999999999869e-01
3.270968000000000000e+07 1.000000000000000000e+00 6.500000000000000000e+01 3.279909999999999854e+03 7.056483211394604950e+03 3.744449878474519210e+03 0.000000000000000000e+00 5.715726974879496325e+00 4.169999999999999818e-01
3.270840400000000000e+07 1.000000000000000000e+00 6.500000000000000000e+01 3.274590000000000146e+03 7.066214211394604717e+03 3.740432878474519384e+03 0.000000000000000000e+00 7.481455073767967257e+00 9.199999999999999845e-02
3.270840800000000000e+07 1.000000000000000000e+00 6.600000000000000000e+01 3.267809999999999491e+03 7.070413211394605241e+03 3.736364878474518264e+03 0.000000000000000000e+00 3.686752264588330608e+00 4.169999999999999818e-01
3.270840800000000000e+07 1.000000000000000000e+00 6.600000000000000000e+01 3.267809999999999491e+03 7.070413211394605241e+03 3.736364878474518264e+03 0.000000000000000000e+00 3.686752264588330608e+00 7.165510000000000268e+00
3.270876600000000000e+07 1.000000000000000000e+00 6.600000000000000000e+01 3.212770000000000437e+03 7.127915211394604739e+03 3.779649878474518118e+03 0.000000000000000000e+00 2.222771766091338197e+00 2.400000000000000050e-02
3.270820400000000000e+07 1.000000000000000000e+00 6.600000000000000000e+01 3.212710000000000036e+03 7.124094211394604827e+03 3.785739878474518264e+03 0.000000000000000000e+00 4.850239013139306721e+00 9.199999999999999845e-02
3.270820400000000000e+07 1.000000000000000000e+00 6.600000000000000000e+01 3.210400000000000546e+03 7.121616211394604761e+03 3.790444878474518191e+03 0.000000000000000000e+00 9.977946224455676472e+00 9.199999999999999845e-02
3.270820400000000000e+07 1.000000000000000000e+00 6.600000000000000000e+01 3.210489999999999782e+03 7.121805211394605067e+03 3.790442878474517784e+03 0.000000000000000000e+00 9.919353277880063047e+00 2.400000000000000050e-02
3.270809600000000000e+07 1.000000000000000000e+00 6.600000000000000000e+01 3.210300000000000182e+03 7.122842211394605329e+03 3.791168878474518351e+03 0.000000000000000000e+00 9.588223259964237855e+00 2.400000000000000050e-02
3.270809600000000000e+07 1.000000000000000000e+00 6.600000000000000000e+01 3.209510000000000218e+03 7.123959211394605518e+03 3.792767878474518511e+03 0.000000000000000000e+00 7.592842754856374832e+00 2.400000000000000050e-02
3.270809600000000000e+07 0.000000000000000000e+00 6.600000000000000000e+01 3.204699999999999818e+03 7.119204211394604499e+03 3.798710878474517813e+03 0.000000000000000000e+00 6.547816886958419680e+00 8.349999999999999645e-01
3.270827900000000000e+07 1.000000000000000000e+00 6.500000000000000000e+01 3.216199999999999818e+03 7.118650211394605321e+03 3.801314878474518991e+03 0.000000000000000000e+00 1.313773693223490691e+00 8.220000000000000639e+00
3.270827900000000000e+07 1.000000000000000000e+00 6.500000000000000000e+01 3.216199999999999818e+03 7.118650211394605321e+03 3.801314878474518991e+03 0.000000000000000000e+00 1.313773693223490691e+00 3.720489999999999853e+00
3.270873800000000000e+07 1.000000000000000000e+00 6.500000000000000000e+01 3.127090000000000146e+03 7.168630211394604885e+03 3.751663878474519151e+03 0.000000000000000000e+00 4.589588278990734516e+00 1.339000000000000057e+01
3.270873800000000000e+07 1.000000000000000000e+00 6.500000000000000000e+01 3.127059999999999491e+03 7.166341211394605125e+03 3.745315878474519195e+03 0.000000000000000000e+00 8.623533225237370869e-01 1.078999999999999915e+01
3.270873800000000000e+07 1.000000000000000000e+00 6.500000000000000000e+01 3.127099999999999454e+03 7.159681211394605270e+03 3.744562878474518584e+03 0.000000000000000000e+00 4.339674944880175467e+00 2.400000000000000050e-02
3.270874100000000000e+07 0.000000000000000000e+00 6.600000000000000000e+01 3.129639999999999418e+03 7.154721211394605234e+03 3.746475878474519050e+03 0.000000000000000000e+00 3.905088804439989403e+00 9.199999999999999845e-02
3.270873900000000000e+07 1.000000000000000000e+00 6.500000000000000000e+01 3.123990000000000691e+03 7.154297211394605256e+03 3.751538878474519151e+03 0.000000000000000000e+00 5.837835507059295104e+00 2.400000000000000050e-02
3.270873900000000000e+07 1.000000000000000000e+00 6.500000000000000000e+01 3.123780000000000655e+03 7.153668211394605351e+03 3.749133878474518497e+03 0.000000000000000000e+00 6.704347545483726911e+00 9.199999999999999845e-02
3.270874300000000000e+07 1.000000000000000000e+00 6.600000000000000000e+01 3.124029999999999745e+03 7.153285211394604630e+03 3.747113878474518060e+03 0.000000000000000000e+00 5.914412479315685367e+00 1.078999999999999915e+01
3.270874300000000000e+07 1.000000000000000000e+00 6.600000000000000000e+01 3.124029999999999745e+03 7.153285211394604630e+03 3.747113878474518060e+03 0.000000000000000000e+00 5.914412479315685367e+00 4.506149999999999878e+00
3.270873700000000000e+07 1.000000000000000000e+00 6.500000000000000000e+01 3.124059999999999491e+03 7.169300211394604958e+03 3.743868878474519079e+03 0.000000000000000000e+00 3.590548004266013393e+00 2.039999999999999869e-01
3.270882800000000000e+07 1.000000000000000000e+00 6.500000000000000000e+01 3.151670000000000073e+03 7.122111211394604652e+03 3.723711878474518016e+03 0.000000000000000000e+00 7.900969160321499984e+00 4.169999999999999818e-01
3.270882800000000000e+07 1.000000000000000000e+00 6.500000000000000000e+01 3.149720000000000255e+03 7.120712211394605220e+03 3.727794878474518555e+03 0.000000000000000000e+00 6.578120948504365018e+00 4.169999999999999818e-01
3.270882600000000000e+07 1.000000000000000000e+00 6.500000000000000000e+01 3.161420000000000073e+03 7.127106211394605452e+03 3.722989878474518264e+03 0.000000000000000000e+00 3.205857876032518927e+00 9.199999999999999845e-02
3.270882600000000000e+07 1.000000000000000000e+00 6.500000000000000000e+01 3.162270000000000437e+03 7.123770211394605212e+03 3.718874878474518482e+03 0.000000000000000000e+00 8.361482323800563776e+00 6.099999999999999867e-02
3.270873800000000000e+07 1.000000000000000000e+00 6.500000000000000000e+01 3.127079999999999927e+03 7.168633211394604587e+03 3.751849878474518846e+03 0.000000000000000000e+00 4.721081701425513977e+00 1.000000000000000021e-02
3.270873800000000000e+07 1.000000000000000000e+00 6.500000000000000000e+01 3.126869999999999891e+03 7.168704211394605409e+03 3.755629878474517682e+03 0.000000000000000000e+00 7.892703815355057273e+00 1.339000000000000057e+01
3.270873600000000000e+07 1.000000000000000000e+00 6.600000000000000000e+01 3.127510000000000218e+03 7.168294211394604645e+03 3.758819878474518191e+03 0.000000000000000000e+00 9.906204283045809689e+00 2.400000000000000050e-02
3.270873800000000000e+07 1.000000000000000000e+00 6.500000000000000000e+01 3.126869999999999891e+03 7.168704211394605409e+03 3.755629878474517682e+03 0.000000000000000000e+00 7.892703815355057273e+00 4.527190000000000047e+00
3.270873800000000000e+07 1.000000000000000000e+00 6.500000000000000000e+01 3.119699999999999818e+03 7.169324211394605300e+03 3.745449878474519210e+03 0.000000000000000000e+00 6.534896637168802869e+00 2.400000000000000050e-02
3.270873800000000000e+07 1.000000000000000000e+00 6.500000000000000000e+01 3.125539999999999964e+03 7.168110211394605358e+03 3.757744878474519282e+03 0.000000000000000000e+00 9.992715553210143042e+00 9.199999999999999845e-02
3.270873800000000000e+07 1.000000000000000000e+00 6.500000000000000000e+01 3.127130000000000109e+03 7.168935211394605176e+03 3.746889878474517900e+03 0.000000000000000000e+00 2.441964415355448725e+00 9.199999999999999845e-02
3.270873800000000000e+07 1.000000000000000000e+00 6.500000000000000000e+01 3.123180000000000291e+03 7.163461211394605016e+03 3.747955878474518613e+03 0.000000000000000000e+00 3.933794669084720308e+00 9.199999999999999845e-02
3.270874200000000000e+07 1.000000000000000000e+00 6.600000000000000000e+01 3.132350000000000364e+03 7.154857211394604747e+03 3.735268878474518715e+03 0.000000000000000000e+00 3.119481109551979436e+00 9.199999999999999845e-02
3.270818200000000000e+07 1.000000000000000000e+00 6.500000000000000000e+01 3.148960000000000036e+03 7.120571211394604688e+03 3.742574878474519210e+03 0.000000000000000000e+00 9.780264670713135766e-01 4.169999999999999818e-01
3.270883300000000000e+07 1.000000000000000000e+00 6.600000000000000000e+01 3.149329999999999927e+03 7.121746211394604870e+03 3.741473878474518642e+03 0.000000000000000000e+00 2.122639347602633730e+00 9.199999999999999845e-02
3.270979500000000000e+07 1.000000000000000000e+00 6.600000000000000000e+01 3.130140000000000327e+03 7.102652211394604819e+03 3.728897878474517711e+03 0.000000000000000000e+00 9.976786125089152080e+00 4.169999999999999818e-01
3.270964700000000000e+07 1.000000000000000000e+00 6.500000000000000000e+01 3.186159999999999854e+03 7.094346211394605234e+03 3.713923878474519370e+03 0.000000000000000000e+00 4.453409510314296327e+00 2.400000000000000050e-02
3.270826400000000000e+07 1.000000000000000000e+00 6.500000000000000000e+01 3.181550000000000182e+03 7.091050211394604958e+03 3.720467878474519239e+03 0.000000000000000000e+00 7.302437707899232855e+00 9.199999999999999845e-02
3.270826400000000000e+07 1.000000000000000000e+00 6.500000000000000000e+01 3.180690000000000509e+03 7.091195211394605394e+03 3.721096878474518235e+03 0.000000000000000000e+00 6.589950827065511163e+00 2.400000000000000050e-02
3.270826400000000000e+07 1.000000000000000000e+00 6.500000000000000000e+01 3.181409999999999854e+03 7.090683211394604768e+03 3.720694878474518191e+03 0.000000000000000000e+00 7.122895727269542121e+00 4.169999999999999818e-01
3.270826400000000000e+07 1.000000000000000000e+00 6.500000000000000000e+01 3.181520000000000437e+03 7.092079211394605409e+03 3.720819878474518191e+03 0.000000000000000000e+00 6.879754586751047007e+00 6.099999999999999867e-02
3.270964700000000000e+07 1.000000000000000000e+00 6.500000000000000000e+01 3.180729999999999563e+03 7.099216211394605125e+03 3.719665878474517740e+03 0.000000000000000000e+00 5.238910450730066337e+00 9.199999999999999845e-02
3.270964800000000000e+07 1.000000000000000000e+00 6.600000000000000000e+01 3.209650000000000546e+03 7.099086211394605016e+03 3.719600878474519050e+03 0.000000000000000000e+00 2.797715455433629650e+00 6.099999999999999867e-02
3.270833000000000000e+07 1.000000000000000000e+00 6.500000000000000000e+01 3.222409999999999854e+03 7.081770211394605212e+03 3.717202878474518002e+03 0.000000000000000000e+00 8.297716593261940332e+00 8.349999999999999645e-01
3.270833000000000000e+07 1.000000000000000000e+00 6.500000000000000000e+01 3.222750000000000000e+03 7.082245211394604667e+03 3.717752878474519093e+03 0.000000000000000000e+00 8.727075329624479849e+00 8.349999999999999645e-01
3.270833000000000000e+07 1.000000000000000000e+00 6.500000000000000000e+01 3.222750000000000000e+03 7.082245211394604667e+03 3.717752878474519093e+03 0.000000000000000000e+00 8.727075329624479849e+00 6.818810000000000038e+00
1.351304200000000000e+07 1.000000000000000000e+00 6.600000000000000000e+01 6.381300000000001091e+02 9.788283211394606042e+03 1.472458878474518315e+03 1.000000000000000000e+00 2.703303072457619027e-01 2.180000000000000000e+02
1.351304300000000000e+07 1.000000000000000000e+00 6.600000000000000000e+01 6.316899999999995998e+02 9.788363211394604150e+03 1.468358878474518860e+03 1.000000000000000000e+00 7.291262693796497496e-01 2.180000000000000000e+02
1.472586800000000000e+07 0.000000000000000000e+00 6.600000000000000000e+01 7.143000000000001819e+02 9.636913211394605241e+03 1.794478878474518751e+03 1.000000000000000000e+00 2.559675031650832100e+00 2.180000000000000000e+02
1.472579100000000000e+07 0.000000000000000000e+00 6.500000000000000000e+01 6.923699999999998909e+02 9.652373211394604368e+03 1.786398878474518824e+03 1.000000000000000000e+00 1.245251703237767904e+00 2.180000000000000000e+02
1.351452100000000000e+07 1.000000000000000000e+00 6.500000000000000000e+01 6.506100000000005821e+02 9.775853211394605751e+03 1.341138878474518606e+03 1.000000000000000000e+00 8.170567135890635102e-01 2.180000000000000000e+02
1.474945400000000000e+07 1.000000000000000000e+00 6.500000000000000000e+01 1.042490000000000691e+03 8.433565211394605285e+03 1.753698878474519006e+03 1.000000000000000000e+00 8.267415048902406749e-01 2.180000000000000000e+02
1.474952300000000000e+07 0.000000000000000000e+00 6.500000000000000000e+01 1.029539999999999964e+03 8.480692211394605692e+03 1.709988878474518060e+03 1.000000000000000000e+00 2.812620987258560135e+00 2.180000000000000000e+02
1.472675200000000000e+07 0.000000000000000000e+00 6.600000000000000000e+01 7.175199999999995271e+02 9.588873211394604368e+03 1.735048878474518460e+03 1.000000000000000000e+00 2.125169935470828886e+00 2.180000000000000000e+02
1.351382200000000000e+07 0.000000000000000000e+00 6.500000000000000000e+01 7.042600000000002183e+02 9.892723211394604732e+03 1.502068878474517987e+03 1.000000000000000000e+00 2.004339102692673791e+00 2.180000000000000000e+02
1.351304400000000000e+07 1.000000000000000000e+00 6.600000000000000000e+01 6.284600000000000364e+02 9.794533211394606042e+03 1.468898878474518824e+03 1.000000000000000000e+00 6.665785602472957816e-01 2.180000000000000000e+02
1.472675600000000000e+07 1.000000000000000000e+00 6.500000000000000000e+01 7.165999999999994543e+02 9.584773211394605823e+03 1.745418878474518351e+03 1.000000000000000000e+00 5.241008847750026067e-01 2.180000000000000000e+02
