1.848439600000000000e+07 0.000000000000000000e+00 6.600000000000000000e+01 9.197542573877908580e+03 6.596933174904999760e+03 2.102010000000000218e+03 0.000000000000000000e+00 1.202030323337726969e+00 1.339000000000000057e+01
5.470060300000000000e+07 1.000000000000000000e+00 6.600000000000000000e+01 8.839052573877906980e+03 8.594711374905000412e+03 6.462989999999999782e+03 0.000000000000000000e+00 8.982776023125392806e-01 3.229999999999999716e+01
9.328404300000000000e+07 0.000000000000000000e+00 6.500000000000000000e+01 1.164712057387790810e+04 1.164096137490500041e+04 1.070814999999999964e+04 0.000000000000000000e+00 2.810146648706072892e+00 1.078999999999999915e+01
1.046251380000000000e+08 1.000000000000000000e+00 6.600000000000000000e+01 1.300701057387790752e+04 1.224523137490499903e+04 1.212052999999999884e+04 0.000000000000000000e+00 3.938426019155641722e+00 3.229999999999999716e+01
9.898122300000000000e+07 1.000000000000000000e+00 6.600000000000000000e+01 1.261152057387790774e+04 1.350161137490500005e+04 1.143680999999999949e+04 0.000000000000000000e+00 3.101240693348379374e+00 9.199999999999999845e-02
9.898113600000000000e+07 1.000000000000000000e+00 6.500000000000000000e+01 1.260606057387790679e+04 1.350062137490500027e+04 1.143389999999999964e+04 0.000000000000000000e+00 1.211033571972464973e+00 9.199999999999999845e-02
9.898113500000000000e+07 0.000000000000000000e+00 6.500000000000000000e+01 1.259718057387790759e+04 1.349821137490500041e+04 1.143285000000000036e+04 0.000000000000000000e+00 3.579899298960971699e+00 2.400000000000000050e-02
9.898113500000000000e+07 1.000000000000000000e+00 6.500000000000000000e+01 1.259743057387790759e+04 1.350371137490499859e+04 1.142585000000000036e+04 0.000000000000000000e+00 3.772541505414336527e+00 2.400000000000000050e-02
9.898113200000000000e+07 1.000000000000000000e+00 6.600000000000000000e+01 1.259239057387790854e+04 1.349892137490500136e+04 1.143097999999999956e+04 0.000000000000000000e+00 3.772329738313475289e+00 9.199999999999999845e-02
9.898057000000000000e+07 1.000000000000000000e+00 6.500000000000000000e+01 1.260925057387790730e+04 1.350974137490499925e+04 1.142275000000000000e+04 0.000000000000000000e+00 8.559763083075720758e+00 9.199999999999999845e-02
9.898056800000000000e+07 1.000000000000000000e+00 6.500000000000000000e+01 1.261109057387790745e+04 1.351355137490499874e+04 1.143476000000000022e+04 0.000000000000000000e+00 7.642058510682518957e+00 2.039999999999999869e-01
9.898122800000000000e+07 0.000000000000000000e+00 6.500000000000000000e+01 1.262258057387790723e+04 1.350924137490500107e+04 1.144963000000000102e+04 0.000000000000000000e+00 4.425272711322459251e+00 9.199999999999999845e-02
9.898122800000000000e+07 1.000000000000000000e+00 6.500000000000000000e+01 1.261734057387790745e+04 1.351224137490500107e+04 1.145451000000000022e+04 0.000000000000000000e+00 5.170184718968986459e+00 2.400000000000000050e-02
9.898122700000000000e+07 1.000000000000000000e+00 6.500000000000000000e+01 1.261647057387790846e+04 1.350963137490500048e+04 1.144781999999999971e+04 0.000000000000000000e+00 2.052697504107892534e+00 4.169999999999999818e-01
9.898122700000000000e+07 1.000000000000000000e+00 6.500000000000000000e+01 1.262022057387790846e+04 1.351136137490500005e+04 1.144947999999999956e+04 0.000000000000000000e+00 3.469579565404424137e+00 4.169999999999999818e-01
9.898123000000000000e+07 0.000000000000000000e+00 6.600000000000000000e+01 1.262521057387790825e+04 1.351091137490499932e+04 1.145326000000000022e+04 0.000000000000000000e+00 3.737733217365913241e+00 6.099999999999999867e-02
9.898123200000000000e+07 1.000000000000000000e+00 6.600000000000000000e+01 1.261277057387790774e+04 1.351944137490499998e+04 1.145865999999999985e+04 0.000000000000000000e+00 9.569025777315410153e+00 2.400000000000000050e-02
9.898227400000000000e+07 1.000000000000000000e+00 6.600000000000000000e+01 1.261109057387790745e+04 1.352256137490500078e+04 1.146188999999999942e+04 0.000000000000000000e+00 8.292249284216278937e+00 9.199999999999999845e-02
9.898123300000000000e+07 0.000000000000000000e+00 6.600000000000000000e+01 1.262701057387790752e+04 1.351247137490500063e+04 1.146723999999999978e+04 0.000000000000000000e+00 9.330332339127257457e-01 9.199999999999999845e-02
9.898123600000000000e+07 0.000000000000000000e+00 6.600000000000000000e+01 1.263541057387790715e+04 1.350985137490499983e+04 1.147950000000000000e+04 0.000000000000000000e+00 1.529361515600597077e+00 5.000000000000000000e-01
9.898132200000000000e+07 1.000000000000000000e+00 6.600000000000000000e+01 1.263165057387790694e+04 1.350260137490499983e+04 1.147852000000000044e+04 0.000000000000000000e+00 1.143871975815521358e+00 9.199999999999999845e-02
9.898139900000000000e+07 1.000000000000000000e+00 6.500000000000000000e+01 1.263464057387790854e+04 1.349537137490499845e+04 1.146986000000000058e+04 0.000000000000000000e+00 2.780291119067611838e+00 9.199999999999999845e-02
9.898140100000000000e+07 1.000000000000000000e+00 6.600000000000000000e+01 1.264158057387790723e+04 1.349206137490500078e+04 1.148652000000000044e+04 0.000000000000000000e+00 1.662145241196290479e+00 5.000000000000000000e-01
9.898140200000000000e+07 1.000000000000000000e+00 6.600000000000000000e+01 1.264366057387790897e+04 1.349448137490499903e+04 1.148302000000000044e+04 0.000000000000000000e+00 1.755114786796838411e+00 6.099999999999999867e-02
9.898140200000000000e+07 1.000000000000000000e+00 6.600000000000000000e+01 1.264243057387790759e+04 1.348967137490500136e+04 1.147963999999999942e+04 0.000000000000000000e+00 5.159723071375737824e+00 4.169999999999999818e-01
9.898139700000000000e+07 1.000000000000000000e+00 6.500000000000000000e+01 1.263571057387790825e+04 1.348278137490500012e+04 1.147527000000000044e+04 0.000000000000000000e+00 2.093393893680394857e+00 9.199999999999999845e-02
9.898139800000000000e+07 1.000000000000000000e+00 6.500000000000000000e+01 1.262863057387790650e+04 1.348713137490500048e+04 1.147310000000000036e+04 0.000000000000000000e+00 3.527124054902501804e+00 4.169999999999999818e-01
9.898139800000000000e+07 1.000000000000000000e+00 6.500000000000000000e+01 1.262879057387790817e+04 1.348768137490499976e+04 1.147279999999999927e+04 0.000000000000000000e+00 3.441356147667641974e+00 4.169999999999999818e-01
9.898139800000000000e+07 1.000000000000000000e+00 6.500000000000000000e+01 1.262879057387790817e+04 1.348768137490499976e+04 1.147279999999999927e+04 0.000000000000000000e+00 3.441356147667641974e+00 7.297970000000000290e+00
9.898129900000000000e+07 1.000000000000000000e+00 6.500000000000000000e+01 1.258290057387790694e+04 1.351780137490499874e+04 1.152006999999999971e+04 0.000000000000000000e+00 7.406781582414218690e+00 1.000000000000000000e+01
9.898129900000000000e+07 1.000000000000000000e+00 6.500000000000000000e+01 1.258290057387790694e+04 1.351780137490499874e+04 1.152006999999999971e+04 0.000000000000000000e+00 7.406781582414218690e+00 4.503079999999999750e+00
1.046240100000000000e+08 1.000000000000000000e+00 6.600000000000000000e+01 1.300237057387790810e+04 1.223064137490499888e+04 1.213248999999999978e+04 0.000000000000000000e+00 5.852590415768621490e+00 2.400000000000000050e-02
1.046240110000000000e+08 1.000000000000000000e+00 6.600000000000000000e+01 1.300265057387790694e+04 1.222667137490500136e+04 1.212832999999999993e+04 0.000000000000000000e+00 5.894796708285336528e+00 8.220000000000000639e+00
1.046240130000000000e+08 0.000000000000000000e+00 6.500000000000000000e+01 1.301304057387790817e+04 1.222563137490500048e+04 1.212143000000000029e+04 0.000000000000000000e+00 7.605319439429751860e-01 6.099999999999999867e-02
1.046240130000000000e+08 0.000000000000000000e+00 6.500000000000000000e+01 1.301163057387790832e+04 1.222498137490499903e+04 1.212263000000000102e+04 0.000000000000000000e+00 1.365677533519751297e+00 2.400000000000000050e-02
1.046240090000000000e+08 1.000000000000000000e+00 6.600000000000000000e+01 1.300972057387790846e+04 1.223184137490499961e+04 1.213536000000000058e+04 0.000000000000000000e+00 1.635318363012250531e+00 9.199999999999999845e-02
1.046240090000000000e+08 1.000000000000000000e+00 6.600000000000000000e+01 1.301011057387790788e+04 1.223584137490499961e+04 1.213525000000000000e+04 0.000000000000000000e+00 3.851458296953385929e+00 9.199999999999999845e-02
1.046259450000000000e+08 1.000000000000000000e+00 6.500000000000000000e+01 1.298179057387790817e+04 1.223551137490499968e+04 1.213745999999999913e+04 0.000000000000000000e+00 9.566559660583294544e+00 9.199999999999999845e-02
1.046257960000000000e+08 1.000000000000000000e+00 6.500000000000000000e+01 1.298351057387790752e+04 1.223457137490499917e+04 1.214570000000000073e+04 0.000000000000000000e+00 4.587614573718843403e+00 9.199999999999999845e-02
1.046250280000000000e+08 1.000000000000000000e+00 6.500000000000000000e+01 1.298864057387790854e+04 1.223880137490500056e+04 1.214431000000000131e+04 0.000000000000000000e+00 9.195540289068519613e+00 5.000000000000000000e-01
9.340545700000000000e+07 1.000000000000000000e+00 6.500000000000000000e+01 1.260538057387790832e+04 1.164874137490500107e+04 1.114090999999999985e+04 0.000000000000000000e+00 8.994241373853245847e+00 1.339000000000000057e+01
9.340545700000000000e+07 1.000000000000000000e+00 6.500000000000000000e+01 1.260617057387790737e+04 1.164847137490500063e+04 1.114073999999999978e+04 0.000000000000000000e+00 8.925175301892712909e+00 1.078999999999999915e+01
9.340379000000000000e+07 1.000000000000000000e+00 6.600000000000000000e+01 1.265676057387790752e+04 1.170677137490499990e+04 1.112288999999999942e+04 0.000000000000000000e+00 3.428345936823636642e+00 1.078999999999999915e+01
9.340379200000000000e+07 1.000000000000000000e+00 6.500000000000000000e+01 1.266029057387790817e+04 1.171420137490500019e+04 1.111654999999999927e+04 0.000000000000000000e+00 1.426283661007584858e+00 1.339000000000000057e+01
9.340520400000000000e+07 1.000000000000000000e+00 6.600000000000000000e+01 1.267463057387790832e+04 1.174290137490500092e+04 1.108569000000000051e+04 0.000000000000000000e+00 2.199278902974203476e+00 1.339000000000000057e+01
9.340520400000000000e+07 1.000000000000000000e+00 6.600000000000000000e+01 1.267485057387790766e+04 1.174347137490500063e+04 1.108520000000000073e+04 0.000000000000000000e+00 2.086102967508651318e+00 3.229999999999999716e+01
9.340520400000000000e+07 1.000000000000000000e+00 6.600000000000000000e+01 1.267626057387790752e+04 1.174477137490499990e+04 1.108323999999999978e+04 0.000000000000000000e+00 2.882661041423768999e+00 1.339000000000000057e+01
9.340387100000000000e+07 1.000000000000000000e+00 6.600000000000000000e+01 1.268477057387790774e+04 1.175313137490500048e+04 1.107127000000000044e+04 0.000000000000000000e+00 3.789190491975588326e+00 1.339000000000000057e+01
9.340387700000000000e+07 1.000000000000000000e+00 6.600000000000000000e+01 1.269972057387790846e+04 1.176686137490500005e+04 1.105120000000000073e+04 0.000000000000000000e+00 3.510174138739698968e+00 1.078999999999999915e+01
9.340523900000000000e+07 0.000000000000000000e+00 6.500000000000000000e+01 1.270875057387790730e+04 1.179160137490499983e+04 1.103861999999999898e+04 0.000000000000000000e+00 2.818211379742885381e+00 1.078999999999999915e+01
9.340523900000000000e+07 0.000000000000000000e+00 6.500000000000000000e+01 1.270894057387790781e+04 1.179223137490499903e+04 1.103822999999999956e+04 0.000000000000000000e+00 2.972237787638224216e+00 1.078999999999999915e+01
9.340524100000000000e+07 1.000000000000000000e+00 6.500000000000000000e+01 1.271218057387790759e+04 1.180030137490500056e+04 1.103372999999999956e+04 0.000000000000000000e+00 6.703403424109334985e+00 1.605000000000000071e+01
9.340524200000000000e+07 1.000000000000000000e+00 6.500000000000000000e+01 1.271416057387790715e+04 1.180378137490500012e+04 1.103254000000000087e+04 0.000000000000000000e+00 7.989114226392435292e+00 1.339000000000000057e+01
9.340524200000000000e+07 1.000000000000000000e+00 6.500000000000000000e+01 1.271451057387790752e+04 1.180424137490499925e+04 1.103245999999999913e+04 0.000000000000000000e+00 8.225670231020592027e+00 1.339000000000000057e+01
9.340524100000000000e+07 1.000000000000000000e+00 6.500000000000000000e+01 1.271112057387790810e+04 1.180303137490500012e+04 1.102898999999999978e+04 0.000000000000000000e+00 7.112839224001686667e+00 1.078999999999999915e+01
9.340524200000000000e+07 1.000000000000000000e+00 6.500000000000000000e+01 1.271378057387790795e+04 1.180324137490500107e+04 1.102993000000000029e+04 0.000000000000000000e+00 8.991425308466920896e+00 1.078999999999999915e+01
9.340523800000000000e+07 1.000000000000000000e+00 6.600000000000000000e+01 1.271920057387790803e+04 1.180127137490499990e+04 1.103169000000000051e+04 0.000000000000000000e+00 9.272703732639488550e+00 9.199999999999999845e-02
9.340523800000000000e+07 1.000000000000000000e+00 6.600000000000000000e+01 1.272490057387790694e+04 1.180809137490499961e+04 1.103911000000000058e+04 0.000000000000000000e+00 9.309194499343929508e+00 9.199999999999999845e-02
9.340523900000000000e+07 1.000000000000000000e+00 6.600000000000000000e+01 1.272121057387790825e+04 1.180602137490499990e+04 1.104412999999999920e+04 0.000000000000000000e+00 3.216925430605018121e+00 2.039999999999999869e-01
9.340523900000000000e+07 1.000000000000000000e+00 6.600000000000000000e+01 1.272322057387790846e+04 1.181014137490499888e+04 1.105011000000000058e+04 0.000000000000000000e+00 4.361769474986883388e+00 4.169999999999999818e-01
9.340524000000000000e+07 1.000000000000000000e+00 6.600000000000000000e+01 1.272679057387790817e+04 1.180905137490500056e+04 1.105820999999999913e+04 0.000000000000000000e+00 8.192297066331967414e+00 9.199999999999999845e-02
9.340524000000000000e+07 1.000000000000000000e+00 6.600000000000000000e+01 1.272178057387790795e+04 1.181210137490499983e+04 1.105286999999999898e+04 0.000000000000000000e+00 5.617449945205403417e+00 6.099999999999999867e-02
9.340395900000000000e+07 1.000000000000000000e+00 6.600000000000000000e+01 1.270095057387790803e+04 1.178963137490500048e+04 1.105813999999999942e+04 0.000000000000000000e+00 9.048612450012457842e+00 6.099999999999999867e-02
9.340395900000000000e+07 1.000000000000000000e+00 6.600000000000000000e+01 1.270379057387790817e+04 1.178997137490500063e+04 1.105642000000000007e+04 0.000000000000000000e+00 7.523625577634851069e+00 6.099999999999999867e-02
9.340523700000000000e+07 1.000000000000000000e+00 6.500000000000000000e+01 1.270728057387790795e+04 1.179315137490499910e+04 1.105711999999999898e+04 0.000000000000000000e+00 6.138254748935032090e+00 9.199999999999999845e-02
9.340523700000000000e+07 1.000000000000000000e+00 6.500000000000000000e+01 1.270767057387790737e+04 1.179328137490500012e+04 1.105729999999999927e+04 0.000000000000000000e+00 5.867185054427342727e+00 9.199999999999999845e-02
9.340396100000000000e+07 1.000000000000000000e+00 6.500000000000000000e+01 1.272200057387790730e+04 1.178696137490499859e+04 1.104211000000000058e+04 0.000000000000000000e+00 2.186661531060899666e+00 4.169999999999999818e-01
9.340396500000000000e+07 1.000000000000000000e+00 6.600000000000000000e+01 1.272375057387790912e+04 1.178638137490500048e+04 1.103452000000000044e+04 0.000000000000000000e+00 6.129291759565544950e+00 9.199999999999999845e-02
9.340524200000000000e+07 1.000000000000000000e+00 6.500000000000000000e+01 1.271378057387790795e+04 1.180324137490500107e+04 1.102993000000000029e+04 0.000000000000000000e+00 8.991425308466920896e+00 8.197060000000000457e-01
9.340524100000000000e+07 1.000000000000000000e+00 6.500000000000000000e+01 1.271112057387790810e+04 1.180303137490500012e+04 1.102898999999999978e+04 0.000000000000000000e+00 7.112839224001686667e+00 4.865380000000000038e+00
9.340524200000000000e+07 1.000000000000000000e+00 6.500000000000000000e+01 1.270181057387790679e+04 1.179966137490499932e+04 1.102598999999999978e+04 0.000000000000000000e+00 3.060017431539387545e+00 1.078999999999999915e+01
9.340524200000000000e+07 1.000000000000000000e+00 6.500000000000000000e+01 1.270181057387790679e+04 1.179966137490499932e+04 1.102598999999999978e+04 0.000000000000000000e+00 3.060017431539387545e+00 1.588810000000000056e+00
9.340524100000000000e+07 1.000000000000000000e+00 6.500000000000000000e+01 1.271431057387790861e+04 1.180163137490500048e+04 1.103122999999999956e+04 0.000000000000000000e+00 8.884127724969060225e+00 9.199999999999999845e-02
9.340523800000000000e+07 1.000000000000000000e+00 6.600000000000000000e+01 1.272039057387790854e+04 1.179663137490500048e+04 1.103714999999999964e+04 0.000000000000000000e+00 4.453336203685051231e+00 9.199999999999999845e-02
9.340396400000000000e+07 0.000000000000000000e+00 6.500000000000000000e+01 1.270735057387790766e+04 1.178054137490500034e+04 1.103685000000000036e+04 0.000000000000000000e+00 9.366801581603375615e-01 9.199999999999999845e-02
9.340396400000000000e+07 0.000000000000000000e+00 6.500000000000000000e+01 1.270715057387790694e+04 1.177924137490499925e+04 1.103392000000000007e+04 0.000000000000000000e+00 1.638167662417575610e+00 9.199999999999999845e-02
9.340515100000000000e+07 0.000000000000000000e+00 6.600000000000000000e+01 1.270344057387790781e+04 1.176438137490500048e+04 1.103703000000000065e+04 0.000000000000000000e+00 1.281470917853319014e+00 6.099999999999999867e-02
9.340515100000000000e+07 0.000000000000000000e+00 6.500000000000000000e+01 1.270321057387790825e+04 1.176188137490500048e+04 1.103028000000000065e+04 0.000000000000000000e+00 9.775111621064137557e-01 4.169999999999999818e-01
9.340515100000000000e+07 0.000000000000000000e+00 6.500000000000000000e+01 1.270228057387790795e+04 1.176127137490499990e+04 1.103163999999999942e+04 0.000000000000000000e+00 1.136408664131487223e+00 4.169999999999999818e-01
9.340387800000000000e+07 1.000000000000000000e+00 6.500000000000000000e+01 1.269724057387790708e+04 1.175099137490500107e+04 1.104615999999999985e+04 0.000000000000000000e+00 4.828841773475526900e+00 9.199999999999999845e-02
9.340387400000000000e+07 1.000000000000000000e+00 6.600000000000000000e+01 1.270391057387790897e+04 1.175189137490500070e+04 1.106482999999999993e+04 0.000000000000000000e+00 6.600519191177244060e+00 2.039999999999999869e-01
9.340387400000000000e+07 1.000000000000000000e+00 6.600000000000000000e+01 1.270779057387790817e+04 1.175451137490500150e+04 1.106412999999999920e+04 0.000000000000000000e+00 6.654419302117499768e+00 4.169999999999999818e-01
9.340514100000000000e+07 1.000000000000000000e+00 6.600000000000000000e+01 1.270681057387790861e+04 1.175356137490500078e+04 1.106440999999999985e+04 0.000000000000000000e+00 6.184985035344822357e+00 9.199999999999999845e-02
9.340387400000000000e+07 1.000000000000000000e+00 6.600000000000000000e+01 1.270739057387790854e+04 1.175572137490500063e+04 1.106653000000000065e+04 0.000000000000000000e+00 4.621903793268501204e+00 4.169999999999999818e-01
9.340387400000000000e+07 1.000000000000000000e+00 6.600000000000000000e+01 1.270699057387790708e+04 1.175807137490499917e+04 1.106770999999999913e+04 0.000000000000000000e+00 2.217641906487890502e+00 9.199999999999999845e-02
9.340387400000000000e+07 1.000000000000000000e+00 6.600000000000000000e+01 1.271103057387790795e+04 1.176050137490499947e+04 1.107419000000000051e+04 0.000000000000000000e+00 8.449137032692933147e+00 6.099999999999999867e-02
9.340387000000000000e+07 1.000000000000000000e+00 6.500000000000000000e+01 1.271039057387790854e+04 1.176959137490499961e+04 1.107164999999999964e+04 0.000000000000000000e+00 5.493785594047130516e+00 2.039999999999999869e-01
9.340522700000000000e+07 1.000000000000000000e+00 6.500000000000000000e+01 1.271700057387790912e+04 1.177093137490499976e+04 1.107077000000000044e+04 0.000000000000000000e+00 6.444926964341837206e+00 2.400000000000000050e-02
9.340522400000000000e+07 1.000000000000000000e+00 6.600000000000000000e+01 1.271784057387790745e+04 1.176448137490499903e+04 1.107010000000000036e+04 0.000000000000000000e+00 5.102172145822499338e+00 9.199999999999999845e-02
9.340395500000000000e+07 1.000000000000000000e+00 6.500000000000000000e+01 1.270339057387790854e+04 1.178010137490499983e+04 1.106279999999999927e+04 0.000000000000000000e+00 3.541524431268911588e+00 2.400000000000000050e-02
9.340396000000000000e+07 1.000000000000000000e+00 6.600000000000000000e+01 1.270478057387790795e+04 1.177430137490499874e+04 1.105225000000000000e+04 0.000000000000000000e+00 2.785056901603916391e+00 4.169999999999999818e-01
9.340395600000000000e+07 1.000000000000000000e+00 6.500000000000000000e+01 1.270889057387790854e+04 1.177228137490500012e+04 1.105672000000000116e+04 0.000000000000000000e+00 2.987258051381996182e+00 2.400000000000000050e-02
9.340395600000000000e+07 1.000000000000000000e+00 6.500000000000000000e+01 1.271013057387790832e+04 1.177313137490500048e+04 1.106245000000000073e+04 0.000000000000000000e+00 2.424485869959160045e+00 6.099999999999999867e-02
9.340387500000000000e+07 1.000000000000000000e+00 6.600000000000000000e+01 1.270508057387790723e+04 1.176932137490499917e+04 1.106504000000000087e+04 0.000000000000000000e+00 4.923070121179918601e+00 9.199999999999999845e-02
9.340387500000000000e+07 1.000000000000000000e+00 6.600000000000000000e+01 1.270614057387790854e+04 1.176656137490500078e+04 1.106417000000000007e+04 0.000000000000000000e+00 1.907194946412490877e+00 9.199999999999999845e-02
9.340395600000000000e+07 1.000000000000000000e+00 6.500000000000000000e+01 1.270828057387790795e+04 1.177432137490499917e+04 1.105938999999999942e+04 0.000000000000000000e+00 1.120630245401328828e+00 4.169999999999999818e-01
9.340395600000000000e+07 1.000000000000000000e+00 6.500000000000000000e+01 1.271292057387790737e+04 1.177216137490499932e+04 1.106538000000000102e+04 0.000000000000000000e+00 4.472330858970453349e+00 9.199999999999999845e-02
9.340387500000000000e+07 1.000000000000000000e+00 6.600000000000000000e+01 1.271278057387790795e+04 1.176269137490499998e+04 1.106506999999999971e+04 0.000000000000000000e+00 6.970090809848692004e+00 6.099999999999999867e-02
9.340514000000000000e+07 1.000000000000000000e+00 6.600000000000000000e+01 1.271343057387790759e+04 1.175232137490499917e+04 1.107229000000000087e+04 0.000000000000000000e+00 5.910579437640037348e+00 2.039999999999999869e-01
9.340514000000000000e+07 1.000000000000000000e+00 6.600000000000000000e+01 1.271343057387790759e+04 1.175232137490499917e+04 1.107229000000000087e+04 0.000000000000000000e+00 5.910579437640037348e+00 7.315579999999999750e+00
9.340523900000000000e+07 1.000000000000000000e+00 6.500000000000000000e+01 1.270812057387790810e+04 1.179108137490500121e+04 1.103870000000000073e+04 0.000000000000000000e+00 2.309789938476156657e+00 2.039999999999999869e-01
9.340524000000000000e+07 0.000000000000000000e+00 6.500000000000000000e+01 1.270697057387790846e+04 1.179368137490499976e+04 1.103800000000000000e+04 0.000000000000000000e+00 2.057739334975036805e+00 1.339000000000000057e+01
9.340523900000000000e+07 0.000000000000000000e+00 6.600000000000000000e+01 1.271342057387790737e+04 1.179847137490500063e+04 1.104222000000000116e+04 0.000000000000000000e+00 6.438032237979443018e-01 9.199999999999999845e-02
9.340523700000000000e+07 0.000000000000000000e+00 6.600000000000000000e+01 1.271973057387790868e+04 1.179357137490499917e+04 1.104585000000000036e+04 0.000000000000000000e+00 1.983536237836600824e+00 1.078999999999999915e+01
9.340523700000000000e+07 0.000000000000000000e+00 6.600000000000000000e+01 1.271973057387790868e+04 1.179357137490499917e+04 1.104585000000000036e+04 0.000000000000000000e+00 1.983536237836600824e+00 2.030940000000000190e+00
9.340523700000000000e+07 0.000000000000000000e+00 6.600000000000000000e+01 1.271973057387790868e+04 1.179357137490499917e+04 1.104585000000000036e+04 0.000000000000000000e+00 1.983536237836600824e+00 1.513419999999999987e+00
9.340524000000000000e+07 0.000000000000000000e+00 6.500000000000000000e+01 1.270336057387790788e+04 1.179436137490500005e+04 1.103964999999999964e+04 0.000000000000000000e+00 1.823860443554748301e+00 4.169999999999999818e-01
9.340524000000000000e+07 0.000000000000000000e+00 6.500000000000000000e+01 1.270336057387790788e+04 1.179436137490500005e+04 1.103964999999999964e+04 0.000000000000000000e+00 1.823860443554748301e+00 7.363590000000000302e+00
9.340523900000000000e+07 0.000000000000000000e+00 6.500000000000000000e+01 1.270875057387790730e+04 1.179160137490499983e+04 1.103861999999999898e+04 0.000000000000000000e+00 2.818211379742885381e+00 4.657700000000000173e+00
9.340387700000000000e+07 1.000000000000000000e+00 6.600000000000000000e+01 1.269940057387790694e+04 1.176619137490499998e+04 1.104888999999999942e+04 0.000000000000000000e+00 4.245951816696437398e+00 3.229999999999999716e+01
9.340387700000000000e+07 1.000000000000000000e+00 6.600000000000000000e+01 1.269931057387790679e+04 1.176616137490499932e+04 1.104864999999999964e+04 0.000000000000000000e+00 4.363293141353357996e+00 1.078999999999999915e+01
9.340387700000000000e+07 1.000000000000000000e+00 6.600000000000000000e+01 1.269904057387790817e+04 1.176610137490499983e+04 1.104823999999999978e+04 0.000000000000000000e+00 4.525452922605380124e+00 1.339000000000000057e+01
9.340387900000000000e+07 0.000000000000000000e+00 6.500000000000000000e+01 1.269166057387790897e+04 1.175501137490499968e+04 1.104329000000000087e+04 0.000000000000000000e+00 2.007334516658247470e+00 2.400000000000000050e-02
9.340387700000000000e+07 1.000000000000000000e+00 6.500000000000000000e+01 1.268029057387790817e+04 1.174534137490499961e+04 1.104277000000000044e+04 0.000000000000000000e+00 7.034158440945391888e+00 1.078999999999999915e+01
9.340387600000000000e+07 1.000000000000000000e+00 6.500000000000000000e+01 1.267721057387790825e+04 1.174623137490499903e+04 1.104577999999999884e+04 0.000000000000000000e+00 7.145764958398038935e+00 1.078999999999999915e+01
9.340387600000000000e+07 1.000000000000000000e+00 6.500000000000000000e+01 1.267721057387790825e+04 1.174623137490499903e+04 1.104577999999999884e+04 0.000000000000000000e+00 7.145764958398038935e+00 5.437660000000000160e+00
9.340387600000000000e+07 1.000000000000000000e+00 6.500000000000000000e+01 1.267721057387790825e+04 1.174623137490499903e+04 1.104577999999999884e+04 0.000000000000000000e+00 7.145764958398038935e+00 3.359469999999999956e+00
9.340387700000000000e+07 1.000000000000000000e+00 6.500000000000000000e+01 1.268029057387790817e+04 1.174534137490499961e+04 1.104277000000000044e+04 0.000000000000000000e+00 7.034158440945391888e+00 5.281259999999999621e+00
9.340396100000000000e+07 1.000000000000000000e+00 6.600000000000000000e+01 1.269964057387790854e+04 1.176879137490500034e+04 1.104844000000000051e+04 0.000000000000000000e+00 5.116206983449019141e+00 9.199999999999999845e-02
9.340514700000000000e+07 1.000000000000000000e+00 6.500000000000000000e+01 1.270334057387790745e+04 1.175988137490500048e+04 1.104488000000000102e+04 0.000000000000000000e+00 3.567590797432223404e+00 9.199999999999999845e-02
9.340515000000000000e+07 0.000000000000000000e+00 6.500000000000000000e+01 1.270367057387790737e+04 1.175624137490499925e+04 1.103303000000000065e+04 0.000000000000000000e+00 1.912989148625665603e+00 9.199999999999999845e-02
9.340514700000000000e+07 1.000000000000000000e+00 6.600000000000000000e+01 1.271101057387790752e+04 1.174951137490499968e+04 1.103390999999999985e+04 0.000000000000000000e+00 3.582103479718761641e+00 9.199999999999999845e-02
9.340514400000000000e+07 0.000000000000000000e+00 6.600000000000000000e+01 1.270927057387790774e+04 1.174291137490499932e+04 1.104745999999999913e+04 0.000000000000000000e+00 1.636500071290774683e+00 2.400000000000000050e-02
9.340514400000000000e+07 0.000000000000000000e+00 6.600000000000000000e+01 1.270854057387790817e+04 1.174270137490500019e+04 1.104704000000000087e+04 0.000000000000000000e+00 1.350770580627242534e+00 9.199999999999999845e-02
9.340514100000000000e+07 1.000000000000000000e+00 6.500000000000000000e+01 1.271089057387790854e+04 1.173590137490500092e+04 1.104950000000000000e+04 0.000000000000000000e+00 3.219175145563011764e+00 2.400000000000000050e-02
9.340514600000000000e+07 1.000000000000000000e+00 6.600000000000000000e+01 1.271172057387790846e+04 1.173824137490500107e+04 1.103935000000000036e+04 0.000000000000000000e+00 4.601852311318428868e+00 1.000000000000000021e-02
9.340623500000000000e+07 1.000000000000000000e+00 6.500000000000000000e+01 1.274061057387790788e+04 1.163241137490499932e+04 1.105647000000000116e+04 0.000000000000000000e+00 1.895816877148137625e+00 9.199999999999999845e-02
9.340623400000000000e+07 1.000000000000000000e+00 6.500000000000000000e+01 1.274152057387790774e+04 1.162236137490500005e+04 1.105561000000000058e+04 0.000000000000000000e+00 6.563399099952941462e+00 4.169999999999999818e-01
9.340623100000000000e+07 1.000000000000000000e+00 6.600000000000000000e+01 1.274232057387790701e+04 1.162209137490499961e+04 1.107000000000000000e+04 0.000000000000000000e+00 5.684132310242196340e+00 8.189260000000000872e+00
9.340387700000000000e+07 1.000000000000000000e+00 6.600000000000000000e+01 1.269931057387790679e+04 1.176616137490499932e+04 1.104864999999999964e+04 0.000000000000000000e+00 4.363293141353357996e+00 2.505729999999999791e+00
9.340396000000000000e+07 0.000000000000000000e+00 6.600000000000000000e+01 1.270863057387790832e+04 1.177317137490500136e+04 1.105195000000000073e+04 0.000000000000000000e+00 4.638850435045066334e+00 4.169999999999999818e-01
9.340396000000000000e+07 0.000000000000000000e+00 6.600000000000000000e+01 1.270871057387790825e+04 1.177398137490499903e+04 1.105229999999999927e+04 0.000000000000000000e+00 4.626073337646153583e+00 2.400000000000000050e-02
9.340395900000000000e+07 0.000000000000000000e+00 6.600000000000000000e+01 1.270758057387790723e+04 1.177597137490500063e+04 1.105272000000000116e+04 0.000000000000000000e+00 3.278688827806180317e+00 9.199999999999999845e-02
9.340396400000000000e+07 1.000000000000000000e+00 6.500000000000000000e+01 1.269488057387790832e+04 1.178582137490499917e+04 1.104020999999999913e+04 0.000000000000000000e+00 5.165095034362248150e+00 4.169999999999999818e-01
9.340524300000000000e+07 1.000000000000000000e+00 6.600000000000000000e+01 1.269390057387790694e+04 1.178909137490499961e+04 1.104615999999999985e+04 0.000000000000000000e+00 6.537525840362930829e+00 2.039999999999999869e-01
9.340524300000000000e+07 1.000000000000000000e+00 6.600000000000000000e+01 1.269329057387790817e+04 1.179085137490499983e+04 1.104779000000000087e+04 0.000000000000000000e+00 7.164795157432390482e+00 9.199999999999999845e-02
9.340523800000000000e+07 1.000000000000000000e+00 6.500000000000000000e+01 1.270077057387790774e+04 1.179113137490500048e+04 1.104736000000000058e+04 0.000000000000000000e+00 3.952716943302127639e+00 9.199999999999999845e-02
9.340524100000000000e+07 1.000000000000000000e+00 6.500000000000000000e+01 1.269671057387790825e+04 1.179471137490500041e+04 1.102493000000000029e+04 0.000000000000000000e+00 1.564650927783847623e+00 9.199999999999999845e-02
9.340387100000000000e+07 1.000000000000000000e+00 6.600000000000000000e+01 1.268477057387790774e+04 1.175313137490500048e+04 1.107127000000000044e+04 0.000000000000000000e+00 3.789190491975588326e+00 2.520700000000000163e+00
9.340520400000000000e+07 1.000000000000000000e+00 6.600000000000000000e+01 1.267626057387790752e+04 1.174477137490499990e+04 1.108323999999999978e+04 0.000000000000000000e+00 2.882661041423768999e+00 5.021419999999999995e+00
9.340520000000000000e+07 0.000000000000000000e+00 6.500000000000000000e+01 1.267332057387790701e+04 1.174539137490499888e+04 1.108631999999999971e+04 0.000000000000000000e+00 4.573105398239740715e+00 9.199999999999999845e-02
9.340520100000000000e+07 0.000000000000000000e+00 6.500000000000000000e+01 1.267403057387790795e+04 1.174975137490499947e+04 1.108926000000000022e+04 0.000000000000000000e+00 2.502331781416059719e+00 4.169999999999999818e-01
9.340519900000000000e+07 0.000000000000000000e+00 6.500000000000000000e+01 1.266557057387790701e+04 1.174762137490500027e+04 1.108279000000000087e+04 0.000000000000000000e+00 1.457524085834849270e+00 1.339000000000000057e+01
9.340519900000000000e+07 1.000000000000000000e+00 6.500000000000000000e+01 1.266511057387790788e+04 1.174541137490499932e+04 1.108080999999999949e+04 0.000000000000000000e+00 1.564121245814592553e+00 1.078999999999999915e+01
9.340519900000000000e+07 1.000000000000000000e+00 6.500000000000000000e+01 1.266288057387790832e+04 1.174039137490500070e+04 1.107942000000000007e+04 0.000000000000000000e+00 3.487659568646399144e+00 6.099999999999999867e-02
9.340519900000000000e+07 1.000000000000000000e+00 6.500000000000000000e+01 1.266956057387790861e+04 1.174609137490499961e+04 1.107519000000000051e+04 0.000000000000000000e+00 5.706812302483802668e+00 2.400000000000000050e-02
9.340380200000000000e+07 1.000000000000000000e+00 6.600000000000000000e+01 1.262738057387790832e+04 1.171895137490500019e+04 1.107950000000000000e+04 0.000000000000000000e+00 8.279828737658359472e+00 4.169999999999999818e-01
9.340501000000000000e+07 1.000000000000000000e+00 6.500000000000000000e+01 1.262556057387790861e+04 1.169414137490499888e+04 1.105611999999999898e+04 0.000000000000000000e+00 9.189146699448524913e+00 4.169999999999999818e-01
9.340501100000000000e+07 1.000000000000000000e+00 6.500000000000000000e+01 1.264067057387790737e+04 1.170480137490500056e+04 1.106080999999999949e+04 0.000000000000000000e+00 9.344361791387399307e+00 9.199999999999999845e-02
9.340501100000000000e+07 1.000000000000000000e+00 6.500000000000000000e+01 1.264067057387790737e+04 1.170480137490500056e+04 1.106080999999999949e+04 0.000000000000000000e+00 9.344361791387399307e+00 7.328269999999999840e+00
9.340375500000000000e+07 1.000000000000000000e+00 6.600000000000000000e+01 1.268007057387790701e+04 1.178104137490500034e+04 1.112521999999999935e+04 0.000000000000000000e+00 8.213318856737336304e+00 1.078999999999999915e+01
9.340375500000000000e+07 1.000000000000000000e+00 6.600000000000000000e+01 1.268007057387790701e+04 1.178104137490500034e+04 1.112521999999999935e+04 0.000000000000000000e+00 8.213318856737336304e+00 2.407849999999999824e+00
9.340375500000000000e+07 1.000000000000000000e+00 6.600000000000000000e+01 1.268007057387790701e+04 1.178104137490500034e+04 1.112521999999999935e+04 0.000000000000000000e+00 8.213318856737336304e+00 8.273790000000000311e-02
9.340520200000000000e+07 1.000000000000000000e+00 6.600000000000000000e+01 1.267890057387790694e+04 1.175768137490499976e+04 1.109031999999999971e+04 0.000000000000000000e+00 2.566915664731085123e+00 1.078999999999999915e+01
9.340520300000000000e+07 1.000000000000000000e+00 6.600000000000000000e+01 1.268062057387790810e+04 1.175324137490500107e+04 1.109030999999999949e+04 0.000000000000000000e+00 1.304036486390006688e+00 6.099999999999999867e-02
9.340511800000000000e+07 0.000000000000000000e+00 6.600000000000000000e+01 1.269000057387790730e+04 1.173660137490499983e+04 1.110494000000000051e+04 0.000000000000000000e+00 2.007184106520016886e+00 1.078999999999999915e+01
9.340511800000000000e+07 0.000000000000000000e+00 6.600000000000000000e+01 1.269000057387790730e+04 1.173660137490499983e+04 1.110494000000000051e+04 0.000000000000000000e+00 2.007184106520016886e+00 1.507179999999999964e+00
9.340511800000000000e+07 0.000000000000000000e+00 6.600000000000000000e+01 1.269000057387790730e+04 1.173660137490499983e+04 1.110494000000000051e+04 0.000000000000000000e+00 2.007184106520016886e+00 9.780339999999999590e-01
9.340520200000000000e+07 1.000000000000000000e+00 6.600000000000000000e+01 1.267890057387790694e+04 1.175768137490499976e+04 1.109031999999999971e+04 0.000000000000000000e+00 2.566915664731085123e+00 2.166279999999999983e+00
9.340379200000000000e+07 1.000000000000000000e+00 6.500000000000000000e+01 1.266029057387790817e+04 1.171420137490500019e+04 1.111654999999999927e+04 0.000000000000000000e+00 1.426283661007584858e+00 5.441379999999999661e+00
9.340379100000000000e+07 1.000000000000000000e+00 6.500000000000000000e+01 1.266750057387790730e+04 1.171720137490500019e+04 1.111282999999999993e+04 0.000000000000000000e+00 2.470808449319737754e+00 2.039999999999999869e-01
9.340379100000000000e+07 1.000000000000000000e+00 6.500000000000000000e+01 1.266752057387790774e+04 1.171709137490499961e+04 1.111486000000000058e+04 0.000000000000000000e+00 2.314061120465118027e+00 9.199999999999999845e-02
9.340380100000000000e+07 1.000000000000000000e+00 6.500000000000000000e+01 1.265532057387790883e+04 1.173095137490500019e+04 1.110142000000000007e+04 0.000000000000000000e+00 8.262492018896908874e+00 2.400000000000000050e-02
9.340380100000000000e+07 1.000000000000000000e+00 6.500000000000000000e+01 1.265512057387790810e+04 1.173218137490499976e+04 1.110104999999999927e+04 0.000000000000000000e+00 8.392301298061930481e+00 4.169999999999999818e-01
9.340380600000000000e+07 1.000000000000000000e+00 6.600000000000000000e+01 1.265096057387790825e+04 1.173454137490500034e+04 1.109659000000000015e+04 0.000000000000000000e+00 5.698847233083916386e+00 6.099999999999999867e-02
9.340380700000000000e+07 1.000000000000000000e+00 6.600000000000000000e+01 1.264314057387790854e+04 1.174128137490500012e+04 1.109811999999999898e+04 0.000000000000000000e+00 6.135579280890828713e+00 9.199999999999999845e-02
9.340381000000000000e+07 1.000000000000000000e+00 6.500000000000000000e+01 1.264041057387790715e+04 1.174839137490499888e+04 1.108570000000000073e+04 0.000000000000000000e+00 1.344793921429378258e+00 2.400000000000000050e-02
9.340381200000000000e+07 1.000000000000000000e+00 6.500000000000000000e+01 1.263506057387790861e+04 1.174971137490499859e+04 1.109805999999999949e+04 0.000000000000000000e+00 8.757100917352920177e+00 9.199999999999999845e-02
9.340429900000000000e+07 0.000000000000000000e+00 6.600000000000000000e+01 1.261163057387790832e+04 1.176041137490499932e+04 1.110913999999999942e+04 0.000000000000000000e+00 1.109925844057135791e+00 5.000000000000000000e-01
9.340429900000000000e+07 0.000000000000000000e+00 6.600000000000000000e+01 1.261389057387790854e+04 1.176245137490500019e+04 1.111125000000000000e+04 0.000000000000000000e+00 1.148845885357381746e+00 4.169999999999999818e-01
9.340429900000000000e+07 0.000000000000000000e+00 6.600000000000000000e+01 1.261418057387790759e+04 1.176259137490499961e+04 1.111159000000000015e+04 0.000000000000000000e+00 1.445439272638975314e+00 9.199999999999999845e-02
9.340429900000000000e+07 0.000000000000000000e+00 6.600000000000000000e+01 1.261424057387790708e+04 1.176262137490500027e+04 1.111165999999999985e+04 0.000000000000000000e+00 1.517926892355218715e+00 8.349999999999999645e-01
9.340429900000000000e+07 0.000000000000000000e+00 6.600000000000000000e+01 1.261424057387790708e+04 1.176262137490500027e+04 1.111165999999999985e+04 0.000000000000000000e+00 1.517926892355218715e+00 6.842190000000000438e+00
9.340540900000000000e+07 1.000000000000000000e+00 6.500000000000000000e+01 1.262470057387790803e+04 1.167621137490500041e+04 1.111029000000000087e+04 0.000000000000000000e+00 7.406043284903061519e+00 2.400000000000000050e-02
9.340540600000000000e+07 1.000000000000000000e+00 6.600000000000000000e+01 1.263070057387790803e+04 1.167523137490499903e+04 1.110804000000000087e+04 0.000000000000000000e+00 2.859566434797716550e+00 6.099999999999999867e-02
9.340540700000000000e+07 1.000000000000000000e+00 6.600000000000000000e+01 1.263155057387790839e+04 1.167346137490500041e+04 1.110598999999999978e+04 0.000000000000000000e+00 1.668867991078636148e+00 9.199999999999999845e-02
9.340540700000000000e+07 1.000000000000000000e+00 6.600000000000000000e+01 1.263562057387790810e+04 1.167169137490499998e+04 1.109965999999999985e+04 0.000000000000000000e+00 3.714342141886187498e+00 4.169999999999999818e-01
9.340540800000000000e+07 1.000000000000000000e+00 6.600000000000000000e+01 1.263206057387790861e+04 1.168093137490499976e+04 1.109986000000000058e+04 0.000000000000000000e+00 4.803708167254604255e+00 2.039999999999999869e-01
9.340541000000000000e+07 0.000000000000000000e+00 6.500000000000000000e+01 1.263464057387790854e+04 1.168312137490499845e+04 1.111073999999999978e+04 0.000000000000000000e+00 3.392146628838375477e+00 2.400000000000000050e-02
9.340541000000000000e+07 0.000000000000000000e+00 6.500000000000000000e+01 1.263488057387790832e+04 1.168340137490500092e+04 1.111097999999999956e+04 0.000000000000000000e+00 3.286783254145078104e+00 9.199999999999999845e-02
9.340541000000000000e+07 0.000000000000000000e+00 6.600000000000000000e+01 1.263873057387790868e+04 1.168905137490499874e+04 1.111261999999999898e+04 0.000000000000000000e+00 2.509404625476403083e+00 1.078999999999999915e+01
9.340541000000000000e+07 0.000000000000000000e+00 6.600000000000000000e+01 1.263873057387790868e+04 1.168905137490499874e+04 1.111261999999999898e+04 0.000000000000000000e+00 2.509404625476403083e+00 3.744190000000000129e+00
9.340541000000000000e+07 0.000000000000000000e+00 6.600000000000000000e+01 1.263873057387790868e+04 1.168905137490499874e+04 1.111261999999999898e+04 0.000000000000000000e+00 2.509404625476403083e+00 1.615220000000000100e+00
9.340545900000000000e+07 1.000000000000000000e+00 6.500000000000000000e+01 1.260850057387790730e+04 1.164191137490499932e+04 1.113368000000000029e+04 0.000000000000000000e+00 3.933776664841365456e+00 9.199999999999999845e-02
9.340545900000000000e+07 1.000000000000000000e+00 6.500000000000000000e+01 1.260931057387790679e+04 1.164261137490500005e+04 1.113411000000000058e+04 0.000000000000000000e+00 4.541292260806866210e+00 9.199999999999999845e-02
9.340549800000000000e+07 1.000000000000000000e+00 6.600000000000000000e+01 1.261641057387790715e+04 1.164467137490500136e+04 1.114942000000000007e+04 0.000000000000000000e+00 2.179030021273177908e+00 9.199999999999999845e-02
9.340464300000000000e+07 1.000000000000000000e+00 6.600000000000000000e+01 1.260478057387790795e+04 1.165505137490499874e+04 1.115632999999999993e+04 0.000000000000000000e+00 1.410713311080714849e+00 6.099999999999999867e-02
9.340464300000000000e+07 0.000000000000000000e+00 6.600000000000000000e+01 1.260522057387790665e+04 1.165929137490500034e+04 1.116180999999999949e+04 0.000000000000000000e+00 1.626660999690640041e+00 9.199999999999999845e-02
9.340464300000000000e+07 0.000000000000000000e+00 6.500000000000000000e+01 1.260361057387790788e+04 1.165918137490499976e+04 1.116238000000000102e+04 0.000000000000000000e+00 6.263057926479999038e-01 9.199999999999999845e-02
9.340545100000000000e+07 1.000000000000000000e+00 6.600000000000000000e+01 1.258233057387790723e+04 1.164619137490499998e+04 1.114602000000000044e+04 0.000000000000000000e+00 7.701888728622368063e+00 9.199999999999999845e-02
9.340545700000000000e+07 1.000000000000000000e+00 6.500000000000000000e+01 1.260538057387790832e+04 1.164874137490500107e+04 1.114090999999999985e+04 0.000000000000000000e+00 8.994241373853245847e+00 5.713639999999999830e+00
9.340445000000000000e+07 1.000000000000000000e+00 6.600000000000000000e+01 1.255407057387790883e+04 1.174770137490500019e+04 1.119902999999999884e+04 0.000000000000000000e+00 9.188993326020208130e+00 8.349999999999999645e-01
9.340445000000000000e+07 1.000000000000000000e+00 6.600000000000000000e+01 1.255926057387790752e+04 1.174339137490499888e+04 1.120211000000000058e+04 0.000000000000000000e+00 9.728371937520812196e+00 4.169999999999999818e-01
9.340445000000000000e+07 1.000000000000000000e+00 6.600000000000000000e+01 1.255935057387790766e+04 1.174310137490499983e+04 1.120213999999999942e+04 0.000000000000000000e+00 9.955196854298851150e+00 4.169999999999999818e-01
9.340445200000000000e+07 1.000000000000000000e+00 6.600000000000000000e+01 1.256780057387790839e+04 1.173687137490500027e+04 1.119729999999999927e+04 0.000000000000000000e+00 8.619069814514626060e+00 9.199999999999999845e-02
9.340445200000000000e+07 1.000000000000000000e+00 6.600000000000000000e+01 1.256398057387790868e+04 1.173774137490500107e+04 1.119510000000000036e+04 0.000000000000000000e+00 8.759925591861389194e+00 5.000000000000000000e-01
9.340445200000000000e+07 1.000000000000000000e+00 6.600000000000000000e+01 1.256398057387790868e+04 1.173774137490500107e+04 1.119510000000000036e+04 0.000000000000000000e+00 8.759925591861389194e+00 7.059289999999999843e+00
9.328324800000000000e+07 1.000000000000000000e+00 6.600000000000000000e+01 1.178375057387790730e+04 1.164418137490499976e+04 1.082728000000000065e+04 0.000000000000000000e+00 4.557335534489760143e+00 1.078999999999999915e+01
9.328233200000000000e+07 1.000000000000000000e+00 6.500000000000000000e+01 1.178492057387790737e+04 1.163646137490499859e+04 1.083552999999999884e+04 0.000000000000000000e+00 5.828434854814598332e+00 4.169999999999999818e-01
9.328325200000000000e+07 1.000000000000000000e+00 6.500000000000000000e+01 1.177608057387790723e+04 1.163166137490499932e+04 1.081938000000000102e+04 0.000000000000000000e+00 2.907600683662294738e+00 1.000000000000000021e-02
9.328325300000000000e+07 1.000000000000000000e+00 6.500000000000000000e+01 1.177239057387790854e+04 1.163174137490500107e+04 1.081464999999999964e+04 0.000000000000000000e+00 3.031602624965999304e+00 1.078999999999999915e+01
9.328325300000000000e+07 1.000000000000000000e+00 6.500000000000000000e+01 1.177797057387790846e+04 1.162256137490500078e+04 1.081500000000000000e+04 0.000000000000000000e+00 7.618132531649880690e+00 6.099999999999999867e-02
9.328325300000000000e+07 1.000000000000000000e+00 6.500000000000000000e+01 1.177523057387790868e+04 1.162557137490499917e+04 1.082164999999999964e+04 0.000000000000000000e+00 4.794227849556388144e+00 4.169999999999999818e-01
9.328325300000000000e+07 1.000000000000000000e+00 6.500000000000000000e+01 1.177893057387790759e+04 1.162821137490500041e+04 1.081982999999999993e+04 0.000000000000000000e+00 6.416379506343762529e+00 4.169999999999999818e-01
9.328325500000000000e+07 0.000000000000000000e+00 6.500000000000000000e+01 1.176086057387790788e+04 1.162997137490500063e+04 1.082261999999999898e+04 0.000000000000000000e+00 8.756086708505814720e-01 6.099999999999999867e-02
9.328234000000000000e+07 1.000000000000000000e+00 6.600000000000000000e+01 1.175727057387790774e+04 1.163313137490500048e+04 1.082453000000000065e+04 0.000000000000000000e+00 7.363157356246206042e-01 2.400000000000000050e-02
9.328233900000000000e+07 1.000000000000000000e+00 6.600000000000000000e+01 1.176505057387790839e+04 1.163023137490499903e+04 1.082677000000000044e+04 0.000000000000000000e+00 3.321301279615372692e+00 4.169999999999999818e-01
9.328233900000000000e+07 1.000000000000000000e+00 6.600000000000000000e+01 1.176484057387790745e+04 1.163026137490499968e+04 1.082682999999999993e+04 0.000000000000000000e+00 3.156248668205158481e+00 9.199999999999999845e-02
9.328325300000000000e+07 1.000000000000000000e+00 6.600000000000000000e+01 1.176002057387790774e+04 1.163285137490499983e+04 1.082990999999999985e+04 0.000000000000000000e+00 1.489352009470495730e+00 4.169999999999999818e-01
9.328233600000000000e+07 0.000000000000000000e+00 6.500000000000000000e+01 1.176043057387790759e+04 1.163280137490499874e+04 1.083861999999999898e+04 0.000000000000000000e+00 8.915259450975991928e-01 9.199999999999999845e-02
9.328233600000000000e+07 1.000000000000000000e+00 6.500000000000000000e+01 1.175698057387790868e+04 1.163108137490499939e+04 1.083960000000000036e+04 0.000000000000000000e+00 6.454088659733245859e-01 4.169999999999999818e-01
9.328233600000000000e+07 1.000000000000000000e+00 6.500000000000000000e+01 1.175301057387790752e+04 1.162862137490500027e+04 1.084579999999999927e+04 0.000000000000000000e+00 6.933717896403321923e+00 2.400000000000000050e-02
9.328325300000000000e+07 1.000000000000000000e+00 6.500000000000000000e+01 1.177239057387790854e+04 1.163174137490500107e+04 1.081464999999999964e+04 0.000000000000000000e+00 3.031602624965999304e+00 5.358570000000000277e-01
9.328324800000000000e+07 1.000000000000000000e+00 6.600000000000000000e+01 1.178375057387790730e+04 1.164418137490499976e+04 1.082728000000000065e+04 0.000000000000000000e+00 4.557335534489760143e+00 1.014240000000000030e+00
9.328404300000000000e+07 0.000000000000000000e+00 6.500000000000000000e+01 1.164712057387790810e+04 1.164096137490500041e+04 1.070814999999999964e+04 0.000000000000000000e+00 2.810146648706072892e+00 4.281100000000000350e+00
8.186387500000000000e+07 1.000000000000000000e+00 6.500000000000000000e+01 9.990116573877907285e+03 1.125177137490499990e+04 9.417059999999999491e+03 0.000000000000000000e+00 5.332797411635016083e+00 9.199999999999999845e-02
8.186387300000000000e+07 0.000000000000000000e+00 6.500000000000000000e+01 1.000421957387790826e+04 1.123974137490500107e+04 9.420590000000000146e+03 0.000000000000000000e+00 1.924599042542125993e+00 9.199999999999999845e-02
8.186387200000000000e+07 0.000000000000000000e+00 6.500000000000000000e+01 1.000612257387790851e+04 1.123558137490499939e+04 9.419120000000000800e+03 0.000000000000000000e+00 1.191503844207403517e+00 9.199999999999999845e-02
8.186387400000000000e+07 1.000000000000000000e+00 6.600000000000000000e+01 9.993264573877908333e+03 1.123191137490499932e+04 9.422329999999999927e+03 0.000000000000000000e+00 4.009975099101387386e+00 6.099999999999999867e-02
8.186387300000000000e+07 1.000000000000000000e+00 6.600000000000000000e+01 9.991706573877907431e+03 1.123340137490500092e+04 9.425950000000000728e+03 0.000000000000000000e+00 4.513084319050767235e+00 6.099999999999999867e-02
8.186387200000000000e+07 1.000000000000000000e+00 6.600000000000000000e+01 9.988048573877907984e+03 1.124152137490499990e+04 9.431709999999999127e+03 0.000000000000000000e+00 6.786798521488157654e+00 9.199999999999999845e-02
8.186386600000000000e+07 1.000000000000000000e+00 6.500000000000000000e+01 9.998194573877908624e+03 1.124054137490500034e+04 9.445260000000000218e+03 0.000000000000000000e+00 9.076256291860978820e+00 4.169999999999999818e-01
6.600178200000000000e+07 1.000000000000000000e+00 6.600000000000000000e+01 8.955209573877908042e+03 9.951341374904999611e+03 7.890471999999999753e+03 0.000000000000000000e+00 8.439749202764552649e+00 9.199999999999999845e-02
6.600178800000000000e+07 0.000000000000000000e+00 6.500000000000000000e+01 8.934850573877907664e+03 9.943931374904999757e+03 7.880140000000000327e+03 0.000000000000000000e+00 1.153462619023033264e+00 6.099999999999999867e-02
6.600178700000000000e+07 1.000000000000000000e+00 6.500000000000000000e+01 8.945046573877907576e+03 9.939711374905000412e+03 7.890148000000000138e+03 0.000000000000000000e+00 2.207552376666593652e+00 9.199999999999999845e-02
6.600178300000000000e+07 1.000000000000000000e+00 6.600000000000000000e+01 8.951813573877907402e+03 9.940221374905000630e+03 7.889375000000000000e+03 0.000000000000000000e+00 3.116414919726123500e+00 8.220000000000000639e+00
6.600178300000000000e+07 1.000000000000000000e+00 6.600000000000000000e+01 8.951813573877907402e+03 9.940221374905000630e+03 7.889375000000000000e+03 0.000000000000000000e+00 3.116414919726123500e+00 1.761009999999999964e+00
5.470060300000000000e+07 1.000000000000000000e+00 6.600000000000000000e+01 8.839046573877907576e+03 8.594721374905000630e+03 6.462979999999999563e+03 0.000000000000000000e+00 8.944717225168420383e-01 1.078999999999999915e+01
5.470060300000000000e+07 1.000000000000000000e+00 6.600000000000000000e+01 8.837264573877906514e+03 8.595971374905000630e+03 6.462260000000000218e+03 0.000000000000000000e+00 2.060387835393523659e+00 1.078999999999999915e+01
5.470060300000000000e+07 1.000000000000000000e+00 6.600000000000000000e+01 8.837264573877906514e+03 8.595971374905000630e+03 6.462260000000000218e+03 0.000000000000000000e+00 2.060387835393523659e+00 1.925489999999999924e+00
5.470060300000000000e+07 1.000000000000000000e+00 6.600000000000000000e+01 8.837264573877906514e+03 8.595971374905000630e+03 6.462260000000000218e+03 0.000000000000000000e+00 2.060387835393523659e+00 5.966360000000000552e-01
5.470060400000000000e+07 1.000000000000000000e+00 6.600000000000000000e+01 8.841935573877908610e+03 8.599601374904999830e+03 6.464090000000000146e+03 0.000000000000000000e+00 4.288127468688133881e+00 9.199999999999999845e-02
5.470060400000000000e+07 1.000000000000000000e+00 6.600000000000000000e+01 8.843512573877907926e+03 8.600541374905000339e+03 6.464920000000000073e+03 0.000000000000000000e+00 3.512973325617657405e+00 9.199999999999999845e-02
5.470060600000000000e+07 1.000000000000000000e+00 6.600000000000000000e+01 8.851362573877908289e+03 8.598931374904999757e+03 6.459850000000000364e+03 0.000000000000000000e+00 2.268102372426799462e+00 6.099999999999999867e-02
5.470060800000000000e+07 1.000000000000000000e+00 6.500000000000000000e+01 8.855253573877907911e+03 8.590211374905000412e+03 6.463899999999999636e+03 0.000000000000000000e+00 3.310300301298970904e+00 2.400000000000000050e-02
5.470060900000000000e+07 1.000000000000000000e+00 6.500000000000000000e+01 8.858521573877907940e+03 8.596621374905000266e+03 6.466059999999999491e+03 0.000000000000000000e+00 5.050851401732904478e+00 6.099999999999999867e-02
5.470060900000000000e+07 1.000000000000000000e+00 6.500000000000000000e+01 8.859288573877907766e+03 8.597841374904999611e+03 6.465610000000000582e+03 0.000000000000000000e+00 5.706229296067006018e+00 4.169999999999999818e-01
5.470061100000000000e+07 0.000000000000000000e+00 6.500000000000000000e+01 8.862455573877909046e+03 8.586271374904999902e+03 6.454539999999999964e+03 0.000000000000000000e+00 1.883311187778914375e+00 9.199999999999999845e-02
5.470061000000000000e+07 0.000000000000000000e+00 6.600000000000000000e+01 8.859027573877907344e+03 8.577531374905000121e+03 6.454149999999999636e+03 0.000000000000000000e+00 8.720616490444949020e-01 9.199999999999999845e-02
5.470061000000000000e+07 0.000000000000000000e+00 6.600000000000000000e+01 8.859005573877908319e+03 8.576321374904999175e+03 6.456210000000000036e+03 0.000000000000000000e+00 2.775172390863223093e+00 9.199999999999999845e-02
5.470061000000000000e+07 0.000000000000000000e+00 6.600000000000000000e+01 8.858062573877909017e+03 8.576621374905000266e+03 6.457659999999999854e+03 0.000000000000000000e+00 4.237341337238694550e+00 4.169999999999999818e-01
5.470060800000000000e+07 1.000000000000000000e+00 6.500000000000000000e+01 8.861464573877907242e+03 8.583281374905000121e+03 6.467819999999999709e+03 0.000000000000000000e+00 1.795983460039432877e+00 2.400000000000000050e-02
5.470060800000000000e+07 1.000000000000000000e+00 6.500000000000000000e+01 8.861987573877908289e+03 8.583811374905000775e+03 6.467369999999999891e+03 0.000000000000000000e+00 2.036602529785954019e+00 9.199999999999999845e-02
5.470061200000000000e+07 0.000000000000000000e+00 6.500000000000000000e+01 8.869491573877909104e+03 8.584581374904999393e+03 6.456399999999999636e+03 0.000000000000000000e+00 2.980805409320760102e+00 9.199999999999999845e-02
5.470061200000000000e+07 0.000000000000000000e+00 6.500000000000000000e+01 8.867579573877908842e+03 8.583831374904999393e+03 6.456470000000000255e+03 0.000000000000000000e+00 1.187723209173980665e+00 4.169999999999999818e-01
5.470060900000000000e+07 1.000000000000000000e+00 6.500000000000000000e+01 8.872601573877907867e+03 8.586001374904999466e+03 6.471069999999999709e+03 0.000000000000000000e+00 7.596379915566410013e+00 9.199999999999999845e-02
5.470060900000000000e+07 1.000000000000000000e+00 6.500000000000000000e+01 8.872809573877908406e+03 8.586321374904999175e+03 6.471539999999999964e+03 0.000000000000000000e+00 7.628259676626100827e+00 6.099999999999999867e-02
5.470079700000000000e+07 1.000000000000000000e+00 6.600000000000000000e+01 8.877256573877908522e+03 8.584021374904999902e+03 6.470460000000000036e+03 0.000000000000000000e+00 6.119758369025653622e+00 4.169999999999999818e-01
5.470079700000000000e+07 1.000000000000000000e+00 6.600000000000000000e+01 8.877256573877908522e+03 8.584021374904999902e+03 6.470460000000000036e+03 0.000000000000000000e+00 6.119758369025653622e+00 7.038759999999999906e+00
1.848439700000000000e+07 1.000000000000000000e+00 6.600000000000000000e+01 9.194075973877908837e+03 6.597345474904999719e+03 2.102119999999999891e+03 0.000000000000000000e+00 9.950704313268898815e-01 9.199999999999999845e-02
1.848269600000000000e+07 1.000000000000000000e+00 6.500000000000000000e+01 9.172172763877908437e+03 6.605048474905000148e+03 2.088619999999999891e+03 0.000000000000000000e+00 6.947215083608305974e+00 9.199999999999999845e-02
9.137420900000000000e+07 0.000000000000000000e+00 6.600000000000000000e+01 7.149170573877907373e+03 4.471161374904999320e+03 1.074511000000000058e+04 1.000000000000000000e+00 1.872390718370993357e+00 2.070000000000000000e+02
9.137421300000000000e+07 1.000000000000000000e+00 6.600000000000000000e+01 7.151710573877908246e+03 4.480501374904999466e+03 1.075654000000000087e+04 1.000000000000000000e+00 5.344777019715170052e-01 2.070000000000000000e+02
9.137420700000000000e+07 0.000000000000000000e+00 6.600000000000000000e+01 7.135700573877908027e+03 4.472701374905000193e+03 1.073839999999999964e+04 1.000000000000000000e+00 1.361095454057842380e+00 2.070000000000000000e+02
6.145211300000000000e+07 0.000000000000000000e+00 6.600000000000000000e+01 8.270687573877909017e+03 5.510431374904999757e+03 7.092734000000000378e+03 1.000000000000000000e+00 7.338696410273410908e-01 2.070000000000000000e+02
6.145082500000000000e+07 1.000000000000000000e+00 6.500000000000000000e+01 8.253653573877907547e+03 5.483341374904999611e+03 7.113146999999999935e+03 1.000000000000000000e+00 6.220450412958351549e-01 2.070000000000000000e+02
9.137420900000000000e+07 1.000000000000000000e+00 6.600000000000000000e+01 7.146350573877907664e+03 4.474731374904999939e+03 1.073904000000000087e+04 1.000000000000000000e+00 7.982832524645009364e-01 2.070000000000000000e+02
9.137429100000000000e+07 1.000000000000000000e+00 6.500000000000000000e+01 7.154780573877907955e+03 4.464781374905000121e+03 1.077252000000000044e+04 1.000000000000000000e+00 4.385516972274833836e-01 2.070000000000000000e+02
9.137420300000000000e+07 1.000000000000000000e+00 6.500000000000000000e+01 7.132710573877908246e+03 4.459291374905000339e+03 1.073697999999999956e+04 1.000000000000000000e+00 8.107899230737181107e-01 2.070000000000000000e+02
6.145226600000000000e+07 0.000000000000000000e+00 6.500000000000000000e+01 8.249665573877908173e+03 5.516801374904999648e+03 7.095826000000000022e+03 1.000000000000000000e+00 2.521900150493163295e+00 2.070000000000000000e+02
