5.681548000000000000e+06 1.000000000000000000e+00 6.500000000000000000e+01 2.940185118453709947e+02 9.994286283255050876e+02 7.042699999999995271e+02 0.000000000000000000e+00 7.463841175381034532e+00 1.339000000000000057e+01
1.133570100000000000e+07 0.000000000000000000e+00 6.600000000000000000e+01 3.025118018453713375e+02 1.043922028325505380e+03 1.391019999999999527e+03 0.000000000000000000e+00 2.699837537728396075e+00 1.078999999999999915e+01
1.133695300000000000e+07 1.000000000000000000e+00 6.600000000000000000e+01 3.024032918453713137e+02 1.048853728325505472e+03 1.429659999999999854e+03 0.000000000000000000e+00 3.431493914696814418e+00 1.078999999999999915e+01
3.961351500000000000e+07 1.000000000000000000e+00 6.500000000000000000e+01 8.323174118453707706e+02 1.499596328325505056e+03 4.790329999999999927e+03 0.000000000000000000e+00 6.623743086282710024e+00 1.339000000000000057e+01
6.228102900000000000e+07 1.000000000000000000e+00 6.500000000000000000e+01 1.672553411845371556e+03 1.744058328325505499e+03 7.441407799999999952e+03 0.000000000000000000e+00 7.947523836292978316e+00 1.339000000000000057e+01
7.364021500000000000e+07 1.000000000000000000e+00 6.600000000000000000e+01 2.246483411845371847e+03 1.755143328325504626e+03 8.782229999999999563e+03 0.000000000000000000e+00 3.007088548584447629e+00 1.339000000000000057e+01
9.605973900000000000e+07 1.000000000000000000e+00 6.500000000000000000e+01 3.439783411845371120e+03 1.721626328325504801e+03 1.103797999999999956e+04 0.000000000000000000e+00 6.188364598554979779e+00 1.078999999999999915e+01
1.242154180000000000e+08 1.000000000000000000e+00 6.600000000000000000e+01 4.692403411845371920e+03 9.453022283255049842e+02 1.452268000000000029e+04 0.000000000000000000e+00 6.014517731547178059e+00 6.099999999999999867e-02
1.242163160000000000e+08 1.000000000000000000e+00 6.600000000000000000e+01 4.679793411845371338e+03 9.515821283255054368e+02 1.454407999999999993e+04 0.000000000000000000e+00 4.975487614516043600e+00 1.078999999999999915e+01
1.242163160000000000e+08 1.000000000000000000e+00 6.600000000000000000e+01 4.679793411845371338e+03 9.515821283255054368e+02 1.454407999999999993e+04 0.000000000000000000e+00 4.975487614516043600e+00 2.142710000000000115e+00
1.242163160000000000e+08 1.000000000000000000e+00 6.600000000000000000e+01 4.679793411845371338e+03 9.515821283255054368e+02 1.454407999999999993e+04 0.000000000000000000e+00 4.975487614516043600e+00 1.531390000000000029e+00
9.605973900000000000e+07 1.000000000000000000e+00 6.500000000000000000e+01 3.439783411845371120e+03 1.721626328325504801e+03 1.103797999999999956e+04 0.000000000000000000e+00 6.188364598554979779e+00 6.899370000000000225e+00
7.364021500000000000e+07 1.000000000000000000e+00 6.600000000000000000e+01 2.246233411845370028e+03 1.755445328325504306e+03 8.781850000000000364e+03 0.000000000000000000e+00 2.805467648172669026e+00 1.078999999999999915e+01
7.364021500000000000e+07 1.000000000000000000e+00 6.600000000000000000e+01 2.245473411845371629e+03 1.757506328325505820e+03 8.780100000000000364e+03 0.000000000000000000e+00 2.771471516166739146e+00 1.339000000000000057e+01
7.364021500000000000e+07 1.000000000000000000e+00 6.600000000000000000e+01 2.245503411845370465e+03 1.756336328325505747e+03 8.779479999999999563e+03 0.000000000000000000e+00 1.725907527637812633e+00 9.199999999999999845e-02
7.364021500000000000e+07 1.000000000000000000e+00 6.600000000000000000e+01 2.245473411845371629e+03 1.756154328325505048e+03 8.779319999999999709e+03 0.000000000000000000e+00 1.534564489603675641e+00 6.099999999999999867e-02
7.363846700000000000e+07 1.000000000000000000e+00 6.600000000000000000e+01 2.267543411845371338e+03 1.752841328325504946e+03 8.782670000000000073e+03 0.000000000000000000e+00 1.270566763243619945e+00 2.400000000000000050e-02
7.363846700000000000e+07 0.000000000000000000e+00 6.600000000000000000e+01 2.270843411845370611e+03 1.750683328325505499e+03 8.778420000000000073e+03 0.000000000000000000e+00 1.193172859166512945e+00 9.199999999999999845e-02
7.363854600000000000e+07 1.000000000000000000e+00 6.600000000000000000e+01 2.263933411845370756e+03 1.758907328325505659e+03 8.780760000000000218e+03 0.000000000000000000e+00 8.902671327285617275e-01 6.099999999999999867e-02
7.363854200000000000e+07 0.000000000000000000e+00 6.600000000000000000e+01 2.278413411845370319e+03 1.766185328325505907e+03 8.772880000000001019e+03 0.000000000000000000e+00 1.835063173352976751e+00 4.169999999999999818e-01
7.363854300000000000e+07 1.000000000000000000e+00 6.600000000000000000e+01 2.282053411845371556e+03 1.762273328325505645e+03 8.771459999999999127e+03 0.000000000000000000e+00 2.480398102807021665e+00 2.400000000000000050e-02
7.363742200000000000e+07 1.000000000000000000e+00 6.600000000000000000e+01 2.283873411845371265e+03 1.762179328325504684e+03 8.772239999999999782e+03 0.000000000000000000e+00 3.042976529005095188e+00 6.099999999999999867e-02
7.363854200000000000e+07 1.000000000000000000e+00 6.600000000000000000e+01 2.285223411845371629e+03 1.764251328325504801e+03 8.765469999999999345e+03 0.000000000000000000e+00 3.612356118259810511e+00 9.199999999999999845e-02
7.363854200000000000e+07 1.000000000000000000e+00 6.600000000000000000e+01 2.285253411845370465e+03 1.764311328325506111e+03 8.765280000000000655e+03 0.000000000000000000e+00 3.637827488336552229e+00 4.169999999999999818e-01
7.363854200000000000e+07 1.000000000000000000e+00 6.600000000000000000e+01 2.285303411845371556e+03 1.764362328325505587e+03 8.765139999999999418e+03 0.000000000000000000e+00 3.670525889929884933e+00 9.199999999999999845e-02
7.363742500000000000e+07 1.000000000000000000e+00 6.500000000000000000e+01 2.286033411845371120e+03 1.763822328325504714e+03 8.767450000000000728e+03 0.000000000000000000e+00 4.194106372887083545e+00 2.400000000000000050e-02
7.363742300000000000e+07 1.000000000000000000e+00 6.500000000000000000e+01 2.286763411845370683e+03 1.771913328325505063e+03 8.773610000000000582e+03 0.000000000000000000e+00 2.689420944843170513e+00 1.078999999999999915e+01
7.363742300000000000e+07 1.000000000000000000e+00 6.500000000000000000e+01 2.286763411845370683e+03 1.771913328325505063e+03 8.773610000000000582e+03 0.000000000000000000e+00 2.689420944843170513e+00 3.717379999999999907e+00
7.363742300000000000e+07 1.000000000000000000e+00 6.500000000000000000e+01 2.286763411845370683e+03 1.771913328325505063e+03 8.773610000000000582e+03 0.000000000000000000e+00 2.689420944843170513e+00 6.494959999999999622e-01
7.364021500000000000e+07 1.000000000000000000e+00 6.600000000000000000e+01 2.245473411845371629e+03 1.757506328325505820e+03 8.780100000000000364e+03 0.000000000000000000e+00 2.771471516166739146e+00 2.191300000000000026e+00
7.364021500000000000e+07 1.000000000000000000e+00 6.600000000000000000e+01 2.246233411845370028e+03 1.755445328325504306e+03 8.781850000000000364e+03 0.000000000000000000e+00 2.805467648172669026e+00 3.922829999999999817e+00
6.228102900000000000e+07 1.000000000000000000e+00 6.500000000000000000e+01 1.678003411845370465e+03 1.746711328325505747e+03 7.444647700000000441e+03 0.000000000000000000e+00 8.303859949816279951e+00 1.078999999999999915e+01
6.228102900000000000e+07 1.000000000000000000e+00 6.500000000000000000e+01 1.678003411845370465e+03 1.746711328325505747e+03 7.444647700000000441e+03 0.000000000000000000e+00 8.303859949816279951e+00 5.203520000000000145e+00
5.097518700000000000e+07 1.000000000000000000e+00 6.600000000000000000e+01 1.170626411845371877e+03 1.723829328325506140e+03 6.121010000000000218e+03 0.000000000000000000e+00 9.425470058955944808e+00 1.339000000000000057e+01
5.097518900000000000e+07 1.000000000000000000e+00 6.600000000000000000e+01 1.163017411845371498e+03 1.735698328325504917e+03 6.127399999999999636e+03 0.000000000000000000e+00 6.093687524632064978e+00 1.078999999999999915e+01
5.097518900000000000e+07 1.000000000000000000e+00 6.600000000000000000e+01 1.161335411845370800e+03 1.738655328325505252e+03 6.129470000000000255e+03 0.000000000000000000e+00 6.533910859283415640e+00 1.078999999999999915e+01
5.097519000000000000e+07 1.000000000000000000e+00 6.600000000000000000e+01 1.159063411845371775e+03 1.741276328325504437e+03 6.131029999999999745e+03 0.000000000000000000e+00 8.673095610018302537e+00 1.078999999999999915e+01
5.097511300000000000e+07 1.000000000000000000e+00 6.500000000000000000e+01 1.149956411845371804e+03 1.751760328325504815e+03 6.143720000000000255e+03 0.000000000000000000e+00 8.472426006894471229e+00 1.605000000000000071e+01
5.097511800000000000e+07 1.000000000000000000e+00 6.600000000000000000e+01 1.146592411845370407e+03 1.754152328325504641e+03 6.147390000000000327e+03 0.000000000000000000e+00 5.221101872765521179e+00 1.078999999999999915e+01
5.097511800000000000e+07 1.000000000000000000e+00 6.600000000000000000e+01 1.145819411845371178e+03 1.755530328325505252e+03 6.148760000000000218e+03 0.000000000000000000e+00 3.974966857464529824e+00 1.078999999999999915e+01
5.097511300000000000e+07 1.000000000000000000e+00 6.500000000000000000e+01 1.146907411845370916e+03 1.748699328325505121e+03 6.149219999999999345e+03 0.000000000000000000e+00 1.697948173676384398e+00 1.339000000000000057e+01
5.097511300000000000e+07 1.000000000000000000e+00 6.500000000000000000e+01 1.146576411845370785e+03 1.747815328325505106e+03 6.149199999999999818e+03 0.000000000000000000e+00 1.879065161020477381e+00 1.078999999999999915e+01
5.097511200000000000e+07 1.000000000000000000e+00 6.500000000000000000e+01 1.145386411845370276e+03 1.741327328325505732e+03 6.148909999999999854e+03 0.000000000000000000e+00 2.400833345543413433e+00 1.339000000000000057e+01
5.097511300000000000e+07 1.000000000000000000e+00 6.500000000000000000e+01 1.146228411845370829e+03 1.747015328325505834e+03 6.147000000000000000e+03 0.000000000000000000e+00 3.942249546746952049e+00 1.339000000000000057e+01
5.097511300000000000e+07 1.000000000000000000e+00 6.500000000000000000e+01 1.146228411845370829e+03 1.747015328325505834e+03 6.147000000000000000e+03 0.000000000000000000e+00 3.942249546746952049e+00 5.940349999999999575e+00
5.097511300000000000e+07 1.000000000000000000e+00 6.500000000000000000e+01 1.146228411845370829e+03 1.747015328325505834e+03 6.147000000000000000e+03 0.000000000000000000e+00 3.942249546746952049e+00 5.640600000000000058e+00
5.097511200000000000e+07 1.000000000000000000e+00 6.500000000000000000e+01 1.145386411845370276e+03 1.741327328325505732e+03 6.148909999999999854e+03 0.000000000000000000e+00 2.400833345543413433e+00 5.085709999999999731e+00
5.097511300000000000e+07 1.000000000000000000e+00 6.500000000000000000e+01 1.146576411845370785e+03 1.747815328325505106e+03 6.149199999999999818e+03 0.000000000000000000e+00 1.879065161020477381e+00 1.195210000000000106e+00
5.097519500000000000e+07 1.000000000000000000e+00 6.500000000000000000e+01 1.166766411845371294e+03 1.740548328325505281e+03 6.146250000000000000e+03 0.000000000000000000e+00 2.134021013532031663e+00 1.339000000000000057e+01
5.097519500000000000e+07 1.000000000000000000e+00 6.500000000000000000e+01 1.166766411845371294e+03 1.740548328325505281e+03 6.146250000000000000e+03 0.000000000000000000e+00 2.134021013532031663e+00 6.542559999999999931e+00
5.097519500000000000e+07 1.000000000000000000e+00 6.500000000000000000e+01 1.166766411845371294e+03 1.740548328325505281e+03 6.146250000000000000e+03 0.000000000000000000e+00 2.134021013532031663e+00 1.352540000000000076e+00
5.097511200000000000e+07 1.000000000000000000e+00 6.500000000000000000e+01 1.145732411845371644e+03 1.744310328325505907e+03 6.142840000000000146e+03 0.000000000000000000e+00 8.108294860205100818e+00 1.376999999999999957e+01
5.097511200000000000e+07 1.000000000000000000e+00 6.500000000000000000e+01 1.145732411845371644e+03 1.744310328325505907e+03 6.142840000000000146e+03 0.000000000000000000e+00 8.108294860205100818e+00 4.112750000000000128e+00
5.097511200000000000e+07 1.000000000000000000e+00 6.500000000000000000e+01 1.151369411845370450e+03 1.746028328325504845e+03 6.142430000000000291e+03 0.000000000000000000e+00 7.614815059974417544e+00 6.099999999999999867e-02
5.097511200000000000e+07 1.000000000000000000e+00 6.500000000000000000e+01 1.140701411845370785e+03 1.743814328325504903e+03 6.146239999999999782e+03 0.000000000000000000e+00 6.062476674708314306e+00 9.199999999999999845e-02
5.097511000000000000e+07 1.000000000000000000e+00 6.600000000000000000e+01 1.137971411845371222e+03 1.739161328325504655e+03 6.155020000000000437e+03 0.000000000000000000e+00 1.639666870020343392e+00 9.199999999999999845e-02
5.097592000000000000e+07 1.000000000000000000e+00 6.600000000000000000e+01 1.127038411845370319e+03 1.732510328325504815e+03 6.160680000000000291e+03 0.000000000000000000e+00 1.781826939201293980e+00 4.169999999999999818e-01
5.097511000000000000e+07 1.000000000000000000e+00 6.600000000000000000e+01 1.129558411845370756e+03 1.738031328325505456e+03 6.154270000000000437e+03 0.000000000000000000e+00 2.146692021470055778e+00 9.199999999999999845e-02
5.097592000000000000e+07 1.000000000000000000e+00 6.600000000000000000e+01 1.128944411845371178e+03 1.730807328325505296e+03 6.158100000000000364e+03 0.000000000000000000e+00 7.981217302819426651e-01 9.199999999999999845e-02
5.097507200000000000e+07 1.000000000000000000e+00 6.500000000000000000e+01 1.122205411845371600e+03 1.723234328325504976e+03 6.155840000000000146e+03 0.000000000000000000e+00 2.568051984890741046e+00 9.199999999999999845e-02
5.097583800000000000e+07 1.000000000000000000e+00 6.500000000000000000e+01 1.124613411845371047e+03 1.720517328325504423e+03 6.157079999999999927e+03 0.000000000000000000e+00 4.097843816784513038e+00 6.099999999999999867e-02
5.097507200000000000e+07 0.000000000000000000e+00 6.500000000000000000e+01 1.122038411845370319e+03 1.724769328325504830e+03 6.146940000000000509e+03 0.000000000000000000e+00 5.442676761118883988e+00 2.400000000000000050e-02
5.097510700000000000e+07 1.000000000000000000e+00 6.500000000000000000e+01 1.130275411845371309e+03 1.722785328325504452e+03 6.154710000000000036e+03 0.000000000000000000e+00 3.336709273342048920e+00 2.400000000000000050e-02
5.097510700000000000e+07 0.000000000000000000e+00 6.500000000000000000e+01 1.134088411845371411e+03 1.725158328325505863e+03 6.152100000000000364e+03 0.000000000000000000e+00 1.067655466462749336e+00 9.199999999999999845e-02
5.097510700000000000e+07 0.000000000000000000e+00 6.500000000000000000e+01 1.134211411845371003e+03 1.725405328325505252e+03 6.151699999999999818e+03 0.000000000000000000e+00 7.438958944836591147e-01 6.099999999999999867e-02
5.097511100000000000e+07 1.000000000000000000e+00 6.600000000000000000e+01 1.138991411845371658e+03 1.739659328325504248e+03 6.161600000000000364e+03 0.000000000000000000e+00 2.694155205120450702e+00 6.099999999999999867e-02
5.097591900000000000e+07 0.000000000000000000e+00 6.600000000000000000e+01 1.128311411845371367e+03 1.736031328325505456e+03 6.167869999999999891e+03 0.000000000000000000e+00 2.348759942705286097e+00 6.099999999999999867e-02
5.097591800000000000e+07 0.000000000000000000e+00 6.600000000000000000e+01 1.127207411845370189e+03 1.736205328325504524e+03 6.161100000000000364e+03 0.000000000000000000e+00 1.037991996381578241e+00 2.400000000000000050e-02
5.097591700000000000e+07 0.000000000000000000e+00 6.500000000000000000e+01 1.124646411845370494e+03 1.737072328325504714e+03 6.156699999999999818e+03 0.000000000000000000e+00 3.793502525799123060e+00 4.169999999999999818e-01
5.097591400000000000e+07 1.000000000000000000e+00 6.500000000000000000e+01 1.109735411845370436e+03 1.738141328325504219e+03 6.147840000000000146e+03 0.000000000000000000e+00 1.509475613773161529e+00 2.039999999999999869e-01
5.097506800000000000e+07 0.000000000000000000e+00 6.600000000000000000e+01 1.106353411845370829e+03 1.729300328325505689e+03 6.151819999999999709e+03 0.000000000000000000e+00 1.277170004814737192e+00 9.199999999999999845e-02
5.097583600000000000e+07 1.000000000000000000e+00 6.600000000000000000e+01 1.107377411845370261e+03 1.720871328325505601e+03 6.149110000000000582e+03 0.000000000000000000e+00 2.382018295104503469e+00 2.400000000000000050e-02
5.097584000000000000e+07 0.000000000000000000e+00 6.500000000000000000e+01 1.112168411845371338e+03 1.711212328325504131e+03 6.155170000000000073e+03 0.000000000000000000e+00 9.206768636236940528e-01 9.199999999999999845e-02
5.097584500000000000e+07 0.000000000000000000e+00 6.500000000000000000e+01 1.114594411845370814e+03 1.700698328325504917e+03 6.168340000000000146e+03 0.000000000000000000e+00 1.087383846053843417e+00 4.169999999999999818e-01
5.097584200000000000e+07 0.000000000000000000e+00 6.600000000000000000e+01 1.122094411845370814e+03 1.711726328325505165e+03 6.163039999999999964e+03 0.000000000000000000e+00 1.899493382678007602e+00 6.099999999999999867e-02
5.097525700000000000e+07 1.000000000000000000e+00 6.600000000000000000e+01 1.134691411845370567e+03 1.707415328325505470e+03 6.152780000000000655e+03 0.000000000000000000e+00 7.618128789673765944e+00 2.039999999999999869e-01
5.097584100000000000e+07 0.000000000000000000e+00 6.600000000000000000e+01 1.118091411845370203e+03 1.711628328325505208e+03 6.159690000000000509e+03 0.000000000000000000e+00 2.678650262529393089e+00 9.199999999999999845e-02
5.097584100000000000e+07 0.000000000000000000e+00 6.600000000000000000e+01 1.117980411845371236e+03 1.711511328325505019e+03 6.159380000000000109e+03 0.000000000000000000e+00 2.371391526320933973e+00 9.199999999999999845e-02
5.097584100000000000e+07 0.000000000000000000e+00 6.500000000000000000e+01 1.116690411845370363e+03 1.711124328325504393e+03 6.157980000000000473e+03 0.000000000000000000e+00 1.469132068941082059e+00 2.400000000000000050e-02
5.097584000000000000e+07 1.000000000000000000e+00 6.500000000000000000e+01 1.111673411845370538e+03 1.712779328325505048e+03 6.157829999999999927e+03 0.000000000000000000e+00 6.227005413445759752e-01 4.169999999999999818e-01
5.097584100000000000e+07 0.000000000000000000e+00 6.500000000000000000e+01 1.112223411845371629e+03 1.709260328325504815e+03 6.156539999999999964e+03 0.000000000000000000e+00 1.137252145360712730e+00 4.169999999999999818e-01
5.097584200000000000e+07 0.000000000000000000e+00 6.500000000000000000e+01 1.113668411845371338e+03 1.705054328325504684e+03 6.158300000000000182e+03 0.000000000000000000e+00 6.463453054854195745e-01 9.199999999999999845e-02
5.097584300000000000e+07 0.000000000000000000e+00 6.500000000000000000e+01 1.113747411845371062e+03 1.704912328325504859e+03 6.164319999999999709e+03 0.000000000000000000e+00 1.939657349653713725e+00 6.099999999999999867e-02
5.097584300000000000e+07 0.000000000000000000e+00 6.500000000000000000e+01 1.114879411845370669e+03 1.706444328325505921e+03 6.165979999999999563e+03 0.000000000000000000e+00 2.895772546546477422e+00 6.099999999999999867e-02
5.097584500000000000e+07 1.000000000000000000e+00 6.600000000000000000e+01 1.117388411845370683e+03 1.719865328325504379e+03 6.172610000000000582e+03 0.000000000000000000e+00 8.495947735331814243e+00 2.400000000000000050e-02
5.097584500000000000e+07 1.000000000000000000e+00 6.600000000000000000e+01 1.117420411845371746e+03 1.718696328325504510e+03 6.176100000000000364e+03 0.000000000000000000e+00 8.024262773274946525e+00 2.400000000000000050e-02
5.097584500000000000e+07 1.000000000000000000e+00 6.600000000000000000e+01 1.117399411845371105e+03 1.718573328325504917e+03 6.176260000000000218e+03 0.000000000000000000e+00 7.987858210371157952e+00 9.199999999999999845e-02
5.097584500000000000e+07 1.000000000000000000e+00 6.600000000000000000e+01 1.126488411845371047e+03 1.712848328325504554e+03 6.180239999999999782e+03 0.000000000000000000e+00 5.496858724485240266e+00 4.169999999999999818e-01
5.097584300000000000e+07 1.000000000000000000e+00 6.600000000000000000e+01 1.129944411845371178e+03 1.717169328325504466e+03 6.168930000000000291e+03 0.000000000000000000e+00 4.125358882624106549e+00 9.199999999999999845e-02
5.097510800000000000e+07 1.000000000000000000e+00 6.500000000000000000e+01 1.140228411845370829e+03 1.721952328325505732e+03 6.163579999999999927e+03 0.000000000000000000e+00 5.532080977121558441e+00 9.199999999999999845e-02
5.097510800000000000e+07 1.000000000000000000e+00 6.500000000000000000e+01 1.143230411845371236e+03 1.723721328325505965e+03 6.162770000000000437e+03 0.000000000000000000e+00 3.202708952394590636e+00 2.400000000000000050e-02
5.097510700000000000e+07 1.000000000000000000e+00 6.500000000000000000e+01 1.133160411845371527e+03 1.725765328325505834e+03 6.161029999999999745e+03 0.000000000000000000e+00 3.007005734566074118e+00 9.199999999999999845e-02
5.097510700000000000e+07 1.000000000000000000e+00 6.500000000000000000e+01 1.132248411845371265e+03 1.724894328325504830e+03 6.160420000000000073e+03 0.000000000000000000e+00 2.813637243626966544e+00 2.039999999999999869e-01
5.097510700000000000e+07 1.000000000000000000e+00 6.500000000000000000e+01 1.132248411845371265e+03 1.724894328325504830e+03 6.160420000000000073e+03 0.000000000000000000e+00 2.813637243626966544e+00 7.239799999999999791e+00
5.097519000000000000e+07 1.000000000000000000e+00 6.600000000000000000e+01 1.159063411845371775e+03 1.741276328325504437e+03 6.131029999999999745e+03 0.000000000000000000e+00 8.673095610018302537e+00 7.048470000000000013e+00
5.097518900000000000e+07 1.000000000000000000e+00 6.600000000000000000e+01 1.159324411845370378e+03 1.737555328325504888e+03 6.130100000000000364e+03 0.000000000000000000e+00 5.202319305739148803e+00 4.169999999999999818e-01
5.097518800000000000e+07 1.000000000000000000e+00 6.600000000000000000e+01 1.161116411845371658e+03 1.731123328325506009e+03 6.125239999999999782e+03 0.000000000000000000e+00 4.024914053224723176e+00 2.400000000000000050e-02
5.097518800000000000e+07 1.000000000000000000e+00 6.600000000000000000e+01 1.164323411845370174e+03 1.730715328325504743e+03 6.122689999999999600e+03 0.000000000000000000e+00 6.649481498111589062e+00 9.199999999999999845e-02
5.097510100000000000e+07 1.000000000000000000e+00 6.600000000000000000e+01 1.146178411845371556e+03 1.718265328325505834e+03 6.106770000000000437e+03 0.000000000000000000e+00 6.156187064614794480e+00 2.400000000000000050e-02
5.097510100000000000e+07 1.000000000000000000e+00 6.600000000000000000e+01 1.145137411845370480e+03 1.722014328325505630e+03 6.107039999999999964e+03 0.000000000000000000e+00 7.096962028658936106e+00 4.169999999999999818e-01
5.097510500000000000e+07 1.000000000000000000e+00 6.500000000000000000e+01 1.144802411845371353e+03 1.722723328325504554e+03 6.098760000000000218e+03 0.000000000000000000e+00 4.326306494281083381e+00 6.099999999999999867e-02
5.097510600000000000e+07 1.000000000000000000e+00 6.500000000000000000e+01 1.144241411845371658e+03 1.723665328325505470e+03 6.094460000000000036e+03 0.000000000000000000e+00 2.885436976314238677e+00 9.199999999999999845e-02
5.097510600000000000e+07 1.000000000000000000e+00 6.500000000000000000e+01 1.143934411845370960e+03 1.724180328325504888e+03 6.092110000000000582e+03 0.000000000000000000e+00 7.140475770881041795e-01 6.099999999999999867e-02
5.097529000000000000e+07 0.000000000000000000e+00 6.600000000000000000e+01 1.153963411845371411e+03 1.730350328325504961e+03 6.087619999999999891e+03 0.000000000000000000e+00 2.537481820756296802e+00 8.349999999999999645e-01
5.097529100000000000e+07 0.000000000000000000e+00 6.600000000000000000e+01 1.151275411845371309e+03 1.731466328325504946e+03 6.084260000000000218e+03 0.000000000000000000e+00 2.827893475657916156e+00 6.099999999999999867e-02
5.097662700000000000e+07 1.000000000000000000e+00 6.500000000000000000e+01 1.155086411845371003e+03 1.726722328325506169e+03 6.072119999999999891e+03 0.000000000000000000e+00 7.978875022264564798e+00 6.099999999999999867e-02
5.097662700000000000e+07 1.000000000000000000e+00 6.500000000000000000e+01 1.153995411845370654e+03 1.725862328325505587e+03 6.068699999999999818e+03 0.000000000000000000e+00 8.810334298677370057e+00 2.400000000000000050e-02
5.097662700000000000e+07 1.000000000000000000e+00 6.500000000000000000e+01 1.153906411845370712e+03 1.725713328325504335e+03 6.068399999999999636e+03 0.000000000000000000e+00 9.009495751982608880e+00 6.099999999999999867e-02
5.097662800000000000e+07 1.000000000000000000e+00 6.500000000000000000e+01 1.154215411845371818e+03 1.733898328325505645e+03 6.071289999999999964e+03 0.000000000000000000e+00 3.632943223531433397e+00 9.199999999999999845e-02
5.097529600000000000e+07 1.000000000000000000e+00 6.500000000000000000e+01 1.157419411845371542e+03 1.737556328325505092e+03 6.069930000000000291e+03 0.000000000000000000e+00 2.717517597897818771e+00 2.039999999999999869e-01
5.097529600000000000e+07 1.000000000000000000e+00 6.500000000000000000e+01 1.156461411845371003e+03 1.740367328325504786e+03 6.068639999999999418e+03 0.000000000000000000e+00 4.019117645099130165e+00 2.400000000000000050e-02
5.097663000000000000e+07 1.000000000000000000e+00 6.500000000000000000e+01 1.152785411845371527e+03 1.741629328325505412e+03 6.068559999999999491e+03 0.000000000000000000e+00 2.439725250778082444e+00 6.099999999999999867e-02
5.097662800000000000e+07 0.000000000000000000e+00 6.600000000000000000e+01 1.141192411845370771e+03 1.741739328325505994e+03 6.071050000000000182e+03 0.000000000000000000e+00 1.114751370301851452e+00 2.400000000000000050e-02
5.097662800000000000e+07 0.000000000000000000e+00 6.600000000000000000e+01 1.142899411845371105e+03 1.741646328325505237e+03 6.072979999999999563e+03 0.000000000000000000e+00 1.541199905985192187e+00 9.199999999999999845e-02
5.097663000000000000e+07 0.000000000000000000e+00 6.500000000000000000e+01 1.147821411845371586e+03 1.745400328325506052e+03 6.076229999999999563e+03 0.000000000000000000e+00 7.982890094670820336e-01 4.169999999999999818e-01
5.097663100000000000e+07 1.000000000000000000e+00 6.500000000000000000e+01 1.148673411845370538e+03 1.750175328325505689e+03 6.076069999999999709e+03 0.000000000000000000e+00 1.611745677070087313e+00 4.169999999999999818e-01
5.097663200000000000e+07 1.000000000000000000e+00 6.500000000000000000e+01 1.148347411845371425e+03 1.752711328325505747e+03 6.077369999999999891e+03 0.000000000000000000e+00 4.298624487696700025e-01 6.099999999999999867e-02
5.097663200000000000e+07 1.000000000000000000e+00 6.500000000000000000e+01 1.147633411845371484e+03 1.753320328325504306e+03 6.077850000000000364e+03 0.000000000000000000e+00 5.998732901738278445e-01 2.039999999999999869e-01
5.097637900000000000e+07 1.000000000000000000e+00 6.600000000000000000e+01 1.155637411845370480e+03 1.773196328325504510e+03 6.073010000000000218e+03 0.000000000000000000e+00 2.903619797672004399e+00 2.039999999999999869e-01
5.097654700000000000e+07 1.000000000000000000e+00 6.600000000000000000e+01 1.158880411845370872e+03 1.771872328325505805e+03 6.087760000000000218e+03 0.000000000000000000e+00 1.184212313730306221e+00 9.199999999999999845e-02
5.097654700000000000e+07 1.000000000000000000e+00 6.600000000000000000e+01 1.160487411845370843e+03 1.772912328325504859e+03 6.085819999999999709e+03 0.000000000000000000e+00 2.734709617052649033e+00 2.039999999999999869e-01
5.097637400000000000e+07 1.000000000000000000e+00 6.500000000000000000e+01 1.156712411845371207e+03 1.779243328325504990e+03 6.082239999999999782e+03 0.000000000000000000e+00 4.666853492907925727e+00 6.099999999999999867e-02
5.097637400000000000e+07 1.000000000000000000e+00 6.500000000000000000e+01 1.155972411845371425e+03 1.779258328325504408e+03 6.083539999999999964e+03 0.000000000000000000e+00 4.712118775968970219e+00 2.039999999999999869e-01
5.097637400000000000e+07 1.000000000000000000e+00 6.500000000000000000e+01 1.155972411845371425e+03 1.779258328325504408e+03 6.083539999999999964e+03 0.000000000000000000e+00 4.712118775968970219e+00 7.386689999999999756e+00
5.097518800000000000e+07 1.000000000000000000e+00 6.600000000000000000e+01 1.163568411845370974e+03 1.735367328325504786e+03 6.125949999999999818e+03 0.000000000000000000e+00 7.146838213673639473e+00 2.400000000000000050e-02
5.097673000000000000e+07 1.000000000000000000e+00 6.600000000000000000e+01 1.166893411845371702e+03 1.737002328325505005e+03 6.123180000000000291e+03 0.000000000000000000e+00 6.882718934811314249e+00 9.199999999999999845e-02
5.097519800000000000e+07 1.000000000000000000e+00 6.600000000000000000e+01 1.171482411845371644e+03 1.749573328325504917e+03 6.133310000000000400e+03 0.000000000000000000e+00 4.881607441107326473e+00 2.400000000000000050e-02
5.097520000000000000e+07 1.000000000000000000e+00 6.600000000000000000e+01 1.163620411845370654e+03 1.762839328325504539e+03 6.148079999999999927e+03 0.000000000000000000e+00 7.878461330254842743e+00 4.169999999999999818e-01
5.097520600000000000e+07 1.000000000000000000e+00 6.500000000000000000e+01 1.168940411845370363e+03 1.777992328325504786e+03 6.147859999999999673e+03 0.000000000000000000e+00 2.296365447416339300e+00 6.099999999999999867e-02
5.097512600000000000e+07 1.000000000000000000e+00 6.600000000000000000e+01 1.163533411845371120e+03 1.782882328325506023e+03 6.153389999999999418e+03 0.000000000000000000e+00 6.471058752614350373e-01 4.169999999999999818e-01
5.097512600000000000e+07 1.000000000000000000e+00 6.600000000000000000e+01 1.165173411845370538e+03 1.790545328325504670e+03 6.155989999999999782e+03 0.000000000000000000e+00 5.516886462328800533e+00 6.099999999999999867e-02
5.097512900000000000e+07 1.000000000000000000e+00 6.500000000000000000e+01 1.161699411845370378e+03 1.793779328325505048e+03 6.147869999999999891e+03 0.000000000000000000e+00 4.487811560025629198e+00 2.400000000000000050e-02
5.097512900000000000e+07 1.000000000000000000e+00 6.500000000000000000e+01 1.161699411845370378e+03 1.793779328325505048e+03 6.147869999999999891e+03 0.000000000000000000e+00 4.487811560025629198e+00 7.386389999999999567e+00
5.097673100000000000e+07 1.000000000000000000e+00 6.600000000000000000e+01 1.170202411845370989e+03 1.726912328325504859e+03 6.119780000000000655e+03 0.000000000000000000e+00 9.904887463159393945e+00 9.199999999999999845e-02
5.097673100000000000e+07 1.000000000000000000e+00 6.600000000000000000e+01 1.170898411845370902e+03 1.727032328325505659e+03 6.121329999999999927e+03 0.000000000000000000e+00 9.034159338019584595e+00 2.039999999999999869e-01
5.097518900000000000e+07 1.000000000000000000e+00 6.500000000000000000e+01 1.172016411845371294e+03 1.718778328325504845e+03 6.129579999999999927e+03 0.000000000000000000e+00 5.814375812224787055e+00 4.169999999999999818e-01
5.097518900000000000e+07 1.000000000000000000e+00 6.500000000000000000e+01 1.172307411845370552e+03 1.718155328325505252e+03 6.126270000000000437e+03 0.000000000000000000e+00 9.067192668417096257e+00 9.199999999999999845e-02
5.097518900000000000e+07 1.000000000000000000e+00 6.500000000000000000e+01 1.170881411845371076e+03 1.717650328325506052e+03 6.126420000000000073e+03 0.000000000000000000e+00 8.974843257374448768e+00 4.169999999999999818e-01
5.097518900000000000e+07 1.000000000000000000e+00 6.500000000000000000e+01 1.170881411845371076e+03 1.717650328325506052e+03 6.126420000000000073e+03 0.000000000000000000e+00 8.974843257374448768e+00 7.308029999999999582e+00
3.961351200000000000e+07 1.000000000000000000e+00 6.600000000000000000e+01 8.264344118453709598e+02 1.506900328325505143e+03 4.790180000000000291e+03 0.000000000000000000e+00 6.243551846494675317e+00 2.400000000000000050e-02
3.961351600000000000e+07 1.000000000000000000e+00 6.500000000000000000e+01 8.293164118453705669e+02 1.493975328325504961e+03 4.797880000000000109e+03 0.000000000000000000e+00 9.408689757107843832e+00 2.400000000000000050e-02
3.961351600000000000e+07 1.000000000000000000e+00 6.500000000000000000e+01 8.291094118453711417e+02 1.494018328325505536e+03 4.797859999999999673e+03 0.000000000000000000e+00 9.435838302848779335e+00 5.000000000000000000e-01
3.961254500000000000e+07 1.000000000000000000e+00 6.500000000000000000e+01 8.381444118453709962e+02 1.510850328325504961e+03 4.801090000000000146e+03 0.000000000000000000e+00 7.801433845982495896e+00 6.099999999999999867e-02
3.961254000000000000e+07 1.000000000000000000e+00 6.600000000000000000e+01 8.507224118453714254e+02 1.513721328325505056e+03 4.812629999999999200e+03 0.000000000000000000e+00 8.635968154614573677e+00 4.169999999999999818e-01
3.961253900000000000e+07 1.000000000000000000e+00 6.600000000000000000e+01 8.590114118453711853e+02 1.516902328325505550e+03 4.814729999999999563e+03 0.000000000000000000e+00 6.972207642744365330e+00 4.169999999999999818e-01
3.961253900000000000e+07 1.000000000000000000e+00 6.600000000000000000e+01 8.590114118453711853e+02 1.516902328325505550e+03 4.814729999999999563e+03 0.000000000000000000e+00 6.972207642744365330e+00 7.203680000000000305e+00
3.387820300000000000e+07 1.000000000000000000e+00 6.500000000000000000e+01 6.244134118453712290e+02 1.379526328325505347e+03 3.823460000000000491e+03 0.000000000000000000e+00 9.327354279552528382e+00 4.600000000000000200e-01
3.387820300000000000e+07 1.000000000000000000e+00 6.500000000000000000e+01 6.266164118453707488e+02 1.379381328325504910e+03 3.825500000000000000e+03 0.000000000000000000e+00 7.824439343019903959e+00 9.199999999999999845e-02
3.387820800000000000e+07 1.000000000000000000e+00 6.600000000000000000e+01 6.287064118453708943e+02 1.381061328325505201e+03 3.830170000000000073e+03 0.000000000000000000e+00 7.005340841400660601e+00 9.199999999999999845e-02
3.387820800000000000e+07 1.000000000000000000e+00 6.600000000000000000e+01 6.306174118453709525e+02 1.384777328325505550e+03 3.833030000000000200e+03 0.000000000000000000e+00 5.769595973060908989e+00 6.099999999999999867e-02
3.387820800000000000e+07 1.000000000000000000e+00 6.600000000000000000e+01 6.324244118453707415e+02 1.387267328325505332e+03 3.833530000000000200e+03 0.000000000000000000e+00 6.883742613037404645e+00 9.199999999999999845e-02
3.387820800000000000e+07 1.000000000000000000e+00 6.600000000000000000e+01 6.325874118453712072e+02 1.383100328325504961e+03 3.830190000000000055e+03 0.000000000000000000e+00 4.764267830356812894e+00 1.000000000000000021e-02
3.387820300000000000e+07 1.000000000000000000e+00 6.500000000000000000e+01 6.298564118453714400e+02 1.378590328325504743e+03 3.822909999999999854e+03 0.000000000000000000e+00 4.245022541712316411e+00 4.169999999999999818e-01
1.133695300000000000e+07 1.000000000000000000e+00 6.600000000000000000e+01 3.024032918453713137e+02 1.048853728325505472e+03 1.429659999999999854e+03 0.000000000000000000e+00 3.431493914696814418e+00 6.653100000000000236e+00
1.133569700000000000e+07 1.000000000000000000e+00 6.500000000000000000e+01 3.092035418453706370e+02 1.037802228325504984e+03 1.398880000000000109e+03 0.000000000000000000e+00 3.902081064942738209e+00 1.078999999999999915e+01
1.133569700000000000e+07 1.000000000000000000e+00 6.500000000000000000e+01 3.079164498453710621e+02 1.040094828325504750e+03 1.398829999999999927e+03 0.000000000000000000e+00 2.742116730387157642e+00 4.169999999999999818e-01
1.133569700000000000e+07 1.000000000000000000e+00 6.500000000000000000e+01 3.090174318453709930e+02 1.038406228325505253e+03 1.394399999999999636e+03 0.000000000000000000e+00 3.656610468044144913e+00 9.199999999999999845e-02
1.133569800000000000e+07 1.000000000000000000e+00 6.500000000000000000e+01 3.060624318453710657e+02 1.043468328325505354e+03 1.395989999999999782e+03 0.000000000000000000e+00 3.929138304122302916e+00 9.199999999999999845e-02
1.133569700000000000e+07 1.000000000000000000e+00 6.500000000000000000e+01 3.060733518453707802e+02 1.045051828325505085e+03 1.396439999999999600e+03 0.000000000000000000e+00 3.857024256579450139e+00 6.099999999999999867e-02
1.133569800000000000e+07 0.000000000000000000e+00 6.500000000000000000e+01 3.060731118453713862e+02 1.053562028325504798e+03 1.398840000000000146e+03 0.000000000000000000e+00 1.572495434181266916e+00 2.400000000000000050e-02
1.133569700000000000e+07 1.000000000000000000e+00 6.500000000000000000e+01 3.093546918453712351e+02 1.043050428325504981e+03 1.394409999999999854e+03 0.000000000000000000e+00 3.101324227740629880e+00 8.349999999999999645e-01
1.133678000000000000e+07 1.000000000000000000e+00 6.600000000000000000e+01 3.053841818453711312e+02 1.033448128325505422e+03 1.391110000000000582e+03 0.000000000000000000e+00 6.129374997416097592e+00 4.600000000000000200e-01
1.133678000000000000e+07 1.000000000000000000e+00 6.600000000000000000e+01 3.053841818453711312e+02 1.033448128325505422e+03 1.391110000000000582e+03 0.000000000000000000e+00 6.129374997416097592e+00 7.390390000000000015e+00
1.133569700000000000e+07 1.000000000000000000e+00 6.500000000000000000e+01 3.092035418453706370e+02 1.037802228325504984e+03 1.398880000000000109e+03 0.000000000000000000e+00 3.902081064942738209e+00 3.161630000000000162e+00
1.125463000000000000e+07 1.000000000000000000e+00 6.500000000000000000e+01 3.127784618453706571e+02 1.028405728325505152e+03 1.219689999999999600e+03 0.000000000000000000e+00 4.539701149294775639e+00 9.199999999999999845e-02
1.125462700000000000e+07 1.000000000000000000e+00 6.600000000000000000e+01 3.159179718453706300e+02 1.031633628325505015e+03 1.225430000000000291e+03 0.000000000000000000e+00 3.484809875267780743e+00 6.099999999999999867e-02
1.125463000000000000e+07 1.000000000000000000e+00 6.500000000000000000e+01 3.092369918453714490e+02 1.029751428325505003e+03 1.221369999999999891e+03 0.000000000000000000e+00 6.564434713211141137e+00 6.099999999999999867e-02
1.125462700000000000e+07 1.000000000000000000e+00 6.600000000000000000e+01 3.084738308453706850e+02 1.034807228325505093e+03 1.216739999999999782e+03 0.000000000000000000e+00 9.243395842508377314e+00 2.039999999999999869e-01
1.125462700000000000e+07 1.000000000000000000e+00 6.600000000000000000e+01 3.125017118453706644e+02 1.036458028325505438e+03 1.213510000000000218e+03 0.000000000000000000e+00 7.900256336468414631e+00 6.099999999999999867e-02
1.125462700000000000e+07 1.000000000000000000e+00 6.600000000000000000e+01 3.151276818453707165e+02 1.037344728325505457e+03 1.210720000000000255e+03 0.000000000000000000e+00 9.579508951007593254e+00 9.199999999999999845e-02
1.125462700000000000e+07 1.000000000000000000e+00 6.600000000000000000e+01 3.148621418453712977e+02 1.038177928325505491e+03 1.212199999999999818e+03 0.000000000000000000e+00 8.135725097692473540e+00 2.400000000000000050e-02
1.125462600000000000e+07 1.000000000000000000e+00 6.600000000000000000e+01 3.027038818453711428e+02 1.043242528325505191e+03 1.223889999999999418e+03 0.000000000000000000e+00 8.236666084282386890e+00 9.199999999999999845e-02
5.681548000000000000e+06 1.000000000000000000e+00 6.500000000000000000e+01 2.940185118453709947e+02 9.994286283255050876e+02 7.042699999999995271e+02 0.000000000000000000e+00 7.463841175381034532e+00 4.255080000000000418e+00
1.017765200000000000e+08 1.000000000000000000e+00 6.600000000000000000e+01 6.519464118453706760e+02 2.727417328325505878e+03 1.169354000000000087e+04 1.000000000000000000e+00 7.799181682549111150e-01 1.530000000000000000e+02
1.125457200000000000e+07 0.000000000000000000e+00 6.500000000000000000e+01 3.840981118453710224e+02 9.906707303255052466e+02 1.151029999999999745e+03 1.000000000000000000e+00 1.049373619435937099e+00 1.530000000000000000e+02
1.125647000000000000e+07 0.000000000000000000e+00 6.500000000000000000e+01 3.721136118453714516e+02 9.962745683255052427e+02 1.110899999999999636e+03 1.000000000000000000e+00 1.936587893070873534e+00 1.530000000000000000e+02
1.133532300000000000e+07 1.000000000000000000e+00 6.600000000000000000e+01 3.625408118453706265e+02 1.021108728325505581e+03 1.466359999999999673e+03 1.000000000000000000e+00 7.384912649425600106e-01 1.530000000000000000e+02
1.018236010000000000e+08 0.000000000000000000e+00 6.500000000000000000e+01 6.080614118453713672e+02 2.788467328325505150e+03 1.209423999999999978e+04 1.000000000000000000e+00 2.013119149529458252e+00 1.530000000000000000e+02
