8.912848000000000000e+06 1.000000000000000000e+00 6.500000000000000000e+01 2.265717118430466144e+03 1.226400181515388249e+04 1.037159999999999854e+03 0.000000000000000000e+00 3.975303868764232362e+00 1.078999999999999915e+01
1.097472880000000000e+08 1.000000000000000000e+00 6.500000000000000000e+01 7.825471184304660710e+02 1.345352181515388293e+04 1.286736999999999898e+04 0.000000000000000000e+00 3.182517706581941219e+00 1.078999999999999915e+01
1.097464110000000000e+08 1.000000000000000000e+00 6.500000000000000000e+01 8.245771184304658163e+02 1.345063181515388169e+04 1.286863000000000102e+04 0.000000000000000000e+00 9.252280780402390992e-01 1.339000000000000057e+01
1.108588050000000000e+08 1.000000000000000000e+00 6.600000000000000000e+01 1.012677118430466180e+03 1.333312181515388147e+04 1.307995999999999913e+04 0.000000000000000000e+00 6.336331354875415656e+00 2.400000000000000050e-02
1.108588030000000000e+08 1.000000000000000000e+00 6.600000000000000000e+01 1.017897118430466435e+03 1.332524181515388227e+04 1.308079000000000087e+04 0.000000000000000000e+00 4.658552961619617072e+00 9.199999999999999845e-02
1.108588030000000000e+08 1.000000000000000000e+00 6.600000000000000000e+01 1.016557118430466289e+03 1.332126181515388271e+04 1.308071999999999935e+04 0.000000000000000000e+00 3.500984999496950412e+00 9.199999999999999845e-02
1.108588030000000000e+08 1.000000000000000000e+00 6.600000000000000000e+01 1.016387118430466217e+03 1.332148181515388205e+04 1.308348999999999978e+04 0.000000000000000000e+00 1.403004661082554838e+00 2.400000000000000050e-02
1.108588030000000000e+08 1.000000000000000000e+00 6.600000000000000000e+01 1.016197118430465707e+03 1.332174181515388227e+04 1.308671999999999935e+04 0.000000000000000000e+00 6.218068170549856388e-01 2.039999999999999869e-01
1.108588030000000000e+08 0.000000000000000000e+00 6.600000000000000000e+01 1.015987118430466580e+03 1.332201181515388271e+04 1.309020000000000073e+04 0.000000000000000000e+00 8.003866497244995770e-01 2.400000000000000050e-02
1.108588040000000000e+08 0.000000000000000000e+00 6.600000000000000000e+01 1.017967118430466144e+03 1.332408181515388242e+04 1.309552000000000044e+04 0.000000000000000000e+00 2.333241089605460949e+00 2.400000000000000050e-02
1.108588080000000000e+08 1.000000000000000000e+00 6.500000000000000000e+01 1.010927118430466180e+03 1.334068181515388278e+04 1.308751000000000022e+04 0.000000000000000000e+00 7.382605962926068521e+00 9.199999999999999845e-02
1.108588080000000000e+08 1.000000000000000000e+00 6.500000000000000000e+01 1.010947118430465707e+03 1.334061181515388307e+04 1.308765000000000146e+04 0.000000000000000000e+00 7.373231138348822711e+00 2.039999999999999869e-01
1.108588100000000000e+08 1.000000000000000000e+00 6.500000000000000000e+01 1.016407118430466653e+03 1.335179181515388336e+04 1.309352999999999884e+04 0.000000000000000000e+00 8.910247758787992467e+00 8.349999999999999645e-01
1.108588100000000000e+08 1.000000000000000000e+00 6.500000000000000000e+01 1.019237118430466580e+03 1.335417181515388256e+04 1.309510000000000036e+04 0.000000000000000000e+00 7.485060730081505298e+00 9.199999999999999845e-02
1.108588140000000000e+08 1.000000000000000000e+00 6.600000000000000000e+01 1.024227118430466362e+03 1.335890181515388213e+04 1.308626000000000022e+04 0.000000000000000000e+00 8.672520952081187673e+00 9.199999999999999845e-02
1.108588140000000000e+08 1.000000000000000000e+00 6.600000000000000000e+01 1.025867118430465780e+03 1.335811181515388307e+04 1.308626000000000022e+04 0.000000000000000000e+00 6.897917089462291429e+00 4.169999999999999818e-01
1.108588130000000000e+08 1.000000000000000000e+00 6.600000000000000000e+01 1.025597118430466253e+03 1.335229181515388336e+04 1.308461999999999898e+04 0.000000000000000000e+00 5.188509889534055119e+00 9.199999999999999845e-02
1.108588130000000000e+08 1.000000000000000000e+00 6.600000000000000000e+01 1.028007118430466107e+03 1.334844181515388300e+04 1.308668000000000029e+04 0.000000000000000000e+00 2.634624266141942783e+00 9.199999999999999845e-02
1.108588130000000000e+08 1.000000000000000000e+00 6.600000000000000000e+01 1.028107118430465562e+03 1.334792181515388256e+04 1.308703000000000065e+04 0.000000000000000000e+00 2.982343533163703153e+00 4.169999999999999818e-01
1.108588100000000000e+08 1.000000000000000000e+00 6.500000000000000000e+01 1.024117118430465780e+03 1.335059181515388264e+04 1.308697000000000116e+04 0.000000000000000000e+00 5.294285499616492530e+00 4.169999999999999818e-01
1.108588140000000000e+08 1.000000000000000000e+00 6.600000000000000000e+01 1.035037118430465853e+03 1.335665181515388213e+04 1.308893999999999869e+04 0.000000000000000000e+00 2.004716473034284352e+00 4.169999999999999818e-01
1.108588140000000000e+08 1.000000000000000000e+00 6.600000000000000000e+01 1.035037118430465853e+03 1.335665181515388213e+04 1.308893999999999869e+04 0.000000000000000000e+00 2.004716473034284352e+00 7.374539999999999651e+00
1.108588060000000000e+08 1.000000000000000000e+00 6.600000000000000000e+01 1.011577118430466726e+03 1.334113181515388351e+04 1.309105999999999949e+04 0.000000000000000000e+00 8.005024644367580322e+00 9.199999999999999845e-02
1.108588090000000000e+08 0.000000000000000000e+00 6.500000000000000000e+01 1.027047118430466071e+03 1.333892181515388256e+04 1.308948999999999978e+04 0.000000000000000000e+00 2.513586134921318216e+00 2.400000000000000050e-02
1.108588120000000000e+08 1.000000000000000000e+00 6.600000000000000000e+01 1.035377118430465998e+03 1.333992181515388256e+04 1.308312999999999920e+04 0.000000000000000000e+00 5.394201316915841815e+00 1.078999999999999915e+01
1.108588120000000000e+08 1.000000000000000000e+00 6.600000000000000000e+01 1.035377118430465998e+03 1.333992181515388256e+04 1.308312999999999920e+04 0.000000000000000000e+00 5.394201316915841815e+00 2.094339999999999868e+00
1.108588120000000000e+08 1.000000000000000000e+00 6.600000000000000000e+01 1.035377118430465998e+03 1.333992181515388256e+04 1.308312999999999920e+04 0.000000000000000000e+00 5.394201316915841815e+00 1.154730000000000034e+00
1.097473970000000000e+08 1.000000000000000000e+00 6.500000000000000000e+01 8.366671184304659619e+02 1.342068181515388278e+04 1.291313999999999942e+04 0.000000000000000000e+00 8.708876023460517146e+00 9.199999999999999845e-02
1.097474050000000000e+08 1.000000000000000000e+00 6.500000000000000000e+01 8.535871184304660346e+02 1.341001181515388271e+04 1.288106999999999971e+04 0.000000000000000000e+00 4.483927757341769293e+00 6.099999999999999867e-02
1.097474050000000000e+08 1.000000000000000000e+00 6.500000000000000000e+01 8.500971184304662529e+02 1.340797181515388183e+04 1.288486000000000058e+04 0.000000000000000000e+00 3.163125802469758607e+00 9.199999999999999845e-02
1.097474070000000000e+08 1.000000000000000000e+00 6.500000000000000000e+01 8.417471184304658891e+02 1.339576181515388271e+04 1.289043000000000029e+04 0.000000000000000000e+00 6.166861063920333841e+00 6.099999999999999867e-02
1.097474090000000000e+08 1.000000000000000000e+00 6.500000000000000000e+01 8.293871184304662165e+02 1.338381181515388198e+04 1.288412999999999920e+04 0.000000000000000000e+00 4.243830182421874042e+00 6.099999999999999867e-02
1.097474080000000000e+08 1.000000000000000000e+00 6.500000000000000000e+01 8.374671184304661438e+02 1.338456181515388198e+04 1.287940999999999985e+04 0.000000000000000000e+00 5.853973704510771370e+00 4.169999999999999818e-01
1.097473170000000000e+08 1.000000000000000000e+00 6.500000000000000000e+01 8.625271184304656344e+02 1.343583181515388242e+04 1.288962000000000080e+04 0.000000000000000000e+00 9.671916634748310315e+00 9.199999999999999845e-02
1.097473180000000000e+08 1.000000000000000000e+00 6.500000000000000000e+01 8.614171184304659619e+02 1.343016181515388234e+04 1.288485000000000036e+04 0.000000000000000000e+00 7.191409824178568222e+00 9.199999999999999845e-02
1.097473180000000000e+08 1.000000000000000000e+00 6.500000000000000000e+01 8.613871184304662165e+02 1.342997181515388183e+04 1.288467000000000007e+04 0.000000000000000000e+00 7.075991124569762647e+00 9.199999999999999845e-02
1.097473180000000000e+08 1.000000000000000000e+00 6.500000000000000000e+01 8.602671184304663257e+02 1.343150181515388249e+04 1.287995000000000073e+04 0.000000000000000000e+00 4.221403454577449921e+00 9.199999999999999845e-02
1.097473180000000000e+08 1.000000000000000000e+00 6.500000000000000000e+01 8.632471184304658891e+02 1.342563181515388351e+04 1.288468999999999869e+04 0.000000000000000000e+00 9.929360272474681892e+00 9.199999999999999845e-02
1.097473180000000000e+08 1.000000000000000000e+00 6.500000000000000000e+01 8.616271184304659982e+02 1.342765181515388213e+04 1.288590000000000146e+04 0.000000000000000000e+00 8.469383385324547930e+00 9.199999999999999845e-02
1.097473170000000000e+08 1.000000000000000000e+00 6.500000000000000000e+01 8.546071184304664712e+02 1.343396181515388162e+04 1.288275999999999840e+04 0.000000000000000000e+00 2.804332498143111252e+00 9.199999999999999845e-02
1.097473180000000000e+08 1.000000000000000000e+00 6.500000000000000000e+01 8.503471184304662529e+02 1.343271181515388162e+04 1.288092000000000007e+04 0.000000000000000000e+00 1.093593808262553813e+00 9.199999999999999845e-02
1.097473190000000000e+08 1.000000000000000000e+00 6.500000000000000000e+01 8.500071184304661074e+02 1.342477181515388293e+04 1.288509999999999854e+04 0.000000000000000000e+00 7.592449044892798149e+00 6.099999999999999867e-02
1.097473190000000000e+08 1.000000000000000000e+00 6.500000000000000000e+01 8.489671184304661438e+02 1.342403181515388314e+04 1.288571999999999935e+04 0.000000000000000000e+00 8.514737208874210594e+00 2.400000000000000050e-02
1.097474030000000000e+08 1.000000000000000000e+00 6.600000000000000000e+01 8.417171184304661438e+02 1.340226181515388271e+04 1.289540000000000146e+04 0.000000000000000000e+00 5.864696573778624966e+00 4.169999999999999818e-01
1.097474030000000000e+08 1.000000000000000000e+00 6.600000000000000000e+01 8.330471184304660710e+02 1.340926181515388271e+04 1.290622000000000116e+04 0.000000000000000000e+00 6.479220316340182251e+00 2.400000000000000050e-02
1.097474030000000000e+08 1.000000000000000000e+00 6.600000000000000000e+01 8.379471184304657072e+02 1.340516181515388234e+04 1.290211000000000058e+04 0.000000000000000000e+00 5.391118312077459507e+00 4.169999999999999818e-01
1.097474030000000000e+08 1.000000000000000000e+00 6.600000000000000000e+01 8.379471184304657072e+02 1.340516181515388234e+04 1.290211000000000058e+04 0.000000000000000000e+00 5.391118312077459507e+00 7.387190000000000367e+00
1.097464110000000000e+08 1.000000000000000000e+00 6.500000000000000000e+01 8.245771184304658163e+02 1.345063181515388169e+04 1.286863000000000102e+04 0.000000000000000000e+00 9.252280780402390992e-01 1.047320000000000029e+00
1.097481830000000000e+08 1.000000000000000000e+00 6.500000000000000000e+01 7.391571184304657436e+02 1.342728181515388314e+04 1.285717000000000007e+04 0.000000000000000000e+00 7.133990999364709928e+00 9.199999999999999845e-02
1.097481830000000000e+08 1.000000000000000000e+00 6.500000000000000000e+01 7.388671184304657800e+02 1.342775181515388249e+04 1.285643000000000029e+04 0.000000000000000000e+00 6.293920172197988272e+00 1.124000000000000021e+01
1.097481830000000000e+08 1.000000000000000000e+00 6.500000000000000000e+01 7.383571184304664712e+02 1.342687181515388329e+04 1.285647000000000116e+04 0.000000000000000000e+00 6.237995003533034044e+00 6.099999999999999867e-02
1.097481830000000000e+08 1.000000000000000000e+00 6.500000000000000000e+01 7.387371184304665803e+02 1.342978181515388314e+04 1.285577999999999884e+04 0.000000000000000000e+00 5.793649960675584687e+00 1.078999999999999915e+01
1.097481830000000000e+08 1.000000000000000000e+00 6.500000000000000000e+01 7.387771184304656344e+02 1.342979181515388336e+04 1.285579999999999927e+04 0.000000000000000000e+00 5.834121154411317178e+00 6.099999999999999867e-02
1.097481830000000000e+08 1.000000000000000000e+00 6.500000000000000000e+01 7.416371184304662165e+02 1.342419181515388300e+04 1.285757999999999993e+04 0.000000000000000000e+00 9.845894644121157668e+00 4.169999999999999818e-01
1.097464750000000000e+08 1.000000000000000000e+00 6.600000000000000000e+01 7.609171184304659619e+02 1.342435181515388285e+04 1.290993000000000029e+04 0.000000000000000000e+00 1.261399757051184789e+00 4.169999999999999818e-01
1.097464760000000000e+08 1.000000000000000000e+00 6.500000000000000000e+01 7.671471184304664348e+02 1.342272181515388183e+04 1.291821999999999935e+04 0.000000000000000000e+00 2.447143736589595608e+00 6.099999999999999867e-02
1.097464730000000000e+08 0.000000000000000000e+00 6.500000000000000000e+01 7.625571184304662893e+02 1.343270181515388322e+04 1.291894000000000051e+04 0.000000000000000000e+00 2.040381862571819749e+00 8.349999999999999645e-01
1.097464730000000000e+08 0.000000000000000000e+00 6.500000000000000000e+01 7.625571184304662893e+02 1.343270181515388322e+04 1.291894000000000051e+04 0.000000000000000000e+00 2.040381862571819749e+00 7.399619999999999642e+00
1.097481830000000000e+08 1.000000000000000000e+00 6.500000000000000000e+01 7.387371184304665803e+02 1.342978181515388314e+04 1.285577999999999884e+04 0.000000000000000000e+00 5.793649960675584687e+00 1.345269999999999966e+00
1.097464500000000000e+08 1.000000000000000000e+00 6.500000000000000000e+01 7.454371184304663984e+02 1.345682181515388220e+04 1.286247999999999956e+04 0.000000000000000000e+00 7.363330434145545667e+00 7.998370000000000424e+00
8.912848000000000000e+06 1.000000000000000000e+00 6.500000000000000000e+01 2.265388925430465861e+03 1.226542816515388222e+04 1.037250000000000000e+03 0.000000000000000000e+00 2.937255362286546490e+00 2.400000000000000050e-02
8.912848000000000000e+06 1.000000000000000000e+00 6.500000000000000000e+01 2.259338078430466339e+03 1.226871218515388318e+04 1.038239999999999782e+03 0.000000000000000000e+00 4.669624775276741246e+00 1.078999999999999915e+01
8.912848000000000000e+06 1.000000000000000000e+00 6.500000000000000000e+01 2.259029388430466497e+03 1.226710485515388245e+04 1.037300000000000182e+03 0.000000000000000000e+00 4.192085299787489561e+00 1.339000000000000057e+01
8.912848000000000000e+06 1.000000000000000000e+00 6.500000000000000000e+01 2.264514808430466474e+03 1.226830223515388207e+04 1.038039999999999964e+03 0.000000000000000000e+00 2.832092380962037748e+00 9.199999999999999845e-02
8.912853000000000000e+06 1.000000000000000000e+00 6.600000000000000000e+01 2.265530482430465781e+03 1.226321856015388221e+04 1.038649999999999636e+03 0.000000000000000000e+00 3.604308415085843098e+00 9.199999999999999845e-02
8.912848000000000000e+06 1.000000000000000000e+00 6.500000000000000000e+01 2.262269508430465976e+03 1.226366283115388251e+04 1.035699999999999818e+03 0.000000000000000000e+00 2.299845608152832455e+00 6.099999999999999867e-02
8.912848000000000000e+06 1.000000000000000000e+00 6.500000000000000000e+01 2.262498038430466295e+03 1.226355412615388195e+04 1.035510000000000218e+03 0.000000000000000000e+00 2.116677295510665857e+00 2.400000000000000050e-02
8.912854000000000000e+06 1.000000000000000000e+00 6.600000000000000000e+01 2.257211538430466135e+03 1.226057576515388246e+04 1.042229999999999563e+03 0.000000000000000000e+00 7.725355901994576335e+00 9.199999999999999845e-02
8.912854000000000000e+06 1.000000000000000000e+00 6.600000000000000000e+01 2.257106678430465763e+03 1.225928866515388290e+04 1.043479999999999563e+03 0.000000000000000000e+00 7.247225316997349509e+00 9.199999999999999845e-02
8.912854000000000000e+06 1.000000000000000000e+00 6.600000000000000000e+01 2.257142758430466529e+03 1.225892339515388267e+04 1.043769999999999527e+03 0.000000000000000000e+00 7.114293797886125148e+00 4.169999999999999818e-01
8.912854000000000000e+06 1.000000000000000000e+00 6.600000000000000000e+01 2.257484038430466171e+03 1.225546820515388208e+04 1.046529999999999745e+03 0.000000000000000000e+00 7.373279666603981930e+00 9.199999999999999845e-02
8.912828000000000000e+06 1.000000000000000000e+00 6.500000000000000000e+01 2.220903218430466040e+03 1.227527871515388324e+04 1.044220000000000255e+03 0.000000000000000000e+00 6.221029614147734144e+00 9.199999999999999845e-02
8.912823000000000000e+06 1.000000000000000000e+00 6.500000000000000000e+01 2.199584318430465828e+03 1.226536803515388237e+04 1.039039999999999964e+03 0.000000000000000000e+00 9.143782403534900238e-01 9.199999999999999845e-02
8.912823000000000000e+06 1.000000000000000000e+00 6.600000000000000000e+01 2.209136618430466115e+03 1.228007331515388250e+04 1.057750000000000000e+03 0.000000000000000000e+00 8.549408678517835369e+00 6.099999999999999867e-02
8.912823000000000000e+06 1.000000000000000000e+00 6.600000000000000000e+01 2.206548518430466174e+03 1.228076151515388119e+04 1.054950000000000728e+03 0.000000000000000000e+00 6.736986863373568113e+00 8.349999999999999645e-01
8.912823000000000000e+06 1.000000000000000000e+00 6.600000000000000000e+01 2.208475618430466056e+03 1.228275821515388270e+04 1.056829999999999927e+03 0.000000000000000000e+00 9.970010244255567144e+00 9.199999999999999845e-02
8.912823000000000000e+06 1.000000000000000000e+00 6.600000000000000000e+01 2.207031418430466147e+03 1.228311771515388318e+04 1.056779999999999745e+03 0.000000000000000000e+00 9.314767302438244911e+00 6.099999999999999867e-02
8.912822000000000000e+06 1.000000000000000000e+00 6.600000000000000000e+01 2.203163118430466056e+03 1.228390661515388274e+04 1.056810000000000400e+03 0.000000000000000000e+00 7.539977324993316188e+00 9.199999999999999845e-02
8.912817000000000000e+06 1.000000000000000000e+00 6.500000000000000000e+01 2.192176318430466381e+03 1.228260861515388206e+04 1.068180000000000291e+03 0.000000000000000000e+00 8.458577298258045829e+00 2.400000000000000050e-02
8.912821000000000000e+06 1.000000000000000000e+00 6.600000000000000000e+01 2.194174518430466378e+03 1.227977341515388252e+04 1.060769999999999527e+03 0.000000000000000000e+00 3.644865954027797894e+00 9.199999999999999845e-02
8.912822000000000000e+06 1.000000000000000000e+00 6.600000000000000000e+01 2.195312218430466601e+03 1.227902611515388344e+04 1.057119999999999891e+03 0.000000000000000000e+00 2.232127282825387748e+00 9.199999999999999845e-02
8.912820000000000000e+06 1.000000000000000000e+00 6.600000000000000000e+01 2.185887218430466419e+03 1.227512981515388310e+04 1.059010000000000218e+03 0.000000000000000000e+00 3.033432218118199408e+00 9.199999999999999845e-02
8.912819000000000000e+06 1.000000000000000000e+00 6.600000000000000000e+01 2.183523918430466438e+03 1.226552947515388223e+04 1.054060000000000400e+03 0.000000000000000000e+00 4.390524934182900907e+00 2.039999999999999869e-01
8.912848000000000000e+06 1.000000000000000000e+00 6.500000000000000000e+01 2.259029388430466497e+03 1.226710485515388245e+04 1.037300000000000182e+03 0.000000000000000000e+00 4.192085299787489561e+00 2.275380000000000180e+00
8.912848000000000000e+06 1.000000000000000000e+00 6.500000000000000000e+01 2.259334988430466183e+03 1.226873330515388261e+04 1.038210000000000036e+03 0.000000000000000000e+00 4.667333328848298102e+00 2.400000000000000050e-02
8.912844000000000000e+06 1.000000000000000000e+00 6.600000000000000000e+01 2.254817718430465902e+03 1.226681856515388245e+04 1.027529999999999745e+03 0.000000000000000000e+00 8.843505745650268590e-01 1.078999999999999915e+01
8.912844000000000000e+06 1.000000000000000000e+00 6.600000000000000000e+01 2.254817718430465902e+03 1.226681856515388245e+04 1.027529999999999745e+03 0.000000000000000000e+00 8.843505745650268590e-01 3.489869999999999806e+00
8.912844000000000000e+06 1.000000000000000000e+00 6.600000000000000000e+01 2.254817718430465902e+03 1.226681856515388245e+04 1.027529999999999745e+03 0.000000000000000000e+00 8.843505745650268590e-01 5.179019999999999735e-01
8.911708000000000000e+06 1.000000000000000000e+00 6.500000000000000000e+01 2.296691218430466506e+03 1.228600321515388350e+04 1.070980000000000473e+03 1.000000000000000000e+00 6.477898530383441322e-01 8.000000000000000000e+01
8.911637000000000000e+06 1.000000000000000000e+00 6.500000000000000000e+01 2.282747518430465789e+03 1.227648281515388226e+04 1.043850000000000364e+03 1.000000000000000000e+00 6.677783938644087369e-01 8.000000000000000000e+01
