1.209083150000000000e+08 1.000000000000000000e+00 6.500000000000000000e+01 2.554260000000000218e+03 9.820539933580308571e+03 1.411649878988676392e+04 0.000000000000000000e+00 3.081630746650110719e+00 5.390000000000000000e+02
1.209083150000000000e+08 1.000000000000000000e+00 6.500000000000000000e+01 2.554300000000000182e+03 9.820890503580307268e+03 1.411575508988676302e+04 0.000000000000000000e+00 2.490759664947077567e+00 6.099999999999999867e-02
1.209083180000000000e+08 0.000000000000000000e+00 6.600000000000000000e+01 2.552909999999999854e+03 9.823030125580307867e+03 1.410081038988676301e+04 0.000000000000000000e+00 2.423685555397373292e+00 1.339000000000000057e+01
1.209083960000000000e+08 1.000000000000000000e+00 6.500000000000000000e+01 2.552090000000000146e+03 9.825891573580307522e+03 1.409400898988676272e+04 0.000000000000000000e+00 1.403906502593073480e+00 9.199999999999999845e-02
1.209083950000000000e+08 1.000000000000000000e+00 6.500000000000000000e+01 2.549699999999999818e+03 9.828639573580308934e+03 1.409045728988676274e+04 0.000000000000000000e+00 1.329240998359841663e+00 1.605000000000000071e+01
1.209083980000000000e+08 0.000000000000000000e+00 6.500000000000000000e+01 2.546249999999999091e+03 9.822644718580308108e+03 1.410303978988676317e+04 0.000000000000000000e+00 8.597776854952259296e-01 9.199999999999999845e-02
1.209083980000000000e+08 0.000000000000000000e+00 6.500000000000000000e+01 2.546240000000000691e+03 9.822531672580307713e+03 1.410321208988676517e+04 0.000000000000000000e+00 8.486955587898326048e-01 1.078999999999999915e+01
1.209083980000000000e+08 0.000000000000000000e+00 6.500000000000000000e+01 2.546240000000000691e+03 9.822531672580307713e+03 1.410321208988676517e+04 0.000000000000000000e+00 8.486955587898326048e-01 6.711899999999999977e+00
1.209083980000000000e+08 0.000000000000000000e+00 6.500000000000000000e+01 2.546240000000000691e+03 9.822531672580307713e+03 1.410321208988676517e+04 0.000000000000000000e+00 8.486955587898326048e-01 3.133830000000000116e+00
1.209083950000000000e+08 1.000000000000000000e+00 6.500000000000000000e+01 2.549699999999999818e+03 9.828639573580308934e+03 1.409045728988676274e+04 0.000000000000000000e+00 1.329240998359841663e+00 2.993069999999999897e+00
1.209083190000000000e+08 1.000000000000000000e+00 6.500000000000000000e+01 2.553139999999999418e+03 9.815911633580308262e+03 1.409983958988676386e+04 0.000000000000000000e+00 1.219910044544482153e+00 1.078999999999999915e+01
1.209083190000000000e+08 1.000000000000000000e+00 6.500000000000000000e+01 2.553139999999999418e+03 9.815911633580308262e+03 1.409983958988676386e+04 0.000000000000000000e+00 1.219910044544482153e+00 3.380079999999999973e+00
1.209083190000000000e+08 1.000000000000000000e+00 6.500000000000000000e+01 2.553139999999999418e+03 9.815911633580308262e+03 1.409983958988676386e+04 0.000000000000000000e+00 1.219910044544482153e+00 3.110069999999999890e+00
1.206261820000000000e+08 0.000000000000000000e+00 6.500000000000000000e+01 1.091647999999999956e+04 9.972163093580307759e+03 1.412345188988676455e+04 1.000000000000000000e+00 1.904129392944941213e+00 1.100000000000000000e+01
