7.737387600000000000e+07 1.000000000000000000e+00 6.500000000000000000e+01 1.048709000000000015e+04 8.512132548443138148e+03 9.227061277353670448e+03 0.000000000000000000e+00 6.309584919273306447e+00 1.078999999999999915e+01
7.744927900000000000e+07 1.000000000000000000e+00 6.600000000000000000e+01 1.192507999999999993e+04 8.516680548443138832e+03 9.190033277353670201e+03 0.000000000000000000e+00 6.521135746089844254e+00 9.199999999999999845e-02
7.744927800000000000e+07 0.000000000000000000e+00 6.600000000000000000e+01 1.193165999999999985e+04 8.531777348443138180e+03 9.186038277353669400e+03 0.000000000000000000e+00 2.478400540606108926e+00 9.199999999999999845e-02
7.744927900000000000e+07 1.000000000000000000e+00 6.600000000000000000e+01 1.193206000000000131e+04 8.523670548443138614e+03 9.188037277353669197e+03 0.000000000000000000e+00 3.323985004222402395e+00 2.400000000000000050e-02
7.744838600000000000e+07 1.000000000000000000e+00 6.600000000000000000e+01 1.193409000000000015e+04 8.527111548443139327e+03 9.244068277353670055e+03 0.000000000000000000e+00 1.242625151793295801e+00 4.169999999999999818e-01
7.744838400000000000e+07 0.000000000000000000e+00 6.500000000000000000e+01 1.193148999999999978e+04 8.516670548443138614e+03 9.242097277353670506e+03 0.000000000000000000e+00 1.213060241458605137e+00 9.199999999999999845e-02
7.744838400000000000e+07 0.000000000000000000e+00 6.500000000000000000e+01 1.193148999999999978e+04 8.516670548443138614e+03 9.242097277353670506e+03 0.000000000000000000e+00 1.213060241458605137e+00 7.381590000000000096e+00
7.737386800000000000e+07 0.000000000000000000e+00 6.600000000000000000e+01 1.047054000000000087e+04 8.499681548443139036e+03 9.216738277353670128e+03 0.000000000000000000e+00 2.671714087836000395e+00 5.000000000000000000e-01
7.737386800000000000e+07 0.000000000000000000e+00 6.600000000000000000e+01 1.046469000000000051e+04 8.498429548443138628e+03 9.214779277353669386e+03 0.000000000000000000e+00 5.540903203975462432e+00 4.169999999999999818e-01
7.737385900000000000e+07 1.000000000000000000e+00 6.600000000000000000e+01 1.046734000000000015e+04 8.487115548443138323e+03 9.194304277353669022e+03 0.000000000000000000e+00 2.791570560307600868e+00 9.199999999999999845e-02
7.737293400000000000e+07 1.000000000000000000e+00 6.600000000000000000e+01 1.046102000000000044e+04 8.496886548443137144e+03 9.191602277353669706e+03 0.000000000000000000e+00 6.673387876037904398e+00 9.199999999999999845e-02
7.737386200000000000e+07 1.000000000000000000e+00 6.500000000000000000e+01 1.046520999999999913e+04 8.497947548443138658e+03 9.195911277353668993e+03 0.000000000000000000e+00 2.270432382378312575e+00 6.099999999999999867e-02
7.737293500000000000e+07 1.000000000000000000e+00 6.600000000000000000e+01 1.046334000000000015e+04 8.485149548443137974e+03 9.193205277353670681e+03 0.000000000000000000e+00 5.631414145690786022e+00 2.400000000000000050e-02
7.737293500000000000e+07 0.000000000000000000e+00 6.500000000000000000e+01 1.045232999999999993e+04 8.480232548443138512e+03 9.189568277353670055e+03 0.000000000000000000e+00 6.112442788181368103e-01 9.199999999999999845e-02
7.737293600000000000e+07 0.000000000000000000e+00 6.600000000000000000e+01 1.045526000000000022e+04 8.484005548443139560e+03 9.193764277353669968e+03 0.000000000000000000e+00 1.573248307279282665e+00 9.199999999999999845e-02
7.737293700000000000e+07 1.000000000000000000e+00 6.600000000000000000e+01 1.045144000000000051e+04 8.487004548443139356e+03 9.199178277353668818e+03 0.000000000000000000e+00 1.237730555041662850e+00 2.400000000000000050e-02
7.737289600000000000e+07 1.000000000000000000e+00 6.500000000000000000e+01 1.044445000000000073e+04 8.501362548443139531e+03 9.191707277353669269e+03 0.000000000000000000e+00 5.443502527577400052e+00 9.199999999999999845e-02
7.737289700000000000e+07 1.000000000000000000e+00 6.500000000000000000e+01 1.044297999999999956e+04 8.501275548443138177e+03 9.190741277353670739e+03 0.000000000000000000e+00 5.191350319333089658e+00 6.099999999999999867e-02
7.737196900000000000e+07 1.000000000000000000e+00 6.600000000000000000e+01 1.044068000000000029e+04 8.506108548443138716e+03 9.195203277353670273e+03 0.000000000000000000e+00 7.981877609481979441e+00 2.400000000000000050e-02
7.737289100000000000e+07 1.000000000000000000e+00 6.600000000000000000e+01 1.044502999999999884e+04 8.508653548443136970e+03 9.196059277353670041e+03 0.000000000000000000e+00 6.797539545565486563e+00 2.400000000000000050e-02
7.737288800000000000e+07 1.000000000000000000e+00 6.600000000000000000e+01 1.043807999999999993e+04 8.535942448443138346e+03 9.197780277353669590e+03 0.000000000000000000e+00 3.589907771678168658e+00 9.199999999999999845e-02
7.737288800000000000e+07 1.000000000000000000e+00 6.600000000000000000e+01 1.043960000000000036e+04 8.543528048443138687e+03 9.196935277353670244e+03 0.000000000000000000e+00 8.601835382172962952e+00 9.199999999999999845e-02
7.737288700000000000e+07 1.000000000000000000e+00 6.600000000000000000e+01 1.043534000000000015e+04 8.545691948443138244e+03 9.197759277353670768e+03 0.000000000000000000e+00 8.336149287092730731e+00 2.400000000000000050e-02
8.318097600000000000e+07 0.000000000000000000e+00 6.500000000000000000e+01 1.174976000000000022e+04 7.762101548443138199e+03 9.753445277353668644e+03 1.000000000000000000e+00 2.231213462783430135e+00 5.900000000000000000e+01
