8.923669400000000000e+07 1.000000000000000000e+00 6.500000000000000000e+01 2.083420000000000073e+03 7.466928755937485221e+03 1.050285937712204577e+04 0.000000000000000000e+00 7.218527345105218096e+00 1.078999999999999915e+01
8.634390100000000000e+07 0.000000000000000000e+00 6.500000000000000000e+01 8.714459999999999127e+03 8.286768855937483750e+03 1.016233447712204725e+04 0.000000000000000000e+00 3.275553597278765494e+00 1.339000000000000057e+01
8.666744700000000000e+07 1.000000000000000000e+00 6.600000000000000000e+01 1.055920000000000073e+04 8.481411855937483779e+03 1.003327747712204655e+04 0.000000000000000000e+00 8.944840525601131631e+00 1.339000000000000057e+01
8.666744700000000000e+07 1.000000000000000000e+00 6.600000000000000000e+01 1.055920000000000073e+04 8.481411855937483779e+03 1.003327747712204655e+04 0.000000000000000000e+00 8.944840525601131631e+00 5.370339999999999669e+00
8.634390100000000000e+07 1.000000000000000000e+00 6.500000000000000000e+01 8.721049999999999272e+03 8.283476855937486107e+03 1.015926947712204492e+04 0.000000000000000000e+00 4.687962717909129218e+00 9.199999999999999845e-02
8.634390000000000000e+07 1.000000000000000000e+00 6.500000000000000000e+01 8.720329999999999927e+03 8.285217855937484273e+03 1.015794447712204601e+04 0.000000000000000000e+00 3.892974561589761073e+00 9.199999999999999845e-02
8.634398200000000000e+07 1.000000000000000000e+00 6.500000000000000000e+01 8.723989999999999782e+03 8.292560855937485030e+03 1.014634347712204544e+04 0.000000000000000000e+00 7.521516096982080235e+00 9.199999999999999845e-02
8.634390600000000000e+07 1.000000000000000000e+00 6.600000000000000000e+01 8.725870000000000800e+03 8.282950855937484448e+03 1.015969447712204601e+04 0.000000000000000000e+00 3.657481374911998540e+00 9.199999999999999845e-02
8.634390600000000000e+07 1.000000000000000000e+00 6.600000000000000000e+01 8.726139999999999418e+03 8.282866855937485525e+03 1.015993347712204559e+04 0.000000000000000000e+00 3.422780868633020113e+00 2.400000000000000050e-02
8.923417700000000000e+07 0.000000000000000000e+00 6.500000000000000000e+01 2.365490000000000691e+03 7.299906855937485489e+03 1.056788947712204572e+04 0.000000000000000000e+00 1.490289139352878545e+00 6.099999999999999867e-02
8.923417200000000000e+07 1.000000000000000000e+00 6.500000000000000000e+01 2.370289999999999964e+03 7.291022855937485474e+03 1.056334517712204615e+04 0.000000000000000000e+00 3.249859222261677782e+00 6.099999999999999867e-02
8.923418100000000000e+07 1.000000000000000000e+00 6.500000000000000000e+01 2.357350000000000364e+03 7.302156855937485489e+03 1.055455017712204608e+04 0.000000000000000000e+00 4.634164860276470677e+00 9.199999999999999845e-02
8.923417700000000000e+07 1.000000000000000000e+00 6.500000000000000000e+01 2.370310000000000400e+03 7.307963855937485278e+03 1.057101257712204642e+04 0.000000000000000000e+00 6.332041167931896197e+00 9.199999999999999845e-02
8.923417700000000000e+07 1.000000000000000000e+00 6.500000000000000000e+01 2.369969999999999345e+03 7.307506855937484943e+03 1.057347827712204526e+04 0.000000000000000000e+00 5.296688653788682366e+00 2.400000000000000050e-02
8.923417700000000000e+07 1.000000000000000000e+00 6.500000000000000000e+01 2.370599999999999454e+03 7.307130855937485649e+03 1.057591507712204475e+04 0.000000000000000000e+00 5.588098647320512313e+00 2.039999999999999869e-01
8.923417200000000000e+07 1.000000000000000000e+00 6.600000000000000000e+01 2.372309999999999491e+03 7.282293855937485205e+03 1.058889867712204614e+04 0.000000000000000000e+00 8.124556963263634302e+00 2.400000000000000050e-02
8.923317000000000000e+07 1.000000000000000000e+00 6.600000000000000000e+01 2.360940000000000509e+03 7.288663855937485096e+03 1.059170687712204563e+04 0.000000000000000000e+00 6.664885162801346574e+00 2.039999999999999869e-01
8.923317100000000000e+07 1.000000000000000000e+00 6.600000000000000000e+01 2.360020000000000437e+03 7.291923855937485314e+03 1.059267247712204698e+04 0.000000000000000000e+00 8.941288242430834643e+00 9.199999999999999845e-02
8.923417100000000000e+07 1.000000000000000000e+00 6.600000000000000000e+01 2.374990000000000691e+03 7.275511855937485052e+03 1.057910327712204526e+04 0.000000000000000000e+00 2.790491109712798234e+00 6.099999999999999867e-02
8.923408400000000000e+07 0.000000000000000000e+00 6.500000000000000000e+01 2.400069999999999709e+03 7.270682855937485328e+03 1.055048457712204618e+04 0.000000000000000000e+00 2.696064753252112478e+00 9.199999999999999845e-02
8.923408400000000000e+07 1.000000000000000000e+00 6.500000000000000000e+01 2.403179999999999382e+03 7.270562855937485438e+03 1.054902917712204726e+04 0.000000000000000000e+00 3.043457243712406779e+00 4.169999999999999818e-01
8.923408400000000000e+07 1.000000000000000000e+00 6.500000000000000000e+01 2.410210000000000036e+03 7.279762855937485256e+03 1.054004457712204567e+04 0.000000000000000000e+00 1.842841448761636691e+00 4.169999999999999818e-01
8.923408400000000000e+07 1.000000000000000000e+00 6.500000000000000000e+01 2.410799999999999272e+03 7.278580855937485467e+03 1.054158977712204614e+04 0.000000000000000000e+00 6.146587891064572151e-01 4.169999999999999818e-01
8.923408400000000000e+07 1.000000000000000000e+00 6.500000000000000000e+01 2.411600000000000364e+03 7.279598855937485496e+03 1.054244847712204501e+04 0.000000000000000000e+00 1.909504389926044876e+00 5.000000000000000000e-01
8.923408400000000000e+07 1.000000000000000000e+00 6.500000000000000000e+01 2.411600000000000364e+03 7.279598855937485496e+03 1.054244847712204501e+04 0.000000000000000000e+00 1.909504389926044876e+00 7.284049999999999692e+00
8.923317100000000000e+07 1.000000000000000000e+00 6.600000000000000000e+01 2.359470000000000255e+03 7.289634855937485554e+03 1.058642317712204567e+04 0.000000000000000000e+00 3.623014389263420121e+00 6.099999999999999867e-02
8.923317100000000000e+07 1.000000000000000000e+00 6.600000000000000000e+01 2.350750000000000909e+03 7.285803855937485423e+03 1.058891417712204566e+04 0.000000000000000000e+00 7.541596501271635722e-01 9.199999999999999845e-02
8.923317200000000000e+07 1.000000000000000000e+00 6.600000000000000000e+01 2.346610000000000582e+03 7.289837855937485074e+03 1.059379747712204698e+04 0.000000000000000000e+00 6.784611696564670780e+00 2.400000000000000050e-02
8.923318000000000000e+07 1.000000000000000000e+00 6.600000000000000000e+01 2.361770000000000437e+03 7.323291855937485707e+03 1.058015257712204584e+04 0.000000000000000000e+00 8.998850447546816511e+00 9.199999999999999845e-02
8.923318100000000000e+07 1.000000000000000000e+00 6.600000000000000000e+01 2.365280000000000655e+03 7.331586355937485678e+03 1.056819857712204612e+04 0.000000000000000000e+00 9.732178552303164309e+00 1.078999999999999915e+01
8.923318100000000000e+07 1.000000000000000000e+00 6.600000000000000000e+01 2.365280000000000655e+03 7.331586355937485678e+03 1.056819857712204612e+04 0.000000000000000000e+00 9.732178552303164309e+00 6.580029999999999824e+00
8.923318100000000000e+07 1.000000000000000000e+00 6.600000000000000000e+01 2.365280000000000655e+03 7.331586355937485678e+03 1.056819857712204612e+04 0.000000000000000000e+00 9.732178552303164309e+00 3.702690000000000037e+00
8.923669400000000000e+07 1.000000000000000000e+00 6.500000000000000000e+01 2.082649999999999636e+03 7.475746355937485532e+03 1.050583407712204644e+04 0.000000000000000000e+00 8.769377820614272068e+00 6.099999999999999867e-02
8.923669800000000000e+07 1.000000000000000000e+00 6.600000000000000000e+01 2.083059999999999491e+03 7.479534655937485695e+03 1.050285007712204606e+04 0.000000000000000000e+00 7.560199865039676226e+00 2.039999999999999869e-01
8.923669800000000000e+07 1.000000000000000000e+00 6.600000000000000000e+01 2.083630000000000109e+03 7.484951155937485055e+03 1.049920437712204512e+04 0.000000000000000000e+00 1.235215561124237471e+00 6.099999999999999867e-02
8.923669800000000000e+07 1.000000000000000000e+00 6.600000000000000000e+01 2.083680000000000291e+03 7.485549755937485315e+03 1.049936877712204659e+04 0.000000000000000000e+00 1.342246567711215199e+00 9.199999999999999845e-02
8.923670200000000000e+07 1.000000000000000000e+00 6.600000000000000000e+01 2.064060000000000400e+03 7.495590155937485179e+03 1.048672967712204627e+04 0.000000000000000000e+00 3.479011069650589150e+00 6.099999999999999867e-02
8.923670500000000000e+07 1.000000000000000000e+00 6.500000000000000000e+01 2.056240000000000691e+03 7.498769155937485266e+03 1.048434657712204717e+04 0.000000000000000000e+00 9.592534409778801674e+00 2.039999999999999869e-01
8.923670500000000000e+07 1.000000000000000000e+00 6.500000000000000000e+01 2.055930000000000291e+03 7.498690055937485340e+03 1.048434627712204565e+04 0.000000000000000000e+00 9.897950854960198441e+00 9.199999999999999845e-02
8.923670500000000000e+07 1.000000000000000000e+00 6.500000000000000000e+01 2.063349999999999454e+03 7.499207755937485672e+03 1.048436667712204508e+04 0.000000000000000000e+00 4.574850069834055510e+00 9.199999999999999845e-02
8.923670500000000000e+07 1.000000000000000000e+00 6.500000000000000000e+01 2.063260000000000218e+03 7.501231255937485003e+03 1.048167577712204729e+04 0.000000000000000000e+00 2.540042449457093454e+00 1.078999999999999915e+01
8.923670500000000000e+07 1.000000000000000000e+00 6.500000000000000000e+01 2.063260000000000218e+03 7.501231255937485003e+03 1.048167577712204729e+04 0.000000000000000000e+00 2.540042449457093454e+00 2.919869999999999965e+00
8.923670500000000000e+07 1.000000000000000000e+00 6.500000000000000000e+01 2.063260000000000218e+03 7.501231255937485003e+03 1.048167577712204729e+04 0.000000000000000000e+00 2.540042449457093454e+00 5.148000000000000353e-01
8.325444800000000000e+07 1.000000000000000000e+00 6.500000000000000000e+01 9.978930000000000291e+03 7.303088855937485278e+03 9.862758477122046315e+03 1.000000000000000000e+00 2.664034890362561026e-01 2.000000000000000000e+02
8.324925000000000000e+07 0.000000000000000000e+00 6.500000000000000000e+01 1.030636000000000058e+04 6.890172855937485110e+03 9.813247477122045893e+03 1.000000000000000000e+00 2.030531677972839066e+00 2.000000000000000000e+02
8.325078100000000000e+07 0.000000000000000000e+00 6.600000000000000000e+01 1.028840999999999985e+04 6.923948855937484950e+03 9.770930477122044977e+03 1.000000000000000000e+00 1.106370545197676414e+00 2.000000000000000000e+02
8.324791100000000000e+07 0.000000000000000000e+00 6.500000000000000000e+01 1.037942000000000007e+04 6.748140855937485867e+03 9.904919477122046374e+03 1.000000000000000000e+00 1.751101343554242407e+00 2.000000000000000000e+02
8.935228300000000000e+07 1.000000000000000000e+00 6.500000000000000000e+01 1.484770000000000437e+03 7.267432855937485328e+03 1.058410717712204496e+04 1.000000000000000000e+00 6.357851127037058570e-01 2.000000000000000000e+02
8.324889800000000000e+07 0.000000000000000000e+00 6.500000000000000000e+01 1.036873999999999978e+04 6.791145855937485067e+03 9.875637477122047130e+03 1.000000000000000000e+00 2.085666540456153406e+00 2.000000000000000000e+02
8.324791500000000000e+07 0.000000000000000000e+00 6.500000000000000000e+01 1.037495999999999913e+04 6.762021855937485270e+03 9.917028477122046752e+03 1.000000000000000000e+00 1.719257873483374555e+00 2.000000000000000000e+02
