3.589603400000000000e+07 1.000000000000000000e+00 6.600000000000000000e+01 6.502186532247565083e+03 9.599614695605341694e+03 4.094280000000000200e+03 0.000000000000000000e+00 1.981012991079528440e+00 1.078999999999999915e+01
5.289606900000000000e+07 0.000000000000000000e+00 6.500000000000000000e+01 7.358454532247565112e+03 1.089279469560534199e+04 6.072020000000000437e+03 0.000000000000000000e+00 7.607850577824850635e-01 1.605000000000000071e+01
5.289602600000000000e+07 1.000000000000000000e+00 6.500000000000000000e+01 7.387664532247564239e+03 1.095238469560534031e+04 6.163100000000000364e+03 0.000000000000000000e+00 7.806280915562220812e+00 1.078999999999999915e+01
9.354547900000000000e+07 1.000000000000000000e+00 6.600000000000000000e+01 9.385904532247564930e+03 1.349588469560534031e+04 1.125781999999999971e+04 0.000000000000000000e+00 8.786896608364807904e+00 1.605000000000000071e+01
9.354548400000000000e+07 1.000000000000000000e+00 6.500000000000000000e+01 9.394144532247566531e+03 1.348163469560534031e+04 1.125595999999999913e+04 0.000000000000000000e+00 7.839020559704012570e+00 2.400000000000000050e-02
9.354548200000000000e+07 1.000000000000000000e+00 6.600000000000000000e+01 9.399714532247566240e+03 1.348560469560534148e+04 1.124911999999999898e+04 0.000000000000000000e+00 2.984348479893860429e+00 4.169999999999999818e-01
9.354548200000000000e+07 1.000000000000000000e+00 6.600000000000000000e+01 9.399714532247566240e+03 1.348560469560534148e+04 1.124911999999999898e+04 0.000000000000000000e+00 2.984348479893860429e+00 7.296700000000000408e+00
7.654387100000000000e+07 1.000000000000000000e+00 6.500000000000000000e+01 8.471234532247566676e+03 1.262190469560534075e+04 9.119010000000000218e+03 0.000000000000000000e+00 6.516616252284461730e+00 9.199999999999999845e-02
7.654386900000000000e+07 1.000000000000000000e+00 6.600000000000000000e+01 8.467744532247565076e+03 1.261132469560534082e+04 9.131559999999999491e+03 0.000000000000000000e+00 9.021525183518857460e+00 1.078999999999999915e+01
7.654386400000000000e+07 1.000000000000000000e+00 6.500000000000000000e+01 8.466484532247566676e+03 1.259347469560534046e+04 9.129889999999999418e+03 0.000000000000000000e+00 7.921789445253099693e+00 9.199999999999999845e-02
7.654386500000000000e+07 0.000000000000000000e+00 6.500000000000000000e+01 8.463994532247565076e+03 1.259606469560534060e+04 9.129059999999999491e+03 0.000000000000000000e+00 7.638365148677768168e+00 9.199999999999999845e-02
7.654386900000000000e+07 1.000000000000000000e+00 6.600000000000000000e+01 8.466914532247563329e+03 1.259815469560534075e+04 9.134569999999999709e+03 0.000000000000000000e+00 9.666670289995959564e+00 1.078999999999999915e+01
7.654386900000000000e+07 1.000000000000000000e+00 6.600000000000000000e+01 8.466914532247563329e+03 1.259815469560534075e+04 9.134569999999999709e+03 0.000000000000000000e+00 9.666670289995959564e+00 4.913050000000000139e+00
7.654386900000000000e+07 1.000000000000000000e+00 6.600000000000000000e+01 8.466914532247563329e+03 1.259815469560534075e+04 9.134569999999999709e+03 0.000000000000000000e+00 9.666670289995959564e+00 5.896879999999999900e-01
7.654387200000000000e+07 0.000000000000000000e+00 6.500000000000000000e+01 8.456354532247565658e+03 1.261885469560534148e+04 9.122079999999999927e+03 0.000000000000000000e+00 7.069908127075844595e-01 6.099999999999999867e-02
7.654387100000000000e+07 1.000000000000000000e+00 6.500000000000000000e+01 8.466294532247564348e+03 1.262375469560534111e+04 9.112409999999999854e+03 0.000000000000000000e+00 1.047937032463401419e+00 2.039999999999999869e-01
7.654386900000000000e+07 1.000000000000000000e+00 6.500000000000000000e+01 8.453114532247564057e+03 1.261338469560534213e+04 9.105700000000000728e+03 0.000000000000000000e+00 7.360896552643027668e+00 9.199999999999999845e-02
7.654386400000000000e+07 1.000000000000000000e+00 6.600000000000000000e+01 8.460044532247564348e+03 1.260260469560534148e+04 9.103750000000000000e+03 0.000000000000000000e+00 3.791584892493202297e+00 9.199999999999999845e-02
7.654386500000000000e+07 1.000000000000000000e+00 6.600000000000000000e+01 8.465754532247563475e+03 1.260040469560534075e+04 9.108450000000000728e+03 0.000000000000000000e+00 2.213264358166120882e+00 9.199999999999999845e-02
7.654386900000000000e+07 1.000000000000000000e+00 6.500000000000000000e+01 8.460304532247566385e+03 1.262075469560534293e+04 9.110420000000000073e+03 0.000000000000000000e+00 3.723558069944529425e+00 1.078999999999999915e+01
7.654386900000000000e+07 1.000000000000000000e+00 6.500000000000000000e+01 8.460304532247566385e+03 1.262075469560534293e+04 9.110420000000000073e+03 0.000000000000000000e+00 3.723558069944529425e+00 1.017470000000000097e+00
7.654386900000000000e+07 1.000000000000000000e+00 6.500000000000000000e+01 8.460304532247566385e+03 1.262075469560534293e+04 9.110420000000000073e+03 0.000000000000000000e+00 3.723558069944529425e+00 7.220020000000000604e-02
7.654387100000000000e+07 0.000000000000000000e+00 6.500000000000000000e+01 8.459874532247566094e+03 1.261801469560534133e+04 9.114139999999999418e+03 0.000000000000000000e+00 1.637866978023997389e+00 9.199999999999999845e-02
7.654387000000000000e+07 1.000000000000000000e+00 6.500000000000000000e+01 8.461344532247563620e+03 1.262515469560534075e+04 9.109450000000000728e+03 0.000000000000000000e+00 5.047056646300505989e+00 9.199999999999999845e-02
7.654387000000000000e+07 1.000000000000000000e+00 6.500000000000000000e+01 8.461294532247564348e+03 1.262667469560534119e+04 9.108829999999999927e+03 0.000000000000000000e+00 5.860251490650176365e+00 9.199999999999999845e-02
7.654387400000000000e+07 1.000000000000000000e+00 6.600000000000000000e+01 8.442434532247563766e+03 1.262136469560534169e+04 9.114959999999999127e+03 0.000000000000000000e+00 6.694744851758531290e+00 2.400000000000000050e-02
7.654325900000000000e+07 1.000000000000000000e+00 6.600000000000000000e+01 8.398264532247565512e+03 1.262220469560534002e+04 9.115130000000001019e+03 0.000000000000000000e+00 9.140742050061220425e+00 6.099999999999999867e-02
7.654382100000000000e+07 1.000000000000000000e+00 6.600000000000000000e+01 8.393214532247566240e+03 1.262648469560534249e+04 9.113119999999998981e+03 0.000000000000000000e+00 2.988490539358598319e+00 4.169999999999999818e-01
7.654382200000000000e+07 1.000000000000000000e+00 6.600000000000000000e+01 8.394194532247565803e+03 1.262391469560534279e+04 9.109600000000000364e+03 0.000000000000000000e+00 2.691232230373190148e+00 2.400000000000000050e-02
7.654325700000000000e+07 0.000000000000000000e+00 6.500000000000000000e+01 8.389184532247563766e+03 1.261982469560534264e+04 9.097869999999998981e+03 0.000000000000000000e+00 3.405939397778164346e-01 2.400000000000000050e-02
7.654382900000000000e+07 0.000000000000000000e+00 6.500000000000000000e+01 8.388734532247566676e+03 1.260675469560534111e+04 9.102469999999999345e+03 0.000000000000000000e+00 1.569521737602818767e+00 2.400000000000000050e-02
7.654326200000000000e+07 1.000000000000000000e+00 6.600000000000000000e+01 8.390964532247566240e+03 1.259778469560534177e+04 9.103280000000000655e+03 0.000000000000000000e+00 2.866553598670120273e+00 6.099999999999999867e-02
7.654383300000000000e+07 0.000000000000000000e+00 6.600000000000000000e+01 8.392334532247565221e+03 1.259420469560534184e+04 9.105870000000000800e+03 0.000000000000000000e+00 1.418226888107980477e+00 9.199999999999999845e-02
7.654383100000000000e+07 1.000000000000000000e+00 6.500000000000000000e+01 8.384484532247566676e+03 1.259985469560534148e+04 9.097239999999999782e+03 0.000000000000000000e+00 5.075499545955270086e+00 6.099999999999999867e-02
7.654383100000000000e+07 1.000000000000000000e+00 6.500000000000000000e+01 8.386354532247565658e+03 1.259987469560534191e+04 9.098510000000000218e+03 0.000000000000000000e+00 3.108419867248475299e+00 4.169999999999999818e-01
7.654383100000000000e+07 1.000000000000000000e+00 6.500000000000000000e+01 8.386354532247565658e+03 1.259987469560534191e+04 9.098510000000000218e+03 0.000000000000000000e+00 3.108419867248475299e+00 7.023810000000000109e+00
5.289602600000000000e+07 1.000000000000000000e+00 6.500000000000000000e+01 7.390334532247564312e+03 1.095085469560534148e+04 6.165239999999999782e+03 0.000000000000000000e+00 9.609708600280571389e+00 1.078999999999999915e+01
5.289602600000000000e+07 1.000000000000000000e+00 6.500000000000000000e+01 7.390334532247564312e+03 1.095085469560534148e+04 6.165239999999999782e+03 0.000000000000000000e+00 9.609708600280571389e+00 5.249119999999999564e+00
5.289602600000000000e+07 1.000000000000000000e+00 6.500000000000000000e+01 7.390334532247564312e+03 1.095085469560534148e+04 6.165239999999999782e+03 0.000000000000000000e+00 9.609708600280571389e+00 1.330300000000000038e+00
5.289606900000000000e+07 1.000000000000000000e+00 6.500000000000000000e+01 7.358924532247564457e+03 1.089383469560534104e+04 6.074090000000000146e+03 0.000000000000000000e+00 1.168846559176712319e+00 1.000000000000000021e-02
5.289607000000000000e+07 0.000000000000000000e+00 6.500000000000000000e+01 7.358634532247565403e+03 1.089428469560534177e+04 6.075590000000000146e+03 0.000000000000000000e+00 2.656726192568823475e+00 1.078999999999999915e+01
5.289607000000000000e+07 0.000000000000000000e+00 6.500000000000000000e+01 7.358634532247565403e+03 1.089428469560534177e+04 6.075590000000000146e+03 0.000000000000000000e+00 2.656726192568823475e+00 6.064610000000000056e+00
5.289607000000000000e+07 0.000000000000000000e+00 6.500000000000000000e+01 7.358634532247565403e+03 1.089428469560534177e+04 6.075590000000000146e+03 0.000000000000000000e+00 2.656726192568823475e+00 4.975279999999999703e+00
3.589603400000000000e+07 1.000000000000000000e+00 6.600000000000000000e+01 6.502186532247565083e+03 9.599614695605341694e+03 4.094280000000000200e+03 0.000000000000000000e+00 1.981012991079528440e+00 1.334370000000000056e+00
8.689042100000000000e+07 0.000000000000000000e+00 6.500000000000000000e+01 4.307814532247565694e+03 9.540564695605340603e+03 1.011881999999999971e+04 1.000000000000000000e+00 3.852953719357278262e-01 2.360000000000000000e+02
6.418414900000000000e+07 0.000000000000000000e+00 6.500000000000000000e+01 6.069433432247565179e+03 9.401644695605342349e+03 7.350390000000000327e+03 1.000000000000000000e+00 1.607818094701870759e+00 2.360000000000000000e+02
6.018994300000000000e+07 1.000000000000000000e+00 6.600000000000000000e+01 5.016181532247564974e+03 9.322795695605342189e+03 7.152478000000000065e+03 1.000000000000000000e+00 5.526243057907819223e-01 2.360000000000000000e+02
7.144805800000000000e+07 1.000000000000000000e+00 6.500000000000000000e+01 4.630694532247564894e+03 9.369238695605341491e+03 8.410701000000000931e+03 1.000000000000000000e+00 7.482331567700529762e-01 2.360000000000000000e+02
1.212078170000000000e+08 0.000000000000000000e+00 6.600000000000000000e+01 3.295674532247564457e+03 1.118674469560534089e+04 1.415801000000000022e+04 1.000000000000000000e+00 1.571505242807279545e+00 2.360000000000000000e+02
7.144806200000000000e+07 0.000000000000000000e+00 6.600000000000000000e+01 4.631814532247565694e+03 9.359579695605341840e+03 8.411851000000000568e+03 1.000000000000000000e+00 2.701852832498083057e+00 2.360000000000000000e+02
6.418644500000000000e+07 0.000000000000000000e+00 6.500000000000000000e+01 6.010010262247565151e+03 9.305632695605341723e+03 7.365179000000000087e+03 1.000000000000000000e+00 2.039897866486009459e+00 2.360000000000000000e+02
