3.405996100000000000e+07 1.000000000000000000e+00 6.600000000000000000e+01 2.850828380453310274e+03 1.234600000000000364e+02 4.228684148759663003e+03 0.000000000000000000e+00 5.987103662612236477e+00 1.339000000000000057e+01
3.405996100000000000e+07 1.000000000000000000e+00 6.600000000000000000e+01 2.849245180453310240e+03 1.229599999999991269e+02 4.225708148759662436e+03 0.000000000000000000e+00 4.668501654919055888e+00 2.400000000000000050e-02
3.405996100000000000e+07 1.000000000000000000e+00 6.600000000000000000e+01 2.848070880453309655e+03 1.208900000000003274e+02 4.225606148759662574e+03 0.000000000000000000e+00 2.756977122207792341e+00 1.078999999999999915e+01
3.405996100000000000e+07 1.000000000000000000e+00 6.600000000000000000e+01 2.848070880453309655e+03 1.208900000000003274e+02 4.225606148759662574e+03 0.000000000000000000e+00 2.756977122207792341e+00 4.188530000000000086e+00
3.405996100000000000e+07 1.000000000000000000e+00 6.600000000000000000e+01 2.848070880453309655e+03 1.208900000000003274e+02 4.225606148759662574e+03 0.000000000000000000e+00 2.756977122207792341e+00 3.439409999999999967e-01
3.405996200000000000e+07 0.000000000000000000e+00 6.500000000000000000e+01 2.846046980453309516e+03 1.172599999999993088e+02 4.220363148759663090e+03 0.000000000000000000e+00 3.430370026913168502e+00 9.199999999999999845e-02
3.405996200000000000e+07 0.000000000000000000e+00 6.500000000000000000e+01 2.846487180453309520e+03 1.174799999999995634e+02 4.220843148759662654e+03 0.000000000000000000e+00 3.418267614145071409e+00 1.000000000000000021e-02
3.405996500000000000e+07 1.000000000000000000e+00 6.600000000000000000e+01 2.863965880453310092e+03 1.162199999999993452e+02 4.212057148759662596e+03 0.000000000000000000e+00 5.029617528671497695e+00 2.400000000000000050e-02
3.405997000000000000e+07 1.000000000000000000e+00 6.500000000000000000e+01 2.855165380453309808e+03 1.150300000000006548e+02 4.194173148759662581e+03 0.000000000000000000e+00 7.360996961650774217e+00 2.400000000000000050e-02
3.405996900000000000e+07 0.000000000000000000e+00 6.500000000000000000e+01 2.853687780453309642e+03 1.252100000000000364e+02 4.199808148759662799e+03 0.000000000000000000e+00 3.390976356734189956e+00 9.199999999999999845e-02
3.405997100000000000e+07 1.000000000000000000e+00 6.500000000000000000e+01 2.850365380453309626e+03 1.300100000000002183e+02 4.191492148759662996e+03 0.000000000000000000e+00 9.542118109917380187e-01 9.199999999999999845e-02
3.405997100000000000e+07 1.000000000000000000e+00 6.500000000000000000e+01 2.849611580453310125e+03 1.334299999999993815e+02 4.191250148759662807e+03 0.000000000000000000e+00 2.376524819725635673e+00 1.078999999999999915e+01
3.405997100000000000e+07 1.000000000000000000e+00 6.500000000000000000e+01 2.849611580453310125e+03 1.334299999999993815e+02 4.191250148759662807e+03 0.000000000000000000e+00 2.376524819725635673e+00 3.657140000000000057e+00
3.405997100000000000e+07 1.000000000000000000e+00 6.500000000000000000e+01 2.849611580453310125e+03 1.334299999999993815e+02 4.191250148759662807e+03 0.000000000000000000e+00 2.376524819725635673e+00 6.482310000000000016e-01
3.831338500000000000e+07 0.000000000000000000e+00 6.500000000000000000e+01 2.684785480453309901e+03 6.268979999999999563e+03 4.490043148759662472e+03 1.000000000000000000e+00 2.803442755485938687e+00 2.900000000000000000e+01
