7.576820000000000000e+06 1.000000000000000000e+00 6.600000000000000000e+01 9.004056898472435932e+03 9.587623756836415851e+03 7.974600000000000364e+02 0.000000000000000000e+00 2.236708968434129918e+00 1.078999999999999915e+01
7.576758000000000000e+06 1.000000000000000000e+00 6.600000000000000000e+01 9.019705798472434253e+03 9.632785756836416112e+03 8.906600000000007640e+02 0.000000000000000000e+00 5.550282095411001038e+00 1.078999999999999915e+01
1.323247500000000000e+07 1.000000000000000000e+00 6.500000000000000000e+01 9.110428898472435321e+03 1.000038175683641748e+04 1.434309999999999491e+03 0.000000000000000000e+00 2.673440363444319789e+00 1.339000000000000057e+01
1.323124400000000000e+07 1.000000000000000000e+00 6.500000000000000000e+01 9.121454398472436878e+03 1.002540375683641832e+04 1.453340000000000146e+03 0.000000000000000000e+00 6.527946316205870403e+00 1.605000000000000071e+01
1.323202800000000000e+07 1.000000000000000000e+00 6.500000000000000000e+01 9.134599498472434789e+03 1.005778275683641732e+04 1.473500000000000000e+03 0.000000000000000000e+00 5.371794231828621591e+00 1.605000000000000071e+01
1.323202800000000000e+07 0.000000000000000000e+00 6.500000000000000000e+01 9.138793898472435103e+03 1.006745275683641739e+04 1.479659999999999854e+03 0.000000000000000000e+00 4.659996324552933444e+00 1.339000000000000057e+01
1.323197000000000000e+07 1.000000000000000000e+00 6.600000000000000000e+01 9.162080998472436477e+03 1.011997575683641844e+04 1.509960000000000036e+03 0.000000000000000000e+00 5.193519703257397424e+00 1.078999999999999915e+01
1.887740900000000000e+07 1.000000000000000000e+00 6.600000000000000000e+01 9.260239998472436127e+03 1.086931775683641717e+04 2.035130000000000109e+03 0.000000000000000000e+00 7.706134275930299538e+00 1.339000000000000057e+01
1.887640400000000000e+07 1.000000000000000000e+00 6.500000000000000000e+01 9.235314998472436855e+03 1.097578775683641652e+04 2.098949999999999818e+03 0.000000000000000000e+00 4.835309336245609657e+00 1.078999999999999915e+01
1.887640600000000000e+07 1.000000000000000000e+00 6.500000000000000000e+01 9.233240998472436331e+03 1.098691775683641754e+04 2.106239999999999782e+03 0.000000000000000000e+00 4.728951396197471624e+00 1.339000000000000057e+01
1.887476500000000000e+07 1.000000000000000000e+00 6.600000000000000000e+01 9.228867998472436739e+03 1.101166775683641754e+04 2.122539999999999964e+03 0.000000000000000000e+00 8.992784709128390119e+00 1.078999999999999915e+01
1.887630300000000000e+07 1.000000000000000000e+00 6.600000000000000000e+01 9.225066998472435444e+03 1.103163775683641688e+04 2.136870000000000800e+03 0.000000000000000000e+00 6.349954838263141887e+00 1.339000000000000057e+01
3.088892200000000000e+07 1.000000000000000000e+00 6.500000000000000000e+01 8.217653998472436797e+03 1.230634775683641601e+04 3.411169999999999618e+03 0.000000000000000000e+00 7.809880877139216082e+00 1.078999999999999915e+01
3.088912600000000000e+07 1.000000000000000000e+00 6.500000000000000000e+01 8.181441998472435444e+03 1.239032775683641739e+04 3.405980000000000018e+03 0.000000000000000000e+00 8.580053445353694741e+00 1.078999999999999915e+01
1.998274800000000000e+07 1.000000000000000000e+00 6.600000000000000000e+01 8.083286998472435698e+03 1.297522775683641703e+04 2.486710000000000036e+03 0.000000000000000000e+00 8.492855057302346466e+00 1.339000000000000057e+01
1.998183300000000000e+07 1.000000000000000000e+00 6.500000000000000000e+01 8.062848998472435596e+03 1.296822775683641703e+04 2.489239999999999782e+03 0.000000000000000000e+00 1.130351962937428567e+00 1.078999999999999915e+01
1.998183300000000000e+07 1.000000000000000000e+00 6.500000000000000000e+01 8.063538998472435196e+03 1.297089775683641710e+04 2.487990000000000691e+03 0.000000000000000000e+00 1.353600473846936048e+00 9.199999999999999845e-02
1.998183300000000000e+07 1.000000000000000000e+00 6.500000000000000000e+01 8.062188998472435742e+03 1.297546775683641681e+04 2.489729999999999563e+03 0.000000000000000000e+00 5.423021276556294623e+00 1.078999999999999915e+01
1.998183300000000000e+07 1.000000000000000000e+00 6.500000000000000000e+01 8.063992998472435829e+03 1.297647775683641703e+04 2.486339999999999236e+03 0.000000000000000000e+00 5.278840314320908611e+00 9.199999999999999845e-02
1.998275300000000000e+07 1.000000000000000000e+00 6.500000000000000000e+01 8.062778998472435887e+03 1.297561775683641645e+04 2.466070000000000618e+03 0.000000000000000000e+00 6.810511221637074897e+00 8.349999999999999645e-01
1.998275300000000000e+07 1.000000000000000000e+00 6.500000000000000000e+01 8.063643998472435669e+03 1.297496775683641681e+04 2.463289999999999964e+03 0.000000000000000000e+00 7.666109154585818430e+00 4.169999999999999818e-01
1.998275700000000000e+07 1.000000000000000000e+00 6.600000000000000000e+01 8.061128998472435342e+03 1.296852775683641630e+04 2.462470000000000255e+03 0.000000000000000000e+00 5.294287689654425755e+00 6.099999999999999867e-02
1.998275200000000000e+07 1.000000000000000000e+00 6.600000000000000000e+01 8.062818998472435851e+03 1.295760775683641805e+04 2.484500000000000000e+03 0.000000000000000000e+00 1.770846584465451734e+00 2.400000000000000050e-02
1.998275100000000000e+07 1.000000000000000000e+00 6.600000000000000000e+01 8.060058998472435633e+03 1.295643775683641798e+04 2.486950000000000728e+03 0.000000000000000000e+00 1.042705124304712294e+00 9.199999999999999845e-02
1.998282900000000000e+07 1.000000000000000000e+00 6.500000000000000000e+01 8.051118998472435123e+03 1.295750775683641768e+04 2.500920000000000073e+03 0.000000000000000000e+00 1.913421946972293730e+00 9.199999999999999845e-02
1.998283400000000000e+07 0.000000000000000000e+00 6.600000000000000000e+01 8.039658998472435997e+03 1.296397775683641703e+04 2.494760000000000218e+03 0.000000000000000000e+00 3.156427158668033250e+00 2.400000000000000050e-02
1.998283500000000000e+07 0.000000000000000000e+00 6.600000000000000000e+01 8.039928998472435524e+03 1.296625775683641768e+04 2.493000000000000000e+03 0.000000000000000000e+00 4.075716163857807217e+00 2.400000000000000050e-02
1.998183300000000000e+07 1.000000000000000000e+00 6.500000000000000000e+01 8.062468998472435487e+03 1.297103775683641834e+04 2.490330000000000837e+03 0.000000000000000000e+00 1.581771172481545751e+00 9.199999999999999845e-02
1.998183300000000000e+07 1.000000000000000000e+00 6.500000000000000000e+01 8.060548998472435414e+03 1.297035775683641805e+04 2.489160000000000764e+03 0.000000000000000000e+00 2.242776094578079693e+00 9.199999999999999845e-02
1.998183400000000000e+07 1.000000000000000000e+00 6.500000000000000000e+01 8.057568998472435851e+03 1.296816775683641754e+04 2.486449999999999818e+03 0.000000000000000000e+00 2.839217811121075741e+00 6.099999999999999867e-02
1.998268600000000000e+07 1.000000000000000000e+00 6.600000000000000000e+01 8.038058998472435633e+03 1.296879775683641674e+04 2.473860000000000582e+03 0.000000000000000000e+00 8.677246935920960524e+00 9.199999999999999845e-02
1.998268600000000000e+07 1.000000000000000000e+00 6.600000000000000000e+01 8.033558998472435633e+03 1.296257775683641739e+04 2.473340000000000146e+03 0.000000000000000000e+00 2.253568967217073116e+00 2.400000000000000050e-02
1.998268400000000000e+07 0.000000000000000000e+00 6.500000000000000000e+01 8.035758998472435451e+03 1.295161775683641645e+04 2.473349999999999454e+03 0.000000000000000000e+00 1.495495174149401585e+00 9.199999999999999845e-02
1.998268400000000000e+07 0.000000000000000000e+00 6.500000000000000000e+01 8.035668998472435305e+03 1.295388775683641688e+04 2.473130000000000109e+03 0.000000000000000000e+00 2.730395599212454893e+00 9.199999999999999845e-02
1.998268400000000000e+07 0.000000000000000000e+00 6.500000000000000000e+01 8.035618998472435123e+03 1.295429775683641674e+04 2.473039999999999964e+03 0.000000000000000000e+00 3.062985616488530294e+00 9.199999999999999845e-02
1.998191700000000000e+07 1.000000000000000000e+00 6.600000000000000000e+01 8.039438998472435742e+03 1.295856775683641717e+04 2.484740000000000691e+03 0.000000000000000000e+00 2.101024317603288338e+00 4.169999999999999818e-01
1.998268700000000000e+07 1.000000000000000000e+00 6.600000000000000000e+01 8.031668998472435305e+03 1.295976775683641790e+04 2.480239999999999782e+03 0.000000000000000000e+00 1.004862831177323335e+00 9.199999999999999845e-02
1.998268700000000000e+07 1.000000000000000000e+00 6.600000000000000000e+01 8.032778998472435887e+03 1.296114775683641710e+04 2.478970000000000255e+03 0.000000000000000000e+00 1.469342297356545535e+00 4.169999999999999818e-01
1.998268700000000000e+07 1.000000000000000000e+00 6.600000000000000000e+01 8.033738998472435924e+03 1.296234775683641601e+04 2.477869999999999891e+03 0.000000000000000000e+00 3.293983039008387514e+00 9.199999999999999845e-02
1.998191800000000000e+07 1.000000000000000000e+00 6.600000000000000000e+01 8.034038998472435196e+03 1.296463775683641688e+04 2.477479999999999563e+03 0.000000000000000000e+00 5.199061028278634922e+00 2.400000000000000050e-02
1.998285600000000000e+07 1.000000000000000000e+00 6.500000000000000000e+01 8.022298998472435414e+03 1.296946775683641681e+04 2.467279999999999745e+03 0.000000000000000000e+00 8.418375887828226212e+00 2.400000000000000050e-02
1.998268500000000000e+07 1.000000000000000000e+00 6.600000000000000000e+01 8.027758998472435451e+03 1.296482775683641739e+04 2.465079999999999927e+03 0.000000000000000000e+00 6.172513203777750590e+00 9.199999999999999845e-02
1.998268500000000000e+07 1.000000000000000000e+00 6.600000000000000000e+01 8.029948998472435051e+03 1.296068775683641616e+04 2.468020000000000437e+03 0.000000000000000000e+00 8.021844890914042736e-01 4.169999999999999818e-01
1.998268500000000000e+07 1.000000000000000000e+00 6.600000000000000000e+01 8.029948998472435051e+03 1.296068775683641616e+04 2.468020000000000437e+03 0.000000000000000000e+00 8.021844890914042736e-01 7.331590000000000273e+00
1.998183300000000000e+07 1.000000000000000000e+00 6.500000000000000000e+01 8.062188998472435742e+03 1.297546775683641681e+04 2.489729999999999563e+03 0.000000000000000000e+00 5.423021276556294623e+00 6.276300000000000212e-01
1.998183300000000000e+07 1.000000000000000000e+00 6.500000000000000000e+01 8.062848998472435596e+03 1.296822775683641703e+04 2.489239999999999782e+03 0.000000000000000000e+00 1.130351962937428567e+00 1.158970000000000056e+00
1.998274700000000000e+07 1.000000000000000000e+00 6.600000000000000000e+01 8.087403998472435887e+03 1.296572775683641703e+04 2.480460000000000036e+03 0.000000000000000000e+00 1.625518664096422095e+00 6.099999999999999867e-02
1.998275000000000000e+07 1.000000000000000000e+00 6.500000000000000000e+01 8.084316998472435444e+03 1.296557775683641739e+04 2.472239999999999782e+03 0.000000000000000000e+00 3.167348883970921403e+00 4.169999999999999818e-01
1.998275100000000000e+07 1.000000000000000000e+00 6.500000000000000000e+01 8.079319998472435145e+03 1.296386775683641645e+04 2.465229999999999563e+03 0.000000000000000000e+00 2.788243082346315571e+00 4.169999999999999818e-01
1.998275200000000000e+07 1.000000000000000000e+00 6.500000000000000000e+01 8.075063998472435742e+03 1.296884775683641601e+04 2.460409999999999854e+03 0.000000000000000000e+00 4.110659334349085370e+00 4.169999999999999818e-01
1.998275500000000000e+07 1.000000000000000000e+00 6.600000000000000000e+01 8.074487998472435720e+03 1.296315775683641732e+04 2.459639999999999418e+03 0.000000000000000000e+00 3.482474911814643193e+00 6.099999999999999867e-02
1.998275500000000000e+07 1.000000000000000000e+00 6.600000000000000000e+01 8.075352998472435502e+03 1.296375775683641768e+04 2.462789999999999054e+03 0.000000000000000000e+00 3.951688255977360953e+00 9.199999999999999845e-02
1.998275500000000000e+07 1.000000000000000000e+00 6.600000000000000000e+01 8.081574998472435254e+03 1.295637775683641667e+04 2.460619999999999891e+03 0.000000000000000000e+00 7.211668222949615625e+00 9.199999999999999845e-02
1.998275200000000000e+07 0.000000000000000000e+00 6.500000000000000000e+01 8.072073998472435051e+03 1.296455775683641696e+04 2.466880000000000109e+03 0.000000000000000000e+00 3.251733323184789359e+00 6.099999999999999867e-02
1.998275200000000000e+07 0.000000000000000000e+00 6.500000000000000000e+01 8.071996998472435735e+03 1.296460775683641805e+04 2.466719999999999345e+03 0.000000000000000000e+00 3.374504959842303808e+00 4.169999999999999818e-01
1.998373900000000000e+07 1.000000000000000000e+00 6.600000000000000000e+01 8.040318998472435851e+03 1.297175775683641768e+04 2.456500000000000000e+03 0.000000000000000000e+00 6.138010877786810759e+00 2.400000000000000050e-02
1.998374200000000000e+07 1.000000000000000000e+00 6.600000000000000000e+01 8.025388998472435560e+03 1.296740775683641732e+04 2.453250000000000000e+03 0.000000000000000000e+00 1.372943075109008371e+00 2.400000000000000050e-02
1.998374200000000000e+07 1.000000000000000000e+00 6.600000000000000000e+01 8.022418998472435305e+03 1.296513775683641688e+04 2.453210000000000036e+03 0.000000000000000000e+00 2.087235217785913921e+00 1.000000000000000021e-02
1.998285900000000000e+07 1.000000000000000000e+00 6.600000000000000000e+01 8.016508998472435451e+03 1.296542775683641776e+04 2.454949999999999818e+03 0.000000000000000000e+00 5.621721390246216643e+00 9.199999999999999845e-02
1.998285900000000000e+07 1.000000000000000000e+00 6.600000000000000000e+01 8.015528998472435887e+03 1.296500775683641768e+04 2.455390000000000327e+03 0.000000000000000000e+00 4.484236238311853917e+00 9.199999999999999845e-02
1.998374200000000000e+07 1.000000000000000000e+00 6.600000000000000000e+01 8.022338998472435378e+03 1.296619775683641637e+04 2.457190000000000509e+03 0.000000000000000000e+00 2.293194324043076548e+00 9.199999999999999845e-02
1.998374300000000000e+07 1.000000000000000000e+00 6.600000000000000000e+01 8.019458998472435269e+03 1.296359775683641783e+04 2.449639999999999418e+03 0.000000000000000000e+00 5.829109536753935394e+00 2.039999999999999869e-01
1.998286100000000000e+07 1.000000000000000000e+00 6.600000000000000000e+01 8.006248998472436142e+03 1.296941775683641754e+04 2.464279999999999745e+03 0.000000000000000000e+00 2.407584781996479351e-01 9.199999999999999845e-02
1.998378400000000000e+07 1.000000000000000000e+00 6.500000000000000000e+01 7.985708998472435269e+03 1.296528775683641834e+04 2.461310000000000400e+03 0.000000000000000000e+00 1.095233223451769655e+00 9.199999999999999845e-02
1.998269000000000000e+07 1.000000000000000000e+00 6.500000000000000000e+01 8.017648998472435778e+03 1.296387775683641848e+04 2.488569999999999709e+03 0.000000000000000000e+00 2.717015082777531454e+00 9.199999999999999845e-02
1.998268900000000000e+07 1.000000000000000000e+00 6.500000000000000000e+01 8.018338998472435378e+03 1.296274775683641747e+04 2.485519999999999527e+03 0.000000000000000000e+00 2.247453125646840633e+00 1.078999999999999915e+01
1.998268900000000000e+07 1.000000000000000000e+00 6.500000000000000000e+01 8.018338998472435378e+03 1.296274775683641747e+04 2.485519999999999527e+03 0.000000000000000000e+00 2.247453125646840633e+00 1.082759999999999945e+00
1.998268900000000000e+07 1.000000000000000000e+00 6.500000000000000000e+01 8.018338998472435378e+03 1.296274775683641747e+04 2.485519999999999527e+03 0.000000000000000000e+00 2.247453125646840633e+00 1.209380000000000038e-01
1.998274700000000000e+07 1.000000000000000000e+00 6.600000000000000000e+01 8.089894998472435873e+03 1.297460775683641805e+04 2.476200000000000728e+03 0.000000000000000000e+00 5.957538047421047089e+00 1.078999999999999915e+01
1.998275000000000000e+07 1.000000000000000000e+00 6.500000000000000000e+01 8.085231998472435407e+03 1.297176775683641790e+04 2.471530000000000655e+03 0.000000000000000000e+00 6.446163165911176662e+00 2.400000000000000050e-02
1.998275300000000000e+07 1.000000000000000000e+00 6.500000000000000000e+01 8.065121998472435735e+03 1.297160775683641805e+04 2.470550000000000182e+03 0.000000000000000000e+00 3.862456828786913654e+00 9.199999999999999845e-02
1.998275200000000000e+07 1.000000000000000000e+00 6.500000000000000000e+01 8.065805998472435931e+03 1.296818775683641616e+04 2.470070000000000618e+03 0.000000000000000000e+00 2.337167724322038342e+00 1.078999999999999915e+01
1.998192500000000000e+07 1.000000000000000000e+00 6.600000000000000000e+01 8.050618998472435123e+03 1.294298775683641725e+04 2.472770000000000437e+03 0.000000000000000000e+00 2.392046137488461177e+00 9.199999999999999845e-02
1.998276000000000000e+07 0.000000000000000000e+00 6.500000000000000000e+01 8.049238998472435924e+03 1.294974775683641747e+04 2.468130000000000109e+03 0.000000000000000000e+00 7.412423215317065495e-01 6.099999999999999867e-02
1.998276000000000000e+07 0.000000000000000000e+00 6.500000000000000000e+01 8.049238998472435924e+03 1.294974775683641747e+04 2.468130000000000109e+03 0.000000000000000000e+00 7.412423215317065495e-01 7.357940000000000147e+00
1.998275200000000000e+07 1.000000000000000000e+00 6.500000000000000000e+01 8.065805998472435931e+03 1.296818775683641616e+04 2.470070000000000618e+03 0.000000000000000000e+00 2.337167724322038342e+00 4.287560000000000038e+00
1.998274700000000000e+07 1.000000000000000000e+00 6.600000000000000000e+01 8.089998998472435233e+03 1.297301775683641790e+04 2.475329999999999927e+03 0.000000000000000000e+00 5.545864705249193172e+00 9.199999999999999845e-02
1.998274700000000000e+07 1.000000000000000000e+00 6.600000000000000000e+01 8.089685998472435131e+03 1.297152775683641630e+04 2.474769999999999527e+03 0.000000000000000000e+00 5.295099745298312399e+00 1.078999999999999915e+01
1.998274700000000000e+07 1.000000000000000000e+00 6.600000000000000000e+01 8.089685998472435131e+03 1.297152775683641630e+04 2.474769999999999527e+03 0.000000000000000000e+00 5.295099745298312399e+00 6.709869999999999557e+00
1.998274700000000000e+07 1.000000000000000000e+00 6.600000000000000000e+01 8.089685998472435131e+03 1.297152775683641630e+04 2.474769999999999527e+03 0.000000000000000000e+00 5.295099745298312399e+00 2.366369999999999862e+00
1.998382900000000000e+07 1.000000000000000000e+00 6.600000000000000000e+01 8.049508998472435451e+03 1.300317775683641776e+04 2.515059999999999491e+03 0.000000000000000000e+00 9.944287929121935932e+00 2.400000000000000050e-02
1.998183100000000000e+07 1.000000000000000000e+00 6.500000000000000000e+01 8.078599998472435800e+03 1.297946775683641681e+04 2.496180000000000291e+03 0.000000000000000000e+00 7.464434065466503121e+00 9.199999999999999845e-02
1.998183100000000000e+07 1.000000000000000000e+00 6.500000000000000000e+01 8.078812998472435538e+03 1.297950775683641768e+04 2.496130000000000109e+03 0.000000000000000000e+00 7.565145511745209994e+00 2.400000000000000050e-02
3.088912600000000000e+07 1.000000000000000000e+00 6.500000000000000000e+01 8.181441998472435444e+03 1.239032775683641739e+04 3.405980000000000018e+03 0.000000000000000000e+00 8.580053445353694741e+00 6.391689999999999650e+00
3.088900300000000000e+07 1.000000000000000000e+00 6.600000000000000000e+01 8.206547998472435211e+03 1.230019775683641819e+04 3.414400000000000091e+03 0.000000000000000000e+00 3.082720976609915731e+00 1.078999999999999915e+01
3.088900300000000000e+07 1.000000000000000000e+00 6.600000000000000000e+01 8.206322998472434847e+03 1.230023775683641725e+04 3.414460000000000036e+03 0.000000000000000000e+00 3.101665335581004435e+00 1.078999999999999915e+01
3.088900300000000000e+07 1.000000000000000000e+00 6.600000000000000000e+01 8.207398998472435778e+03 1.229977775683641630e+04 3.416129999999999654e+03 0.000000000000000000e+00 4.741353802145407137e+00 1.078999999999999915e+01
3.088892300000000000e+07 1.000000000000000000e+00 6.500000000000000000e+01 8.211812998472436448e+03 1.230078775683641652e+04 3.423190000000000055e+03 0.000000000000000000e+00 9.939561838240280611e-01 1.078999999999999915e+01
3.088900500000000000e+07 1.000000000000000000e+00 6.600000000000000000e+01 8.213531998472435589e+03 1.231184775683641783e+04 3.412389999999999873e+03 0.000000000000000000e+00 5.147580330335816079e+00 2.400000000000000050e-02
3.088885700000000000e+07 1.000000000000000000e+00 6.600000000000000000e+01 8.216814998472436855e+03 1.231771775683641681e+04 3.409239999999999782e+03 0.000000000000000000e+00 6.006608312305053765e+00 9.199999999999999845e-02
3.089045500000000000e+07 1.000000000000000000e+00 6.500000000000000000e+01 8.198750998472434731e+03 1.232084775683641601e+04 3.397649999999999636e+03 0.000000000000000000e+00 1.335936504095309285e+00 2.400000000000000050e-02
3.088900300000000000e+07 1.000000000000000000e+00 6.500000000000000000e+01 8.194525998472436186e+03 1.231452775683641630e+04 3.400090000000000146e+03 0.000000000000000000e+00 2.421869941123291792e+00 2.400000000000000050e-02
3.089045200000000000e+07 1.000000000000000000e+00 6.600000000000000000e+01 8.206868998472435123e+03 1.232410775683641805e+04 3.391920000000000073e+03 0.000000000000000000e+00 1.178558500217019578e+00 6.099999999999999867e-02
3.088900600000000000e+07 1.000000000000000000e+00 6.600000000000000000e+01 8.212255998472435749e+03 1.232174775683641747e+04 3.404849999999999909e+03 0.000000000000000000e+00 6.217662214145822652e+00 9.199999999999999845e-02
3.089045300000000000e+07 1.000000000000000000e+00 6.600000000000000000e+01 8.203232998472434701e+03 1.232839775683641710e+04 3.399489999999999782e+03 0.000000000000000000e+00 3.124732366207011669e+00 8.220000000000000639e+00
3.089045300000000000e+07 1.000000000000000000e+00 6.600000000000000000e+01 8.203232998472434701e+03 1.232839775683641710e+04 3.399489999999999782e+03 0.000000000000000000e+00 3.124732366207011669e+00 2.622469999999999857e+00
3.088949100000000000e+07 0.000000000000000000e+00 6.600000000000000000e+01 8.210574998472435254e+03 1.230063775683641688e+04 3.429079999999999927e+03 0.000000000000000000e+00 1.076765439941710589e+00 9.199999999999999845e-02
3.089060700000000000e+07 1.000000000000000000e+00 6.600000000000000000e+01 8.184170998472435713e+03 1.230175775683641768e+04 3.450820000000000164e+03 0.000000000000000000e+00 3.789496505757167455e+00 6.099999999999999867e-02
3.089061100000000000e+07 1.000000000000000000e+00 6.500000000000000000e+01 8.189134998472435655e+03 1.229928775683641834e+04 3.448639999999999873e+03 0.000000000000000000e+00 2.141843554395302274e+00 4.169999999999999818e-01
3.089060700000000000e+07 1.000000000000000000e+00 6.600000000000000000e+01 8.180852998472435502e+03 1.230175775683641768e+04 3.448389999999999873e+03 0.000000000000000000e+00 1.908297645563171718e+00 4.169999999999999818e-01
3.089060700000000000e+07 1.000000000000000000e+00 6.600000000000000000e+01 8.177895998472435167e+03 1.230441775683641754e+04 3.447880000000000109e+03 0.000000000000000000e+00 1.698326927929241892e+00 2.039999999999999869e-01
3.089060700000000000e+07 1.000000000000000000e+00 6.600000000000000000e+01 8.177480998472435203e+03 1.230427775683641630e+04 3.447559999999999945e+03 0.000000000000000000e+00 2.120619887629625833e+00 6.099999999999999867e-02
3.089060700000000000e+07 1.000000000000000000e+00 6.600000000000000000e+01 8.174260998472435858e+03 1.230308775683641761e+04 3.446130000000000109e+03 0.000000000000000000e+00 4.460168451721980176e+00 9.199999999999999845e-02
3.089060700000000000e+07 1.000000000000000000e+00 6.600000000000000000e+01 8.174260998472435858e+03 1.230308775683641761e+04 3.446130000000000109e+03 0.000000000000000000e+00 4.460168451721980176e+00 7.368199999999999861e+00
3.088892300000000000e+07 1.000000000000000000e+00 6.500000000000000000e+01 8.211448998472435051e+03 1.230544775683641819e+04 3.418730000000000018e+03 0.000000000000000000e+00 2.140608890801932507e+00 9.199999999999999845e-02
3.088885700000000000e+07 1.000000000000000000e+00 6.600000000000000000e+01 8.217762998472435356e+03 1.232105775683641696e+04 3.413549999999999727e+03 0.000000000000000000e+00 5.572619903460000579e+00 4.169999999999999818e-01
3.088885700000000000e+07 1.000000000000000000e+00 6.600000000000000000e+01 8.215415998472435604e+03 1.232146775683641681e+04 3.411599999999999909e+03 0.000000000000000000e+00 3.365787837147641071e+00 9.199999999999999845e-02
3.088885700000000000e+07 1.000000000000000000e+00 6.600000000000000000e+01 8.215107998472434701e+03 1.232235775683641805e+04 3.411210000000000036e+03 0.000000000000000000e+00 3.640010642085075077e+00 4.169999999999999818e-01
3.088885300000000000e+07 1.000000000000000000e+00 6.500000000000000000e+01 8.217609998472435109e+03 1.231740775683641732e+04 3.417150000000000091e+03 0.000000000000000000e+00 4.623858781731907008e+00 9.199999999999999845e-02
3.088885400000000000e+07 1.000000000000000000e+00 6.500000000000000000e+01 8.206864998472436127e+03 1.231363775683641688e+04 3.427079999999999927e+03 0.000000000000000000e+00 3.618118584667266990e+00 9.199999999999999845e-02
3.088900300000000000e+07 1.000000000000000000e+00 6.600000000000000000e+01 8.201635998472436768e+03 1.230656775683641717e+04 3.412789999999999964e+03 0.000000000000000000e+00 1.375938446820324845e+00 4.169999999999999818e-01
3.088900300000000000e+07 1.000000000000000000e+00 6.600000000000000000e+01 8.200578998472436069e+03 1.230607775683641739e+04 3.412800000000000182e+03 0.000000000000000000e+00 1.410455011342161002e+00 2.400000000000000050e-02
3.088910600000000000e+07 1.000000000000000000e+00 6.600000000000000000e+01 8.235734998472435109e+03 1.231840775683641732e+04 3.394010000000000218e+03 0.000000000000000000e+00 9.925438430360824071e+00 9.199999999999999845e-02
3.088910600000000000e+07 1.000000000000000000e+00 6.600000000000000000e+01 8.235734998472435109e+03 1.231840775683641732e+04 3.394010000000000218e+03 0.000000000000000000e+00 9.925438430360824071e+00 7.316460000000000186e+00
3.088900300000000000e+07 1.000000000000000000e+00 6.600000000000000000e+01 8.206322998472434847e+03 1.230023775683641725e+04 3.414460000000000036e+03 0.000000000000000000e+00 3.101665335581004435e+00 5.306930000000000369e+00
3.088900300000000000e+07 1.000000000000000000e+00 6.600000000000000000e+01 8.208128998472435342e+03 1.229888775683641688e+04 3.414160000000000309e+03 0.000000000000000000e+00 3.354317587536487899e+00 9.199999999999999845e-02
3.088892100000000000e+07 1.000000000000000000e+00 6.500000000000000000e+01 8.214911998472434789e+03 1.228965775683641732e+04 3.412710000000000036e+03 0.000000000000000000e+00 3.661955430049943949e+00 6.099999999999999867e-02
3.088891900000000000e+07 1.000000000000000000e+00 6.500000000000000000e+01 8.231926998472436026e+03 1.227868775683641616e+04 3.421569999999999709e+03 0.000000000000000000e+00 5.437028746949265745e+00 1.078999999999999915e+01
3.088891900000000000e+07 1.000000000000000000e+00 6.500000000000000000e+01 8.231926998472436026e+03 1.227868775683641616e+04 3.421569999999999709e+03 0.000000000000000000e+00 5.437028746949265745e+00 3.531940000000000079e+00
3.088891900000000000e+07 1.000000000000000000e+00 6.500000000000000000e+01 8.231926998472436026e+03 1.227868775683641616e+04 3.421569999999999709e+03 0.000000000000000000e+00 5.437028746949265745e+00 1.179840000000000000e+00
3.088945400000000000e+07 0.000000000000000000e+00 6.600000000000000000e+01 8.290501998472434934e+03 1.224780775683641696e+04 3.411809999999999945e+03 0.000000000000000000e+00 1.220851085077738096e+00 1.000000000000000000e+01
3.088945400000000000e+07 0.000000000000000000e+00 6.600000000000000000e+01 8.290501998472434934e+03 1.224780775683641696e+04 3.411809999999999945e+03 0.000000000000000000e+00 1.220851085077738096e+00 6.410510000000000375e+00
1.887630300000000000e+07 1.000000000000000000e+00 6.600000000000000000e+01 9.225066998472435444e+03 1.103163775683641688e+04 2.136870000000000800e+03 0.000000000000000000e+00 6.349954838263141887e+00 7.152429999999999843e+00
1.887476900000000000e+07 1.000000000000000000e+00 6.500000000000000000e+01 9.235099998472436710e+03 1.101083775683641761e+04 2.125470000000000255e+03 0.000000000000000000e+00 7.978194830006795968e+00 5.000000000000000000e-01
1.887476400000000000e+07 1.000000000000000000e+00 6.600000000000000000e+01 9.224777998472436593e+03 1.102071775683641681e+04 2.130470000000000255e+03 0.000000000000000000e+00 3.041316362321129674e+00 9.199999999999999845e-02
1.887629900000000000e+07 1.000000000000000000e+00 6.500000000000000000e+01 9.224281998472435589e+03 1.102436775683641645e+04 2.132699999999999818e+03 0.000000000000000000e+00 3.737026827990069577e+00 6.099999999999999867e-02
1.887629900000000000e+07 1.000000000000000000e+00 6.500000000000000000e+01 9.229414998472435400e+03 1.102779775683641674e+04 2.133670000000000073e+03 0.000000000000000000e+00 6.361382092671121313e+00 2.400000000000000050e-02
1.887629900000000000e+07 1.000000000000000000e+00 6.500000000000000000e+01 9.232740998472436331e+03 1.102867775683641776e+04 2.132740000000000691e+03 0.000000000000000000e+00 9.415428975873121331e+00 2.400000000000000050e-02
1.887629300000000000e+07 1.000000000000000000e+00 6.600000000000000000e+01 9.234001998472434934e+03 1.103143775683641616e+04 2.108869999999999891e+03 0.000000000000000000e+00 9.970363210772399398e+00 9.199999999999999845e-02
1.887629300000000000e+07 1.000000000000000000e+00 6.600000000000000000e+01 9.234001998472434934e+03 1.103143775683641616e+04 2.108869999999999891e+03 0.000000000000000000e+00 9.970363210772399398e+00 7.321970000000000312e+00
1.887640600000000000e+07 1.000000000000000000e+00 6.500000000000000000e+01 9.233240998472436331e+03 1.098691775683641754e+04 2.106239999999999782e+03 0.000000000000000000e+00 4.728951396197471624e+00 3.234250000000000180e-01
1.887640400000000000e+07 1.000000000000000000e+00 6.500000000000000000e+01 9.235314998472436855e+03 1.097578775683641652e+04 2.098949999999999818e+03 0.000000000000000000e+00 4.835309336245609657e+00 1.403629999999999933e+00
1.887740500000000000e+07 1.000000000000000000e+00 6.500000000000000000e+01 9.262610998472435313e+03 1.086416775683641754e+04 2.037750000000000000e+03 0.000000000000000000e+00 7.017095041285941193e+00 9.199999999999999845e-02
1.887740500000000000e+07 1.000000000000000000e+00 6.500000000000000000e+01 9.263010998472436768e+03 1.086329775683641674e+04 2.038190000000000509e+03 0.000000000000000000e+00 6.165512849796311201e+00 9.199999999999999845e-02
1.887740800000000000e+07 1.000000000000000000e+00 6.600000000000000000e+01 9.260202998472435866e+03 1.086610775683641805e+04 2.045399999999999636e+03 0.000000000000000000e+00 5.635139024142929998e+00 9.199999999999999845e-02
1.887741300000000000e+07 1.000000000000000000e+00 6.500000000000000000e+01 9.254335998472435676e+03 1.088425775683641768e+04 2.042479999999999563e+03 0.000000000000000000e+00 8.950606571659452726e+00 1.078999999999999915e+01
1.887741300000000000e+07 1.000000000000000000e+00 6.500000000000000000e+01 9.254335998472435676e+03 1.088425775683641768e+04 2.042479999999999563e+03 0.000000000000000000e+00 8.950606571659452726e+00 3.651310000000000056e+00
1.887741300000000000e+07 1.000000000000000000e+00 6.500000000000000000e+01 9.254335998472435676e+03 1.088425775683641768e+04 2.042479999999999563e+03 0.000000000000000000e+00 8.950606571659452726e+00 3.180520000000000014e+00
1.887818900000000000e+07 1.000000000000000000e+00 6.600000000000000000e+01 9.328476998472435298e+03 1.079061775683641645e+04 2.018729999999999563e+03 0.000000000000000000e+00 2.069236603159862575e+00 1.000000000000000021e-02
1.887818800000000000e+07 1.000000000000000000e+00 6.600000000000000000e+01 9.327287998472434992e+03 1.078205775683641696e+04 2.012259999999999309e+03 0.000000000000000000e+00 1.493045083608677936e+00 2.039999999999999869e-01
1.887818800000000000e+07 1.000000000000000000e+00 6.600000000000000000e+01 9.327282998472435793e+03 1.078193775683641616e+04 2.012199999999999818e+03 0.000000000000000000e+00 1.504810618059427174e+00 9.199999999999999845e-02
1.887818500000000000e+07 0.000000000000000000e+00 6.600000000000000000e+01 9.343212998472434265e+03 1.079005775683641696e+04 2.010140000000000327e+03 0.000000000000000000e+00 1.236507175822748383e+00 9.199999999999999845e-02
1.887819500000000000e+07 1.000000000000000000e+00 6.500000000000000000e+01 9.336642998472434556e+03 1.081275775683641768e+04 2.037210000000000036e+03 0.000000000000000000e+00 3.281737958225135809e+00 2.039999999999999869e-01
1.887819600000000000e+07 0.000000000000000000e+00 6.500000000000000000e+01 9.341097998472436302e+03 1.081232775683641739e+04 2.042740000000000691e+03 0.000000000000000000e+00 2.057497395634603432e+00 9.199999999999999845e-02
1.887819900000000000e+07 1.000000000000000000e+00 6.600000000000000000e+01 9.344572998472434847e+03 1.081617775683641776e+04 2.057920000000000073e+03 0.000000000000000000e+00 1.932008492258266763e+00 9.199999999999999845e-02
1.887820100000000000e+07 1.000000000000000000e+00 6.500000000000000000e+01 9.354857998472434701e+03 1.080886775683641645e+04 2.057579999999999927e+03 0.000000000000000000e+00 2.025281030177116914e+00 9.199999999999999845e-02
1.887820100000000000e+07 1.000000000000000000e+00 6.500000000000000000e+01 9.355505998472435749e+03 1.080900775683641768e+04 2.058819999999999709e+03 0.000000000000000000e+00 1.447914771548251212e+00 4.169999999999999818e-01
1.887961500000000000e+07 1.000000000000000000e+00 6.600000000000000000e+01 9.359332998472435065e+03 1.080371775683641681e+04 2.061989999999999782e+03 0.000000000000000000e+00 4.945953686792027959e+00 9.199999999999999845e-02
1.887961100000000000e+07 1.000000000000000000e+00 6.500000000000000000e+01 9.364488998472435924e+03 1.080286775683641645e+04 2.064529999999999745e+03 0.000000000000000000e+00 6.836790081206186365e+00 9.199999999999999845e-02
1.887820600000000000e+07 1.000000000000000000e+00 6.600000000000000000e+01 9.371838998472434469e+03 1.081295775683641659e+04 2.068250000000000000e+03 0.000000000000000000e+00 3.336300375390156780e+00 5.000000000000000000e-01
1.887820600000000000e+07 1.000000000000000000e+00 6.600000000000000000e+01 9.372251998472434934e+03 1.081362775683641667e+04 2.065110000000000582e+03 0.000000000000000000e+00 3.829304088272108331e+00 9.199999999999999845e-02
1.887820600000000000e+07 1.000000000000000000e+00 6.600000000000000000e+01 9.374497998472435938e+03 1.081883775683641761e+04 2.064500000000000000e+03 0.000000000000000000e+00 2.836340320279071125e+00 6.099999999999999867e-02
1.887820400000000000e+07 1.000000000000000000e+00 6.600000000000000000e+01 9.371002998472435138e+03 1.082913775683641688e+04 2.063540000000000873e+03 0.000000000000000000e+00 7.249090071883601549e-01 6.099999999999999867e-02
1.887820500000000000e+07 0.000000000000000000e+00 6.500000000000000000e+01 9.368671998472436826e+03 1.082481775683641717e+04 2.072239999999999782e+03 0.000000000000000000e+00 1.496210881681972360e+00 2.400000000000000050e-02
1.887820500000000000e+07 0.000000000000000000e+00 6.500000000000000000e+01 9.368671998472436826e+03 1.082481775683641717e+04 2.072239999999999782e+03 0.000000000000000000e+00 1.496210881681972360e+00 7.388259999999999827e+00
1.323197000000000000e+07 1.000000000000000000e+00 6.600000000000000000e+01 9.162080998472436477e+03 1.011997575683641844e+04 1.509960000000000036e+03 0.000000000000000000e+00 5.193519703257397424e+00 6.023299999999999876e+00
1.323202900000000000e+07 0.000000000000000000e+00 6.600000000000000000e+01 9.138162798472436407e+03 1.006977875683641832e+04 1.481100000000000364e+03 0.000000000000000000e+00 4.025482166104055182e+00 8.349999999999999645e-01
1.323202800000000000e+07 0.000000000000000000e+00 6.500000000000000000e+01 9.138175598472436832e+03 1.006774075683641786e+04 1.479130000000000109e+03 0.000000000000000000e+00 4.581001888410665579e+00 4.169999999999999818e-01
1.323202800000000000e+07 1.000000000000000000e+00 6.500000000000000000e+01 9.138824798472436669e+03 1.006496675683641661e+04 1.475940000000000509e+03 0.000000000000000000e+00 3.308142684827379831e+00 4.169999999999999818e-01
1.323202800000000000e+07 1.000000000000000000e+00 6.500000000000000000e+01 9.137414298472434893e+03 1.005567675683641755e+04 1.473590000000000146e+03 0.000000000000000000e+00 5.323264286752593222e+00 2.400000000000000050e-02
1.323203200000000000e+07 1.000000000000000000e+00 6.600000000000000000e+01 9.147594398472436296e+03 1.006010375683641723e+04 1.483159999999999854e+03 0.000000000000000000e+00 4.278797048047574769e+00 9.199999999999999845e-02
1.323195400000000000e+07 1.000000000000000000e+00 6.600000000000000000e+01 9.158774598472435173e+03 1.007807475683641678e+04 1.482119999999999891e+03 0.000000000000000000e+00 4.059210593990723481e+00 6.099999999999999867e-02
1.323117900000000000e+07 1.000000000000000000e+00 6.600000000000000000e+01 9.155126898472435641e+03 1.008421575683641640e+04 1.482090000000000146e+03 0.000000000000000000e+00 1.125215138520000879e+00 9.199999999999999845e-02
1.323118400000000000e+07 1.000000000000000000e+00 6.500000000000000000e+01 9.171791998472435807e+03 1.008344375683641738e+04 1.482529999999999745e+03 0.000000000000000000e+00 4.314561332691498663e+00 4.169999999999999818e-01
1.323195700000000000e+07 1.000000000000000000e+00 6.500000000000000000e+01 9.172494998472435327e+03 1.008611875683641665e+04 1.486179999999999382e+03 0.000000000000000000e+00 8.523770071268852888e+00 4.169999999999999818e-01
1.323195600000000000e+07 1.000000000000000000e+00 6.500000000000000000e+01 9.169273998472435778e+03 1.009555875683641716e+04 1.484460000000000036e+03 0.000000000000000000e+00 4.973635705572066357e+00 2.400000000000000050e-02
1.323195600000000000e+07 1.000000000000000000e+00 6.500000000000000000e+01 9.168609998472435109e+03 1.009524575683641706e+04 1.483989999999999782e+03 0.000000000000000000e+00 4.580703590142597648e+00 9.199999999999999845e-02
1.323109300000000000e+07 1.000000000000000000e+00 6.500000000000000000e+01 9.159115198472434713e+03 1.011449275683641827e+04 1.485059999999999491e+03 0.000000000000000000e+00 3.488625648759414499e+00 2.400000000000000050e-02
1.323109400000000000e+07 1.000000000000000000e+00 6.500000000000000000e+01 9.162159898472436907e+03 1.012147775683641703e+04 1.485740000000000691e+03 0.000000000000000000e+00 2.413762691421732054e+00 9.199999999999999845e-02
1.323109000000000000e+07 1.000000000000000000e+00 6.600000000000000000e+01 9.158784098472435289e+03 1.013407775683641739e+04 1.496729999999999563e+03 0.000000000000000000e+00 8.397791678633383938e+00 9.199999999999999845e-02
1.323109000000000000e+07 1.000000000000000000e+00 6.600000000000000000e+01 9.157346298472435592e+03 1.013015375683641832e+04 1.495249999999999091e+03 0.000000000000000000e+00 6.652499449118201014e+00 6.099999999999999867e-02
1.323109000000000000e+07 1.000000000000000000e+00 6.600000000000000000e+01 9.154246698472434218e+03 1.012828475683641591e+04 1.494319999999999709e+03 0.000000000000000000e+00 3.189980543037030714e+00 6.099999999999999867e-02
1.323108900000000000e+07 0.000000000000000000e+00 6.600000000000000000e+01 9.146321098472435551e+03 1.012892975683641635e+04 1.494519999999999527e+03 0.000000000000000000e+00 1.869478786045358110e+00 6.099999999999999867e-02
1.323108500000000000e+07 0.000000000000000000e+00 6.500000000000000000e+01 9.142943798472435446e+03 1.012582975683641780e+04 1.506659999999999854e+03 0.000000000000000000e+00 9.170584083070612014e-01 6.099999999999999867e-02
1.323108500000000000e+07 0.000000000000000000e+00 6.500000000000000000e+01 9.138373298472435636e+03 1.012527875683641832e+04 1.506170000000000073e+03 0.000000000000000000e+00 2.715454170853299765e+00 4.169999999999999818e-01
1.323198400000000000e+07 1.000000000000000000e+00 6.500000000000000000e+01 9.128960498472435575e+03 1.012398875683641745e+04 1.514329999999999927e+03 0.000000000000000000e+00 3.764830151884613674e+00 6.099999999999999867e-02
1.323108400000000000e+07 1.000000000000000000e+00 6.600000000000000000e+01 9.134399498472435880e+03 1.012306675683641697e+04 1.510440000000000509e+03 0.000000000000000000e+00 1.085925711345004485e+00 2.400000000000000050e-02
1.323108600000000000e+07 0.000000000000000000e+00 6.500000000000000000e+01 9.137579998472436273e+03 1.012823075683641764e+04 1.501039999999999964e+03 0.000000000000000000e+00 3.139804844489468838e+00 9.199999999999999845e-02
1.323108600000000000e+07 1.000000000000000000e+00 6.500000000000000000e+01 9.136718198472435688e+03 1.013527575683641771e+04 1.503269999999999527e+03 0.000000000000000000e+00 3.477772169944348679e+00 9.199999999999999845e-02
1.323108700000000000e+07 1.000000000000000000e+00 6.500000000000000000e+01 9.135440598472436250e+03 1.014752775683641812e+04 1.490569999999999709e+03 0.000000000000000000e+00 9.590569185405392716e+00 9.199999999999999845e-02
1.323108800000000000e+07 1.000000000000000000e+00 6.500000000000000000e+01 9.138121998472435735e+03 1.013714775683641710e+04 1.488360000000000582e+03 0.000000000000000000e+00 1.936790052879808766e+00 4.169999999999999818e-01
1.323108700000000000e+07 1.000000000000000000e+00 6.500000000000000000e+01 9.136514898472436471e+03 1.014534575683641742e+04 1.497679999999999382e+03 0.000000000000000000e+00 7.824622557911641962e+00 2.400000000000000050e-02
1.323202800000000000e+07 1.000000000000000000e+00 6.500000000000000000e+01 9.134599498472434789e+03 1.005778275683641732e+04 1.473500000000000000e+03 0.000000000000000000e+00 5.371794231828621591e+00 6.899009999999999643e+00
1.323132300000000000e+07 0.000000000000000000e+00 6.600000000000000000e+01 9.134363198472434306e+03 1.000418275683641696e+04 1.463439999999999600e+03 0.000000000000000000e+00 1.523596418904197725e+00 2.400000000000000050e-02
1.323132300000000000e+07 1.000000000000000000e+00 6.600000000000000000e+01 9.132692398472434434e+03 1.000656575683641677e+04 1.466069999999999709e+03 0.000000000000000000e+00 1.395746809893720686e+00 6.099999999999999867e-02
1.323132300000000000e+07 1.000000000000000000e+00 6.600000000000000000e+01 9.132757298472435650e+03 1.000669675683641617e+04 1.465919999999999163e+03 0.000000000000000000e+00 1.560890752163729855e+00 6.099999999999999867e-02
1.323132300000000000e+07 1.000000000000000000e+00 6.600000000000000000e+01 9.132766298472435665e+03 1.000671575683641640e+04 1.465890000000000327e+03 0.000000000000000000e+00 1.589132175898877231e+00 2.400000000000000050e-02
1.323132100000000000e+07 1.000000000000000000e+00 6.600000000000000000e+01 9.146960198472435877e+03 1.001106275683641798e+04 1.458329999999999927e+03 0.000000000000000000e+00 3.580974717066129465e+00 2.400000000000000050e-02
1.323123900000000000e+07 1.000000000000000000e+00 6.600000000000000000e+01 9.144388598472436570e+03 1.002215875683641752e+04 1.465010000000000218e+03 0.000000000000000000e+00 9.037314555542799610e+00 4.169999999999999818e-01
1.323123400000000000e+07 1.000000000000000000e+00 6.500000000000000000e+01 9.142671398472435612e+03 1.002190875683641752e+04 1.473699999999999818e+03 0.000000000000000000e+00 3.824784775766427725e+00 2.400000000000000050e-02
1.323131600000000000e+07 1.000000000000000000e+00 6.500000000000000000e+01 9.154489298472435621e+03 1.001110475683641744e+04 1.468380000000000109e+03 0.000000000000000000e+00 4.319696536646767671e-01 1.078999999999999915e+01
1.323131600000000000e+07 1.000000000000000000e+00 6.500000000000000000e+01 9.154489298472435621e+03 1.001110475683641744e+04 1.468380000000000109e+03 0.000000000000000000e+00 4.319696536646767671e-01 3.218729999999999869e+00
1.323131600000000000e+07 1.000000000000000000e+00 6.500000000000000000e+01 9.154489298472435621e+03 1.001110475683641744e+04 1.468380000000000109e+03 0.000000000000000000e+00 4.319696536646767671e-01 1.504269999999999996e+00
1.323124500000000000e+07 1.000000000000000000e+00 6.500000000000000000e+01 9.117417898472434899e+03 1.003088775683641688e+04 1.457500000000000000e+03 0.000000000000000000e+00 1.566126937567471789e+00 6.099999999999999867e-02
1.323124900000000000e+07 1.000000000000000000e+00 6.600000000000000000e+01 9.118128798472436756e+03 1.002959375683641701e+04 1.451579999999999927e+03 0.000000000000000000e+00 4.292499172834721044e+00 9.199999999999999845e-02
1.323124900000000000e+07 1.000000000000000000e+00 6.600000000000000000e+01 9.118321698472434946e+03 1.002938575683641830e+04 1.450839999999999236e+03 0.000000000000000000e+00 4.611848044493068066e+00 9.199999999999999845e-02
1.323124500000000000e+07 1.000000000000000000e+00 6.500000000000000000e+01 9.119519298472434457e+03 1.003134775683641783e+04 1.453750000000000000e+03 0.000000000000000000e+00 4.994873881693452589e+00 1.078999999999999915e+01
1.323124900000000000e+07 1.000000000000000000e+00 6.600000000000000000e+01 9.118982798472436116e+03 1.002913375683641789e+04 1.453010000000000218e+03 0.000000000000000000e+00 4.894335281751899025e+00 6.099999999999999867e-02
1.323132700000000000e+07 1.000000000000000000e+00 6.500000000000000000e+01 9.124858798472436320e+03 1.002501475683641729e+04 1.450690000000000509e+03 0.000000000000000000e+00 9.392949853181985276e+00 6.099999999999999867e-02
1.323133300000000000e+07 1.000000000000000000e+00 6.600000000000000000e+01 9.110413598472434387e+03 1.002127175683641690e+04 1.440670000000000073e+03 0.000000000000000000e+00 1.068816551328465758e+00 1.078999999999999915e+01
1.323133300000000000e+07 1.000000000000000000e+00 6.600000000000000000e+01 9.110413598472434387e+03 1.002127175683641690e+04 1.440670000000000073e+03 0.000000000000000000e+00 1.068816551328465758e+00 4.500960000000000072e+00
1.323133300000000000e+07 1.000000000000000000e+00 6.600000000000000000e+01 9.110413598472434387e+03 1.002127175683641690e+04 1.440670000000000073e+03 0.000000000000000000e+00 1.068816551328465758e+00 1.772520000000000095e+00
1.323124500000000000e+07 1.000000000000000000e+00 6.500000000000000000e+01 9.119519298472434457e+03 1.003134775683641783e+04 1.453750000000000000e+03 0.000000000000000000e+00 4.994873881693452589e+00 5.343709999999999738e+00
1.323264900000000000e+07 1.000000000000000000e+00 6.500000000000000000e+01 9.118455698472436779e+03 9.993385756836418295e+03 1.432920000000000073e+03 0.000000000000000000e+00 6.649758104002336800e+00 6.099999999999999867e-02
1.323265400000000000e+07 1.000000000000000000e+00 6.600000000000000000e+01 9.120298498472435313e+03 9.994264756836417291e+03 1.433769999999999527e+03 0.000000000000000000e+00 7.687490876330133283e+00 1.124000000000000021e+01
1.323265400000000000e+07 1.000000000000000000e+00 6.600000000000000000e+01 9.122491898472435423e+03 9.995310756836417568e+03 1.434780000000000655e+03 0.000000000000000000e+00 7.029610826662739953e+00 1.078999999999999915e+01
1.323265400000000000e+07 1.000000000000000000e+00 6.600000000000000000e+01 9.124520098472436075e+03 9.996219756836417218e+03 1.435689999999999600e+03 0.000000000000000000e+00 7.252410938888828262e+00 1.124000000000000021e+01
1.323265400000000000e+07 1.000000000000000000e+00 6.600000000000000000e+01 9.124520098472436075e+03 9.996219756836417218e+03 1.435689999999999600e+03 0.000000000000000000e+00 7.252410938888828262e+00 1.073069999999999968e+00
1.323133200000000000e+07 1.000000000000000000e+00 6.500000000000000000e+01 9.119734898472435816e+03 1.000072975683641744e+04 1.433359999999999673e+03 0.000000000000000000e+00 4.055334507274729106e+00 9.199999999999999845e-02
1.323133200000000000e+07 1.000000000000000000e+00 6.500000000000000000e+01 9.113173498472435313e+03 9.997142756836416083e+03 1.432829999999999927e+03 0.000000000000000000e+00 4.285867079703820970e+00 9.199999999999999845e-02
1.323265000000000000e+07 1.000000000000000000e+00 6.500000000000000000e+01 9.116984298472434602e+03 9.996185756836417568e+03 1.432279999999999745e+03 0.000000000000000000e+00 5.694301494228246163e+00 9.199999999999999845e-02
1.323265000000000000e+07 1.000000000000000000e+00 6.500000000000000000e+01 9.117488398472436529e+03 9.996116756836418062e+03 1.431979999999999563e+03 0.000000000000000000e+00 5.669598627209804675e+00 6.099999999999999867e-02
1.323265200000000000e+07 0.000000000000000000e+00 6.600000000000000000e+01 9.119437698472436750e+03 9.994160756836416112e+03 1.423590000000000146e+03 0.000000000000000000e+00 4.039117461802057996e+00 6.099999999999999867e-02
1.323265300000000000e+07 1.000000000000000000e+00 6.600000000000000000e+01 9.121166698472436110e+03 9.990654756836416709e+03 1.424199999999999818e+03 0.000000000000000000e+00 3.464604874756151975e+00 2.400000000000000050e-02
1.323265300000000000e+07 1.000000000000000000e+00 6.600000000000000000e+01 9.128543598472435406e+03 9.990631756836417480e+03 1.425109999999999673e+03 0.000000000000000000e+00 4.829869279424324979e+00 9.199999999999999845e-02
1.323265300000000000e+07 1.000000000000000000e+00 6.600000000000000000e+01 9.130059698472436139e+03 9.990188756836418179e+03 1.425560000000000400e+03 0.000000000000000000e+00 6.430182920989564010e+00 9.199999999999999845e-02
1.323265400000000000e+07 1.000000000000000000e+00 6.600000000000000000e+01 9.126222198472434684e+03 9.996916756836417335e+03 1.423630000000000109e+03 0.000000000000000000e+00 1.117953980278437731e+00 9.199999999999999845e-02
1.323265300000000000e+07 1.000000000000000000e+00 6.600000000000000000e+01 9.125107498472436419e+03 9.993651756836417917e+03 1.425920000000000073e+03 0.000000000000000000e+00 1.474636074552780896e+00 2.400000000000000050e-02
1.323265300000000000e+07 1.000000000000000000e+00 6.600000000000000000e+01 9.125056198472435426e+03 9.992645756836416695e+03 1.426240000000000691e+03 0.000000000000000000e+00 1.644526536081307500e+00 4.169999999999999818e-01
1.323265300000000000e+07 1.000000000000000000e+00 6.600000000000000000e+01 9.124157698472434276e+03 9.990756756836417480e+03 1.425619999999999891e+03 0.000000000000000000e+00 1.785374189049015792e+00 6.099999999999999867e-02
1.323257100000000000e+07 1.000000000000000000e+00 6.600000000000000000e+01 9.137807298472434923e+03 9.986490756836417859e+03 1.418019999999999527e+03 0.000000000000000000e+00 9.726147185462981071e+00 9.199999999999999845e-02
1.323257300000000000e+07 1.000000000000000000e+00 6.600000000000000000e+01 9.135143798472436174e+03 9.977088756836415996e+03 1.408949999999999818e+03 0.000000000000000000e+00 8.652961218457836168e+00 8.349999999999999645e-01
1.323257300000000000e+07 1.000000000000000000e+00 6.600000000000000000e+01 9.135143798472436174e+03 9.977088756836415996e+03 1.408949999999999818e+03 0.000000000000000000e+00 8.652961218457836168e+00 6.865249999999999631e+00
7.576757000000000000e+06 1.000000000000000000e+00 6.600000000000000000e+01 9.020872998472435938e+03 9.629623756836415851e+03 8.886899999999995998e+02 0.000000000000000000e+00 5.451138429539192920e+00 1.078999999999999915e+01
7.576757000000000000e+06 1.000000000000000000e+00 6.600000000000000000e+01 9.020872998472435938e+03 9.629623756836415851e+03 8.886899999999995998e+02 0.000000000000000000e+00 5.451138429539192920e+00 3.559130000000000127e+00
7.576820000000000000e+06 1.000000000000000000e+00 6.600000000000000000e+01 9.003921198472435208e+03 9.587265756836417495e+03 7.977099999999991269e+02 0.000000000000000000e+00 1.913328121150244199e+00 2.400000000000000050e-02
7.576644000000000000e+06 0.000000000000000000e+00 6.500000000000000000e+01 8.998118798472434719e+03 9.562555056836416043e+03 8.000799999999999272e+02 0.000000000000000000e+00 2.477962930746631987e+00 4.169999999999999818e-01
7.576645000000000000e+06 1.000000000000000000e+00 6.500000000000000000e+01 8.986636898472435860e+03 9.567417156836418144e+03 8.025399999999999636e+02 0.000000000000000000e+00 3.548313092095207733e+00 1.078999999999999915e+01
7.576645000000000000e+06 1.000000000000000000e+00 6.500000000000000000e+01 8.986636898472435860e+03 9.567417156836418144e+03 8.025399999999999636e+02 0.000000000000000000e+00 3.548313092095207733e+00 3.331609999999999960e+00
7.576645000000000000e+06 1.000000000000000000e+00 6.500000000000000000e+01 8.986636898472435860e+03 9.567417156836418144e+03 8.025399999999999636e+02 0.000000000000000000e+00 3.548313092095207733e+00 1.698970000000000091e+00
1.919945000000000000e+06 1.000000000000000000e+00 6.600000000000000000e+01 9.060713478472436691e+03 9.485855256836417539e+03 2.066200000000008004e+02 0.000000000000000000e+00 7.163488591559463714e+00 6.099999999999999867e-02
1.919940000000000000e+06 1.000000000000000000e+00 6.500000000000000000e+01 9.071780178472436091e+03 9.488946556836417585e+03 1.941700000000000728e+02 0.000000000000000000e+00 9.995651386970960672e+00 9.199999999999999845e-02
1.918996000000000000e+06 1.000000000000000000e+00 6.600000000000000000e+01 9.082282798472435388e+03 9.477688366836417117e+03 1.207100000000000364e+02 0.000000000000000000e+00 3.521910061758636967e+00 9.199999999999999845e-02
1.918996000000000000e+06 1.000000000000000000e+00 6.600000000000000000e+01 9.085072398472435452e+03 9.477573826836418448e+03 1.207699999999995271e+02 0.000000000000000000e+00 3.647639464809610654e+00 9.199999999999999845e-02
1.918996000000000000e+06 1.000000000000000000e+00 6.600000000000000000e+01 9.086029798472434777e+03 9.477380396836417276e+03 1.207599999999993088e+02 0.000000000000000000e+00 4.269237328987905755e+00 2.039999999999999869e-01
1.918992000000000000e+06 1.000000000000000000e+00 6.600000000000000000e+01 9.102161098472435697e+03 9.482317856836416468e+03 1.314900000000006912e+02 0.000000000000000000e+00 6.080771357597027915e-01 6.099999999999999867e-02
1.918992000000000000e+06 1.000000000000000000e+00 6.600000000000000000e+01 9.105490598472435522e+03 9.482216156836417213e+03 1.338000000000001819e+02 0.000000000000000000e+00 1.228490893580646226e+00 2.400000000000000050e-02
1.918991000000000000e+06 1.000000000000000000e+00 6.600000000000000000e+01 9.108732298472436014e+03 9.484556756836416753e+03 1.353099999999994907e+02 0.000000000000000000e+00 3.142064316868796503e+00 6.099999999999999867e-02
1.918122000000000000e+06 1.000000000000000000e+00 6.600000000000000000e+01 9.116041398472436413e+03 9.488460356836418214e+03 1.389499999999998181e+02 0.000000000000000000e+00 7.107395265692306729e+00 6.099999999999999867e-02
1.918123000000000000e+06 1.000000000000000000e+00 6.600000000000000000e+01 9.117319598472435246e+03 9.498236656836415932e+03 1.403199999999997090e+02 0.000000000000000000e+00 3.079523771809645538e+00 9.199999999999999845e-02
1.918121000000000000e+06 0.000000000000000000e+00 6.600000000000000000e+01 9.123466198472435281e+03 9.502835256836417102e+03 1.383000000000001819e+02 0.000000000000000000e+00 1.446611999954123373e+00 4.600000000000000200e-01
1.918121000000000000e+06 0.000000000000000000e+00 6.600000000000000000e+01 9.124260398472435554e+03 9.502523056836416799e+03 1.379699999999993452e+02 0.000000000000000000e+00 2.120758434686681237e+00 9.199999999999999845e-02
1.918120000000000000e+06 0.000000000000000000e+00 6.600000000000000000e+01 9.126613998472435924e+03 9.504701656836416078e+03 1.361199999999998909e+02 0.000000000000000000e+00 1.362857354459347636e+00 9.199999999999999845e-02
1.918121000000000000e+06 0.000000000000000000e+00 6.600000000000000000e+01 9.126612498472435618e+03 9.505830956836416590e+03 1.355900000000001455e+02 0.000000000000000000e+00 1.566511253531128744e+00 9.199999999999999845e-02
1.918119000000000000e+06 1.000000000000000000e+00 6.500000000000000000e+01 9.124632498472434236e+03 9.504914656836415816e+03 1.500999999999994543e+02 0.000000000000000000e+00 2.685310870017856733e+00 9.199999999999999845e-02
1.919161000000000000e+06 1.000000000000000000e+00 6.500000000000000000e+01 9.117145298472434661e+03 9.498117956836416852e+03 1.564100000000007640e+02 0.000000000000000000e+00 9.422609030082970349e+00 9.199999999999999845e-02
1.919010000000000000e+06 1.000000000000000000e+00 6.500000000000000000e+01 9.111443598472436861e+03 9.497804156836416951e+03 1.657199999999993452e+02 0.000000000000000000e+00 4.833422416396023991e+00 2.039999999999999869e-01
1.919009000000000000e+06 1.000000000000000000e+00 6.600000000000000000e+01 9.106787998472434992e+03 9.500698156836417184e+03 1.677500000000000000e+02 0.000000000000000000e+00 4.668829516304712435e+00 2.400000000000000050e-02
1.919159000000000000e+06 1.000000000000000000e+00 6.500000000000000000e+01 9.102554598472435828e+03 9.502872056836416959e+03 1.687499999999990905e+02 0.000000000000000000e+00 5.523899806734461571e+00 2.400000000000000050e-02
1.919092000000000000e+06 1.000000000000000000e+00 6.600000000000000000e+01 9.093006298472435446e+03 9.505602156836415816e+03 1.697199999999993452e+02 0.000000000000000000e+00 8.763618923350870560e+00 9.199999999999999845e-02
1.919089000000000000e+06 0.000000000000000000e+00 6.500000000000000000e+01 9.101858498472436622e+03 9.514435256836417466e+03 1.591599999999998545e+02 0.000000000000000000e+00 1.196209960080856893e+00 9.199999999999999845e-02
1.919089000000000000e+06 0.000000000000000000e+00 6.500000000000000000e+01 9.101294898472435307e+03 9.513878556836418284e+03 1.573699999999998909e+02 0.000000000000000000e+00 9.777029312412096607e-01 9.199999999999999845e-02
1.919089000000000000e+06 0.000000000000000000e+00 6.500000000000000000e+01 9.101188498472434731e+03 9.513773356836416497e+03 1.570400000000008731e+02 0.000000000000000000e+00 1.205794853380063314e+00 2.039999999999999869e-01
1.919086000000000000e+06 0.000000000000000000e+00 6.600000000000000000e+01 9.097018198472436779e+03 9.512523056836416799e+03 1.475300000000006548e+02 0.000000000000000000e+00 4.268322142816814990e-01 9.199999999999999845e-02
1.919086000000000000e+06 0.000000000000000000e+00 6.600000000000000000e+01 9.095573898472435758e+03 9.511349256836416316e+03 1.462700000000004366e+02 0.000000000000000000e+00 1.698588729820059484e+00 9.199999999999999845e-02
1.919086000000000000e+06 0.000000000000000000e+00 6.600000000000000000e+01 9.096049198472435819e+03 9.508500756836416258e+03 1.478500000000003638e+02 0.000000000000000000e+00 5.324330783480030194e-01 9.199999999999999845e-02
1.919086000000000000e+06 0.000000000000000000e+00 6.600000000000000000e+01 9.096049198472435819e+03 9.508500756836416258e+03 1.478500000000003638e+02 0.000000000000000000e+00 5.324330783480030194e-01 7.312850000000000072e+00
1.919753000000000000e+06 1.000000000000000000e+00 6.600000000000000000e+01 9.067493218472434819e+03 9.472440286836415908e+03 4.308999999999923602e+01 0.000000000000000000e+00 7.996129982218692867e+00 1.078999999999999915e+01
1.919752000000000000e+06 0.000000000000000000e+00 6.600000000000000000e+01 9.063526348472434620e+03 9.477226696836416522e+03 5.663000000000010914e+01 0.000000000000000000e+00 1.708751498313054729e+00 4.169999999999999818e-01
1.919750000000000000e+06 0.000000000000000000e+00 6.500000000000000000e+01 9.059539398472436005e+03 9.485013956836417492e+03 5.842000000000007276e+01 0.000000000000000000e+00 7.487937553624911535e-01 2.039999999999999869e-01
1.919755000000000000e+06 0.000000000000000000e+00 6.500000000000000000e+01 9.065095578472435591e+03 9.471808351836418296e+03 6.113999999999941792e+01 0.000000000000000000e+00 2.230107572982566122e+00 2.400000000000000050e-02
1.919760000000000000e+06 1.000000000000000000e+00 6.600000000000000000e+01 9.061234428472434956e+03 9.454757956836416270e+03 5.522999999999956344e+01 0.000000000000000000e+00 5.272029578223863533e-01 9.199999999999999845e-02
1.919759000000000000e+06 0.000000000000000000e+00 6.600000000000000000e+01 9.063712344672436302e+03 9.454075156836417591e+03 5.161999999999989086e+01 0.000000000000000000e+00 2.778665516458839413e+00 9.199999999999999845e-02
1.919756000000000000e+06 1.000000000000000000e+00 6.500000000000000000e+01 9.061766898472436878e+03 9.453444056836417076e+03 4.624000000000069122e+01 0.000000000000000000e+00 4.127027981449034932e+00 5.000000000000000000e-01
1.919761000000000000e+06 1.000000000000000000e+00 6.600000000000000000e+01 9.065591748472435938e+03 9.449259256836416171e+03 4.596000000000003638e+01 0.000000000000000000e+00 4.575201314588397850e+00 9.199999999999999845e-02
1.919763000000000000e+06 1.000000000000000000e+00 6.600000000000000000e+01 9.067086628472436132e+03 9.436170156836416936e+03 4.583000000000083674e+01 0.000000000000000000e+00 8.019546329710943056e+00 4.169999999999999818e-01
1.919762000000000000e+06 1.000000000000000000e+00 6.600000000000000000e+01 9.067534058472436300e+03 9.437133456836418191e+03 4.536999999999989086e+01 0.000000000000000000e+00 7.650675815591976736e+00 9.199999999999999845e-02
1.919762000000000000e+06 1.000000000000000000e+00 6.600000000000000000e+01 9.068408898472436704e+03 9.439456656836417096e+03 4.383000000000083674e+01 0.000000000000000000e+00 7.117914353914867931e+00 6.099999999999999867e-02
1.919753000000000000e+06 1.000000000000000000e+00 6.600000000000000000e+01 9.067493218472434819e+03 9.472440286836415908e+03 4.308999999999923602e+01 0.000000000000000000e+00 7.996129982218692867e+00 3.781390000000000029e-01
1.323720500000000000e+07 1.000000000000000000e+00 6.500000000000000000e+01 8.879395998472435167e+03 9.642124756836416054e+03 1.431760000000000218e+03 1.000000000000000000e+00 5.761203735142363946e-01 2.450000000000000000e+02
7.576769000000000000e+06 0.000000000000000000e+00 6.500000000000000000e+01 8.987167098472436919e+03 9.641769756836416491e+03 8.960300000000006548e+02 1.000000000000000000e+00 2.640027795340697203e+00 2.450000000000000000e+02
1.323569000000000000e+07 1.000000000000000000e+00 6.500000000000000000e+01 8.884468998472435487e+03 9.606474756836418237e+03 1.460390000000000327e+03 1.000000000000000000e+00 8.187877362903719369e-01 2.450000000000000000e+02
4.098583400000000000e+07 0.000000000000000000e+00 6.600000000000000000e+01 6.515548998472435414e+03 6.729647756836417102e+03 4.759829999999999927e+03 1.000000000000000000e+00 2.152171920593634269e+00 2.450000000000000000e+02
3.253769600000000000e+07 0.000000000000000000e+00 6.500000000000000000e+01 7.545928998472435524e+03 7.742987756836417248e+03 3.889519999999999982e+03 1.000000000000000000e+00 2.823155994515621270e+00 2.450000000000000000e+02
2.069671500000000000e+07 0.000000000000000000e+00 6.600000000000000000e+01 8.538971998472436098e+03 8.806843756836417015e+03 2.409800000000000182e+03 1.000000000000000000e+00 2.332383781060122896e+00 2.450000000000000000e+02
