2.500788800000000000e+07 1.000000000000000000e+00 6.600000000000000000e+01 2.490176993387360199e+03 1.121685912059056136e+04 2.808139999999999418e+03 0.000000000000000000e+00 4.798921868331039953e+00 1.078999999999999915e+01
4.876510000000000000e+07 1.000000000000000000e+00 6.600000000000000000e+01 2.631260493387360839e+03 1.110834872059056215e+04 5.711250000000000000e+03 0.000000000000000000e+00 5.352554810412413211e+00 1.078999999999999915e+01
4.876509900000000000e+07 1.000000000000000000e+00 6.600000000000000000e+01 2.631364493387360199e+03 1.110820502059056162e+04 5.715760000000000218e+03 0.000000000000000000e+00 3.374975040438502383e+00 1.078999999999999915e+01
5.304919800000000000e+07 1.000000000000000000e+00 6.500000000000000000e+01 2.637887493387360337e+03 1.110458732059056274e+04 6.012039999999999964e+03 0.000000000000000000e+00 7.324318000274808504e+00 1.078999999999999915e+01
5.304919300000000000e+07 1.000000000000000000e+00 6.600000000000000000e+01 2.638368493387361013e+03 1.110419112059056170e+04 6.031069999999999709e+03 0.000000000000000000e+00 2.236455530753370891e+00 1.339000000000000057e+01
7.701549300000000000e+07 1.000000000000000000e+00 6.600000000000000000e+01 2.467350793387360682e+03 1.112126042059056272e+04 9.080190000000000509e+03 0.000000000000000000e+00 2.408501479259335998e+00 1.339000000000000057e+01
8.132980300000000000e+07 1.000000000000000000e+00 6.600000000000000000e+01 2.438173493387360395e+03 1.110843482059056259e+04 9.396090000000000146e+03 0.000000000000000000e+00 7.970992732969786054e+00 1.605000000000000071e+01
8.695334100000000000e+07 1.000000000000000000e+00 6.600000000000000000e+01 2.383287993387360984e+03 1.109408282059056182e+04 1.012570000000000073e+04 0.000000000000000000e+00 2.528528720352407166e+00 1.078999999999999915e+01
8.832857900000000000e+07 1.000000000000000000e+00 6.500000000000000000e+01 2.355588093387360459e+03 1.109464882059056254e+04 1.044045000000000073e+04 0.000000000000000000e+00 1.707941997055915317e+00 1.078999999999999915e+01
8.832858700000000000e+07 1.000000000000000000e+00 6.600000000000000000e+01 2.352662093387360983e+03 1.109506902059056301e+04 1.046840999999999985e+04 0.000000000000000000e+00 7.936689762404669501e+00 1.339000000000000057e+01
9.261134300000000000e+07 1.000000000000000000e+00 6.500000000000000000e+01 2.320971993387360271e+03 1.109957112059056089e+04 1.073787999999999920e+04 0.000000000000000000e+00 6.218972421179006282e+00 1.339000000000000057e+01
1.155106780000000000e+08 1.000000000000000000e+00 6.500000000000000000e+01 2.380422593387360394e+03 1.133935782059056146e+04 1.339297000000000116e+04 0.000000000000000000e+00 7.553520919242258991e+00 4.169999999999999818e-01
1.155106780000000000e+08 1.000000000000000000e+00 6.500000000000000000e+01 2.374884793387360332e+03 1.133785782059056146e+04 1.339273999999999978e+04 0.000000000000000000e+00 7.910280229215455705e+00 9.199999999999999845e-02
1.155106780000000000e+08 1.000000000000000000e+00 6.500000000000000000e+01 2.374500893387360520e+03 1.133775382059056210e+04 1.339271999999999935e+04 0.000000000000000000e+00 8.090565685356439829e+00 9.199999999999999845e-02
1.155104410000000000e+08 1.000000000000000000e+00 6.600000000000000000e+01 2.394850593387360277e+03 1.132011182059056227e+04 1.336218000000000029e+04 0.000000000000000000e+00 2.107895079326308263e+00 9.199999999999999845e-02
1.155104450000000000e+08 1.000000000000000000e+00 6.500000000000000000e+01 2.386096893387360979e+03 1.132579882059056217e+04 1.338024000000000160e+04 0.000000000000000000e+00 6.320647244696218081e+00 2.400000000000000050e-02
1.155103650000000000e+08 0.000000000000000000e+00 6.600000000000000000e+01 2.403349253387360477e+03 1.131643782059056321e+04 1.338848999999999978e+04 0.000000000000000000e+00 1.095719393071694858e+00 2.039999999999999869e-01
1.155103650000000000e+08 1.000000000000000000e+00 6.600000000000000000e+01 2.394946493387360533e+03 1.131664682059056213e+04 1.338673999999999978e+04 0.000000000000000000e+00 2.098935847633776053e+00 9.199999999999999845e-02
1.155103650000000000e+08 1.000000000000000000e+00 6.600000000000000000e+01 2.396753143387360979e+03 1.131733282059056182e+04 1.338550000000000000e+04 0.000000000000000000e+00 1.614010918127742666e+00 6.099999999999999867e-02
1.155103650000000000e+08 1.000000000000000000e+00 6.600000000000000000e+01 2.398133813387360533e+03 1.131678882059056195e+04 1.338684000000000015e+04 0.000000000000000000e+00 7.930047688758485869e-01 2.400000000000000050e-02
1.155103650000000000e+08 1.000000000000000000e+00 6.600000000000000000e+01 2.394078793387360747e+03 1.131672882059056064e+04 1.338906000000000131e+04 0.000000000000000000e+00 3.298748413401282331e+00 4.169999999999999818e-01
1.155103650000000000e+08 1.000000000000000000e+00 6.600000000000000000e+01 2.396041223387360333e+03 1.131323082059056105e+04 1.338723999999999978e+04 0.000000000000000000e+00 3.687550879501558576e+00 9.199999999999999845e-02
1.155104410000000000e+08 1.000000000000000000e+00 6.600000000000000000e+01 2.386425493387360802e+03 1.132282282059056161e+04 1.336277999999999884e+04 0.000000000000000000e+00 4.731890638409556260e+00 9.199999999999999845e-02
1.155104420000000000e+08 1.000000000000000000e+00 6.600000000000000000e+01 2.387314293387360522e+03 1.132391282059056175e+04 1.336611999999999898e+04 0.000000000000000000e+00 4.943053189929484503e+00 9.199999999999999845e-02
9.261134300000000000e+07 1.000000000000000000e+00 6.500000000000000000e+01 2.320876693387360319e+03 1.109963252059056322e+04 1.073781999999999971e+04 0.000000000000000000e+00 6.224512178018675179e+00 1.605000000000000071e+01
9.261007100000000000e+07 1.000000000000000000e+00 6.500000000000000000e+01 2.322844893387360571e+03 1.110275102059056189e+04 1.073529000000000087e+04 0.000000000000000000e+00 5.397051566437531811e+00 1.078999999999999915e+01
9.261133900000000000e+07 1.000000000000000000e+00 6.600000000000000000e+01 2.325214893387360462e+03 1.109828092059056144e+04 1.074436999999999898e+04 0.000000000000000000e+00 6.116443885631513311e+00 1.124000000000000021e+01
9.261133400000000000e+07 1.000000000000000000e+00 6.500000000000000000e+01 2.330196693387360938e+03 1.109698822059056329e+04 1.074952000000000044e+04 0.000000000000000000e+00 4.581042445160756316e+00 1.339000000000000057e+01
9.261133900000000000e+07 1.000000000000000000e+00 6.600000000000000000e+01 2.326784693387360676e+03 1.109747872059056317e+04 1.074270000000000073e+04 0.000000000000000000e+00 4.809043785364523593e+00 1.078999999999999915e+01
9.261133900000000000e+07 1.000000000000000000e+00 6.600000000000000000e+01 2.326784693387360676e+03 1.109747872059056317e+04 1.074270000000000073e+04 0.000000000000000000e+00 4.809043785364523593e+00 3.306210000000000093e+00
9.261133900000000000e+07 1.000000000000000000e+00 6.600000000000000000e+01 2.326784693387360676e+03 1.109747872059056317e+04 1.074270000000000073e+04 0.000000000000000000e+00 4.809043785364523593e+00 1.891429999999999945e+00
9.261133400000000000e+07 1.000000000000000000e+00 6.500000000000000000e+01 2.330196693387360938e+03 1.109698822059056329e+04 1.074952000000000044e+04 0.000000000000000000e+00 4.581042445160756316e+00 3.303659999999999819e+00
9.261007100000000000e+07 1.000000000000000000e+00 6.500000000000000000e+01 2.323422693387360596e+03 1.111163612059056322e+04 1.072688000000000102e+04 0.000000000000000000e+00 1.568364518402038721e+00 2.400000000000000050e-02
9.261007000000000000e+07 1.000000000000000000e+00 6.500000000000000000e+01 2.317274793387360660e+03 1.111775252059056220e+04 1.072580999999999949e+04 0.000000000000000000e+00 6.132401066969006109e+00 1.078999999999999915e+01
9.261007000000000000e+07 1.000000000000000000e+00 6.500000000000000000e+01 2.317274793387360660e+03 1.111775252059056220e+04 1.072580999999999949e+04 0.000000000000000000e+00 6.132401066969006109e+00 4.208800000000000097e+00
9.261007000000000000e+07 1.000000000000000000e+00 6.500000000000000000e+01 2.317274793387360660e+03 1.111775252059056220e+04 1.072580999999999949e+04 0.000000000000000000e+00 6.132401066969006109e+00 5.966249999999999609e-01
9.261134400000000000e+07 1.000000000000000000e+00 6.600000000000000000e+01 2.303971493387360169e+03 1.107845482059056303e+04 1.072784000000000015e+04 0.000000000000000000e+00 9.828931687486445412e+00 9.199999999999999845e-02
9.261134600000000000e+07 1.000000000000000000e+00 6.600000000000000000e+01 2.295455493387360548e+03 1.108202382059056254e+04 1.073352000000000044e+04 0.000000000000000000e+00 6.949004118900774962e+00 1.376999999999999957e+01
8.832707100000000000e+07 1.000000000000000000e+00 6.500000000000000000e+01 2.369801993387360199e+03 1.108280182059056096e+04 1.046527000000000044e+04 0.000000000000000000e+00 9.048816844255862080e+00 4.169999999999999818e-01
8.832707700000000000e+07 1.000000000000000000e+00 6.600000000000000000e+01 2.382509593387360837e+03 1.109141382059056195e+04 1.046468000000000029e+04 0.000000000000000000e+00 4.754323681848002359e+00 9.199999999999999845e-02
8.832707700000000000e+07 1.000000000000000000e+00 6.600000000000000000e+01 2.382411593387360881e+03 1.109270982059056223e+04 1.046347999999999956e+04 0.000000000000000000e+00 3.463740743559245772e+00 9.199999999999999845e-02
8.832707700000000000e+07 1.000000000000000000e+00 6.600000000000000000e+01 2.381225093387360175e+03 1.109568392059056168e+04 1.046053000000000065e+04 0.000000000000000000e+00 4.239838464750323332e+00 6.099999999999999867e-02
8.832707700000000000e+07 1.000000000000000000e+00 6.600000000000000000e+01 2.379334493387360453e+03 1.109416382059056195e+04 1.045745000000000073e+04 0.000000000000000000e+00 6.977209331922071378e+00 2.400000000000000050e-02
8.832707700000000000e+07 1.000000000000000000e+00 6.600000000000000000e+01 2.378731593387360590e+03 1.109430182059056096e+04 1.045682999999999993e+04 0.000000000000000000e+00 7.834610581769942073e+00 9.199999999999999845e-02
8.832840400000000000e+07 1.000000000000000000e+00 6.600000000000000000e+01 2.385640493387360948e+03 1.110589242059056232e+04 1.044684000000000015e+04 0.000000000000000000e+00 6.563287263246848191e+00 6.099999999999999867e-02
8.832840400000000000e+07 1.000000000000000000e+00 6.600000000000000000e+01 2.387556793387360813e+03 1.110651672059056182e+04 1.044726000000000022e+04 0.000000000000000000e+00 7.090474875671151977e+00 6.099999999999999867e-02
8.832708200000000000e+07 1.000000000000000000e+00 6.500000000000000000e+01 2.393319793387360733e+03 1.110896362059056264e+04 1.044802000000000044e+04 0.000000000000000000e+00 4.121712753329222600e+00 2.400000000000000050e-02
8.832708200000000000e+07 1.000000000000000000e+00 6.500000000000000000e+01 2.396979453387360991e+03 1.110939202059056333e+04 1.044911999999999898e+04 0.000000000000000000e+00 1.127640125079588884e+00 8.349999999999999645e-01
8.832708200000000000e+07 1.000000000000000000e+00 6.500000000000000000e+01 2.396979453387360991e+03 1.110939202059056333e+04 1.044911999999999898e+04 0.000000000000000000e+00 1.127640125079588884e+00 6.811880000000000379e+00
8.832857900000000000e+07 1.000000000000000000e+00 6.500000000000000000e+01 2.361655793387360973e+03 1.109150482059056230e+04 1.043902999999999884e+04 0.000000000000000000e+00 4.201269937177230851e+00 9.199999999999999845e-02
8.832857900000000000e+07 1.000000000000000000e+00 6.500000000000000000e+01 2.361122293387360514e+03 1.109155882059056239e+04 1.043522999999999956e+04 0.000000000000000000e+00 4.790774479612220915e+00 1.078999999999999915e+01
8.832857900000000000e+07 1.000000000000000000e+00 6.500000000000000000e+01 2.361122293387360514e+03 1.109155882059056239e+04 1.043522999999999956e+04 0.000000000000000000e+00 4.790774479612220915e+00 4.722209999999999575e+00
8.832857900000000000e+07 1.000000000000000000e+00 6.500000000000000000e+01 2.361122293387360514e+03 1.109155882059056239e+04 1.043522999999999956e+04 0.000000000000000000e+00 4.790774479612220915e+00 2.958079999999999821e+00
8.695334100000000000e+07 1.000000000000000000e+00 6.600000000000000000e+01 2.383287993387360984e+03 1.109408282059056182e+04 1.012570000000000073e+04 0.000000000000000000e+00 2.528528720352407166e+00 1.258820000000000050e+00
8.132980300000000000e+07 1.000000000000000000e+00 6.600000000000000000e+01 2.440238393387360702e+03 1.110682872059056172e+04 9.399459999999999127e+03 0.000000000000000000e+00 7.046346693086023016e+00 9.199999999999999845e-02
8.132980200000000000e+07 1.000000000000000000e+00 6.600000000000000000e+01 2.439584793387360151e+03 1.110412232059056259e+04 9.400850000000000364e+03 0.000000000000000000e+00 4.379625137253189138e+00 9.199999999999999845e-02
8.132980200000000000e+07 1.000000000000000000e+00 6.600000000000000000e+01 2.442473393387360375e+03 1.110766162059056296e+04 9.397790000000000873e+03 0.000000000000000000e+00 9.241435955665913582e+00 1.078999999999999915e+01
8.132980200000000000e+07 1.000000000000000000e+00 6.600000000000000000e+01 2.442473393387360375e+03 1.110766162059056296e+04 9.397790000000000873e+03 0.000000000000000000e+00 9.241435955665913582e+00 2.864110000000000156e+00
8.132980200000000000e+07 1.000000000000000000e+00 6.600000000000000000e+01 2.442473393387360375e+03 1.110766162059056296e+04 9.397790000000000873e+03 0.000000000000000000e+00 9.241435955665913582e+00 5.046770000000000422e-01
8.132980600000000000e+07 1.000000000000000000e+00 6.500000000000000000e+01 2.431738493387360904e+03 1.110079962059056197e+04 9.382870000000000800e+03 0.000000000000000000e+00 2.661988641243112408e+00 9.199999999999999845e-02
8.132989800000000000e+07 1.000000000000000000e+00 6.600000000000000000e+01 2.398075583387360894e+03 1.109978892059056307e+04 9.377790000000000873e+03 0.000000000000000000e+00 4.190613845494285172e+00 9.199999999999999845e-02
8.132989900000000000e+07 1.000000000000000000e+00 6.600000000000000000e+01 2.392965493387360766e+03 1.109459082059056163e+04 9.377969999999999345e+03 0.000000000000000000e+00 2.500704380021053996e+00 9.199999999999999845e-02
8.132989900000000000e+07 1.000000000000000000e+00 6.600000000000000000e+01 2.392516093387360343e+03 1.109357582059056222e+04 9.377250000000000000e+03 0.000000000000000000e+00 2.493343253716838070e+00 6.099999999999999867e-02
8.132989900000000000e+07 1.000000000000000000e+00 6.600000000000000000e+01 2.394043593387360488e+03 1.109210482059056085e+04 9.376209999999999127e+03 0.000000000000000000e+00 4.532715637652407814e+00 4.169999999999999818e-01
8.132862300000000000e+07 1.000000000000000000e+00 6.500000000000000000e+01 2.404610943387360749e+03 1.109437082059056229e+04 9.380500000000000000e+03 0.000000000000000000e+00 1.222508981131402717e+00 6.099999999999999867e-02
8.132989400000000000e+07 1.000000000000000000e+00 6.500000000000000000e+01 2.403011203387360183e+03 1.110270032059056211e+04 9.386479999999999563e+03 0.000000000000000000e+00 2.089146292316314657e+00 9.199999999999999845e-02
8.132990200000000000e+07 0.000000000000000000e+00 6.600000000000000000e+01 2.376054593387360910e+03 1.109861142059056147e+04 9.377120000000000800e+03 0.000000000000000000e+00 2.057370594719602597e+00 2.039999999999999869e-01
8.132990300000000000e+07 0.000000000000000000e+00 6.600000000000000000e+01 2.371753693387360727e+03 1.109833492059056152e+04 9.378409999999999854e+03 0.000000000000000000e+00 1.481232128927250979e+00 4.169999999999999818e-01
8.132989800000000000e+07 1.000000000000000000e+00 6.500000000000000000e+01 2.374101493387360279e+03 1.111646052059056092e+04 9.394040000000000873e+03 0.000000000000000000e+00 4.768728694826060988e+00 9.199999999999999845e-02
8.132989800000000000e+07 1.000000000000000000e+00 6.500000000000000000e+01 2.371796993387360999e+03 1.111839502059056213e+04 9.398670000000000073e+03 0.000000000000000000e+00 9.656961889484314554e+00 6.099999999999999867e-02
7.701549300000000000e+07 1.000000000000000000e+00 6.600000000000000000e+01 2.467350793387360682e+03 1.112126042059056272e+04 9.080190000000000509e+03 0.000000000000000000e+00 2.408501479259335998e+00 3.241629999999999789e+00
5.442139200000000000e+07 1.000000000000000000e+00 6.500000000000000000e+01 2.636664493387360380e+03 1.106359382059056225e+04 6.551278000000000247e+03 0.000000000000000000e+00 7.090986618184338397e+00 6.099999999999999867e-02
5.442139900000000000e+07 1.000000000000000000e+00 6.600000000000000000e+01 2.629214493387360562e+03 1.104545382059056283e+04 6.533265999999999622e+03 0.000000000000000000e+00 9.792725897966299442e+00 4.169999999999999818e-01
5.442141200000000000e+07 1.000000000000000000e+00 6.500000000000000000e+01 2.630442493387360628e+03 1.103650482059056230e+04 6.507390000000000327e+03 0.000000000000000000e+00 7.249955343081206038e+00 2.400000000000000050e-02
5.442141300000000000e+07 1.000000000000000000e+00 6.500000000000000000e+01 2.625642493387360446e+03 1.103634082059056163e+04 6.507500000000000000e+03 0.000000000000000000e+00 8.324108397858980268e+00 6.099999999999999867e-02
5.442227400000000000e+07 1.000000000000000000e+00 6.500000000000000000e+01 2.608471493387360169e+03 1.105116482059056216e+04 6.507792999999999665e+03 0.000000000000000000e+00 2.059561450559500795e+00 4.169999999999999818e-01
5.442227300000000000e+07 0.000000000000000000e+00 6.600000000000000000e+01 2.616525493387360257e+03 1.105789982059056274e+04 6.505711000000000240e+03 0.000000000000000000e+00 1.637462597081640325e+00 2.400000000000000050e-02
5.442227200000000000e+07 1.000000000000000000e+00 6.500000000000000000e+01 2.622562493387360519e+03 1.105594982059056201e+04 6.509686999999999898e+03 0.000000000000000000e+00 1.065516485934299151e+00 4.169999999999999818e-01
5.442227100000000000e+07 1.000000000000000000e+00 6.500000000000000000e+01 2.626474493387360781e+03 1.105415282059056153e+04 6.510345999999999549e+03 0.000000000000000000e+00 3.311862796311137558e+00 6.099999999999999867e-02
5.442227200000000000e+07 1.000000000000000000e+00 6.500000000000000000e+01 2.622514493387360744e+03 1.104777082059056193e+04 6.515506000000000313e+03 0.000000000000000000e+00 8.630497303630178862e+00 2.400000000000000050e-02
5.442227200000000000e+07 1.000000000000000000e+00 6.500000000000000000e+01 2.621894493387360853e+03 1.105878482059056114e+04 6.519153999999999542e+03 0.000000000000000000e+00 4.543638681058145501e+00 9.199999999999999845e-02
5.442227200000000000e+07 1.000000000000000000e+00 6.500000000000000000e+01 2.621681493387360206e+03 1.105912782059056190e+04 6.518818999999999505e+03 0.000000000000000000e+00 4.221584868993635276e+00 9.199999999999999845e-02
5.442227200000000000e+07 1.000000000000000000e+00 6.500000000000000000e+01 2.621055493387360912e+03 1.106274282059056168e+04 6.515350999999999658e+03 0.000000000000000000e+00 3.128423429604699546e+00 6.099999999999999867e-02
5.442227600000000000e+07 0.000000000000000000e+00 6.600000000000000000e+01 2.613330493387360548e+03 1.106575282059056190e+04 6.519015999999999622e+03 0.000000000000000000e+00 5.552471302447573587e-01 9.199999999999999845e-02
5.442227600000000000e+07 0.000000000000000000e+00 6.500000000000000000e+01 2.611919493387360490e+03 1.106391882059056297e+04 6.516904999999999745e+03 0.000000000000000000e+00 7.523058744921857777e-01 6.099999999999999867e-02
5.442227500000000000e+07 0.000000000000000000e+00 6.500000000000000000e+01 2.611440493387360220e+03 1.106301482059056070e+04 6.513204999999999927e+03 0.000000000000000000e+00 1.750418612875206614e+00 9.199999999999999845e-02
5.442227600000000000e+07 1.000000000000000000e+00 6.500000000000000000e+01 2.602340493387360766e+03 1.105794382059056079e+04 6.512644000000000233e+03 0.000000000000000000e+00 1.668941030273487725e+00 2.400000000000000050e-02
5.442135800000000000e+07 1.000000000000000000e+00 6.600000000000000000e+01 2.583859493387360999e+03 1.105942282059056197e+04 6.513796000000000276e+03 0.000000000000000000e+00 6.241638227727616339e+00 9.199999999999999845e-02
5.442219900000000000e+07 1.000000000000000000e+00 6.500000000000000000e+01 2.582223493387360577e+03 1.105899682059056067e+04 6.514850000000000364e+03 0.000000000000000000e+00 5.556325569020208910e+00 2.400000000000000050e-02
5.442219900000000000e+07 1.000000000000000000e+00 6.500000000000000000e+01 2.589427493387360300e+03 1.105459082059056163e+04 6.513368999999999687e+03 0.000000000000000000e+00 5.094582151043568707e+00 9.199999999999999845e-02
5.442228200000000000e+07 1.000000000000000000e+00 6.600000000000000000e+01 2.588864493387360199e+03 1.106255182059056096e+04 6.531729000000000269e+03 0.000000000000000000e+00 6.350305857303527368e+00 2.400000000000000050e-02
5.442228200000000000e+07 1.000000000000000000e+00 6.600000000000000000e+01 2.590257493387360228e+03 1.106498882059056268e+04 6.533096999999999753e+03 0.000000000000000000e+00 5.258266281129483133e+00 6.099999999999999867e-02
5.442228200000000000e+07 1.000000000000000000e+00 6.600000000000000000e+01 2.589766493387360242e+03 1.106455182059056096e+04 6.533038999999999760e+03 0.000000000000000000e+00 5.732461110267304427e+00 9.199999999999999845e-02
5.442228200000000000e+07 1.000000000000000000e+00 6.600000000000000000e+01 2.589928493387360504e+03 1.106409682059056286e+04 6.533342999999999847e+03 0.000000000000000000e+00 5.632354868558689276e+00 4.169999999999999818e-01
5.442228200000000000e+07 1.000000000000000000e+00 6.600000000000000000e+01 2.589928493387360504e+03 1.106409682059056286e+04 6.533342999999999847e+03 0.000000000000000000e+00 5.632354868558689276e+00 7.253750000000000142e+00
5.304764500000000000e+07 1.000000000000000000e+00 6.500000000000000000e+01 2.619304493387360708e+03 1.108780482059056158e+04 6.233510000000000218e+03 0.000000000000000000e+00 2.588117760967668879e+00 9.199999999999999845e-02
5.304764100000000000e+07 1.000000000000000000e+00 6.600000000000000000e+01 2.603215493387360766e+03 1.109140082059056294e+04 6.223840000000000146e+03 0.000000000000000000e+00 3.396597127707135844e+00 6.099999999999999867e-02
5.304757300000000000e+07 1.000000000000000000e+00 6.500000000000000000e+01 2.622450493387360439e+03 1.103228382059056094e+04 6.242789999999999964e+03 0.000000000000000000e+00 9.628734462294874064e+00 9.199999999999999845e-02
5.304757400000000000e+07 1.000000000000000000e+00 6.500000000000000000e+01 2.622776493387360460e+03 1.103448382059056166e+04 6.239079999999999927e+03 0.000000000000000000e+00 8.832900384356090484e+00 2.039999999999999869e-01
5.304765800000000000e+07 1.000000000000000000e+00 6.600000000000000000e+01 2.641517493387360446e+03 1.104930982059056259e+04 6.232000000000000000e+03 0.000000000000000000e+00 2.658153737428624375e+00 9.199999999999999845e-02
5.304766300000000000e+07 1.000000000000000000e+00 6.500000000000000000e+01 2.649183493387360613e+03 1.102882182059056140e+04 6.213010000000000218e+03 0.000000000000000000e+00 6.238686920795364799e+00 6.099999999999999867e-02
5.304766300000000000e+07 1.000000000000000000e+00 6.500000000000000000e+01 2.641226493387360279e+03 1.103847082059056265e+04 6.211100000000000364e+03 0.000000000000000000e+00 2.205732912965860049e+00 9.199999999999999845e-02
5.304766000000000000e+07 1.000000000000000000e+00 6.600000000000000000e+01 2.638761493387361043e+03 1.104830182059056096e+04 6.220690000000000509e+03 0.000000000000000000e+00 9.256109541163642929e-01 2.400000000000000050e-02
5.304766000000000000e+07 1.000000000000000000e+00 6.600000000000000000e+01 2.641922493387360191e+03 1.105641782059056277e+04 6.224539999999999964e+03 0.000000000000000000e+00 4.126457267205476676e+00 2.400000000000000050e-02
5.304765500000000000e+07 1.000000000000000000e+00 6.500000000000000000e+01 2.637298493387360395e+03 1.106078382059056094e+04 6.230079999999999927e+03 0.000000000000000000e+00 2.659313839893476139e+00 9.199999999999999845e-02
5.304765400000000000e+07 1.000000000000000000e+00 6.500000000000000000e+01 2.639171493387360897e+03 1.106114782059056233e+04 6.236649999999999636e+03 0.000000000000000000e+00 4.594795659015428413e+00 9.199999999999999845e-02
5.304765300000000000e+07 1.000000000000000000e+00 6.500000000000000000e+01 2.636317493387360628e+03 1.106869982059056201e+04 6.241970000000000255e+03 0.000000000000000000e+00 5.368613810083757265e+00 6.099999999999999867e-02
5.304765300000000000e+07 1.000000000000000000e+00 6.500000000000000000e+01 2.635312493387360519e+03 1.106883182059056162e+04 6.242340000000000146e+03 0.000000000000000000e+00 4.787953818609082646e+00 9.199999999999999845e-02
5.304765400000000000e+07 1.000000000000000000e+00 6.500000000000000000e+01 2.640502493387361028e+03 1.105998382059056166e+04 6.237159999999999854e+03 0.000000000000000000e+00 6.239834053117199630e+00 9.199999999999999845e-02
5.304765200000000000e+07 1.000000000000000000e+00 6.500000000000000000e+01 2.630486493387360497e+03 1.105506482059056179e+04 6.240529999999999745e+03 0.000000000000000000e+00 7.357086351551623160e+00 6.099999999999999867e-02
5.304765300000000000e+07 1.000000000000000000e+00 6.500000000000000000e+01 2.631330493387360548e+03 1.106609082059056163e+04 6.242760000000000218e+03 0.000000000000000000e+00 2.252654251509257577e+00 2.400000000000000050e-02
5.304765200000000000e+07 1.000000000000000000e+00 6.500000000000000000e+01 2.627729493387360890e+03 1.106534982059056165e+04 6.244050000000000182e+03 0.000000000000000000e+00 1.505185001130127098e+00 2.400000000000000050e-02
5.304764900000000000e+07 0.000000000000000000e+00 6.500000000000000000e+01 2.616974493387360781e+03 1.106883082059056323e+04 6.242889999999999418e+03 0.000000000000000000e+00 5.325678462224098908e+00 6.099999999999999867e-02
5.304764800000000000e+07 0.000000000000000000e+00 6.500000000000000000e+01 2.617228493387360686e+03 1.107259082059056163e+04 6.237239999999999782e+03 0.000000000000000000e+00 1.579879430031965404e+00 9.199999999999999845e-02
5.304764200000000000e+07 0.000000000000000000e+00 6.500000000000000000e+01 2.601616493387360606e+03 1.108213882059056232e+04 6.236659999999999854e+03 0.000000000000000000e+00 2.305886503932726761e+00 2.400000000000000050e-02
5.304919300000000000e+07 1.000000000000000000e+00 6.600000000000000000e+01 2.638368493387361013e+03 1.110419112059056170e+04 6.031069999999999709e+03 0.000000000000000000e+00 2.236455530753370891e+00 5.301919999999999966e+00
4.876510000000000000e+07 1.000000000000000000e+00 6.600000000000000000e+01 2.629801493387361006e+03 1.110809232059056194e+04 5.713270000000000437e+03 0.000000000000000000e+00 4.888165563410313830e+00 4.169999999999999818e-01
4.876636700000000000e+07 1.000000000000000000e+00 6.600000000000000000e+01 2.632950493387360439e+03 1.110833982059056143e+04 5.712220000000000255e+03 0.000000000000000000e+00 5.177334130577221138e+00 9.199999999999999845e-02
4.876518000000000000e+07 1.000000000000000000e+00 6.500000000000000000e+01 2.616851493387360279e+03 1.111694992059056312e+04 5.721000000000000000e+03 0.000000000000000000e+00 1.513216449068149227e+00 9.199999999999999845e-02
4.876518100000000000e+07 0.000000000000000000e+00 6.500000000000000000e+01 2.610852493387360482e+03 1.111968572059056169e+04 5.715840000000000146e+03 0.000000000000000000e+00 1.000382416398590157e+00 6.099999999999999867e-02
4.876518000000000000e+07 0.000000000000000000e+00 6.500000000000000000e+01 2.613993493387361013e+03 1.112330712059056168e+04 5.720109999999999673e+03 0.000000000000000000e+00 2.361406528795352067e+00 6.099999999999999867e-02
4.876518300000000000e+07 1.000000000000000000e+00 6.600000000000000000e+01 2.606257493387360228e+03 1.110530972059056148e+04 5.707380000000000109e+03 0.000000000000000000e+00 6.023230470716465668e+00 2.039999999999999869e-01
4.876517800000000000e+07 1.000000000000000000e+00 6.500000000000000000e+01 2.602058493387360613e+03 1.110509082059056163e+04 5.719010000000000218e+03 0.000000000000000000e+00 7.779584833797353660e+00 1.000000000000000021e-02
4.876517800000000000e+07 1.000000000000000000e+00 6.500000000000000000e+01 2.601024493387360963e+03 1.110765212059056284e+04 5.720850000000000364e+03 0.000000000000000000e+00 7.037396340152318075e+00 4.169999999999999818e-01
4.876517800000000000e+07 1.000000000000000000e+00 6.500000000000000000e+01 2.603172493387360191e+03 1.111022252059056154e+04 5.717889999999999418e+03 0.000000000000000000e+00 4.269840003145771945e+00 2.400000000000000050e-02
4.876510000000000000e+07 1.000000000000000000e+00 6.600000000000000000e+01 2.631229493387360890e+03 1.110878802059056216e+04 5.711319999999999709e+03 0.000000000000000000e+00 5.746260630124734092e+00 9.199999999999999845e-02
4.876636900000000000e+07 1.000000000000000000e+00 6.500000000000000000e+01 2.633426493387361006e+03 1.111916542059056155e+04 5.712930000000000291e+03 0.000000000000000000e+00 2.980244752605630154e+00 2.400000000000000050e-02
4.876636700000000000e+07 1.000000000000000000e+00 6.500000000000000000e+01 2.636716493387360970e+03 1.112511102059056066e+04 5.711399999999999636e+03 0.000000000000000000e+00 2.651827502879022802e+00 2.400000000000000050e-02
4.876636700000000000e+07 1.000000000000000000e+00 6.500000000000000000e+01 2.639047493387360191e+03 1.112974982059056128e+04 5.711250000000000000e+03 0.000000000000000000e+00 2.405387595134453438e+00 9.199999999999999845e-02
2.500526700000000000e+07 1.000000000000000000e+00 6.600000000000000000e+01 2.477262793387360944e+03 1.123855072059056329e+04 2.806309999999999491e+03 0.000000000000000000e+00 4.309432297055884931e+00 1.124000000000000021e+01
2.500526700000000000e+07 0.000000000000000000e+00 6.500000000000000000e+01 2.475378093387360423e+03 1.122971942059056164e+04 2.800520000000000437e+03 0.000000000000000000e+00 2.579912756551212993e+00 1.339000000000000057e+01
2.500526700000000000e+07 1.000000000000000000e+00 6.500000000000000000e+01 2.473855393387360891e+03 1.122288422059056211e+04 2.794069999999999709e+03 0.000000000000000000e+00 2.390228405436388037e+00 1.078999999999999915e+01
2.500526700000000000e+07 1.000000000000000000e+00 6.500000000000000000e+01 2.473559293387360412e+03 1.122311652059056178e+04 2.794430000000000291e+03 0.000000000000000000e+00 2.256677423234028979e+00 1.078999999999999915e+01
2.500526700000000000e+07 1.000000000000000000e+00 6.500000000000000000e+01 2.472282893387360673e+03 1.122402562059056072e+04 2.795300000000000182e+03 0.000000000000000000e+00 2.289209536289355196e+00 6.099999999999999867e-02
2.500526700000000000e+07 1.000000000000000000e+00 6.500000000000000000e+01 2.467006093387361034e+03 1.122242362059056177e+04 2.790369999999999891e+03 0.000000000000000000e+00 5.372104163708986135e+00 1.078999999999999915e+01
2.500526400000000000e+07 1.000000000000000000e+00 6.500000000000000000e+01 2.470648293387360354e+03 1.122371412059056092e+04 2.812689999999999600e+03 0.000000000000000000e+00 3.848161345341628792e+00 6.099999999999999867e-02
2.500526400000000000e+07 1.000000000000000000e+00 6.500000000000000000e+01 2.470950593387360641e+03 1.122367922059056218e+04 2.808960000000000036e+03 0.000000000000000000e+00 1.494638405956000504e+00 1.078999999999999915e+01
2.500526400000000000e+07 1.000000000000000000e+00 6.500000000000000000e+01 2.470950593387360641e+03 1.122367922059056218e+04 2.808960000000000036e+03 0.000000000000000000e+00 1.494638405956000504e+00 3.568150000000000155e+00
2.500526400000000000e+07 1.000000000000000000e+00 6.500000000000000000e+01 2.470950593387360641e+03 1.122367922059056218e+04 2.808960000000000036e+03 0.000000000000000000e+00 1.494638405956000504e+00 1.440299999999999914e+00
2.500526700000000000e+07 1.000000000000000000e+00 6.500000000000000000e+01 2.467006093387361034e+03 1.122242362059056177e+04 2.790369999999999891e+03 0.000000000000000000e+00 5.372104163708986135e+00 7.686260000000000314e-01
2.500526700000000000e+07 1.000000000000000000e+00 6.500000000000000000e+01 2.473559293387360412e+03 1.122311652059056178e+04 2.794430000000000291e+03 0.000000000000000000e+00 2.256677423234028979e+00 5.989329999999999821e+00
2.500526700000000000e+07 1.000000000000000000e+00 6.500000000000000000e+01 2.473855393387360891e+03 1.122288422059056211e+04 2.794069999999999709e+03 0.000000000000000000e+00 2.390228405436388037e+00 5.068019999999999747e+00
2.500526700000000000e+07 0.000000000000000000e+00 6.500000000000000000e+01 2.475378093387360423e+03 1.122971942059056164e+04 2.800520000000000437e+03 0.000000000000000000e+00 2.579912756551212993e+00 5.238879999999999981e+00
7.708639300000000000e+07 0.000000000000000000e+00 6.600000000000000000e+01 3.258305493387360912e+03 1.095202282059056233e+04 9.038420000000000073e+03 1.000000000000000000e+00 1.900214617299483821e+00 8.200000000000000000e+01
7.708514500000000000e+07 0.000000000000000000e+00 6.600000000000000000e+01 3.196163493387361086e+03 1.097081682059056220e+04 9.024399999999999636e+03 1.000000000000000000e+00 1.682273553134597144e+00 8.200000000000000000e+01
7.139659800000000000e+07 1.000000000000000000e+00 6.500000000000000000e+01 3.155942493387359718e+03 1.106513382059056312e+04 8.427405999999999040e+03 1.000000000000000000e+00 6.516033849519593524e-01 8.200000000000000000e+01
8.702678300000000000e+07 0.000000000000000000e+00 6.500000000000000000e+01 3.355629493387359616e+03 1.106781382059056159e+04 1.002040999999999985e+04 1.000000000000000000e+00 2.413221503400447165e+00 8.200000000000000000e+01
7.708639700000000000e+07 0.000000000000000000e+00 6.600000000000000000e+01 3.243815493387361130e+03 1.096145282059056262e+04 9.027479999999999563e+03 1.000000000000000000e+00 2.564485337901854844e+00 8.200000000000000000e+01
7.708632900000000000e+07 0.000000000000000000e+00 6.600000000000000000e+01 3.219345493387359966e+03 1.102520082059056222e+04 9.017469999999999345e+03 1.000000000000000000e+00 2.819736391433877110e+00 8.200000000000000000e+01
7.708515400000000000e+07 0.000000000000000000e+00 6.600000000000000000e+01 3.196706493387360752e+03 1.095502982059056194e+04 9.053690000000000509e+03 1.000000000000000000e+00 2.321914994517373376e+00 8.200000000000000000e+01
7.708640100000000000e+07 0.000000000000000000e+00 6.600000000000000000e+01 3.230612493387359791e+03 1.096656182059056300e+04 9.027760000000000218e+03 1.000000000000000000e+00 2.823540958439692439e+00 8.200000000000000000e+01
