4.604527100000000000e+07 1.000000000000000000e+00 6.600000000000000000e+01 8.906517290120991674e+03 4.093237873454365399e+03 5.499520000000000437e+03 0.000000000000000000e+00 4.782448500680269277e+00 1.000000000000000000e+01
4.604355900000000000e+07 1.000000000000000000e+00 6.600000000000000000e+01 8.883085290120990976e+03 4.092374173454365518e+03 5.577550000000000182e+03 0.000000000000000000e+00 6.515803258516447372e+00 1.339000000000000057e+01
5.170079500000000000e+07 0.000000000000000000e+00 6.500000000000000000e+01 8.754320290120991558e+03 4.147015373454365545e+03 6.079460000000000036e+03 0.000000000000000000e+00 2.767104686879962472e+00 1.339000000000000057e+01
1.179613620000000000e+08 1.000000000000000000e+00 6.600000000000000000e+01 6.971867290120990219e+03 4.342101473454365077e+03 1.382277000000000044e+04 0.000000000000000000e+00 2.615085506994978104e+00 1.605000000000000071e+01
1.179613570000000000e+08 0.000000000000000000e+00 6.500000000000000000e+01 6.966827290120991165e+03 4.340962473454364954e+03 1.383370999999999913e+04 0.000000000000000000e+00 1.016180176238130173e+00 1.078999999999999915e+01
1.179613570000000000e+08 0.000000000000000000e+00 6.500000000000000000e+01 6.967237290120991020e+03 4.340945473454365128e+03 1.383402000000000044e+04 0.000000000000000000e+00 8.002825453199194916e-01 9.199999999999999845e-02
1.179613550000000000e+08 1.000000000000000000e+00 6.500000000000000000e+01 6.971987290120991020e+03 4.339742473454365609e+03 1.383988000000000102e+04 0.000000000000000000e+00 1.365030805299501271e+00 4.169999999999999818e-01
1.179613620000000000e+08 1.000000000000000000e+00 6.600000000000000000e+01 6.971867290120990219e+03 4.342101473454365077e+03 1.382277000000000044e+04 0.000000000000000000e+00 2.615085506994978104e+00 7.019110000000000404e+00
7.840333000000000000e+07 1.000000000000000000e+00 6.600000000000000000e+01 8.282110290120990612e+03 4.209340973454365667e+03 9.060239999999999782e+03 0.000000000000000000e+00 8.140896396130766988e+00 1.376999999999999957e+01
7.840333000000000000e+07 1.000000000000000000e+00 6.600000000000000000e+01 8.282110290120990612e+03 4.209340973454365667e+03 9.060239999999999782e+03 0.000000000000000000e+00 8.140896396130766988e+00 7.642910000000000537e-01
5.170079800000000000e+07 1.000000000000000000e+00 6.500000000000000000e+01 8.752501290120992053e+03 4.142912673454365176e+03 6.075260000000000218e+03 0.000000000000000000e+00 4.273893894080543099e+00 1.078999999999999915e+01
5.170079300000000000e+07 1.000000000000000000e+00 6.600000000000000000e+01 8.757376290120992053e+03 4.151069373454365632e+03 6.080899999999999636e+03 0.000000000000000000e+00 1.397248594901325358e+00 9.199999999999999845e-02
5.170079200000000000e+07 1.000000000000000000e+00 6.600000000000000000e+01 8.759812290120989928e+03 4.154983073454365694e+03 6.082909999999999854e+03 0.000000000000000000e+00 1.304706584254069712e+00 9.199999999999999845e-02
4.604356000000000000e+07 1.000000000000000000e+00 6.600000000000000000e+01 8.879547290120990510e+03 4.087041373454365385e+03 5.577409999999999854e+03 0.000000000000000000e+00 4.286340917813429741e+00 1.078999999999999915e+01
4.604356000000000000e+07 1.000000000000000000e+00 6.600000000000000000e+01 8.875024290120991282e+03 4.081451473454365441e+03 5.577510000000000218e+03 0.000000000000000000e+00 1.834189423864467372e+00 1.078999999999999915e+01
4.604356200000000000e+07 1.000000000000000000e+00 6.600000000000000000e+01 8.872125290120991849e+03 4.077713773454365764e+03 5.572260000000000218e+03 0.000000000000000000e+00 2.131930905831978418e+00 2.400000000000000050e-02
4.604356200000000000e+07 1.000000000000000000e+00 6.600000000000000000e+01 8.871799290120990918e+03 4.079124873454365115e+03 5.566250000000000000e+03 0.000000000000000000e+00 1.584524743933842350e+00 9.199999999999999845e-02
4.604356100000000000e+07 0.000000000000000000e+00 6.600000000000000000e+01 8.873922290120990510e+03 4.083136373454365639e+03 5.569079999999999927e+03 0.000000000000000000e+00 3.790203655355330881e+00 4.169999999999999818e-01
4.604356200000000000e+07 1.000000000000000000e+00 6.600000000000000000e+01 8.865946290120991762e+03 4.080522973454365456e+03 5.572840000000000146e+03 0.000000000000000000e+00 3.342714582479623608e+00 6.099999999999999867e-02
4.604356100000000000e+07 1.000000000000000000e+00 6.600000000000000000e+01 8.868420290120990103e+03 4.081417873454365690e+03 5.575890000000000327e+03 0.000000000000000000e+00 2.728163334619958302e+00 4.169999999999999818e-01
4.604447000000000000e+07 1.000000000000000000e+00 6.600000000000000000e+01 8.859095290120991194e+03 4.102129073454365425e+03 5.572949999999999818e+03 0.000000000000000000e+00 4.095453659882062780e+00 2.400000000000000050e-02
4.604356200000000000e+07 1.000000000000000000e+00 6.500000000000000000e+01 8.856970290120991194e+03 4.097969073454365571e+03 5.568560000000000400e+03 0.000000000000000000e+00 1.887784902407544374e+00 6.099999999999999867e-02
4.604356200000000000e+07 1.000000000000000000e+00 6.500000000000000000e+01 8.857532290120991092e+03 4.097213073454365258e+03 5.570289999999999964e+03 0.000000000000000000e+00 1.688173708702182862e+00 1.124000000000000021e+01
4.604356200000000000e+07 1.000000000000000000e+00 6.500000000000000000e+01 8.855853290120991005e+03 4.097934473454365616e+03 5.571699999999999818e+03 0.000000000000000000e+00 2.085349952507744575e+00 9.199999999999999845e-02
4.604356200000000000e+07 1.000000000000000000e+00 6.500000000000000000e+01 8.855853290120991005e+03 4.097934473454365616e+03 5.571699999999999818e+03 0.000000000000000000e+00 2.085349952507744575e+00 7.333919999999999995e+00
4.604356000000000000e+07 1.000000000000000000e+00 6.600000000000000000e+01 8.879547290120990510e+03 4.087041373454365385e+03 5.577409999999999854e+03 0.000000000000000000e+00 4.286340917813429741e+00 7.295980000000000132e+00
4.925360200000000000e+07 1.000000000000000000e+00 6.600000000000000000e+01 1.245395729012099036e+04 8.190516473454365951e+03 5.728680000000000291e+03 1.000000000000000000e+00 6.975606267959042484e-01 2.270000000000000000e+02
4.925369700000000000e+07 0.000000000000000000e+00 6.600000000000000000e+01 1.246748729012099102e+04 8.193786473454365478e+03 5.780510000000000218e+03 1.000000000000000000e+00 1.472771801556318261e+00 2.270000000000000000e+02
4.925308600000000000e+07 0.000000000000000000e+00 6.500000000000000000e+01 1.253956729012099095e+04 8.235446473454365332e+03 5.756539999999999964e+03 1.000000000000000000e+00 1.945300486745965562e+00 2.270000000000000000e+02
4.920745300000000000e+07 1.000000000000000000e+00 6.600000000000000000e+01 1.294075729012099146e+04 8.467386473454364022e+03 5.684930000000000291e+03 1.000000000000000000e+00 7.587672486255387927e-01 2.270000000000000000e+02
4.925361900000000000e+07 1.000000000000000000e+00 6.600000000000000000e+01 1.248308729012099138e+04 8.172936473454366023e+03 5.755710000000000036e+03 1.000000000000000000e+00 7.494583346885858033e-01 2.270000000000000000e+02
