1.080708740000000000e+08 1.000000000000000000e+00 6.600000000000000000e+01 1.173511228969311742e+04 5.071470000000000255e+03 1.274434892679469704e+04 0.000000000000000000e+00 6.528033658466786626e+00 1.339000000000000057e+01
1.080719920000000000e+08 1.000000000000000000e+00 6.500000000000000000e+01 1.173485328969311740e+04 5.109670000000000073e+03 1.274350411679469835e+04 0.000000000000000000e+00 7.504553482782156060e+00 1.339000000000000057e+01
1.091245670000000000e+08 1.000000000000000000e+00 6.500000000000000000e+01 1.174244928969311695e+04 5.814050000000000182e+03 1.274247833679469841e+04 0.000000000000000000e+00 4.547080517954158907e+00 1.078999999999999915e+01
1.091232920000000000e+08 1.000000000000000000e+00 6.500000000000000000e+01 1.174346328969311799e+04 5.834069999999999709e+03 1.274296516679469823e+04 0.000000000000000000e+00 1.715553957839153210e+00 1.605000000000000071e+01
1.091208890000000000e+08 1.000000000000000000e+00 6.600000000000000000e+01 1.175384028969311839e+04 6.019190000000000509e+03 1.275521312679469884e+04 0.000000000000000000e+00 4.755856473922150052e+00 1.078999999999999915e+01
1.091214380000000000e+08 1.000000000000000000e+00 6.500000000000000000e+01 1.176793188969311814e+04 6.101670000000000073e+03 1.276983467679469868e+04 0.000000000000000000e+00 4.173833127349894312e+00 1.605000000000000071e+01
1.091214380000000000e+08 1.000000000000000000e+00 6.500000000000000000e+01 1.176793188969311814e+04 6.101670000000000073e+03 1.276983467679469868e+04 0.000000000000000000e+00 4.173833127349894312e+00 4.815649999999999764e+00
1.058075720000000000e+08 1.000000000000000000e+00 6.500000000000000000e+01 1.178128068969311789e+04 6.040889999999999418e+03 1.251308387679469888e+04 0.000000000000000000e+00 9.704878497810005555e+00 3.229999999999999716e+01
1.058084940000000000e+08 1.000000000000000000e+00 6.500000000000000000e+01 1.177273878969311772e+04 6.034659999999999854e+03 1.249054187679469760e+04 0.000000000000000000e+00 9.611018155700348231e+00 1.376999999999999957e+01
1.058084940000000000e+08 1.000000000000000000e+00 6.500000000000000000e+01 1.177273878969311772e+04 6.034659999999999854e+03 1.249054187679469760e+04 0.000000000000000000e+00 9.611018155700348231e+00 3.036960000000000104e+00
1.058084980000000000e+08 1.000000000000000000e+00 6.600000000000000000e+01 1.177074868969311865e+04 6.037479999999999563e+03 1.248683487679469908e+04 0.000000000000000000e+00 8.487291195318309889e+00 9.199999999999999845e-02
1.058084930000000000e+08 1.000000000000000000e+00 6.500000000000000000e+01 1.176884418969311810e+04 6.042920000000000073e+03 1.249732987679469807e+04 0.000000000000000000e+00 4.625876978670950379e+00 9.199999999999999845e-02
1.058084940000000000e+08 1.000000000000000000e+00 6.500000000000000000e+01 1.176409588969311699e+04 6.040220000000000255e+03 1.249880487679469843e+04 0.000000000000000000e+00 3.534239037633635228e+00 4.169999999999999818e-01
1.058084950000000000e+08 1.000000000000000000e+00 6.500000000000000000e+01 1.176212258969311733e+04 6.039909999999999854e+03 1.249775387679469713e+04 0.000000000000000000e+00 2.478446824703035567e+00 2.400000000000000050e-02
1.058084950000000000e+08 1.000000000000000000e+00 6.500000000000000000e+01 1.176201398969311776e+04 6.039829999999999927e+03 1.249717087679469842e+04 0.000000000000000000e+00 2.381792727950719168e+00 2.039999999999999869e-01
1.058084980000000000e+08 1.000000000000000000e+00 6.600000000000000000e+01 1.176267198969311721e+04 6.033789999999999964e+03 1.248724187679469833e+04 0.000000000000000000e+00 5.355433717718575792e+00 2.039999999999999869e-01
1.058084930000000000e+08 1.000000000000000000e+00 6.500000000000000000e+01 1.177177748969311870e+04 6.047460000000000036e+03 1.249408487679469908e+04 0.000000000000000000e+00 2.235957847337271875e+00 9.199999999999999845e-02
1.058084930000000000e+08 1.000000000000000000e+00 6.500000000000000000e+01 1.177293908969311815e+04 6.044270000000000437e+03 1.249487687679469855e+04 0.000000000000000000e+00 4.944604672337614915e+00 9.199999999999999845e-02
1.058084980000000000e+08 1.000000000000000000e+00 6.600000000000000000e+01 1.176118608969311754e+04 6.035970000000000255e+03 1.248815387679469859e+04 0.000000000000000000e+00 4.006130254797475310e+00 9.199999999999999845e-02
1.058084990000000000e+08 1.000000000000000000e+00 6.600000000000000000e+01 1.175791878969311801e+04 6.034000000000000000e+03 1.248190987679469799e+04 0.000000000000000000e+00 4.020437376278239050e+00 6.099999999999999867e-02
1.058084210000000000e+08 1.000000000000000000e+00 6.500000000000000000e+01 1.175742958969311803e+04 6.034880000000000109e+03 1.247651687679469796e+04 0.000000000000000000e+00 6.035688902008553569e+00 9.199999999999999845e-02
1.058084210000000000e+08 1.000000000000000000e+00 6.500000000000000000e+01 1.175563328969311624e+04 6.032479999999999563e+03 1.247758887679469808e+04 0.000000000000000000e+00 3.243639146627681935e+00 2.400000000000000050e-02
1.058084230000000000e+08 0.000000000000000000e+00 6.500000000000000000e+01 1.174991728969311771e+04 6.031199999999999818e+03 1.248709687679469789e+04 0.000000000000000000e+00 2.741000361180654821e+00 5.000000000000000000e-01
1.058084230000000000e+08 0.000000000000000000e+00 6.500000000000000000e+01 1.174991728969311771e+04 6.031199999999999818e+03 1.248709687679469789e+04 0.000000000000000000e+00 2.741000361180654821e+00 7.021230000000000082e+00
1.058075710000000000e+08 1.000000000000000000e+00 6.500000000000000000e+01 1.178432498969311746e+04 6.047189999999999600e+03 1.251745587679469827e+04 0.000000000000000000e+00 8.001045724983168128e+00 2.400000000000000050e-02
1.058075700000000000e+08 1.000000000000000000e+00 6.500000000000000000e+01 1.177985508969311741e+04 6.054220000000000255e+03 1.252128887679469881e+04 0.000000000000000000e+00 2.762746949085655324e+00 9.199999999999999845e-02
1.058075700000000000e+08 1.000000000000000000e+00 6.500000000000000000e+01 1.177752498969311637e+04 6.057100000000000364e+03 1.252279287679469780e+04 0.000000000000000000e+00 8.207543149125787751e-01 1.078999999999999915e+01
1.058075700000000000e+08 1.000000000000000000e+00 6.500000000000000000e+01 1.177752498969311637e+04 6.057100000000000364e+03 1.252279287679469780e+04 0.000000000000000000e+00 8.207543149125787751e-01 4.489819999999999922e+00
1.058075700000000000e+08 1.000000000000000000e+00 6.500000000000000000e+01 1.177752498969311637e+04 6.057100000000000364e+03 1.252279287679469780e+04 0.000000000000000000e+00 8.207543149125787751e-01 1.915410000000000057e+00
1.058085710000000000e+08 1.000000000000000000e+00 6.500000000000000000e+01 1.177630888969311854e+04 6.038529999999999745e+03 1.251497387679469830e+04 0.000000000000000000e+00 8.854524878325074511e+00 1.339000000000000057e+01
1.058075680000000000e+08 1.000000000000000000e+00 6.600000000000000000e+01 1.177923998969311651e+04 6.041829999999999927e+03 1.252805187679469964e+04 0.000000000000000000e+00 4.996449735381361279e+00 1.078999999999999915e+01
1.058075660000000000e+08 1.000000000000000000e+00 6.600000000000000000e+01 1.178162868969311785e+04 6.051479999999999563e+03 1.254008587679469929e+04 0.000000000000000000e+00 4.587398122079423324e+00 9.199999999999999845e-02
1.058075670000000000e+08 1.000000000000000000e+00 6.600000000000000000e+01 1.178002288969311849e+04 6.048539999999999964e+03 1.253158387679469888e+04 0.000000000000000000e+00 3.894717191048107097e+00 4.169999999999999818e-01
1.058075670000000000e+08 1.000000000000000000e+00 6.600000000000000000e+01 1.178002468969311667e+04 6.048539999999999964e+03 1.253151187679469876e+04 0.000000000000000000e+00 3.920477081005866005e+00 9.199999999999999845e-02
1.058075680000000000e+08 1.000000000000000000e+00 6.600000000000000000e+01 1.178003998969311760e+04 6.048529999999999745e+03 1.253088687679469876e+04 0.000000000000000000e+00 4.002274398490303753e+00 8.349999999999999645e-01
1.058075680000000000e+08 1.000000000000000000e+00 6.600000000000000000e+01 1.178004788969311630e+04 6.048520000000000437e+03 1.253056087679469783e+04 0.000000000000000000e+00 3.818694726972532205e+00 9.199999999999999845e-02
1.058075680000000000e+08 1.000000000000000000e+00 6.600000000000000000e+01 1.177569628969311816e+04 6.041340000000000146e+03 1.252746287679469970e+04 0.000000000000000000e+00 3.392395571427835321e+00 9.199999999999999845e-02
1.058085650000000000e+08 1.000000000000000000e+00 6.600000000000000000e+01 1.176299728969311764e+04 6.051899999999999636e+03 1.253153487679469799e+04 0.000000000000000000e+00 1.639814372073719939e+00 9.199999999999999845e-02
1.058075650000000000e+08 1.000000000000000000e+00 6.600000000000000000e+01 1.176570168969311635e+04 6.053260000000000218e+03 1.253557487679469705e+04 0.000000000000000000e+00 3.956617091629227811e+00 2.400000000000000050e-02
1.058075650000000000e+08 1.000000000000000000e+00 6.600000000000000000e+01 1.176612418969311693e+04 6.053300000000000182e+03 1.253542987679469843e+04 0.000000000000000000e+00 4.020689503055652203e+00 4.169999999999999818e-01
1.058075650000000000e+08 1.000000000000000000e+00 6.600000000000000000e+01 1.176612418969311693e+04 6.053300000000000182e+03 1.253542987679469843e+04 0.000000000000000000e+00 4.020689503055652203e+00 7.304820000000000313e+00
1.058075680000000000e+08 1.000000000000000000e+00 6.600000000000000000e+01 1.177923998969311651e+04 6.041829999999999927e+03 1.252805187679469964e+04 0.000000000000000000e+00 4.996449735381361279e+00 3.334870000000000001e+00
1.058075720000000000e+08 1.000000000000000000e+00 6.500000000000000000e+01 1.178639638969311636e+04 6.052989999999999782e+03 1.251472787679469911e+04 0.000000000000000000e+00 7.513076209657329585e+00 2.400000000000000050e-02
1.058075720000000000e+08 1.000000000000000000e+00 6.500000000000000000e+01 1.178570388969311716e+04 6.053770000000000437e+03 1.251472787679469911e+04 0.000000000000000000e+00 6.641941557794577733e+00 4.169999999999999818e-01
1.058075680000000000e+08 1.000000000000000000e+00 6.600000000000000000e+01 1.178104188969311872e+04 6.047719999999999345e+03 1.252347087679469769e+04 0.000000000000000000e+00 6.432165419119634464e+00 4.169999999999999818e-01
1.058075680000000000e+08 1.000000000000000000e+00 6.600000000000000000e+01 1.178104188969311872e+04 6.047719999999999345e+03 1.252347087679469769e+04 0.000000000000000000e+00 6.432165419119634464e+00 7.396010000000000417e+00
1.058075590000000000e+08 1.000000000000000000e+00 6.500000000000000000e+01 1.176344458969311745e+04 6.052199999999999818e+03 1.256544887679469866e+04 0.000000000000000000e+00 8.077776368477476154e+00 9.199999999999999845e-02
1.058075590000000000e+08 1.000000000000000000e+00 6.500000000000000000e+01 1.176305868969311632e+04 6.052380000000000109e+03 1.256414587679469878e+04 0.000000000000000000e+00 7.184770609907517702e+00 9.199999999999999845e-02
1.058075590000000000e+08 1.000000000000000000e+00 6.500000000000000000e+01 1.176285098969311730e+04 6.049539999999999964e+03 1.256589287679469817e+04 0.000000000000000000e+00 7.172925270010177101e+00 2.400000000000000050e-02
1.058075590000000000e+08 1.000000000000000000e+00 6.500000000000000000e+01 1.176285098969311730e+04 6.049539999999999964e+03 1.256589287679469817e+04 0.000000000000000000e+00 7.172925270010177101e+00 7.391930000000000334e+00
1.058075550000000000e+08 1.000000000000000000e+00 6.600000000000000000e+01 1.174358228969311676e+04 6.054010000000000218e+03 1.257699487679469894e+04 0.000000000000000000e+00 6.585632764239369941e+00 4.169999999999999818e-01
1.058085520000000000e+08 1.000000000000000000e+00 6.500000000000000000e+01 1.173806828969311755e+04 6.068030000000000655e+03 1.256958387679469888e+04 0.000000000000000000e+00 6.097052427621219017e+00 9.199999999999999845e-02
1.058085510000000000e+08 1.000000000000000000e+00 6.500000000000000000e+01 1.173864028969311767e+04 6.072439999999999600e+03 1.256877387679469757e+04 0.000000000000000000e+00 6.395645073106751788e+00 6.099999999999999867e-02
1.058084650000000000e+08 1.000000000000000000e+00 6.500000000000000000e+01 1.172454328969311609e+04 6.074529999999999745e+03 1.256599987679469814e+04 0.000000000000000000e+00 5.449048748922516339e+00 9.199999999999999845e-02
1.058084650000000000e+08 0.000000000000000000e+00 6.500000000000000000e+01 1.172439128969311787e+04 6.091399999999999636e+03 1.255925087679469834e+04 0.000000000000000000e+00 3.770460130430119072e+00 6.099999999999999867e-02
1.058084650000000000e+08 0.000000000000000000e+00 6.500000000000000000e+01 1.172350428969311724e+04 6.092229999999999563e+03 1.255983687679469949e+04 0.000000000000000000e+00 4.716532506298293903e+00 2.039999999999999869e-01
1.058065500000000000e+08 1.000000000000000000e+00 6.500000000000000000e+01 1.172220228969311756e+04 6.094300000000000182e+03 1.256056887679469946e+04 0.000000000000000000e+00 3.973000780128192133e+00 8.797150000000000247e+00
1.091210540000000000e+08 1.000000000000000000e+00 6.600000000000000000e+01 1.171781728969311735e+04 6.024869999999999891e+03 1.269385897679469781e+04 0.000000000000000000e+00 7.271661685770156147e+00 4.600000000000000200e-01
1.091210540000000000e+08 1.000000000000000000e+00 6.600000000000000000e+01 1.171781728969311735e+04 6.024869999999999891e+03 1.269385897679469781e+04 0.000000000000000000e+00 7.271661685770156147e+00 7.393970000000000375e+00
1.091232930000000000e+08 1.000000000000000000e+00 6.500000000000000000e+01 1.174546028969311737e+04 5.838649999999999636e+03 1.273192277679469771e+04 0.000000000000000000e+00 6.619951782304664079e+00 2.400000000000000050e-02
1.091232980000000000e+08 1.000000000000000000e+00 6.600000000000000000e+01 1.175108828969311799e+04 5.834289999999999964e+03 1.273107237679469836e+04 0.000000000000000000e+00 3.465830175298010740e+00 1.000000000000000021e-02
1.091232980000000000e+08 1.000000000000000000e+00 6.600000000000000000e+01 1.175562428969311804e+04 5.832899999999999636e+03 1.272713627679469937e+04 0.000000000000000000e+00 1.697632989673025783e+00 1.339000000000000057e+01
1.091245830000000000e+08 1.000000000000000000e+00 6.600000000000000000e+01 1.173056128969311612e+04 5.847869999999999891e+03 1.272045597679469938e+04 0.000000000000000000e+00 7.061985414904586200e+00 1.078999999999999915e+01
1.091245830000000000e+08 1.000000000000000000e+00 6.600000000000000000e+01 1.173017928969311833e+04 5.848090000000000146e+03 1.272031807679469784e+04 0.000000000000000000e+00 6.814598848414121335e+00 2.400000000000000050e-02
1.091245850000000000e+08 1.000000000000000000e+00 6.500000000000000000e+01 1.172148828969311762e+04 5.848840000000000146e+03 1.272105667679469843e+04 0.000000000000000000e+00 5.796425985764887656e+00 1.339000000000000057e+01
1.091245850000000000e+08 1.000000000000000000e+00 6.500000000000000000e+01 1.171024828969311784e+04 5.856440000000000509e+03 1.272239437679469847e+04 0.000000000000000000e+00 9.411939998897979720e+00 9.199999999999999845e-02
1.091245900000000000e+08 1.000000000000000000e+00 6.600000000000000000e+01 1.171822328969311639e+04 5.867940000000000509e+03 1.271211097679469822e+04 0.000000000000000000e+00 4.310999592205959630e+00 9.199999999999999845e-02
1.091245900000000000e+08 1.000000000000000000e+00 6.600000000000000000e+01 1.171836228969311742e+04 5.867530000000000655e+03 1.271300367679469855e+04 0.000000000000000000e+00 4.025014884188572672e+00 9.199999999999999845e-02
1.091245900000000000e+08 1.000000000000000000e+00 6.600000000000000000e+01 1.171867328969311711e+04 5.866600000000000364e+03 1.271500217679469824e+04 0.000000000000000000e+00 4.140689995184796857e+00 9.199999999999999845e-02
1.091245910000000000e+08 1.000000000000000000e+00 6.600000000000000000e+01 1.172024228969311662e+04 5.866630000000000109e+03 1.272159447679469849e+04 0.000000000000000000e+00 7.089837671852251333e+00 2.400000000000000050e-02
1.091245850000000000e+08 1.000000000000000000e+00 6.500000000000000000e+01 1.172148828969311762e+04 5.848840000000000146e+03 1.272105667679469843e+04 0.000000000000000000e+00 5.796425985764887656e+00 4.130010000000000403e+00
1.091245820000000000e+08 1.000000000000000000e+00 6.600000000000000000e+01 1.172411328969311762e+04 5.847369999999999891e+03 1.272106057679469814e+04 0.000000000000000000e+00 6.721822526698215228e+00 2.400000000000000050e-02
1.091245820000000000e+08 1.000000000000000000e+00 6.600000000000000000e+01 1.172212028969311723e+04 5.844949999999999818e+03 1.272375707679469815e+04 0.000000000000000000e+00 6.621734168616717930e+00 2.400000000000000050e-02
1.091245820000000000e+08 1.000000000000000000e+00 6.600000000000000000e+01 1.172305028969311752e+04 5.844470000000000255e+03 1.272434617679469739e+04 0.000000000000000000e+00 6.701488521178474045e+00 9.199999999999999845e-02
1.091245810000000000e+08 1.000000000000000000e+00 6.600000000000000000e+01 1.171846228969311778e+04 5.839069999999999709e+03 1.272119667679469785e+04 0.000000000000000000e+00 1.395005456636878582e+00 9.199999999999999845e-02
1.091233000000000000e+08 1.000000000000000000e+00 6.600000000000000000e+01 1.176174278969311854e+04 5.832300000000000182e+03 1.271973877679469842e+04 0.000000000000000000e+00 1.707599360856037141e+00 9.199999999999999845e-02
1.091233000000000000e+08 1.000000000000000000e+00 6.600000000000000000e+01 1.176122238969311729e+04 5.831770000000000437e+03 1.271994307679469784e+04 0.000000000000000000e+00 1.580415177387146874e+00 9.199999999999999845e-02
1.091233020000000000e+08 1.000000000000000000e+00 6.500000000000000000e+01 1.174794528969311796e+04 5.838270000000000437e+03 1.271293097679469793e+04 0.000000000000000000e+00 5.271236004907059680e+00 6.099999999999999867e-02
1.091233020000000000e+08 1.000000000000000000e+00 6.500000000000000000e+01 1.174780328969311813e+04 5.839840000000000146e+03 1.271385877679469922e+04 0.000000000000000000e+00 6.915244823347004299e+00 8.349999999999999645e-01
1.091233020000000000e+08 1.000000000000000000e+00 6.500000000000000000e+01 1.175078328969311769e+04 5.839079999999999927e+03 1.271776227679469957e+04 0.000000000000000000e+00 7.702985582182972912e+00 8.349999999999999645e-01
1.091244880000000000e+08 1.000000000000000000e+00 6.600000000000000000e+01 1.175637808969311664e+04 5.809659999999999854e+03 1.271064827679469818e+04 0.000000000000000000e+00 6.804577412460771635e-01 1.000000000000000021e-02
1.091244890000000000e+08 1.000000000000000000e+00 6.600000000000000000e+01 1.175144328969311755e+04 5.810369999999999891e+03 1.269998297679469761e+04 0.000000000000000000e+00 9.208986224561710898e+00 6.099999999999999867e-02
1.091244910000000000e+08 1.000000000000000000e+00 6.500000000000000000e+01 1.175616228969311851e+04 5.813949999999999818e+03 1.269337557679469865e+04 0.000000000000000000e+00 8.285891716347496327e+00 6.099999999999999867e-02
1.091244920000000000e+08 1.000000000000000000e+00 6.500000000000000000e+01 1.175162628969311845e+04 5.815680000000000291e+03 1.269917937679469833e+04 0.000000000000000000e+00 6.643486746700421719e+00 9.199999999999999845e-02
1.091233040000000000e+08 1.000000000000000000e+00 6.600000000000000000e+01 1.175560028969311679e+04 5.821170000000000073e+03 1.270297517679469820e+04 0.000000000000000000e+00 2.024881332752906715e+00 9.199999999999999845e-02
1.091244910000000000e+08 1.000000000000000000e+00 6.600000000000000000e+01 1.175219228969311735e+04 5.821329999999999927e+03 1.271051087679469856e+04 0.000000000000000000e+00 1.103890202651845343e+00 4.169999999999999818e-01
1.091244910000000000e+08 0.000000000000000000e+00 6.600000000000000000e+01 1.175907778969311767e+04 5.824819999999999709e+03 1.270268337679469914e+04 0.000000000000000000e+00 7.955808095255576529e-01 2.039999999999999869e-01
1.091244910000000000e+08 1.000000000000000000e+00 6.500000000000000000e+01 1.176394728969311836e+04 5.825739999999999782e+03 1.269207027679469866e+04 0.000000000000000000e+00 1.780924876247320210e+00 5.000000000000000000e-01
1.091232970000000000e+08 1.000000000000000000e+00 6.600000000000000000e+01 1.173998028969311781e+04 5.839250000000000000e+03 1.273417887679469823e+04 0.000000000000000000e+00 8.909044977862478731e+00 2.400000000000000050e-02
1.091232920000000000e+08 1.000000000000000000e+00 6.500000000000000000e+01 1.173945328969311777e+04 5.833960000000000036e+03 1.273601907679469878e+04 0.000000000000000000e+00 4.978511354133818401e+00 1.339000000000000057e+01
1.091232920000000000e+08 1.000000000000000000e+00 6.500000000000000000e+01 1.173945328969311777e+04 5.833960000000000036e+03 1.273601907679469878e+04 0.000000000000000000e+00 4.978511354133818401e+00 6.063380000000000436e+00
1.091232920000000000e+08 1.000000000000000000e+00 6.500000000000000000e+01 1.173945328969311777e+04 5.833960000000000036e+03 1.273601907679469878e+04 0.000000000000000000e+00 4.978511354133818401e+00 5.308119999999999727e+00
1.091232110000000000e+08 1.000000000000000000e+00 6.500000000000000000e+01 1.176500348969311744e+04 5.825159999999999854e+03 1.274245173679469735e+04 0.000000000000000000e+00 5.924105046923691553e+00 2.400000000000000050e-02
1.091232910000000000e+08 1.000000000000000000e+00 6.600000000000000000e+01 1.176305948969311794e+04 5.830949999999999818e+03 1.274661693679469863e+04 0.000000000000000000e+00 4.938015241796957611e+00 9.199999999999999845e-02
1.091232910000000000e+08 1.000000000000000000e+00 6.600000000000000000e+01 1.176555558969311824e+04 5.829199999999999818e+03 1.275145056679469781e+04 0.000000000000000000e+00 5.860979259136126274e+00 4.169999999999999818e-01
1.091232840000000000e+08 1.000000000000000000e+00 6.600000000000000000e+01 1.174173828969311762e+04 5.835970000000000255e+03 1.277251117679469826e+04 0.000000000000000000e+00 3.225072973114708752e+00 9.199999999999999845e-02
1.091232860000000000e+08 0.000000000000000000e+00 6.600000000000000000e+01 1.173983228969311676e+04 5.834199999999999818e+03 1.276251977679469928e+04 0.000000000000000000e+00 3.465387747269959906e+00 2.400000000000000050e-02
1.091232850000000000e+08 0.000000000000000000e+00 6.600000000000000000e+01 1.174106528969311694e+04 5.841090000000000146e+03 1.276443577679469854e+04 0.000000000000000000e+00 1.473842345848706215e+00 9.199999999999999845e-02
1.080719930000000000e+08 1.000000000000000000e+00 6.500000000000000000e+01 1.173125928969311644e+04 5.106059999999999491e+03 1.274383659679469929e+04 0.000000000000000000e+00 4.059706755481534479e+00 1.000000000000000000e+01
1.080719930000000000e+08 1.000000000000000000e+00 6.500000000000000000e+01 1.173125928969311644e+04 5.106059999999999491e+03 1.274383659679469929e+04 0.000000000000000000e+00 4.059706755481534479e+00 1.908549999999999969e+00
1.080710220000000000e+08 1.000000000000000000e+00 6.600000000000000000e+01 1.173702828969311668e+04 5.072350000000000364e+03 1.274427222679469924e+04 0.000000000000000000e+00 6.568805633963362034e+00 6.099999999999999867e-02
1.080693710000000000e+08 1.000000000000000000e+00 6.600000000000000000e+01 1.172900728969311785e+04 5.069250000000000000e+03 1.274523849679469822e+04 0.000000000000000000e+00 8.346424386552955710e+00 9.199999999999999845e-02
1.080693710000000000e+08 1.000000000000000000e+00 6.600000000000000000e+01 1.172877028969311868e+04 5.067500000000000000e+03 1.274457926679469892e+04 0.000000000000000000e+00 9.148110286549895775e+00 9.199999999999999845e-02
1.080692880000000000e+08 1.000000000000000000e+00 6.500000000000000000e+01 1.173020028969311716e+04 5.071219999999999345e+03 1.275410582679469735e+04 0.000000000000000000e+00 4.641228199957875944e+00 9.199999999999999845e-02
1.080692880000000000e+08 1.000000000000000000e+00 6.500000000000000000e+01 1.172902628969311627e+04 5.072469999999999345e+03 1.275964357679469867e+04 0.000000000000000000e+00 2.006152668991313170e+00 4.169999999999999818e-01
1.080692910000000000e+08 0.000000000000000000e+00 6.600000000000000000e+01 1.173242328969311711e+04 5.061229999999999563e+03 1.276324577679469803e+04 0.000000000000000000e+00 1.308229215806499646e+00 9.199999999999999845e-02
1.080692960000000000e+08 1.000000000000000000e+00 6.500000000000000000e+01 1.172961228969311742e+04 5.031680000000000291e+03 1.276941687679469760e+04 0.000000000000000000e+00 6.488258914865104643e+00 9.199999999999999845e-02
1.080709180000000000e+08 1.000000000000000000e+00 6.500000000000000000e+01 1.173080928969311753e+04 5.025159999999999854e+03 1.276614517679469827e+04 0.000000000000000000e+00 4.815534525811441036e+00 8.349999999999999645e-01
1.080692960000000000e+08 1.000000000000000000e+00 6.500000000000000000e+01 1.173206428969311673e+04 5.031860000000000582e+03 1.276723357679469882e+04 0.000000000000000000e+00 6.677767113312774505e+00 4.169999999999999818e-01
1.080709180000000000e+08 1.000000000000000000e+00 6.500000000000000000e+01 1.173131528969311694e+04 5.029430000000000291e+03 1.276731527679469946e+04 0.000000000000000000e+00 7.675288062586029803e+00 6.099999999999999867e-02
1.080699420000000000e+08 1.000000000000000000e+00 6.500000000000000000e+01 1.173116528969311730e+04 5.036250000000000000e+03 1.277604497679469932e+04 0.000000000000000000e+00 6.395514221903189522e+00 4.169999999999999818e-01
1.080692980000000000e+08 0.000000000000000000e+00 6.600000000000000000e+01 1.172290328969311668e+04 5.040510000000000218e+03 1.277520427679469867e+04 0.000000000000000000e+00 3.446822084598518021e+00 2.400000000000000050e-02
1.080692970000000000e+08 1.000000000000000000e+00 6.600000000000000000e+01 1.172233128969311656e+04 5.050750000000000000e+03 1.277792527679469822e+04 0.000000000000000000e+00 3.964742338288409051e+00 2.400000000000000050e-02
1.080692980000000000e+08 1.000000000000000000e+00 6.600000000000000000e+01 1.172593028969311854e+04 5.051250000000000000e+03 1.277916147679469941e+04 0.000000000000000000e+00 5.107018017201643723e+00 2.400000000000000050e-02
1.080692980000000000e+08 1.000000000000000000e+00 6.600000000000000000e+01 1.172551328969311726e+04 5.048489999999999782e+03 1.278256857679469795e+04 0.000000000000000000e+00 3.128900479144017144e+00 5.000000000000000000e-01
1.080692980000000000e+08 1.000000000000000000e+00 6.600000000000000000e+01 1.172520428969311615e+04 5.050829999999999927e+03 1.278443937679469855e+04 0.000000000000000000e+00 5.536917441418251151e+00 9.199999999999999845e-02
1.080692980000000000e+08 1.000000000000000000e+00 6.600000000000000000e+01 1.172445428969311615e+04 5.051510000000000218e+03 1.278555897679469854e+04 0.000000000000000000e+00 6.591011795778983107e+00 9.199999999999999845e-02
1.080693690000000000e+08 1.000000000000000000e+00 6.600000000000000000e+01 1.171959028969311839e+04 5.077149999999999636e+03 1.276146837679469900e+04 0.000000000000000000e+00 3.353028892734927879e+00 9.199999999999999845e-02
1.080693690000000000e+08 1.000000000000000000e+00 6.600000000000000000e+01 1.171942928969311833e+04 5.076729999999999563e+03 1.275910717679469963e+04 0.000000000000000000e+00 2.071165695700811771e+00 2.400000000000000050e-02
1.080708820000000000e+08 0.000000000000000000e+00 6.500000000000000000e+01 1.170293328969311733e+04 5.074449999999999818e+03 1.274576386679469942e+04 0.000000000000000000e+00 2.658404342273585907e+00 4.169999999999999818e-01
1.080708830000000000e+08 1.000000000000000000e+00 6.500000000000000000e+01 1.170052628969311627e+04 5.076100000000000364e+03 1.274530821679469955e+04 0.000000000000000000e+00 3.318922093949302266e+00 9.199999999999999845e-02
1.080708820000000000e+08 1.000000000000000000e+00 6.600000000000000000e+01 1.169587728969311866e+04 5.079670000000000073e+03 1.275460540679469705e+04 0.000000000000000000e+00 1.761442311197074506e+00 4.169999999999999818e-01
1.080708820000000000e+08 1.000000000000000000e+00 6.600000000000000000e+01 1.169587728969311866e+04 5.079670000000000073e+03 1.275460540679469705e+04 0.000000000000000000e+00 1.761442311197074506e+00 7.198210000000000441e+00
1.080432980000000000e+08 0.000000000000000000e+00 6.600000000000000000e+01 1.179143658969311764e+04 2.793970000000000255e+03 1.276422517679469820e+04 0.000000000000000000e+00 1.461237346409242521e+00 9.199999999999999845e-02
1.080433040000000000e+08 1.000000000000000000e+00 6.600000000000000000e+01 1.181215558969311678e+04 2.802369999999999891e+03 1.275549645679469904e+04 0.000000000000000000e+00 5.705591125601952029e+00 1.078999999999999915e+01
1.080433040000000000e+08 1.000000000000000000e+00 6.600000000000000000e+01 1.181215558969311678e+04 2.802369999999999891e+03 1.275549645679469904e+04 0.000000000000000000e+00 5.705591125601952029e+00 4.159609999999999808e+00
1.080433040000000000e+08 1.000000000000000000e+00 6.600000000000000000e+01 1.181215558969311678e+04 2.802369999999999891e+03 1.275549645679469904e+04 0.000000000000000000e+00 5.705591125601952029e+00 2.479789999999999939e+00
1.080582500000000000e+08 0.000000000000000000e+00 6.600000000000000000e+01 1.219615728969311749e+04 4.254819999999999709e+03 1.290710887679469852e+04 1.000000000000000000e+00 1.240252856958354633e+00 4.200000000000000000e+01
1.080582490000000000e+08 1.000000000000000000e+00 6.600000000000000000e+01 1.220410428969311761e+04 4.251880000000000109e+03 1.291100387679469713e+04 1.000000000000000000e+00 7.293904161280078124e-01 4.200000000000000000e+01
1.080582460000000000e+08 0.000000000000000000e+00 6.500000000000000000e+01 1.219122528969311679e+04 4.243970000000000255e+03 1.291585687679469811e+04 1.000000000000000000e+00 2.574167690519475915e+00 4.200000000000000000e+01
1.080591570000000000e+08 0.000000000000000000e+00 6.500000000000000000e+01 1.222207028969311796e+04 4.250130000000000109e+03 1.291669987679469705e+04 1.000000000000000000e+00 1.390186062436245873e+00 4.200000000000000000e+01
1.080582550000000000e+08 1.000000000000000000e+00 6.600000000000000000e+01 1.220819728969311836e+04 4.255670000000000073e+03 1.288650887679469815e+04 1.000000000000000000e+00 8.283435385946845697e-01 4.200000000000000000e+01
