9.151767400000000000e+07 0.000000000000000000e+00 6.500000000000000000e+01 3.137578829212428445e+03 5.433239999999999782e+03 1.082038676397385098e+04 0.000000000000000000e+00 1.956725437737878881e+00 1.605000000000000071e+01
9.830116600000000000e+07 1.000000000000000000e+00 6.500000000000000000e+01 2.726557829212428715e+03 8.531549999999999272e+03 1.151135676397385032e+04 0.000000000000000000e+00 5.973973509646684832e+00 1.078999999999999915e+01
1.039267160000000000e+08 1.000000000000000000e+00 6.600000000000000000e+01 2.535857829212427987e+03 1.094473999999999978e+04 1.214006676397385127e+04 0.000000000000000000e+00 9.126052719578655825e+00 1.078999999999999915e+01
1.050694330000000000e+08 0.000000000000000000e+00 6.500000000000000000e+01 2.504527829212428060e+03 1.268506999999999971e+04 1.258363676397385098e+04 0.000000000000000000e+00 1.714885856383210783e+00 1.078999999999999915e+01
1.098240790000000000e+08 1.000000000000000000e+00 6.500000000000000000e+01 2.538947829212428132e+03 1.378554000000000087e+04 1.284529676397385083e+04 0.000000000000000000e+00 8.535260950131116076e+00 1.078999999999999915e+01
1.098240790000000000e+08 1.000000000000000000e+00 6.500000000000000000e+01 2.538947829212428132e+03 1.378554000000000087e+04 1.284529676397385083e+04 0.000000000000000000e+00 8.535260950131116076e+00 7.215910000000000046e+00
1.050694330000000000e+08 0.000000000000000000e+00 6.500000000000000000e+01 2.504527829212428060e+03 1.268506999999999971e+04 1.258363676397385098e+04 0.000000000000000000e+00 1.714885856383210783e+00 3.888739999999999863e+00
1.039267170000000000e+08 1.000000000000000000e+00 6.600000000000000000e+01 2.532067829212428023e+03 1.095006000000000131e+04 1.213706676397385127e+04 0.000000000000000000e+00 4.508304646442100605e+00 9.199999999999999845e-02
1.039267170000000000e+08 1.000000000000000000e+00 6.600000000000000000e+01 2.530567829212428023e+03 1.095277000000000044e+04 1.213291676397385163e+04 0.000000000000000000e+00 2.118776834660260011e+00 6.099999999999999867e-02
1.039267170000000000e+08 1.000000000000000000e+00 6.600000000000000000e+01 2.530567829212428023e+03 1.095277000000000044e+04 1.213291676397385163e+04 0.000000000000000000e+00 2.118776834660260011e+00 7.384839999999999627e+00
9.830116600000000000e+07 1.000000000000000000e+00 6.500000000000000000e+01 2.726557829212428715e+03 8.531549999999999272e+03 1.151135676397385032e+04 0.000000000000000000e+00 5.973973509646684832e+00 5.967929999999999957e+00
9.151767600000000000e+07 1.000000000000000000e+00 6.600000000000000000e+01 3.134545829212428089e+03 5.434539999999999964e+03 1.081366076397385041e+04 0.000000000000000000e+00 2.723621557334998222e+00 1.078999999999999915e+01
9.151673700000000000e+07 1.000000000000000000e+00 6.500000000000000000e+01 3.124889829212428140e+03 5.438050000000000182e+03 1.079059476397385151e+04 0.000000000000000000e+00 3.645952144074719126e+00 1.078999999999999915e+01
9.151683200000000000e+07 1.000000000000000000e+00 6.600000000000000000e+01 3.089569829212428431e+03 5.452229999999999563e+03 1.076322776397384951e+04 0.000000000000000000e+00 4.847937645228776127e+00 3.229999999999999716e+01
9.151683600000000000e+07 1.000000000000000000e+00 6.500000000000000000e+01 3.080635829212428234e+03 5.456819999999999709e+03 1.075605176397385003e+04 0.000000000000000000e+00 2.229151418869644186e+00 1.605000000000000071e+01
9.151835800000000000e+07 0.000000000000000000e+00 6.600000000000000000e+01 3.063243829212428409e+03 5.459600000000000364e+03 1.074776076397385077e+04 0.000000000000000000e+00 1.199136867021508124e+00 1.078999999999999915e+01
9.151694500000000000e+07 0.000000000000000000e+00 6.600000000000000000e+01 3.012823829212428336e+03 5.458389999999999418e+03 1.073219076397385106e+04 0.000000000000000000e+00 2.826958259305713206e+00 1.078999999999999915e+01
9.151694300000000000e+07 1.000000000000000000e+00 6.500000000000000000e+01 3.003437829212428824e+03 5.456110000000000582e+03 1.073253076397385121e+04 0.000000000000000000e+00 7.298133885585794012e+00 1.078999999999999915e+01
9.151726100000000000e+07 1.000000000000000000e+00 6.600000000000000000e+01 2.988855829212428489e+03 5.449550000000000182e+03 1.073557776397385169e+04 0.000000000000000000e+00 5.853537578064840652e+00 1.078999999999999915e+01
9.151726100000000000e+07 1.000000000000000000e+00 6.600000000000000000e+01 2.990368829212428409e+03 5.447389999999999418e+03 1.073862776397385096e+04 0.000000000000000000e+00 2.502977469958501455e+00 6.099999999999999867e-02
9.151726100000000000e+07 1.000000000000000000e+00 6.600000000000000000e+01 2.990735829212428598e+03 5.446869999999999891e+03 1.073936776397385074e+04 0.000000000000000000e+00 2.093724179146955411e+00 1.124000000000000021e+01
9.151726100000000000e+07 1.000000000000000000e+00 6.500000000000000000e+01 2.993627829212428423e+03 5.429680000000000291e+03 1.073883076397385048e+04 0.000000000000000000e+00 5.162636463068735360e+00 6.099999999999999867e-02
9.151725500000000000e+07 1.000000000000000000e+00 6.500000000000000000e+01 3.011822829212428132e+03 5.446239999999999782e+03 1.073952676397385039e+04 0.000000000000000000e+00 1.004784704503767223e+00 1.339000000000000057e+01
9.151725500000000000e+07 1.000000000000000000e+00 6.500000000000000000e+01 3.014044829212428795e+03 5.448600000000000364e+03 1.074042076397385063e+04 0.000000000000000000e+00 3.698918397002671110e+00 1.078999999999999915e+01
9.151725300000000000e+07 1.000000000000000000e+00 6.600000000000000000e+01 3.016282829212428169e+03 5.449510000000000218e+03 1.074230476397385064e+04 0.000000000000000000e+00 4.895655763915764958e+00 1.078999999999999915e+01
9.151821200000000000e+07 1.000000000000000000e+00 6.600000000000000000e+01 3.041983829212428191e+03 5.456770000000000437e+03 1.072881176397385207e+04 0.000000000000000000e+00 8.402484889372244581e+00 2.400000000000000050e-02
9.151820900000000000e+07 1.000000000000000000e+00 6.600000000000000000e+01 3.057878829212428627e+03 5.469359999999999673e+03 1.070568476397385166e+04 0.000000000000000000e+00 8.624361618728780599e+00 1.260999999999999943e+01
9.151820900000000000e+07 1.000000000000000000e+00 6.600000000000000000e+01 3.057878829212428627e+03 5.469359999999999673e+03 1.070568476397385166e+04 0.000000000000000000e+00 8.624361618728780599e+00 1.284610000000000030e+00
9.151725300000000000e+07 1.000000000000000000e+00 6.600000000000000000e+01 3.016282829212428169e+03 5.449510000000000218e+03 1.074230476397385064e+04 0.000000000000000000e+00 4.895655763915764958e+00 4.559870000000000090e+00
9.151725200000000000e+07 1.000000000000000000e+00 6.600000000000000000e+01 3.016837829212428460e+03 5.450030000000000655e+03 1.073937176397384974e+04 0.000000000000000000e+00 6.593766018074716406e+00 9.199999999999999845e-02
9.151725400000000000e+07 1.000000000000000000e+00 6.600000000000000000e+01 3.018611829212427892e+03 5.452239999999999782e+03 1.075714976397385180e+04 0.000000000000000000e+00 2.982929521814350338e+00 6.099999999999999867e-02
9.151725400000000000e+07 1.000000000000000000e+00 6.600000000000000000e+01 3.015859829212428394e+03 5.450739999999999782e+03 1.076103476397385020e+04 0.000000000000000000e+00 4.870393395170660611e+00 9.199999999999999845e-02
9.151573200000000000e+07 1.000000000000000000e+00 6.600000000000000000e+01 3.014607829212427987e+03 5.450460000000000036e+03 1.076222476397385071e+04 0.000000000000000000e+00 4.950422968850109129e+00 2.400000000000000050e-02
9.151573200000000000e+07 1.000000000000000000e+00 6.600000000000000000e+01 3.012412829212428278e+03 5.452430000000000291e+03 1.076561976397385115e+04 0.000000000000000000e+00 3.823140163584054729e+00 9.199999999999999845e-02
9.151573200000000000e+07 1.000000000000000000e+00 6.600000000000000000e+01 3.011732829212427987e+03 5.454189999999999600e+03 1.076550476397385137e+04 0.000000000000000000e+00 3.329482882899631679e+00 2.039999999999999869e-01
9.151573200000000000e+07 1.000000000000000000e+00 6.600000000000000000e+01 3.005622829212428314e+03 5.458770000000000437e+03 1.076336976397385115e+04 0.000000000000000000e+00 1.210890529767754131e+00 1.078999999999999915e+01
9.151573200000000000e+07 1.000000000000000000e+00 6.600000000000000000e+01 3.005622829212428314e+03 5.458770000000000437e+03 1.076336976397385115e+04 0.000000000000000000e+00 1.210890529767754131e+00 4.756120000000000125e+00
9.151573200000000000e+07 1.000000000000000000e+00 6.600000000000000000e+01 3.005622829212428314e+03 5.458770000000000437e+03 1.076336976397385115e+04 0.000000000000000000e+00 1.210890529767754131e+00 1.189769999999999994e+00
9.151725500000000000e+07 1.000000000000000000e+00 6.500000000000000000e+01 3.011822829212428132e+03 5.446239999999999782e+03 1.073952676397385039e+04 0.000000000000000000e+00 1.004784704503767223e+00 1.367799999999999905e+00
9.151573900000000000e+07 1.000000000000000000e+00 6.500000000000000000e+01 2.988048829212427790e+03 5.452750000000000000e+03 1.073384476397385151e+04 0.000000000000000000e+00 8.458966819729573317e+00 6.099999999999999867e-02
9.151725600000000000e+07 1.000000000000000000e+00 6.500000000000000000e+01 3.002443829212428227e+03 5.454279999999999745e+03 1.073321076397384968e+04 0.000000000000000000e+00 8.207688439688819670e+00 9.199999999999999845e-02
9.151694300000000000e+07 1.000000000000000000e+00 6.500000000000000000e+01 3.006628829212428627e+03 5.452329999999999927e+03 1.072889576397385099e+04 0.000000000000000000e+00 5.987162579699726983e+00 2.400000000000000050e-02
9.151694300000000000e+07 1.000000000000000000e+00 6.500000000000000000e+01 3.004678829212427900e+03 5.452880000000000109e+03 1.072856376397385066e+04 0.000000000000000000e+00 5.637184594161142037e+00 6.099999999999999867e-02
9.151694300000000000e+07 1.000000000000000000e+00 6.500000000000000000e+01 3.002436829212428620e+03 5.455530000000000655e+03 1.072822876397384971e+04 0.000000000000000000e+00 5.028178387610260813e+00 6.099999999999999867e-02
9.151725500000000000e+07 1.000000000000000000e+00 6.500000000000000000e+01 3.010049829212427994e+03 5.442050000000000182e+03 1.072754076397385143e+04 0.000000000000000000e+00 5.400877586434985389e+00 9.199999999999999845e-02
9.151725500000000000e+07 1.000000000000000000e+00 6.500000000000000000e+01 3.006887829212428642e+03 5.438159999999999854e+03 1.073378376397385000e+04 0.000000000000000000e+00 2.773986852815468307e+00 1.124000000000000021e+01
9.151725500000000000e+07 1.000000000000000000e+00 6.500000000000000000e+01 3.006887829212428642e+03 5.438159999999999854e+03 1.073378376397385000e+04 0.000000000000000000e+00 2.773986852815468307e+00 6.983170000000000321e+00
9.151694300000000000e+07 1.000000000000000000e+00 6.500000000000000000e+01 3.003437829212428824e+03 5.456110000000000582e+03 1.073253076397385121e+04 0.000000000000000000e+00 7.298133885585794012e+00 4.749929999999999986e+00
9.151694500000000000e+07 0.000000000000000000e+00 6.600000000000000000e+01 3.012661829212428074e+03 5.458260000000000218e+03 1.073166776397385183e+04 0.000000000000000000e+00 2.988445819883922105e+00 1.078999999999999915e+01
9.151694500000000000e+07 0.000000000000000000e+00 6.600000000000000000e+01 3.012617829212428205e+03 5.458239999999999782e+03 1.073162376397385015e+04 0.000000000000000000e+00 3.038096676866874901e+00 1.376999999999999957e+01
9.151694500000000000e+07 0.000000000000000000e+00 6.600000000000000000e+01 3.012617829212428205e+03 5.458239999999999782e+03 1.073162376397385015e+04 0.000000000000000000e+00 3.038096676866874901e+00 5.084220000000000406e-01
9.151694400000000000e+07 1.000000000000000000e+00 6.500000000000000000e+01 2.999499829212428722e+03 5.470420000000000073e+03 1.072757376397385087e+04 0.000000000000000000e+00 4.885278972051355417e+00 6.099999999999999867e-02
9.151702600000000000e+07 1.000000000000000000e+00 6.600000000000000000e+01 2.997517829212428751e+03 5.470979999999999563e+03 1.072249476397385115e+04 0.000000000000000000e+00 3.954554242166626210e+00 9.199999999999999845e-02
9.151688000000000000e+07 1.000000000000000000e+00 6.600000000000000000e+01 2.977184829212428212e+03 5.498279999999999745e+03 1.073605176397385003e+04 0.000000000000000000e+00 8.956896483907490492e+00 9.199999999999999845e-02
9.151688000000000000e+07 1.000000000000000000e+00 6.600000000000000000e+01 2.978711829212428256e+03 5.495630000000000109e+03 1.073696476397385049e+04 0.000000000000000000e+00 6.930372341331936248e+00 2.400000000000000050e-02
9.151688000000000000e+07 1.000000000000000000e+00 6.600000000000000000e+01 2.977325829212427834e+03 5.484479999999999563e+03 1.074206176397385207e+04 0.000000000000000000e+00 9.870607516796672698e+00 2.400000000000000050e-02
9.151687700000000000e+07 1.000000000000000000e+00 6.500000000000000000e+01 3.001052829212428605e+03 5.488750000000000000e+03 1.073708876397385029e+04 0.000000000000000000e+00 1.606625441198874737e+00 6.099999999999999867e-02
9.151687800000000000e+07 1.000000000000000000e+00 6.500000000000000000e+01 2.999785829212428780e+03 5.487159999999999854e+03 1.073287776397385096e+04 0.000000000000000000e+00 8.756289739864205890e-01 5.000000000000000000e-01
9.151687800000000000e+07 1.000000000000000000e+00 6.500000000000000000e+01 2.997152829212428060e+03 5.484720000000000255e+03 1.073184276397385111e+04 0.000000000000000000e+00 3.099231855016572279e+00 6.099999999999999867e-02
9.151687800000000000e+07 1.000000000000000000e+00 6.500000000000000000e+01 3.002330829212427943e+03 5.483659999999999854e+03 1.073129376397385204e+04 0.000000000000000000e+00 4.241925440898015154e+00 2.400000000000000050e-02
9.151687800000000000e+07 1.000000000000000000e+00 6.500000000000000000e+01 3.000156829212427965e+03 5.486329999999999927e+03 1.073126576397384997e+04 0.000000000000000000e+00 9.129044024227319643e-01 9.199999999999999845e-02
9.151687800000000000e+07 1.000000000000000000e+00 6.500000000000000000e+01 2.999854829212428285e+03 5.486300000000000182e+03 1.073127776397385060e+04 0.000000000000000000e+00 7.288286074443027784e-01 6.099999999999999867e-02
9.151687700000000000e+07 1.000000000000000000e+00 6.500000000000000000e+01 3.000301829212428402e+03 5.486470000000000255e+03 1.073575976397385057e+04 0.000000000000000000e+00 1.934081412458164007e+00 9.199999999999999845e-02
9.151687700000000000e+07 0.000000000000000000e+00 6.500000000000000000e+01 2.997240829212428707e+03 5.490850000000000364e+03 1.074018776397385045e+04 0.000000000000000000e+00 1.311320934181488429e+00 6.099999999999999867e-02
9.151687900000000000e+07 0.000000000000000000e+00 6.600000000000000000e+01 2.992919829212428795e+03 5.493029999999999745e+03 1.073895576397385048e+04 0.000000000000000000e+00 1.836810230616384487e+00 9.199999999999999845e-02
9.151688000000000000e+07 1.000000000000000000e+00 6.600000000000000000e+01 2.985947829212428132e+03 5.501989999999999782e+03 1.073648076397385012e+04 0.000000000000000000e+00 6.543761295311233184e+00 6.099999999999999867e-02
9.151721400000000000e+07 1.000000000000000000e+00 6.500000000000000000e+01 2.977012829212428642e+03 5.502649999999999636e+03 1.074404576397385063e+04 0.000000000000000000e+00 7.556681126434632745e+00 8.349999999999999645e-01
9.151580300000000000e+07 0.000000000000000000e+00 6.600000000000000000e+01 2.962858829212428191e+03 5.514010000000000218e+03 1.073878576397385041e+04 0.000000000000000000e+00 4.161351525939306351e-01 9.199999999999999845e-02
9.151580300000000000e+07 1.000000000000000000e+00 6.500000000000000000e+01 2.956115829212428707e+03 5.527609999999999673e+03 1.073464176397385017e+04 0.000000000000000000e+00 5.662375221568131778e+00 4.169999999999999818e-01
9.151580300000000000e+07 1.000000000000000000e+00 6.500000000000000000e+01 2.956115829212428707e+03 5.527609999999999673e+03 1.073464176397385017e+04 0.000000000000000000e+00 5.662375221568131778e+00 7.090980000000000061e+00
9.151829400000000000e+07 1.000000000000000000e+00 6.500000000000000000e+01 3.038123829212428518e+03 5.486930000000000291e+03 1.073816076397385041e+04 0.000000000000000000e+00 2.390751396379550808e+00 1.000000000000000021e-02
9.151835800000000000e+07 1.000000000000000000e+00 6.500000000000000000e+01 3.048773829212428154e+03 5.462880000000000109e+03 1.074407676397385148e+04 0.000000000000000000e+00 6.334478643555373267e+00 6.099999999999999867e-02
9.151684100000000000e+07 1.000000000000000000e+00 6.500000000000000000e+01 3.052924829212427994e+03 5.461470000000000255e+03 1.074710676397385032e+04 0.000000000000000000e+00 3.603578589126976706e+00 1.605000000000000071e+01
9.151836100000000000e+07 0.000000000000000000e+00 6.500000000000000000e+01 3.058148829212428154e+03 5.457260000000000218e+03 1.075086776397385074e+04 0.000000000000000000e+00 1.388636632102236756e+00 1.339000000000000057e+01
9.151836100000000000e+07 0.000000000000000000e+00 6.500000000000000000e+01 3.058506829212428329e+03 5.456979999999999563e+03 1.075142076397385063e+04 0.000000000000000000e+00 1.801558205330582751e+00 1.078999999999999915e+01
9.151836200000000000e+07 1.000000000000000000e+00 6.500000000000000000e+01 3.060582829212428351e+03 5.456610000000000582e+03 1.075283676397384988e+04 0.000000000000000000e+00 2.618021527953417138e+00 6.099999999999999867e-02
9.151836200000000000e+07 0.000000000000000000e+00 6.600000000000000000e+01 3.051740829212428707e+03 5.451110000000000582e+03 1.074420276397385169e+04 0.000000000000000000e+00 7.193702309918559301e-01 2.400000000000000050e-02
9.151836400000000000e+07 1.000000000000000000e+00 6.500000000000000000e+01 3.050804829212428103e+03 5.445369999999999891e+03 1.074058376397385109e+04 0.000000000000000000e+00 3.404955480830669234e+00 1.000000000000000000e+01
9.151836400000000000e+07 1.000000000000000000e+00 6.500000000000000000e+01 3.050804829212428103e+03 5.445369999999999891e+03 1.074058376397385109e+04 0.000000000000000000e+00 3.404955480830669234e+00 4.236509999999999998e-01
9.151836100000000000e+07 0.000000000000000000e+00 6.500000000000000000e+01 3.058506829212428329e+03 5.456979999999999563e+03 1.075142076397385063e+04 0.000000000000000000e+00 1.801558205330582751e+00 5.335630000000000095e+00
9.151835800000000000e+07 0.000000000000000000e+00 6.600000000000000000e+01 3.064384829212428031e+03 5.456079999999999927e+03 1.074742876397385044e+04 0.000000000000000000e+00 1.365383583382077992e+00 9.199999999999999845e-02
9.151675700000000000e+07 1.000000000000000000e+00 6.600000000000000000e+01 3.072445829212428634e+03 5.441289999999999964e+03 1.075122176397385192e+04 0.000000000000000000e+00 7.401851599883393362e+00 6.099999999999999867e-02
9.151675700000000000e+07 1.000000000000000000e+00 6.600000000000000000e+01 3.072445829212428634e+03 5.441289999999999964e+03 1.075122176397385192e+04 0.000000000000000000e+00 7.401851599883393362e+00 7.341490000000000293e+00
9.151835900000000000e+07 1.000000000000000000e+00 6.500000000000000000e+01 3.053151829212428765e+03 5.465529999999999745e+03 1.074878876397385102e+04 0.000000000000000000e+00 3.268861241050750710e+00 9.199999999999999845e-02
9.151684400000000000e+07 0.000000000000000000e+00 6.500000000000000000e+01 3.052699829212428540e+03 5.471760000000000218e+03 1.075655376397385044e+04 0.000000000000000000e+00 1.898548325580355689e+00 2.400000000000000050e-02
9.151702900000000000e+07 0.000000000000000000e+00 6.500000000000000000e+01 3.044228829212428082e+03 5.493289999999999964e+03 1.076598776397385154e+04 0.000000000000000000e+00 9.114889863817505766e-01 9.199999999999999845e-02
9.151830100000000000e+07 1.000000000000000000e+00 6.600000000000000000e+01 3.043720829212428271e+03 5.501850000000000364e+03 1.076897276397385031e+04 0.000000000000000000e+00 1.109760053138718394e+00 2.400000000000000050e-02
9.151830100000000000e+07 1.000000000000000000e+00 6.600000000000000000e+01 3.043157829212428169e+03 5.502840000000000146e+03 1.077031176397385025e+04 0.000000000000000000e+00 1.201148202479854099e+00 2.039999999999999869e-01
9.151703200000000000e+07 1.000000000000000000e+00 6.600000000000000000e+01 3.038971829212428474e+03 5.501869999999999891e+03 1.078049076397385033e+04 0.000000000000000000e+00 3.694836893459720439e+00 9.199999999999999845e-02
9.151830200000000000e+07 1.000000000000000000e+00 6.600000000000000000e+01 3.036176829212428402e+03 5.507789999999999964e+03 1.077797676397385112e+04 0.000000000000000000e+00 1.841367239532476718e+00 6.099999999999999867e-02
9.151702900000000000e+07 1.000000000000000000e+00 6.500000000000000000e+01 3.042119829212428613e+03 5.495819999999999709e+03 1.077653276397384980e+04 0.000000000000000000e+00 6.114855963807584338e+00 2.400000000000000050e-02
9.151688100000000000e+07 1.000000000000000000e+00 6.500000000000000000e+01 3.046179829212428103e+03 5.500569999999999709e+03 1.077716976397385042e+04 0.000000000000000000e+00 4.502593695742620916e+00 1.078999999999999915e+01
9.151688100000000000e+07 1.000000000000000000e+00 6.500000000000000000e+01 3.046179829212428103e+03 5.500569999999999709e+03 1.077716976397385042e+04 0.000000000000000000e+00 4.502593695742620916e+00 3.312009999999999899e+00
9.151688100000000000e+07 1.000000000000000000e+00 6.500000000000000000e+01 3.046179829212428103e+03 5.500569999999999709e+03 1.077716976397385042e+04 0.000000000000000000e+00 4.502593695742620916e+00 2.896529999999999827e+00
9.151694500000000000e+07 1.000000000000000000e+00 6.600000000000000000e+01 3.021682829212427805e+03 5.463649999999999636e+03 1.072936476397385195e+04 0.000000000000000000e+00 2.302389922507722009e+00 4.600000000000000200e-01
9.151694400000000000e+07 1.000000000000000000e+00 6.600000000000000000e+01 3.020006829212428329e+03 5.464770000000000437e+03 1.072743976397385086e+04 0.000000000000000000e+00 1.664276503215299297e+00 2.400000000000000050e-02
9.151694400000000000e+07 0.000000000000000000e+00 6.600000000000000000e+01 3.017361829212427892e+03 5.465360000000000582e+03 1.072476076397385077e+04 0.000000000000000000e+00 2.166687261969965750e+00 6.099999999999999867e-02
9.151695000000000000e+07 0.000000000000000000e+00 6.600000000000000000e+01 3.012200829212428744e+03 5.485190000000000509e+03 1.073874476397385115e+04 0.000000000000000000e+00 5.462734280339814674e+00 8.349999999999999645e-01
9.151828600000000000e+07 1.000000000000000000e+00 6.500000000000000000e+01 3.011356829212428693e+03 5.489699999999999818e+03 1.071999876397385015e+04 0.000000000000000000e+00 1.449151347603576001e+00 4.169999999999999818e-01
9.151828600000000000e+07 1.000000000000000000e+00 6.500000000000000000e+01 3.011289829212428685e+03 5.489710000000000036e+03 1.072013276397385198e+04 0.000000000000000000e+00 1.560053030763085768e+00 9.199999999999999845e-02
9.151702300000000000e+07 1.000000000000000000e+00 6.600000000000000000e+01 3.003379829212427921e+03 5.483149999999999636e+03 1.071231776397384965e+04 0.000000000000000000e+00 2.048893948162557432e+00 6.099999999999999867e-02
9.151701800000000000e+07 1.000000000000000000e+00 6.500000000000000000e+01 3.006450829212428744e+03 5.475090000000000146e+03 1.070021076397384968e+04 0.000000000000000000e+00 1.752004170551787698e+00 6.099999999999999867e-02
9.151701700000000000e+07 1.000000000000000000e+00 6.500000000000000000e+01 3.007698829212428336e+03 5.483720000000000255e+03 1.069967776397385023e+04 0.000000000000000000e+00 1.563739542446545006e+00 9.199999999999999845e-02
9.151828200000000000e+07 1.000000000000000000e+00 6.600000000000000000e+01 3.011013829212427936e+03 5.486860000000000582e+03 1.070596076397384968e+04 0.000000000000000000e+00 3.678179791549457622e+00 4.169999999999999818e-01
9.151828600000000000e+07 1.000000000000000000e+00 6.500000000000000000e+01 3.012595829212428271e+03 5.479100000000000364e+03 1.071107576397385128e+04 0.000000000000000000e+00 5.721245374405895312e+00 2.039999999999999869e-01
9.151701800000000000e+07 1.000000000000000000e+00 6.500000000000000000e+01 3.010020829212428453e+03 5.480680000000000291e+03 1.070860376397384971e+04 0.000000000000000000e+00 4.516886826436585345e+00 9.199999999999999845e-02
9.151694200000000000e+07 1.000000000000000000e+00 6.600000000000000000e+01 3.018560829212428416e+03 5.472690000000000509e+03 1.071839076397384997e+04 0.000000000000000000e+00 6.134841465191168020e+00 9.199999999999999845e-02
9.151820800000000000e+07 1.000000000000000000e+00 6.500000000000000000e+01 3.028429829212428103e+03 5.470560000000000400e+03 1.071567976397385064e+04 0.000000000000000000e+00 7.663935514821626604e+00 9.199999999999999845e-02
9.151821000000000000e+07 1.000000000000000000e+00 6.500000000000000000e+01 3.041957829212428351e+03 5.484880000000000109e+03 1.071917476397384962e+04 0.000000000000000000e+00 7.036524984242514158e+00 2.400000000000000050e-02
9.151821100000000000e+07 1.000000000000000000e+00 6.500000000000000000e+01 3.047491829212428001e+03 5.489149999999999636e+03 1.072271876397385131e+04 0.000000000000000000e+00 8.487283466874238513e+00 9.199999999999999845e-02
9.151835800000000000e+07 0.000000000000000000e+00 6.600000000000000000e+01 3.063243829212428409e+03 5.459600000000000364e+03 1.074776076397385077e+04 0.000000000000000000e+00 1.199136867021508124e+00 4.265089999999999826e+00
9.151675400000000000e+07 1.000000000000000000e+00 6.500000000000000000e+01 3.075567829212428023e+03 5.450530000000000655e+03 1.076443676397385207e+04 0.000000000000000000e+00 5.502332655745350465e+00 9.199999999999999845e-02
9.151843500000000000e+07 1.000000000000000000e+00 6.500000000000000000e+01 3.077984829212428394e+03 5.473149999999999636e+03 1.076701276397385118e+04 0.000000000000000000e+00 5.264275922099761473e+00 6.099999999999999867e-02
9.151843800000000000e+07 1.000000000000000000e+00 6.600000000000000000e+01 3.084892829212428751e+03 5.482409999999999854e+03 1.078975876397385036e+04 0.000000000000000000e+00 5.092496084665590672e+00 9.199999999999999845e-02
9.151683200000000000e+07 1.000000000000000000e+00 6.600000000000000000e+01 3.089569829212428431e+03 5.452229999999999563e+03 1.076322776397384951e+04 0.000000000000000000e+00 4.847937645228776127e+00 6.621269999999999989e+00
9.151840700000000000e+07 1.000000000000000000e+00 6.600000000000000000e+01 3.118849829212428176e+03 5.431340000000000146e+03 1.077764476397385079e+04 0.000000000000000000e+00 3.764257826501310689e+00 9.199999999999999845e-02
9.151674100000000000e+07 0.000000000000000000e+00 6.500000000000000000e+01 3.119143829212428045e+03 5.433619999999999891e+03 1.077540676397384959e+04 0.000000000000000000e+00 3.618358611616488751e+00 1.000000000000000021e-02
9.151840800000000000e+07 1.000000000000000000e+00 6.600000000000000000e+01 3.122295829212428089e+03 5.427380000000000109e+03 1.077157976397385028e+04 0.000000000000000000e+00 2.031388981089362833e+00 9.199999999999999845e-02
9.151840800000000000e+07 1.000000000000000000e+00 6.600000000000000000e+01 3.121322829212428132e+03 5.427579999999999927e+03 1.076749776397384994e+04 0.000000000000000000e+00 1.488862160151734004e+00 9.199999999999999845e-02
9.151946100000000000e+07 1.000000000000000000e+00 6.500000000000000000e+01 3.118188829212428118e+03 5.451579999999999927e+03 1.075372976397384991e+04 0.000000000000000000e+00 3.312747986397916122e+00 4.169999999999999818e-01
9.151682600000000000e+07 1.000000000000000000e+00 6.600000000000000000e+01 3.117062829212427914e+03 5.452770000000000437e+03 1.075322176397385192e+04 0.000000000000000000e+00 3.347181392832577096e+00 9.199999999999999845e-02
9.151834100000000000e+07 1.000000000000000000e+00 6.500000000000000000e+01 3.114770829212428453e+03 5.455380000000000109e+03 1.075117676397385003e+04 0.000000000000000000e+00 1.156375820195801873e+00 9.199999999999999845e-02
9.151834100000000000e+07 1.000000000000000000e+00 6.500000000000000000e+01 3.114770829212428453e+03 5.455380000000000109e+03 1.075117676397385003e+04 0.000000000000000000e+00 1.156375820195801873e+00 7.350410000000000110e+00
9.151767600000000000e+07 1.000000000000000000e+00 6.600000000000000000e+01 3.134545829212428089e+03 5.434539999999999964e+03 1.081366076397385041e+04 0.000000000000000000e+00 2.723621557334998222e+00 1.050079999999999902e+00
9.153673600000000000e+07 1.000000000000000000e+00 6.500000000000000000e+01 3.307551829212428402e+03 4.360130000000000109e+03 1.070066876397385204e+04 0.000000000000000000e+00 4.216098099307504121e+00 9.199999999999999845e-02
9.153546900000000000e+07 1.000000000000000000e+00 6.500000000000000000e+01 3.323721829212428474e+03 4.370659999999999854e+03 1.070221976397385151e+04 0.000000000000000000e+00 4.199354857215407577e+00 9.199999999999999845e-02
