8.659468500000000000e+07 1.000000000000000000e+00 6.600000000000000000e+01 1.315031930512907638e+04 8.706667988778306608e+03 1.015868000000000029e+04 0.000000000000000000e+00 4.505290303925675310e+00 1.339000000000000057e+01
8.659468800000000000e+07 0.000000000000000000e+00 6.500000000000000000e+01 1.314859430512907602e+04 8.705527988778307190e+03 1.016543000000000029e+04 0.000000000000000000e+00 1.616187853706281263e+00 1.078999999999999915e+01
9.790326000000000000e+07 1.000000000000000000e+00 6.600000000000000000e+01 1.273702730512907510e+04 8.400487988778306317e+03 1.152176000000000022e+04 0.000000000000000000e+00 8.000643078774590577e+00 1.078999999999999915e+01
1.114780490000000000e+08 1.000000000000000000e+00 6.600000000000000000e+01 1.268715730512907612e+04 8.191917988778306608e+03 1.311879999999999927e+04 0.000000000000000000e+00 8.387569094976450756e+00 5.000000000000000000e-01
1.114780490000000000e+08 1.000000000000000000e+00 6.600000000000000000e+01 1.268720730512907539e+04 8.192037988778307408e+03 1.311880999999999949e+04 0.000000000000000000e+00 8.279019334600610236e+00 6.099999999999999867e-02
1.114780490000000000e+08 1.000000000000000000e+00 6.600000000000000000e+01 1.268850730512907467e+04 8.195347988778306899e+03 1.311865999999999985e+04 0.000000000000000000e+00 5.882438116179538490e+00 2.400000000000000050e-02
1.114779680000000000e+08 1.000000000000000000e+00 6.500000000000000000e+01 1.268955730512907576e+04 8.201047988778307626e+03 1.310986999999999898e+04 0.000000000000000000e+00 4.300524043857834045e+00 9.199999999999999845e-02
1.114763300000000000e+08 1.000000000000000000e+00 6.600000000000000000e+01 1.267666730512907452e+04 8.207247988778306535e+03 1.310431000000000131e+04 0.000000000000000000e+00 3.617063117625353375e+00 9.199999999999999845e-02
1.114768920000000000e+08 1.000000000000000000e+00 6.500000000000000000e+01 1.265887730512907547e+04 8.201067988778308063e+03 1.310352000000000044e+04 0.000000000000000000e+00 3.524109846851962047e+00 2.039999999999999869e-01
1.114779620000000000e+08 1.000000000000000000e+00 6.600000000000000000e+01 1.266298730512907605e+04 8.199607988778307117e+03 1.310954000000000087e+04 0.000000000000000000e+00 4.946544970841411981e+00 9.199999999999999845e-02
1.114780420000000000e+08 1.000000000000000000e+00 6.500000000000000000e+01 1.265906730512907598e+04 8.203767988778306972e+03 1.312059000000000015e+04 0.000000000000000000e+00 4.399354058736869355e+00 9.199999999999999845e-02
1.114780420000000000e+08 1.000000000000000000e+00 6.500000000000000000e+01 1.265675730512907467e+04 8.201197988778307263e+03 1.312172999999999956e+04 0.000000000000000000e+00 7.995619933269786372e+00 4.169999999999999818e-01
1.114768900000000000e+08 1.000000000000000000e+00 6.600000000000000000e+01 1.265441730512907452e+04 8.199307988778306026e+03 1.311613000000000102e+04 0.000000000000000000e+00 7.600670920052801094e+00 9.199999999999999845e-02
1.114768890000000000e+08 1.000000000000000000e+00 6.600000000000000000e+01 1.265275730512907467e+04 8.198217988778305880e+03 1.311181999999999971e+04 0.000000000000000000e+00 5.001536515072460887e+00 6.099999999999999867e-02
1.114768890000000000e+08 1.000000000000000000e+00 6.600000000000000000e+01 1.265232730512907438e+04 8.197897988778306171e+03 1.311047999999999956e+04 0.000000000000000000e+00 4.374534293211327807e+00 2.400000000000000050e-02
1.114768890000000000e+08 0.000000000000000000e+00 6.600000000000000000e+01 1.264427730512907510e+04 8.198187988778307044e+03 1.311079000000000087e+04 0.000000000000000000e+00 1.473298959230172844e+00 4.169999999999999818e-01
1.114768890000000000e+08 1.000000000000000000e+00 6.600000000000000000e+01 1.265231730512907598e+04 8.196967988778307699e+03 1.310754999999999927e+04 0.000000000000000000e+00 3.242937336448399321e+00 9.199999999999999845e-02
1.114780420000000000e+08 1.000000000000000000e+00 6.500000000000000000e+01 1.266436730512907525e+04 8.206957988778307481e+03 1.310881000000000131e+04 0.000000000000000000e+00 5.847286563768071765e+00 6.099999999999999867e-02
1.114780420000000000e+08 1.000000000000000000e+00 6.500000000000000000e+01 1.266547730512907583e+04 8.206667988778306608e+03 1.311188000000000102e+04 0.000000000000000000e+00 2.920577007024092175e+00 9.199999999999999845e-02
1.114769820000000000e+08 1.000000000000000000e+00 6.500000000000000000e+01 1.266956730512907598e+04 8.209907988778308209e+03 1.310922999999999956e+04 0.000000000000000000e+00 5.470614277187580754e+00 2.400000000000000050e-02
1.114763260000000000e+08 1.000000000000000000e+00 6.500000000000000000e+01 1.268868730512907496e+04 8.200417988778306608e+03 1.308693999999999869e+04 0.000000000000000000e+00 9.820627911988552228e+00 4.169999999999999818e-01
1.114763260000000000e+08 1.000000000000000000e+00 6.500000000000000000e+01 1.268868730512907496e+04 8.200417988778306608e+03 1.308693999999999869e+04 0.000000000000000000e+00 9.820627911988552228e+00 7.358979999999999855e+00
9.790326000000000000e+07 1.000000000000000000e+00 6.600000000000000000e+01 1.273702730512907510e+04 8.400487988778306317e+03 1.152176000000000022e+04 0.000000000000000000e+00 8.000643078774590577e+00 6.824309999999999654e+00
8.659391900000000000e+07 1.000000000000000000e+00 6.600000000000000000e+01 1.314872630512907563e+04 8.706517988778306972e+03 1.016465999999999985e+04 0.000000000000000000e+00 2.450471141536537889e+00 4.169999999999999818e-01
8.659468600000000000e+07 1.000000000000000000e+00 6.600000000000000000e+01 1.314798930512907464e+04 8.709747988778306535e+03 1.015930999999999949e+04 0.000000000000000000e+00 3.483278163609235367e+00 1.078999999999999915e+01
8.659391800000000000e+07 1.000000000000000000e+00 6.600000000000000000e+01 1.314377630512907490e+04 8.713207988778307481e+03 1.016281999999999971e+04 0.000000000000000000e+00 3.024672909278543376e+00 4.169999999999999818e-01
8.659483800000000000e+07 1.000000000000000000e+00 6.600000000000000000e+01 1.314562430512907667e+04 8.711027988778307190e+03 1.016795999999999913e+04 0.000000000000000000e+00 2.040429281566821018e+00 6.099999999999999867e-02
8.659483800000000000e+07 1.000000000000000000e+00 6.600000000000000000e+01 1.314755430512907515e+04 8.713077988778306462e+03 1.016668000000000029e+04 0.000000000000000000e+00 1.545171654661588567e+00 9.199999999999999845e-02
8.659483800000000000e+07 1.000000000000000000e+00 6.600000000000000000e+01 1.314803330512907633e+04 8.712237988778306317e+03 1.016727999999999884e+04 0.000000000000000000e+00 1.354811724363500058e+00 9.199999999999999845e-02
8.659483700000000000e+07 0.000000000000000000e+00 6.600000000000000000e+01 1.314517030512907513e+04 8.710727988778307918e+03 1.017396999999999935e+04 0.000000000000000000e+00 1.374951712593542652e+00 6.099999999999999867e-02
8.659391400000000000e+07 1.000000000000000000e+00 6.500000000000000000e+01 1.315540630512907592e+04 8.711757988778306753e+03 1.017211000000000058e+04 0.000000000000000000e+00 3.816384579088774487e+00 1.078999999999999915e+01
8.659391400000000000e+07 1.000000000000000000e+00 6.500000000000000000e+01 1.315540630512907592e+04 8.711757988778306753e+03 1.017211000000000058e+04 0.000000000000000000e+00 3.816384579088774487e+00 4.146899999999999586e+00
8.659391400000000000e+07 1.000000000000000000e+00 6.500000000000000000e+01 1.315540630512907592e+04 8.711757988778306753e+03 1.017211000000000058e+04 0.000000000000000000e+00 3.816384579088774487e+00 3.571499999999999897e+00
8.659485600000000000e+07 1.000000000000000000e+00 6.500000000000000000e+01 1.315484930512907522e+04 8.706217988778305880e+03 1.014963999999999942e+04 0.000000000000000000e+00 2.733667974990699356e+00 1.078999999999999915e+01
8.659485500000000000e+07 1.000000000000000000e+00 6.500000000000000000e+01 1.314976330512907589e+04 8.709577988778306462e+03 1.014611999999999898e+04 0.000000000000000000e+00 4.912977558255144928e+00 2.400000000000000050e-02
8.659468500000000000e+07 1.000000000000000000e+00 6.600000000000000000e+01 1.314408730512907641e+04 8.712107988778307117e+03 1.015122999999999956e+04 0.000000000000000000e+00 4.253217617190442112e+00 2.400000000000000050e-02
8.659468600000000000e+07 1.000000000000000000e+00 6.600000000000000000e+01 1.314319330512907618e+04 8.715667988778306608e+03 1.015279999999999927e+04 0.000000000000000000e+00 7.744850565504345141e+00 2.400000000000000050e-02
8.659468400000000000e+07 0.000000000000000000e+00 6.600000000000000000e+01 1.314385530512907644e+04 8.701937988778307044e+03 1.015129000000000087e+04 0.000000000000000000e+00 1.740321760949914420e+00 6.099999999999999867e-02
8.659468500000000000e+07 1.000000000000000000e+00 6.600000000000000000e+01 1.314317130512907534e+04 8.705337988778306681e+03 1.014851000000000022e+04 0.000000000000000000e+00 3.152864637547913684e+00 2.400000000000000050e-02
8.659468500000000000e+07 1.000000000000000000e+00 6.600000000000000000e+01 1.314426530512907630e+04 8.708357988778307117e+03 1.014529999999999927e+04 0.000000000000000000e+00 3.946027631188312235e+00 9.199999999999999845e-02
8.659574000000000000e+07 1.000000000000000000e+00 6.600000000000000000e+01 1.314547530512907542e+04 8.710597988778306899e+03 1.014244000000000051e+04 0.000000000000000000e+00 2.589184298989815058e+00 8.349999999999999645e-01
8.659574000000000000e+07 1.000000000000000000e+00 6.600000000000000000e+01 1.314547530512907542e+04 8.710597988778306899e+03 1.014244000000000051e+04 0.000000000000000000e+00 2.589184298989815058e+00 6.620989999999999931e+00
8.659485600000000000e+07 1.000000000000000000e+00 6.500000000000000000e+01 1.315484930512907522e+04 8.706217988778305880e+03 1.014963999999999942e+04 0.000000000000000000e+00 2.733667974990699356e+00 5.521270000000000344e-01
8.659468500000000000e+07 1.000000000000000000e+00 6.600000000000000000e+01 1.315031930512907638e+04 8.706667988778306608e+03 1.015868000000000029e+04 0.000000000000000000e+00 4.505290303925675310e+00 5.738299999999999734e+00
1.102612600000000000e+08 0.000000000000000000e+00 6.500000000000000000e+01 1.223015730512907612e+04 1.120781798877830624e+04 1.271082999999999993e+04 1.000000000000000000e+00 1.327975780391042582e+00 3.600000000000000000e+01
