1.191774920000000000e+08 1.000000000000000000e+00 6.500000000000000000e+01 8.827601665434753158e+03 1.643360182305452327e+03 1.409092000000000007e+04 0.000000000000000000e+00 1.894696134790430753e+00 1.339000000000000057e+01
1.191774880000000000e+08 1.000000000000000000e+00 6.600000000000000000e+01 8.813599665434752751e+03 1.644208182305452283e+03 1.407847999999999956e+04 0.000000000000000000e+00 7.484812307641053764e+00 6.099999999999999867e-02
1.191774870000000000e+08 1.000000000000000000e+00 6.600000000000000000e+01 8.809203665434753930e+03 1.638039182305452414e+03 1.407781999999999971e+04 0.000000000000000000e+00 2.025477970303310116e+00 9.199999999999999845e-02
1.191774870000000000e+08 1.000000000000000000e+00 6.600000000000000000e+01 8.813376665434752795e+03 1.640242182305451934e+03 1.407382999999999993e+04 0.000000000000000000e+00 4.829848974988762755e+00 9.199999999999999845e-02
1.191774870000000000e+08 1.000000000000000000e+00 6.600000000000000000e+01 8.815529665434753042e+03 1.643406182305451694e+03 1.407288999999999942e+04 0.000000000000000000e+00 8.649008793621781876e+00 2.039999999999999869e-01
1.022089660000000000e+08 1.000000000000000000e+00 6.600000000000000000e+01 8.850674665434753479e+03 1.698970182305451999e+03 1.206203000000000065e+04 0.000000000000000000e+00 7.942873102055477474e+00 6.099999999999999867e-02
1.022089680000000000e+08 1.000000000000000000e+00 6.500000000000000000e+01 8.837030665434753246e+03 1.688638182305451664e+03 1.206454000000000087e+04 0.000000000000000000e+00 3.333017790259638513e+00 4.600000000000000200e-01
1.022089650000000000e+08 1.000000000000000000e+00 6.600000000000000000e+01 8.838257665434754017e+03 1.688969182305451795e+03 1.206500000000000000e+04 0.000000000000000000e+00 3.696507302197008293e+00 2.400000000000000050e-02
1.022089650000000000e+08 1.000000000000000000e+00 6.600000000000000000e+01 8.838841665434752940e+03 1.689411182305451803e+03 1.206513000000000102e+04 0.000000000000000000e+00 3.479092787066457415e+00 2.400000000000000050e-02
1.022089680000000000e+08 1.000000000000000000e+00 6.500000000000000000e+01 8.838280665434753246e+03 1.690480182305452217e+03 1.206547000000000116e+04 0.000000000000000000e+00 3.806647605223957065e+00 2.039999999999999869e-01
1.022077490000000000e+08 1.000000000000000000e+00 6.600000000000000000e+01 8.867568665434751892e+03 1.667793182305452319e+03 1.206763000000000102e+04 0.000000000000000000e+00 2.969468864257545526e+00 2.400000000000000050e-02
1.022077480000000000e+08 1.000000000000000000e+00 6.600000000000000000e+01 8.863412665434752853e+03 1.671182182305451533e+03 1.206139999999999964e+04 0.000000000000000000e+00 6.784914791657541855e+00 2.400000000000000050e-02
1.022077470000000000e+08 1.000000000000000000e+00 6.600000000000000000e+01 8.855002665434752998e+03 1.670186182305452348e+03 1.205502999999999884e+04 0.000000000000000000e+00 9.330604363391653777e+00 4.169999999999999818e-01
1.022089630000000000e+08 1.000000000000000000e+00 6.600000000000000000e+01 8.843182665434753289e+03 1.676351182305452312e+03 1.204872000000000116e+04 0.000000000000000000e+00 6.173853065396375683e+00 9.199999999999999845e-02
