8.068788000000000000e+06 0.000000000000000000e+00 6.600000000000000000e+01 3.109510997999235769e+03 1.297962835408843421e+04 8.315399999999999636e+02 0.000000000000000000e+00 8.460255789971045104e+00 1.078999999999999915e+01
5.407365900000000000e+07 1.000000000000000000e+00 6.500000000000000000e+01 4.654600584999236162e+03 1.200946385408843344e+04 6.398300000000000182e+03 0.000000000000000000e+00 8.034304045919197890e+00 1.339000000000000057e+01
5.407372900000000000e+07 1.000000000000000000e+00 6.600000000000000000e+01 4.685250584999235798e+03 1.199655585408843399e+04 6.418649999999999636e+03 0.000000000000000000e+00 6.387663627937199884e+00 1.078999999999999915e+01
8.098412600000000000e+07 1.000000000000000000e+00 6.500000000000000000e+01 1.046130058499923507e+04 9.358930854088433989e+03 9.535790000000000873e+03 0.000000000000000000e+00 9.534512100690605507e+00 9.199999999999999845e-02
8.098412600000000000e+07 1.000000000000000000e+00 6.500000000000000000e+01 1.045414058499923522e+04 9.357740854088435299e+03 9.534799999999999272e+03 0.000000000000000000e+00 3.160726036641724246e+00 9.199999999999999845e-02
8.098412600000000000e+07 1.000000000000000000e+00 6.500000000000000000e+01 1.045358058499923573e+04 9.356430854088433989e+03 9.536930000000000291e+03 0.000000000000000000e+00 1.643906982727036059e+00 9.199999999999999845e-02
8.098412600000000000e+07 1.000000000000000000e+00 6.500000000000000000e+01 1.045271058499923492e+04 9.356240854088433480e+03 9.537450000000000728e+03 0.000000000000000000e+00 1.091070903096351907e+00 1.078999999999999915e+01
8.098412600000000000e+07 1.000000000000000000e+00 6.500000000000000000e+01 1.045271058499923492e+04 9.356240854088433480e+03 9.537450000000000728e+03 0.000000000000000000e+00 1.091070903096351907e+00 4.454909999999999926e+00
8.098412600000000000e+07 1.000000000000000000e+00 6.500000000000000000e+01 1.045271058499923492e+04 9.356240854088433480e+03 9.537450000000000728e+03 0.000000000000000000e+00 1.091070903096351907e+00 1.959410000000000096e+00
7.540897900000000000e+07 1.000000000000000000e+00 6.600000000000000000e+01 8.389700584999236526e+03 1.015562085408843450e+04 8.737770000000000437e+03 0.000000000000000000e+00 7.444667735537513487e+00 9.199999999999999845e-02
7.540906400000000000e+07 1.000000000000000000e+00 6.600000000000000000e+01 8.394770584999236235e+03 1.017333085408843363e+04 8.730860000000000582e+03 0.000000000000000000e+00 6.188581131003678237e+00 6.099999999999999867e-02
7.540779700000000000e+07 1.000000000000000000e+00 6.500000000000000000e+01 8.405320584999235507e+03 1.018450085408843370e+04 8.721709999999999127e+03 0.000000000000000000e+00 2.696040365122641891e+00 9.199999999999999845e-02
7.540779600000000000e+07 1.000000000000000000e+00 6.500000000000000000e+01 8.406990584999237399e+03 1.018491085408843355e+04 8.720180000000000291e+03 0.000000000000000000e+00 2.521930469249983542e+00 2.039999999999999869e-01
7.540780100000000000e+07 1.000000000000000000e+00 6.600000000000000000e+01 8.410980584999235361e+03 1.018751085408843392e+04 8.708430000000000291e+03 0.000000000000000000e+00 1.354472078744590746e+00 9.199999999999999845e-02
7.540780100000000000e+07 1.000000000000000000e+00 6.600000000000000000e+01 8.410590584999235944e+03 1.018679085408843457e+04 8.708889999999999418e+03 0.000000000000000000e+00 1.946229283858543324e+00 9.199999999999999845e-02
7.540780100000000000e+07 1.000000000000000000e+00 6.600000000000000000e+01 8.415790584999236671e+03 1.018102085408843413e+04 8.710540000000000873e+03 0.000000000000000000e+00 3.866775592465141465e+00 9.199999999999999845e-02
7.540780100000000000e+07 1.000000000000000000e+00 6.600000000000000000e+01 8.416560584999237108e+03 1.018146085408843464e+04 8.712909999999999854e+03 0.000000000000000000e+00 5.294969308610890657e+00 2.400000000000000050e-02
7.540771600000000000e+07 1.000000000000000000e+00 6.600000000000000000e+01 8.417600584999236162e+03 1.018206085408843319e+04 8.716100000000000364e+03 0.000000000000000000e+00 3.475707799128609832e+00 4.169999999999999818e-01
7.540771600000000000e+07 1.000000000000000000e+00 6.600000000000000000e+01 8.418050584999235070e+03 1.018232085408843341e+04 8.717489999999999782e+03 0.000000000000000000e+00 2.537008736726599434e+00 9.199999999999999845e-02
7.540771600000000000e+07 1.000000000000000000e+00 6.600000000000000000e+01 8.419650584999237253e+03 1.018136085408843428e+04 8.718059999999999491e+03 0.000000000000000000e+00 1.966296894671808237e+00 9.199999999999999845e-02
7.540771700000000000e+07 1.000000000000000000e+00 6.600000000000000000e+01 8.420680584999236089e+03 1.018051085408843392e+04 8.717889999999999418e+03 0.000000000000000000e+00 1.626954428435764211e+00 1.078999999999999915e+01
7.540771700000000000e+07 1.000000000000000000e+00 6.600000000000000000e+01 8.420680584999236089e+03 1.018051085408843392e+04 8.717889999999999418e+03 0.000000000000000000e+00 1.626954428435764211e+00 2.500680000000000014e+00
7.540771700000000000e+07 1.000000000000000000e+00 6.600000000000000000e+01 8.420680584999236089e+03 1.018051085408843392e+04 8.717889999999999418e+03 0.000000000000000000e+00 1.626954428435764211e+00 2.337460000000000093e+00
7.540906100000000000e+07 1.000000000000000000e+00 6.500000000000000000e+01 8.374370584999234779e+03 1.016747085408843486e+04 8.740959999999999127e+03 0.000000000000000000e+00 9.487209586078611423e+00 4.169999999999999818e-01
7.540906100000000000e+07 1.000000000000000000e+00 6.500000000000000000e+01 8.376060584999237108e+03 1.016768085408843399e+04 8.737909999999999854e+03 0.000000000000000000e+00 9.327676545887831239e+00 2.400000000000000050e-02
5.407372900000000000e+07 1.000000000000000000e+00 6.600000000000000000e+01 4.685250584999235798e+03 1.199655585408843399e+04 6.418649999999999636e+03 0.000000000000000000e+00 6.387663627937199884e+00 3.586359999999999992e+00
5.407365900000000000e+07 1.000000000000000000e+00 6.500000000000000000e+01 4.654600584999236162e+03 1.200946385408843344e+04 6.398300000000000182e+03 0.000000000000000000e+00 8.034304045919197890e+00 3.902810000000000112e+00
8.068788000000000000e+06 0.000000000000000000e+00 6.500000000000000000e+01 3.106155894999235898e+03 1.299097293408843325e+04 8.272499999999990905e+02 0.000000000000000000e+00 1.426463888566557037e+00 2.400000000000000050e-02
8.068785000000000000e+06 1.000000000000000000e+00 6.500000000000000000e+01 3.104719554999235697e+03 1.299997715408843396e+04 8.237600000000002183e+02 0.000000000000000000e+00 3.029237715215192139e+00 9.199999999999999845e-02
4.855350900000000000e+07 1.000000000000000000e+00 6.600000000000000000e+01 3.128560484999235996e+03 1.301024385408843409e+04 5.726190000000000509e+03 1.000000000000000000e+00 5.445561695913322398e-01 1.200000000000000000e+01
1.107725590000000000e+08 0.000000000000000000e+00 6.500000000000000000e+01 3.014216484999235945e+03 1.277048385408843387e+04 1.311130999999999949e+04 1.000000000000000000e+00 1.705977249217272895e+00 1.200000000000000000e+01
