1.076716770000000000e+08 1.000000000000000000e+00 6.600000000000000000e+01 4.357264342665237564e+03 2.658998643935500695e+03 1.289850000000000000e+04 0.000000000000000000e+00 6.341119801088693109e+00 1.078999999999999915e+01
1.076716760000000000e+08 0.000000000000000000e+00 6.600000000000000000e+01 4.354822242665237354e+03 2.662700643935500921e+03 1.291015000000000146e+04 0.000000000000000000e+00 3.234965476266121520e+00 6.099999999999999867e-02
1.076716750000000000e+08 0.000000000000000000e+00 6.600000000000000000e+01 4.354410242665238002e+03 2.666955643935501030e+03 1.290965000000000146e+04 0.000000000000000000e+00 3.101476499343370108e+00 4.169999999999999818e-01
1.076716760000000000e+08 1.000000000000000000e+00 6.600000000000000000e+01 4.353383242665237958e+03 2.669912643935501364e+03 1.290361999999999898e+04 0.000000000000000000e+00 2.779493143217047546e+00 2.400000000000000050e-02
1.076735880000000000e+08 1.000000000000000000e+00 6.500000000000000000e+01 4.371428542665237728e+03 2.668361643935500979e+03 1.289164999999999964e+04 0.000000000000000000e+00 6.592653083159092375e+00 9.199999999999999845e-02
1.076735880000000000e+08 1.000000000000000000e+00 6.500000000000000000e+01 4.371393042665237772e+03 2.667466643935501452e+03 1.288961000000000058e+04 0.000000000000000000e+00 4.897013054007333110e+00 2.039999999999999869e-01
1.076735890000000000e+08 0.000000000000000000e+00 6.600000000000000000e+01 4.377956842665237673e+03 2.656412643935501364e+03 1.287561999999999898e+04 0.000000000000000000e+00 3.039778524258748060e+00 9.199999999999999845e-02
1.076735860000000000e+08 0.000000000000000000e+00 6.500000000000000000e+01 4.382427242665237827e+03 2.662753643935500804e+03 1.287027000000000044e+04 0.000000000000000000e+00 1.235742915522628493e+00 9.199999999999999845e-02
1.076735890000000000e+08 1.000000000000000000e+00 6.600000000000000000e+01 4.385837342665237884e+03 2.659414643935500862e+03 1.287313000000000102e+04 0.000000000000000000e+00 1.711895194131946463e+00 2.039999999999999869e-01
1.076735930000000000e+08 1.000000000000000000e+00 6.500000000000000000e+01 4.386349242665237398e+03 2.653936643935500797e+03 1.287838999999999942e+04 0.000000000000000000e+00 2.929613506557221747e+00 6.099999999999999867e-02
1.076726680000000000e+08 1.000000000000000000e+00 6.600000000000000000e+01 4.398269342665237673e+03 2.670483643935501277e+03 1.288288999999999942e+04 0.000000000000000000e+00 4.329344325848536457e+00 9.199999999999999845e-02
1.076736650000000000e+08 1.000000000000000000e+00 6.500000000000000000e+01 4.405734442665238021e+03 2.679835643935501139e+03 1.288443000000000029e+04 0.000000000000000000e+00 4.588486499427199661e+00 9.199999999999999845e-02
1.076736650000000000e+08 1.000000000000000000e+00 6.500000000000000000e+01 4.404966842665237891e+03 2.682632643935500710e+03 1.287990000000000146e+04 0.000000000000000000e+00 3.976913666518374857e+00 2.400000000000000050e-02
1.076727450000000000e+08 1.000000000000000000e+00 6.500000000000000000e+01 4.404753742665237951e+03 2.683918643935500768e+03 1.287763999999999942e+04 0.000000000000000000e+00 3.161116966741971179e+00 2.400000000000000050e-02
1.076727430000000000e+08 1.000000000000000000e+00 6.500000000000000000e+01 4.407110842665237215e+03 2.689223643935501059e+03 1.287185000000000036e+04 0.000000000000000000e+00 7.822639773740548419e-01 4.169999999999999818e-01
1.076727430000000000e+08 1.000000000000000000e+00 6.500000000000000000e+01 4.407110842665237215e+03 2.689223643935501059e+03 1.287185000000000036e+04 0.000000000000000000e+00 7.822639773740548419e-01 7.337530000000000108e+00
