7.358615000000000000e+07 1.000000000000000000e+00 6.500000000000000000e+01 1.795364582500345932e+03 2.338009318180384071e+03 8.825959999999999127e+03 0.000000000000000000e+00 7.111676451127419973e+00 1.078999999999999915e+01
9.055466900000000000e+07 1.000000000000000000e+00 6.500000000000000000e+01 1.750701482500346174e+03 2.370902218180383898e+03 1.082803000000000065e+04 0.000000000000000000e+00 3.241076547061373603e+00 1.078999999999999915e+01
9.055466800000000000e+07 1.000000000000000000e+00 6.500000000000000000e+01 1.757670382500346022e+03 2.373947418180383465e+03 1.083009000000000015e+04 0.000000000000000000e+00 9.857898601656893689e+00 4.169999999999999818e-01
9.055564100000000000e+07 1.000000000000000000e+00 6.500000000000000000e+01 1.754569782500346264e+03 2.370792118180384023e+03 1.086123999999999978e+04 0.000000000000000000e+00 6.510034645066023806e+00 9.199999999999999845e-02
9.055564100000000000e+07 1.000000000000000000e+00 6.500000000000000000e+01 1.756720582500346609e+03 2.370547618180384234e+03 1.086004000000000087e+04 0.000000000000000000e+00 8.140443212949055152e+00 4.169999999999999818e-01
9.055564000000000000e+07 1.000000000000000000e+00 6.500000000000000000e+01 1.755174782500346737e+03 2.372508718180383767e+03 1.085180999999999949e+04 0.000000000000000000e+00 9.057026403999705266e+00 2.400000000000000050e-02
9.055737600000000000e+07 1.000000000000000000e+00 6.500000000000000000e+01 1.783483782500346024e+03 2.375059018180383646e+03 1.085123999999999978e+04 0.000000000000000000e+00 6.661482888330010788e+00 9.199999999999999845e-02
9.055737600000000000e+07 1.000000000000000000e+00 6.500000000000000000e+01 1.771529082500346703e+03 2.369984918180383829e+03 1.085122999999999956e+04 0.000000000000000000e+00 9.321048259318537532e+00 9.199999999999999845e-02
9.055564000000000000e+07 1.000000000000000000e+00 6.500000000000000000e+01 1.749516282500346279e+03 2.373649118180383994e+03 1.084856999999999971e+04 0.000000000000000000e+00 7.351467582880451879e+00 9.199999999999999845e-02
9.055564000000000000e+07 1.000000000000000000e+00 6.500000000000000000e+01 1.749164882500346721e+03 2.371865018180384141e+03 1.084575000000000000e+04 0.000000000000000000e+00 9.780319626699002455e+00 9.199999999999999845e-02
9.055563900000000000e+07 1.000000000000000000e+00 6.500000000000000000e+01 1.742904682500346098e+03 2.369622418180383647e+03 1.084782999999999993e+04 0.000000000000000000e+00 5.243216714379316024e+00 8.349999999999999645e-01
9.055466700000000000e+07 1.000000000000000000e+00 6.500000000000000000e+01 1.741630082500346361e+03 2.368043618180384328e+03 1.083806000000000131e+04 0.000000000000000000e+00 3.785511897577858331e+00 6.099999999999999867e-02
9.055467100000000000e+07 0.000000000000000000e+00 6.600000000000000000e+01 1.735581882500346182e+03 2.357077218180384079e+03 1.082326000000000022e+04 0.000000000000000000e+00 7.370067615209782153e-01 9.199999999999999845e-02
9.055467200000000000e+07 1.000000000000000000e+00 6.600000000000000000e+01 1.732984482500346530e+03 2.354083518180384090e+03 1.082504999999999927e+04 0.000000000000000000e+00 5.156157957170172113e-01 9.199999999999999845e-02
9.055467100000000000e+07 1.000000000000000000e+00 6.600000000000000000e+01 1.732871382500346044e+03 2.355268718180383985e+03 1.082779999999999927e+04 0.000000000000000000e+00 2.730333192311343193e+00 6.099999999999999867e-02
9.055467200000000000e+07 1.000000000000000000e+00 6.600000000000000000e+01 1.732668982500345919e+03 2.354215018180383595e+03 1.083131999999999971e+04 0.000000000000000000e+00 5.876082933776785033e+00 9.199999999999999845e-02
9.055466900000000000e+07 1.000000000000000000e+00 6.600000000000000000e+01 1.731866082500346238e+03 2.366007318180383663e+03 1.081973999999999978e+04 0.000000000000000000e+00 2.486026708644200500e+00 4.600000000000000200e-01
9.055466900000000000e+07 1.000000000000000000e+00 6.600000000000000000e+01 1.731866082500346238e+03 2.366007318180383663e+03 1.081973999999999978e+04 0.000000000000000000e+00 2.486026708644200500e+00 7.306949999999999612e+00
7.358615000000000000e+07 1.000000000000000000e+00 6.500000000000000000e+01 1.794643782500345878e+03 2.337882918180383967e+03 8.825190000000000509e+03 0.000000000000000000e+00 6.461368611759029434e+00 2.039999999999999869e-01
7.358768900000000000e+07 1.000000000000000000e+00 6.600000000000000000e+01 1.791760882500346270e+03 2.351315318180383656e+03 8.828440000000000509e+03 0.000000000000000000e+00 2.548393877016716935e+00 9.199999999999999845e-02
7.358768900000000000e+07 1.000000000000000000e+00 6.600000000000000000e+01 1.794904182500345996e+03 2.351865118180383433e+03 8.826590000000000146e+03 0.000000000000000000e+00 3.279006672795472976e+00 9.199999999999999845e-02
7.358768500000000000e+07 1.000000000000000000e+00 6.600000000000000000e+01 1.795900782500346395e+03 2.355908818180383605e+03 8.803030000000000655e+03 0.000000000000000000e+00 3.208686500817419240e+00 6.099999999999999867e-02
7.358768500000000000e+07 1.000000000000000000e+00 6.600000000000000000e+01 1.792811182500346149e+03 2.357488918180383735e+03 8.802190000000000509e+03 0.000000000000000000e+00 3.234227907559127146e+00 9.199999999999999845e-02
7.358768500000000000e+07 1.000000000000000000e+00 6.600000000000000000e+01 1.792811182500346149e+03 2.357488918180383735e+03 8.802190000000000509e+03 0.000000000000000000e+00 3.234227907559127146e+00 7.367930000000000312e+00
