4.967488200000000000e+07 1.000000000000000000e+00 6.500000000000000000e+01 3.558057988044956346e+03 7.334621113639909709e+03 5.772479999999999563e+03 0.000000000000000000e+00 7.959592557336485186e+00 1.078999999999999915e+01
6.098783100000000000e+07 0.000000000000000000e+00 6.600000000000000000e+01 3.540345488044956710e+03 7.344253313639909720e+03 7.077979000000000269e+03 0.000000000000000000e+00 2.576107989063777026e+00 1.339000000000000057e+01
8.927100200000000000e+07 0.000000000000000000e+00 6.500000000000000000e+01 3.491979488044956724e+03 7.376798713639909693e+03 1.040177000000000044e+04 0.000000000000000000e+00 2.153097518995201298e+00 1.605000000000000071e+01
1.030903810000000000e+08 1.000000000000000000e+00 6.600000000000000000e+01 3.427981488044956222e+03 7.351924813639910099e+03 1.213982999999999993e+04 0.000000000000000000e+00 7.743265028902746927e+00 8.349999999999999645e-01
1.030903810000000000e+08 1.000000000000000000e+00 6.600000000000000000e+01 3.429949488044956070e+03 7.355205313639909946e+03 1.213881999999999971e+04 0.000000000000000000e+00 4.553561166188928588e+00 2.039999999999999869e-01
1.030903810000000000e+08 1.000000000000000000e+00 6.600000000000000000e+01 3.431616488044956441e+03 7.354862113639909694e+03 1.213879999999999927e+04 0.000000000000000000e+00 5.155490090541620773e+00 2.400000000000000050e-02
1.030903760000000000e+08 1.000000000000000000e+00 6.500000000000000000e+01 3.435264488044956579e+03 7.354866713639909904e+03 1.213931000000000131e+04 0.000000000000000000e+00 4.803710859267535049e+00 2.400000000000000050e-02
1.030894130000000000e+08 1.000000000000000000e+00 6.500000000000000000e+01 3.444056488044956041e+03 7.375723613639909672e+03 1.215392000000000007e+04 0.000000000000000000e+00 4.043548973519077272e+00 9.199999999999999845e-02
1.030894130000000000e+08 1.000000000000000000e+00 6.500000000000000000e+01 3.443672488044956026e+03 7.375871913639909508e+03 1.215395000000000073e+04 0.000000000000000000e+00 4.007529350501974008e+00 5.000000000000000000e-01
1.030884940000000000e+08 1.000000000000000000e+00 6.500000000000000000e+01 3.442386488044955968e+03 7.368863613639910000e+03 1.216855999999999949e+04 0.000000000000000000e+00 8.392853070716322250e+00 6.099999999999999867e-02
1.030884940000000000e+08 1.000000000000000000e+00 6.500000000000000000e+01 3.442423488044956230e+03 7.368784413639909872e+03 1.216872000000000116e+04 0.000000000000000000e+00 8.376152643152305899e+00 9.199999999999999845e-02
1.030894150000000000e+08 1.000000000000000000e+00 6.500000000000000000e+01 3.445125488044956455e+03 7.365721513639909972e+03 1.216517000000000007e+04 0.000000000000000000e+00 6.519563935140303634e+00 9.199999999999999845e-02
1.030894960000000000e+08 1.000000000000000000e+00 6.600000000000000000e+01 3.443966488044956805e+03 7.367236213639909693e+03 1.216838999999999942e+04 0.000000000000000000e+00 7.550025441768233314e+00 6.099999999999999867e-02
1.030894090000000000e+08 1.000000000000000000e+00 6.600000000000000000e+01 3.448546488044956732e+03 7.387146013639910052e+03 1.216934000000000015e+04 0.000000000000000000e+00 1.254319133875981818e+00 6.099999999999999867e-02
1.030894090000000000e+08 1.000000000000000000e+00 6.600000000000000000e+01 3.448441488044956259e+03 7.388140613639910043e+03 1.216970000000000073e+04 0.000000000000000000e+00 1.526363650988158183e+00 9.199999999999999845e-02
1.030894080000000000e+08 1.000000000000000000e+00 6.600000000000000000e+01 3.447263488044956375e+03 7.391976913639909981e+03 1.216890999999999985e+04 0.000000000000000000e+00 1.139621954161044837e+00 2.039999999999999869e-01
1.030894080000000000e+08 1.000000000000000000e+00 6.600000000000000000e+01 3.446974488044956615e+03 7.392072913639909530e+03 1.216863000000000102e+04 0.000000000000000000e+00 7.873588300673662888e-01 4.169999999999999818e-01
8.927100200000000000e+07 1.000000000000000000e+00 6.500000000000000000e+01 3.493181488044956041e+03 7.374443213639910027e+03 1.040136000000000058e+04 0.000000000000000000e+00 1.055068563289851546e+00 9.199999999999999845e-02
8.927100200000000000e+07 1.000000000000000000e+00 6.500000000000000000e+01 3.494480488044956019e+03 7.374045213639909889e+03 1.040238999999999942e+04 0.000000000000000000e+00 1.358159973393711528e+00 6.099999999999999867e-02
8.927100400000000000e+07 0.000000000000000000e+00 6.500000000000000000e+01 3.503092488044956099e+03 7.375736613639909592e+03 1.041152999999999884e+04 0.000000000000000000e+00 1.807596705462083841e+00 6.099999999999999867e-02
8.927070700000000000e+07 1.000000000000000000e+00 6.500000000000000000e+01 3.512705488044956383e+03 7.351224713639910078e+03 1.042284000000000015e+04 0.000000000000000000e+00 2.973516525704656299e+00 2.400000000000000050e-02
8.926948900000000000e+07 0.000000000000000000e+00 6.500000000000000000e+01 3.510300488044956637e+03 7.351822813639909327e+03 1.042177999999999884e+04 0.000000000000000000e+00 4.241544255294068755e+00 8.220000000000000639e+00
8.926949100000000000e+07 1.000000000000000000e+00 6.600000000000000000e+01 3.508416488044956623e+03 7.352012613639909432e+03 1.041436000000000058e+04 0.000000000000000000e+00 1.719572180157068697e+00 4.169999999999999818e-01
8.926949100000000000e+07 1.000000000000000000e+00 6.600000000000000000e+01 3.508416488044956623e+03 7.352012613639909432e+03 1.041436000000000058e+04 0.000000000000000000e+00 1.719572180157068697e+00 7.147029999999999994e+00
6.098783100000000000e+07 0.000000000000000000e+00 6.600000000000000000e+01 3.540345488044956710e+03 7.344253313639909720e+03 7.077979000000000269e+03 0.000000000000000000e+00 2.576107989063777026e+00 1.502550000000000052e+00
4.967487900000000000e+07 1.000000000000000000e+00 6.600000000000000000e+01 3.550577788044956378e+03 7.339571913639909326e+03 5.767250000000000000e+03 0.000000000000000000e+00 2.235716257924755368e+00 9.199999999999999845e-02
4.967488200000000000e+07 1.000000000000000000e+00 6.500000000000000000e+01 3.554974888044956515e+03 7.339497413639909610e+03 5.768229999999999563e+03 0.000000000000000000e+00 3.434984461786361631e+00 6.099999999999999867e-02
4.967488200000000000e+07 1.000000000000000000e+00 6.500000000000000000e+01 3.555258788044955963e+03 7.339308713639909911e+03 5.770359999999999673e+03 0.000000000000000000e+00 3.899678332496079314e+00 9.199999999999999845e-02
4.967488200000000000e+07 1.000000000000000000e+00 6.500000000000000000e+01 3.555390288044956378e+03 7.339451813639909233e+03 5.770659999999999854e+03 0.000000000000000000e+00 3.898491138441576354e+00 9.199999999999999845e-02
4.967488200000000000e+07 1.000000000000000000e+00 6.500000000000000000e+01 3.558462288044956495e+03 7.342102813639909982e+03 5.769319999999999709e+03 0.000000000000000000e+00 1.388348091624477254e+00 6.099999999999999867e-02
4.967488200000000000e+07 1.000000000000000000e+00 6.500000000000000000e+01 3.558804688044956038e+03 7.342248013639909914e+03 5.768899999999999636e+03 0.000000000000000000e+00 1.495315845476082428e+00 6.099999999999999867e-02
4.967488200000000000e+07 1.000000000000000000e+00 6.500000000000000000e+01 3.561338888044956093e+03 7.343164113639909374e+03 5.765909999999999854e+03 0.000000000000000000e+00 2.437781613678207115e+00 2.400000000000000050e-02
4.967488200000000000e+07 1.000000000000000000e+00 6.500000000000000000e+01 3.561588888044956093e+03 7.341291313639909276e+03 5.768489999999999782e+03 0.000000000000000000e+00 1.161225770479318298e+00 9.199999999999999845e-02
3.270522800000000000e+07 1.000000000000000000e+00 6.600000000000000000e+01 3.598748988044956150e+03 7.322751213639910020e+03 3.724389999999999873e+03 0.000000000000000000e+00 8.504453344698685413e+00 4.169999999999999818e-01
3.270530900000000000e+07 1.000000000000000000e+00 6.500000000000000000e+01 3.603866588044956643e+03 7.320121213639909911e+03 3.727579999999999927e+03 0.000000000000000000e+00 6.970855064906204213e+00 2.400000000000000050e-02
3.270531200000000000e+07 0.000000000000000000e+00 6.600000000000000000e+01 3.610560288044956451e+03 7.325721213639909365e+03 3.727519999999999982e+03 0.000000000000000000e+00 3.653900566315485321e+00 9.199999999999999845e-02
3.270531500000000000e+07 1.000000000000000000e+00 6.500000000000000000e+01 3.622376088044956759e+03 7.337318713639909220e+03 3.727740000000000236e+03 0.000000000000000000e+00 2.733439136552991755e+00 2.400000000000000050e-02
3.270532000000000000e+07 1.000000000000000000e+00 6.600000000000000000e+01 3.628752688044956358e+03 7.348732013639909383e+03 3.717899999999999636e+03 0.000000000000000000e+00 4.867022294491637702e+00 6.099999999999999867e-02
3.270532200000000000e+07 1.000000000000000000e+00 6.600000000000000000e+01 3.621764288044956174e+03 7.354461613639909956e+03 3.710280000000000200e+03 0.000000000000000000e+00 6.628874444770181285e+00 9.199999999999999845e-02
3.270532200000000000e+07 1.000000000000000000e+00 6.600000000000000000e+01 3.621417688044956321e+03 7.355484913639909792e+03 3.709970000000000255e+03 0.000000000000000000e+00 7.320927100934762954e+00 2.039999999999999869e-01
3.270532100000000000e+07 1.000000000000000000e+00 6.600000000000000000e+01 3.628626788044956356e+03 7.350561613639909410e+03 3.715610000000000127e+03 0.000000000000000000e+00 4.850920132086404379e+00 6.099999999999999867e-02
3.270532100000000000e+07 1.000000000000000000e+00 6.600000000000000000e+01 3.630331488044956586e+03 7.350868013639909805e+03 3.718680000000000291e+03 0.000000000000000000e+00 7.121875400264938705e+00 6.099999999999999867e-02
3.270403900000000000e+07 1.000000000000000000e+00 6.500000000000000000e+01 3.621134288044956065e+03 7.353732513639909484e+03 3.727160000000000309e+03 0.000000000000000000e+00 3.042347860265947723e+00 9.199999999999999845e-02
3.270532300000000000e+07 1.000000000000000000e+00 6.500000000000000000e+01 3.636798988044956332e+03 7.350577513639909739e+03 3.722250000000000000e+03 0.000000000000000000e+00 9.658252103840140990e+00 6.099999999999999867e-02
