7.778706500000000000e+07 1.000000000000000000e+00 6.600000000000000000e+01 7.475102792421276718e+03 5.951705841933549891e+03 9.135850000000000364e+03 0.000000000000000000e+00 4.223458788827417543e+00 1.339000000000000057e+01
7.778871900000000000e+07 0.000000000000000000e+00 6.600000000000000000e+01 7.483647792421276790e+03 5.960545641933549632e+03 9.115649999999999636e+03 0.000000000000000000e+00 6.435164505205794860e-01 9.199999999999999845e-02
7.778871900000000000e+07 0.000000000000000000e+00 6.600000000000000000e+01 7.484362792421276026e+03 5.960540741933549725e+03 9.114510000000000218e+03 0.000000000000000000e+00 7.263775320333428764e-01 8.220000000000000639e+00
7.778871900000000000e+07 0.000000000000000000e+00 6.600000000000000000e+01 7.484362792421276026e+03 5.960540741933549725e+03 9.114510000000000218e+03 0.000000000000000000e+00 7.263775320333428764e-01 6.756029999999999980e+00
2.688060000000000000e+07 1.000000000000000000e+00 6.600000000000000000e+01 7.568569092421276764e+03 5.973184341933550058e+03 3.034109999999999673e+03 0.000000000000000000e+00 3.518967425186464659e+00 6.099999999999999867e-02
2.688060000000000000e+07 1.000000000000000000e+00 6.600000000000000000e+01 7.568575792421276674e+03 5.969602341933549724e+03 3.034720000000000255e+03 0.000000000000000000e+00 6.928828614998296942e+00 2.400000000000000050e-02
2.688060000000000000e+07 1.000000000000000000e+00 6.600000000000000000e+01 7.576194392421276461e+03 5.969429441933550152e+03 3.040289999999999964e+03 0.000000000000000000e+00 9.327129075628374011e+00 2.400000000000000050e-02
2.688060000000000000e+07 1.000000000000000000e+00 6.600000000000000000e+01 7.576019792421276179e+03 5.969314341933550168e+03 3.042019999999999527e+03 0.000000000000000000e+00 9.808899512015239353e+00 6.099999999999999867e-02
2.688059500000000000e+07 1.000000000000000000e+00 6.500000000000000000e+01 7.584549392421276025e+03 5.976423241933550344e+03 3.047659999999999854e+03 0.000000000000000000e+00 8.084790193570091432e+00 9.199999999999999845e-02
2.688059500000000000e+07 1.000000000000000000e+00 6.500000000000000000e+01 7.579984392421276425e+03 5.980165041933550128e+03 3.046260000000000218e+03 0.000000000000000000e+00 2.092498468749014684e+00 9.199999999999999845e-02
2.688060100000000000e+07 1.000000000000000000e+00 6.600000000000000000e+01 7.566927692421276333e+03 5.981670941933550239e+03 3.041189999999999600e+03 0.000000000000000000e+00 4.867132565745761141e+00 9.199999999999999845e-02
2.688059500000000000e+07 0.000000000000000000e+00 6.500000000000000000e+01 7.570265292421276172e+03 5.991765841933550291e+03 3.041159999999999854e+03 0.000000000000000000e+00 2.183238353963433909e+00 2.039999999999999869e-01
2.688059500000000000e+07 0.000000000000000000e+00 6.500000000000000000e+01 7.569651692421276493e+03 5.992268541933550296e+03 3.040119999999999891e+03 0.000000000000000000e+00 2.212799844719424591e+00 2.400000000000000050e-02
2.688059400000000000e+07 0.000000000000000000e+00 6.600000000000000000e+01 7.570253992421276052e+03 5.999443941933550377e+03 3.032859999999999673e+03 0.000000000000000000e+00 2.922438093452941477e+00 1.078999999999999915e+01
2.688059400000000000e+07 0.000000000000000000e+00 6.600000000000000000e+01 7.570253992421276052e+03 5.999443941933550377e+03 3.032859999999999673e+03 0.000000000000000000e+00 2.922438093452941477e+00 3.573999999999999844e+00
2.688059400000000000e+07 0.000000000000000000e+00 6.600000000000000000e+01 7.570253992421276052e+03 5.999443941933550377e+03 3.032859999999999673e+03 0.000000000000000000e+00 2.922438093452941477e+00 8.982860000000000289e-01
