1.254293010000000000e+08 0.000000000000000000e+00 6.600000000000000000e+01 2.649615179686963529e+03 4.625039999999999964e+03 1.483989930242017545e+04 0.000000000000000000e+00 3.055052589955611353e+00 1.339000000000000057e+01
1.254293000000000000e+08 0.000000000000000000e+00 6.500000000000000000e+01 2.645299479686963423e+03 4.615590000000000146e+03 1.484443250242017530e+04 0.000000000000000000e+00 6.357351878063806083e-01 1.000000000000000021e-02
1.254277620000000000e+08 1.000000000000000000e+00 6.600000000000000000e+01 2.650681779686963637e+03 4.580809999999999491e+03 1.484184010242017575e+04 0.000000000000000000e+00 5.521508403541431242e+00 2.400000000000000050e-02
1.254277620000000000e+08 1.000000000000000000e+00 6.600000000000000000e+01 2.654971079686964003e+03 4.581199999999999818e+03 1.484486340242017468e+04 0.000000000000000000e+00 5.472915788500055889e+00 9.199999999999999845e-02
1.254277620000000000e+08 1.000000000000000000e+00 6.600000000000000000e+01 2.656420809686963366e+03 4.580409999999999854e+03 1.484254810242017629e+04 0.000000000000000000e+00 2.926390787851534725e+00 2.400000000000000050e-02
1.254277620000000000e+08 1.000000000000000000e+00 6.600000000000000000e+01 2.656327379686963468e+03 4.580500000000000000e+03 1.484257210242017572e+04 0.000000000000000000e+00 2.959693463212321074e+00 6.099999999999999867e-02
1.254277620000000000e+08 1.000000000000000000e+00 6.600000000000000000e+01 2.652286079686963603e+03 4.578369999999999891e+03 1.484197080242017546e+04 0.000000000000000000e+00 3.906130072924436814e+00 6.099999999999999867e-02
1.254277560000000000e+08 1.000000000000000000e+00 6.500000000000000000e+01 2.666295779686964124e+03 4.591030000000000655e+03 1.483538220242017633e+04 0.000000000000000000e+00 4.229857750300954677e+00 2.400000000000000050e-02
1.254277570000000000e+08 0.000000000000000000e+00 6.600000000000000000e+01 2.651908879686963701e+03 4.594090000000000146e+03 1.482782740242017462e+04 0.000000000000000000e+00 3.071022802394319573e+00 4.169999999999999818e-01
1.254292950000000000e+08 1.000000000000000000e+00 6.600000000000000000e+01 2.642848179686963704e+03 4.597399999999999636e+03 1.482663260242017532e+04 0.000000000000000000e+00 6.164145404439945963e+00 2.400000000000000050e-02
1.254293010000000000e+08 0.000000000000000000e+00 6.600000000000000000e+01 2.649615179686963529e+03 4.625039999999999964e+03 1.483989930242017545e+04 0.000000000000000000e+00 3.055052589955611353e+00 2.227329999999999810e+00
1.254265910000000000e+08 1.000000000000000000e+00 6.600000000000000000e+01 2.676553279686963833e+03 4.676670000000000073e+03 1.485360330242017517e+04 0.000000000000000000e+00 3.109129998396487071e+00 6.099999999999999867e-02
1.254265920000000000e+08 1.000000000000000000e+00 6.600000000000000000e+01 2.672907659686963598e+03 4.667110000000000582e+03 1.485027070242017544e+04 0.000000000000000000e+00 6.674717386725202317e+00 2.400000000000000050e-02
1.254265920000000000e+08 1.000000000000000000e+00 6.600000000000000000e+01 2.673460999686963987e+03 4.666649999999999636e+03 1.485150030242017601e+04 0.000000000000000000e+00 7.537893347503016095e+00 9.199999999999999845e-02
1.254265970000000000e+08 1.000000000000000000e+00 6.500000000000000000e+01 2.675870979686963437e+03 4.658139999999999418e+03 1.483557360242017603e+04 0.000000000000000000e+00 4.575717727775248989e+00 9.199999999999999845e-02
1.254265950000000000e+08 1.000000000000000000e+00 6.600000000000000000e+01 2.677155579686963392e+03 4.664229999999999563e+03 1.483122240242017506e+04 0.000000000000000000e+00 2.886518560622103990e+00 2.400000000000000050e-02
1.254265950000000000e+08 1.000000000000000000e+00 6.600000000000000000e+01 2.675899079686963887e+03 4.666360000000000582e+03 1.483078970242017567e+04 0.000000000000000000e+00 3.296077749849108063e+00 2.400000000000000050e-02
1.254265940000000000e+08 1.000000000000000000e+00 6.600000000000000000e+01 2.672873499686963441e+03 4.669420000000000073e+03 1.483092840242017701e+04 0.000000000000000000e+00 3.849284492566956484e+00 6.099999999999999867e-02
1.254266740000000000e+08 1.000000000000000000e+00 6.500000000000000000e+01 2.667038169686963556e+03 4.670700000000000728e+03 1.483229400242017437e+04 0.000000000000000000e+00 1.559300216303339370e+00 4.169999999999999818e-01
1.254266780000000000e+08 1.000000000000000000e+00 6.600000000000000000e+01 2.670488109686963980e+03 4.667989999999999782e+03 1.482890050242017605e+04 0.000000000000000000e+00 5.652081859526345120e+00 4.169999999999999818e-01
1.254266780000000000e+08 1.000000000000000000e+00 6.600000000000000000e+01 2.670488109686963980e+03 4.667989999999999782e+03 1.482890050242017605e+04 0.000000000000000000e+00 5.652081859526345120e+00 7.241649999999999920e+00
1.254264860000000000e+08 1.000000000000000000e+00 6.600000000000000000e+01 2.685948079686963865e+03 4.753439999999999600e+03 1.489511700242017469e+04 1.000000000000000000e+00 8.001671155855371032e-01 5.200000000000000000e+01
