4.630878000000000000e+06 1.000000000000000000e+00 6.500000000000000000e+01 2.163390368234893685e+03 3.704887312117949477e+03 3.932500000000000000e+02 0.000000000000000000e+00 3.102743962423288426e+00 1.339000000000000057e+01
4.630878000000000000e+06 1.000000000000000000e+00 6.500000000000000000e+01 2.162076138234893733e+03 3.705685169117949044e+03 3.950299999999997453e+02 0.000000000000000000e+00 1.513287770185479664e+00 4.169999999999999818e-01
4.631328000000000000e+06 1.000000000000000000e+00 6.600000000000000000e+01 2.177733468234893735e+03 3.677361612117949335e+03 4.045799999999999272e+02 0.000000000000000000e+00 4.557132268444235024e+00 1.000000000000000021e-02
4.631328000000000000e+06 1.000000000000000000e+00 6.600000000000000000e+01 2.178596568234893311e+03 3.676103112117949422e+03 4.072500000000000000e+02 0.000000000000000000e+00 4.427885538074882277e+00 9.199999999999999845e-02
4.631328000000000000e+06 1.000000000000000000e+00 6.600000000000000000e+01 2.179103268234894131e+03 3.678060712117949151e+03 4.056700000000000728e+02 0.000000000000000000e+00 2.753864336114896894e+00 2.400000000000000050e-02
4.631328000000000000e+06 1.000000000000000000e+00 6.600000000000000000e+01 2.177490868234893242e+03 3.677961112117949597e+03 4.065600000000004002e+02 0.000000000000000000e+00 4.201544021422318309e+00 9.199999999999999845e-02
4.631328000000000000e+06 1.000000000000000000e+00 6.600000000000000000e+01 2.179692268234894073e+03 3.677532512117949409e+03 4.086999999999998181e+02 0.000000000000000000e+00 3.481301446446148251e+00 1.339000000000000057e+01
4.631328000000000000e+06 1.000000000000000000e+00 6.600000000000000000e+01 2.179692268234894073e+03 3.677532512117949409e+03 4.086999999999998181e+02 0.000000000000000000e+00 3.481301446446148251e+00 9.409380000000000521e-01
4.631328000000000000e+06 1.000000000000000000e+00 6.600000000000000000e+01 2.179692268234894073e+03 3.677532512117949409e+03 4.086999999999998181e+02 0.000000000000000000e+00 3.481301446446148251e+00 3.566469999999999918e-01
4.630874000000000000e+06 0.000000000000000000e+00 6.600000000000000000e+01 2.169955268234893992e+03 3.712056932117949145e+03 3.821900000000005093e+02 1.000000000000000000e+00 2.332167494779898931e+00 1.200000000000000000e+01
4.630876000000000000e+06 0.000000000000000000e+00 6.600000000000000000e+01 2.165211178234893850e+03 3.716551112117949742e+03 3.888999999999996362e+02 1.000000000000000000e+00 4.344674190140000447e-01 1.200000000000000000e+01
1.141241890000000000e+08 0.000000000000000000e+00 6.600000000000000000e+01 2.220521268234893796e+03 3.757160512117949111e+03 1.348639999999999964e+04 1.000000000000000000e+00 1.101046787538797034e+00 1.200000000000000000e+01
