5.165766000000000000e+06 1.000000000000000000e+00 6.600000000000000000e+01 1.281780775909161639e+04 1.217399999999997817e+02 4.089402663474320434e+02 0.000000000000000000e+00 3.163883928352047015e+00 1.078999999999999915e+01
1.656785000000000000e+06 1.000000000000000000e+00 6.600000000000000000e+01 1.240950275909161610e+04 8.213618000000000393e+03 2.047182663474322908e+02 0.000000000000000000e+00 2.469511526135137913e+00 1.078999999999999915e+01
1.735675000000000000e+06 1.000000000000000000e+00 6.500000000000000000e+01 1.236088575909161591e+04 8.492020000000000437e+03 2.013822663474320507e+02 0.000000000000000000e+00 8.309347368456361238e+00 4.169999999999999818e-01
1.735676000000000000e+06 1.000000000000000000e+00 6.500000000000000000e+01 1.235886875909161608e+04 8.497639999999999418e+03 1.932452663474323344e+02 0.000000000000000000e+00 4.721336203071985871e+00 9.199999999999999845e-02
1.735676000000000000e+06 1.000000000000000000e+00 6.500000000000000000e+01 1.235794775909161763e+04 8.498529000000000451e+03 1.939712663474319925e+02 0.000000000000000000e+00 4.427431132402592340e+00 2.400000000000000050e-02
1.737582000000000000e+06 1.000000000000000000e+00 6.600000000000000000e+01 1.238186875909161608e+04 8.498877000000000407e+03 2.113642663474320216e+02 0.000000000000000000e+00 9.082771948177246202e+00 8.349999999999999645e-01
1.737582000000000000e+06 1.000000000000000000e+00 6.600000000000000000e+01 1.238186875909161608e+04 8.498877000000000407e+03 2.113642663474320216e+02 0.000000000000000000e+00 9.082771948177246202e+00 6.650190000000000268e+00
1.656782000000000000e+06 1.000000000000000000e+00 6.500000000000000000e+01 1.241748175909161728e+04 8.220781999999999243e+03 1.920122663474321598e+02 0.000000000000000000e+00 7.924507564699339035e+00 9.199999999999999845e-02
1.655874000000000000e+06 1.000000000000000000e+00 6.500000000000000000e+01 1.242105075909161678e+04 8.225779000000000451e+03 1.926612663474315923e+02 0.000000000000000000e+00 8.191244546473074095e+00 9.199999999999999845e-02
1.656864000000000000e+06 1.000000000000000000e+00 6.500000000000000000e+01 1.242157075909161722e+04 8.235058999999999287e+03 2.074342663474317305e+02 0.000000000000000000e+00 3.561315183920945593e+00 2.400000000000000050e-02
1.655869000000000000e+06 1.000000000000000000e+00 6.600000000000000000e+01 1.242056375909161579e+04 8.237333000000000538e+03 2.119412663474322471e+02 0.000000000000000000e+00 9.300773638976718161e-01 6.099999999999999867e-02
1.655869000000000000e+06 1.000000000000000000e+00 6.600000000000000000e+01 1.241895875909161623e+04 8.239176999999999680e+03 2.117762663474322835e+02 0.000000000000000000e+00 2.950120696529698439e+00 9.199999999999999845e-02
1.656864000000000000e+06 1.000000000000000000e+00 6.500000000000000000e+01 1.242361275909161668e+04 8.239159999999999854e+03 2.027652663474318615e+02 0.000000000000000000e+00 8.192014646640298992e+00 9.199999999999999845e-02
1.656863000000000000e+06 1.000000000000000000e+00 6.500000000000000000e+01 1.242699775909161690e+04 8.237415000000000873e+03 2.139292663474316214e+02 0.000000000000000000e+00 2.676300721120646653e+00 9.199999999999999845e-02
1.656864000000000000e+06 1.000000000000000000e+00 6.500000000000000000e+01 1.242701375909161652e+04 8.236916999999999462e+03 2.131592663474320943e+02 0.000000000000000000e+00 2.245887019691548581e+00 9.199999999999999845e-02
1.656758000000000000e+06 1.000000000000000000e+00 6.600000000000000000e+01 1.241697075909161686e+04 8.249308000000000902e+03 1.705162663474320652e+02 0.000000000000000000e+00 9.689215945260562179e+00 9.199999999999999845e-02
1.656757000000000000e+06 1.000000000000000000e+00 6.600000000000000000e+01 1.241362475909161731e+04 8.249127000000000407e+03 1.659402663474320434e+02 0.000000000000000000e+00 4.815070517028514629e+00 9.199999999999999845e-02
1.656758000000000000e+06 1.000000000000000000e+00 6.600000000000000000e+01 1.241524975909161731e+04 8.245136000000000422e+03 1.688082663474324363e+02 0.000000000000000000e+00 9.635256226529365975e+00 9.199999999999999845e-02
1.655964000000000000e+06 1.000000000000000000e+00 6.500000000000000000e+01 1.244149575909161649e+04 8.243259000000000015e+03 1.749552663474323708e+02 0.000000000000000000e+00 8.448147876804672052e+00 6.099999999999999867e-02
1.655964000000000000e+06 1.000000000000000000e+00 6.500000000000000000e+01 1.244490375909161594e+04 8.241296000000000276e+03 1.761462663474321744e+02 0.000000000000000000e+00 5.198335671770839994e+00 6.099999999999999867e-02
1.655885000000000000e+06 1.000000000000000000e+00 6.600000000000000000e+01 1.244266775909161515e+04 8.204593000000000757e+03 1.664302663474318251e+02 0.000000000000000000e+00 5.935895484119567023e+00 9.199999999999999845e-02
1.655885000000000000e+06 1.000000000000000000e+00 6.600000000000000000e+01 1.244378675909161757e+04 8.203727000000000771e+03 1.673432663474322908e+02 0.000000000000000000e+00 6.340949092672037324e+00 2.400000000000000050e-02
1.656881000000000000e+06 1.000000000000000000e+00 6.600000000000000000e+01 1.244645875909161623e+04 8.201283999999999651e+03 1.668352663474324800e+02 0.000000000000000000e+00 8.195728073600443864e+00 9.199999999999999845e-02
1.656881000000000000e+06 1.000000000000000000e+00 6.600000000000000000e+01 1.244729075909161656e+04 8.202031999999999243e+03 1.664422663474324509e+02 0.000000000000000000e+00 8.659234979821601286e+00 2.039999999999999869e-01
1.655886000000000000e+06 1.000000000000000000e+00 6.600000000000000000e+01 1.244141475909161636e+04 8.214286000000000058e+03 1.663662663474324290e+02 0.000000000000000000e+00 5.173845089303551248e+00 9.199999999999999845e-02
1.655882000000000000e+06 1.000000000000000000e+00 6.500000000000000000e+01 1.242917375909161638e+04 8.216045000000000073e+03 1.800732663474318542e+02 0.000000000000000000e+00 1.926538031048814048e+00 6.099999999999999867e-02
1.655883000000000000e+06 1.000000000000000000e+00 6.500000000000000000e+01 1.242461875909161608e+04 8.207582000000000335e+03 1.781152663474322253e+02 0.000000000000000000e+00 1.481030950926395251e+00 6.099999999999999867e-02
1.656774000000000000e+06 1.000000000000000000e+00 6.500000000000000000e+01 1.240044175909161640e+04 8.226013000000000829e+03 1.785152663474318615e+02 0.000000000000000000e+00 8.563663716886336985e+00 9.199999999999999845e-02
1.656786000000000000e+06 1.000000000000000000e+00 6.500000000000000000e+01 1.240065875909161696e+04 8.189475000000000364e+03 1.790342663474320943e+02 0.000000000000000000e+00 2.057656393225256064e+00 2.400000000000000050e-02
1.656786000000000000e+06 1.000000000000000000e+00 6.500000000000000000e+01 1.240090575909161635e+04 8.188314000000000306e+03 1.799422663474324509e+02 0.000000000000000000e+00 1.914079674529124198e+00 2.039999999999999869e-01
1.656786000000000000e+06 1.000000000000000000e+00 6.500000000000000000e+01 1.239515875909161696e+04 8.190447000000000116e+03 1.737122663474319779e+02 0.000000000000000000e+00 9.255516248452371642e+00 9.199999999999999845e-02
1.656785000000000000e+06 1.000000000000000000e+00 6.500000000000000000e+01 1.239314675909161633e+04 8.189057999999999993e+03 1.853842663474324581e+02 0.000000000000000000e+00 9.282160708533455207e+00 9.199999999999999845e-02
1.656786000000000000e+06 1.000000000000000000e+00 6.500000000000000000e+01 1.239413375909161550e+04 8.186422999999999774e+03 1.879362663474321380e+02 0.000000000000000000e+00 9.434192095523080468e+00 2.400000000000000050e-02
5.136693000000000000e+06 1.000000000000000000e+00 6.500000000000000000e+01 1.283988835909161571e+04 2.762500000000000000e+03 3.724230663474318135e+02 0.000000000000000000e+00 6.265925244558816054e+00 2.039999999999999869e-01
5.136692000000000000e+06 1.000000000000000000e+00 6.500000000000000000e+01 1.284487095909161508e+04 2.767840000000000146e+03 3.665462663474318106e+02 0.000000000000000000e+00 2.429567393429154176e+00 6.099999999999999867e-02
5.136692000000000000e+06 0.000000000000000000e+00 6.500000000000000000e+01 1.284729185909161606e+04 2.770500000000000000e+03 3.628699663474317276e+02 0.000000000000000000e+00 2.412166919260628983e+00 8.349999999999999645e-01
5.136695000000000000e+06 0.000000000000000000e+00 6.500000000000000000e+01 1.284379455909161697e+04 2.758189999999999600e+03 3.525464663474322151e+02 0.000000000000000000e+00 1.892955827002361202e+00 9.199999999999999845e-02
5.136693000000000000e+06 1.000000000000000000e+00 6.600000000000000000e+01 1.284641965909161627e+04 2.760300000000000182e+03 3.484767663474322035e+02 0.000000000000000000e+00 3.575727515591625938e+00 4.169999999999999818e-01
5.136693000000000000e+06 1.000000000000000000e+00 6.600000000000000000e+01 1.284641965909161627e+04 2.760300000000000182e+03 3.484767663474322035e+02 0.000000000000000000e+00 3.575727515591625938e+00 7.277759999999999785e+00
5.165766000000000000e+06 1.000000000000000000e+00 6.600000000000000000e+01 1.281780775909161639e+04 1.217399999999997817e+02 4.089402663474320434e+02 0.000000000000000000e+00 3.163883928352047015e+00 5.144370000000000331e+00
