8.338456800000000000e+07 1.000000000000000000e+00 6.500000000000000000e+01 8.810459999999999127e+03 6.093856138417847433e+03 9.758238805985882209e+03 0.000000000000000000e+00 9.518565673252586734e+00 1.078999999999999915e+01
8.338456800000000000e+07 1.000000000000000000e+00 6.500000000000000000e+01 8.810569999999999709e+03 6.094141138417847287e+03 9.758021805985881656e+03 0.000000000000000000e+00 9.756467904745449005e+00 9.199999999999999845e-02
8.338482500000000000e+07 1.000000000000000000e+00 6.500000000000000000e+01 8.811270000000000437e+03 6.101491138417846742e+03 9.744611805985881801e+03 0.000000000000000000e+00 5.659649859931845661e+00 2.400000000000000050e-02
8.338482400000000000e+07 1.000000000000000000e+00 6.600000000000000000e+01 8.811290000000000873e+03 6.119157138417846909e+03 9.746373805985882427e+03 0.000000000000000000e+00 5.714464358834904445e+00 9.199999999999999845e-02
8.338482400000000000e+07 1.000000000000000000e+00 6.600000000000000000e+01 8.815639999999999418e+03 6.114007138417847273e+03 9.745158805985882282e+03 0.000000000000000000e+00 4.497084185392658640e+00 2.400000000000000050e-02
8.338482600000000000e+07 0.000000000000000000e+00 6.500000000000000000e+01 8.821680000000000291e+03 6.116229138417847025e+03 9.745809805985882122e+03 0.000000000000000000e+00 2.907250318859584404e+00 2.400000000000000050e-02
8.338474900000000000e+07 1.000000000000000000e+00 6.600000000000000000e+01 8.823450000000000728e+03 6.119903138417847003e+03 9.746234805985881394e+03 0.000000000000000000e+00 2.857447733436978776e+00 1.078999999999999915e+01
8.338474900000000000e+07 1.000000000000000000e+00 6.600000000000000000e+01 8.823450000000000728e+03 6.119903138417847003e+03 9.746234805985881394e+03 0.000000000000000000e+00 2.857447733436978776e+00 2.065780000000000172e+00
8.338474900000000000e+07 1.000000000000000000e+00 6.600000000000000000e+01 8.823450000000000728e+03 6.119903138417847003e+03 9.746234805985881394e+03 0.000000000000000000e+00 2.857447733436978776e+00 8.325320000000000498e-01
8.033755600000000000e+07 1.000000000000000000e+00 6.600000000000000000e+01 8.157300000000004729e+02 6.491325058417846776e+03 9.550048705985882407e+03 0.000000000000000000e+00 8.232248035392430552e+00 1.000000000000000000e+01
8.033755600000000000e+07 1.000000000000000000e+00 6.600000000000000000e+01 8.157300000000004729e+02 6.491325058417846776e+03 9.550048705985882407e+03 0.000000000000000000e+00 8.232248035392430552e+00 5.264949999999999797e+00
8.055386100000000000e+07 0.000000000000000000e+00 6.600000000000000000e+01 4.951300000000000182e+03 6.431794238417846827e+03 9.568014215985882402e+03 1.000000000000000000e+00 2.778660410021585037e+00 2.200000000000000000e+01
