5.627292500000000000e+07 1.000000000000000000e+00 6.600000000000000000e+01 5.867253318326334011e+03 5.011890631113765266e+02 6.446699999999999818e+03 0.000000000000000000e+00 4.522696772479871008e+00 8.349999999999999645e-01
5.627292100000000000e+07 1.000000000000000000e+00 6.500000000000000000e+01 5.872753318326334011e+03 4.978490631113772906e+02 6.444399999999999636e+03 0.000000000000000000e+00 6.168427262639156083e+00 2.400000000000000050e-02
5.627292100000000000e+07 1.000000000000000000e+00 6.500000000000000000e+01 5.874123318326334811e+03 4.973490631113772906e+02 6.445590000000000146e+03 0.000000000000000000e+00 5.780834541590442299e+00 2.400000000000000050e-02
5.627292500000000000e+07 1.000000000000000000e+00 6.600000000000000000e+01 5.862813318326334411e+03 5.006890631113765266e+02 6.449590000000000146e+03 0.000000000000000000e+00 8.242138936378854197e+00 2.400000000000000050e-02
5.627284400000000000e+07 1.000000000000000000e+00 6.500000000000000000e+01 5.855503318326334011e+03 4.985090631113771451e+02 6.442090000000000146e+03 0.000000000000000000e+00 8.059409106942297285e+00 9.199999999999999845e-02
5.627284100000000000e+07 1.000000000000000000e+00 6.600000000000000000e+01 5.864203318326334738e+03 4.993190631113775453e+02 6.439359999999999673e+03 0.000000000000000000e+00 6.002525013674702592e+00 2.400000000000000050e-02
5.627284000000000000e+07 0.000000000000000000e+00 6.600000000000000000e+01 5.866303318326334193e+03 5.089690631113771815e+02 6.434289999999999964e+03 0.000000000000000000e+00 1.705238075365150818e+00 2.400000000000000050e-02
5.627284200000000000e+07 1.000000000000000000e+00 6.600000000000000000e+01 5.863233318326334484e+03 5.081690631113769996e+02 6.434729999999999563e+03 0.000000000000000000e+00 2.331255596544152819e+00 2.400000000000000050e-02
5.627284100000000000e+07 1.000000000000000000e+00 6.600000000000000000e+01 5.864113318326334593e+03 5.074490631113767449e+02 6.434869999999999891e+03 0.000000000000000000e+00 1.688006174334063303e+00 9.199999999999999845e-02
5.627292300000000000e+07 0.000000000000000000e+00 6.600000000000000000e+01 5.874243318326334702e+03 5.049790631113773998e+02 6.440909999999999854e+03 0.000000000000000000e+00 3.620346828843844289e+00 5.000000000000000000e-01
5.627292300000000000e+07 0.000000000000000000e+00 6.500000000000000000e+01 5.877023318326334447e+03 5.035790631113777636e+02 6.441350000000000364e+03 0.000000000000000000e+00 4.401006105665064894e+00 1.000000000000000021e-02
5.627292200000000000e+07 1.000000000000000000e+00 6.500000000000000000e+01 5.885653318326334556e+03 5.038290631113768541e+02 6.444309999999999491e+03 0.000000000000000000e+00 3.173625111720017156e+00 9.199999999999999845e-02
5.627292200000000000e+07 1.000000000000000000e+00 6.500000000000000000e+01 5.882773318326334447e+03 4.984690631113771815e+02 6.450739999999999782e+03 0.000000000000000000e+00 8.154714969641403854e+00 9.199999999999999845e-02
5.627292100000000000e+07 1.000000000000000000e+00 6.500000000000000000e+01 5.877613318326334593e+03 4.980390631113768904e+02 6.447329999999999927e+03 0.000000000000000000e+00 5.611019070432984535e+00 8.349999999999999645e-01
5.627292100000000000e+07 1.000000000000000000e+00 6.500000000000000000e+01 5.876363318326334593e+03 4.952290631113773998e+02 6.448010000000000218e+03 0.000000000000000000e+00 7.344998741115577268e+00 6.099999999999999867e-02
5.627292100000000000e+07 1.000000000000000000e+00 6.500000000000000000e+01 5.874683318326334302e+03 4.933290631113768541e+02 6.445409999999999854e+03 0.000000000000000000e+00 7.361847397717102837e+00 9.199999999999999845e-02
5.627284300000000000e+07 1.000000000000000000e+00 6.500000000000000000e+01 5.872393318326334338e+03 4.902490631113769268e+02 6.420600000000000364e+03 0.000000000000000000e+00 7.145596640612490447e+00 8.220000000000000639e+00
5.627284300000000000e+07 1.000000000000000000e+00 6.500000000000000000e+01 5.872393318326334338e+03 4.902490631113769268e+02 6.420600000000000364e+03 0.000000000000000000e+00 7.145596640612490447e+00 1.108640000000000070e+00
4.551361100000000000e+07 1.000000000000000000e+00 6.500000000000000000e+01 6.505643318326334338e+03 1.292503063111376832e+03 5.462520000000000437e+03 0.000000000000000000e+00 9.811991043268331936e+00 6.099999999999999867e-02
4.551361600000000000e+07 1.000000000000000000e+00 6.600000000000000000e+01 6.489746318326334404e+03 1.297711063111377371e+03 5.453569999999999709e+03 0.000000000000000000e+00 9.338285126947848402e-01 9.199999999999999845e-02
4.551361600000000000e+07 1.000000000000000000e+00 6.600000000000000000e+01 6.489026318326334149e+03 1.297965063111377276e+03 5.453029999999999745e+03 0.000000000000000000e+00 1.628985991892005103e+00 8.349999999999999645e-01
4.551361600000000000e+07 1.000000000000000000e+00 6.600000000000000000e+01 6.483820318326334018e+03 1.294887063111376847e+03 5.450799999999999272e+03 0.000000000000000000e+00 7.464914978374198817e+00 9.199999999999999845e-02
7.440384100000000000e+07 0.000000000000000000e+00 6.500000000000000000e+01 7.118837318326334753e+03 4.468329063111377764e+03 8.830290000000000873e+03 1.000000000000000000e+00 9.031540709282009916e-01 1.220000000000000000e+02
7.440384500000000000e+07 0.000000000000000000e+00 6.500000000000000000e+01 7.124642318326334134e+03 4.466969063111377181e+03 8.819110000000000582e+03 1.000000000000000000e+00 1.823194424093012245e+00 1.220000000000000000e+02
1.026614110000000000e+08 1.000000000000000000e+00 6.500000000000000000e+01 6.190653318326334556e+03 5.378209063111376963e+03 1.223529000000000087e+04 1.000000000000000000e+00 8.369886684346736772e-01 1.220000000000000000e+02
1.254058590000000000e+08 0.000000000000000000e+00 6.500000000000000000e+01 5.038943318326334520e+03 5.285299063111377109e+03 1.480934000000000015e+04 1.000000000000000000e+00 1.875896755101762237e+00 1.220000000000000000e+02
8.402969300000000000e+07 0.000000000000000000e+00 6.600000000000000000e+01 6.886775318326333945e+03 4.839669063111377909e+03 9.909750000000000000e+03 1.000000000000000000e+00 2.566678379336191362e+00 1.220000000000000000e+02
1.026633290000000000e+08 1.000000000000000000e+00 6.500000000000000000e+01 6.252489318326333887e+03 5.377859063111376599e+03 1.207959000000000015e+04 1.000000000000000000e+00 6.598130310159310286e-01 1.220000000000000000e+02
1.026604110000000000e+08 1.000000000000000000e+00 6.500000000000000000e+01 6.202613318326334593e+03 5.386779063111378491e+03 1.223438999999999942e+04 1.000000000000000000e+00 4.235107361603170917e-01 1.220000000000000000e+02
