6.697668100000000000e+07 1.000000000000000000e+00 6.500000000000000000e+01 4.999369440294526612e+03 3.896221199155945669e+03 7.731628999999999905e+03 0.000000000000000000e+00 5.955892610168150192e+00 1.605000000000000071e+01
8.014564800000000000e+07 1.000000000000000000e+00 6.600000000000000000e+01 4.944300700294526905e+03 3.951951999155945941e+03 9.536450000000000728e+03 0.000000000000000000e+00 1.453909090268480142e+00 1.078999999999999915e+01
8.014564800000000000e+07 1.000000000000000000e+00 6.600000000000000000e+01 4.944300700294526905e+03 3.951951999155945941e+03 9.536450000000000728e+03 0.000000000000000000e+00 1.453909090268480142e+00 4.657519999999999993e-01
6.697668100000000000e+07 1.000000000000000000e+00 6.500000000000000000e+01 5.002249953294526676e+03 3.893778299155945660e+03 7.739886000000000422e+03 0.000000000000000000e+00 5.595031503157470887e+00 9.199999999999999845e-02
6.697534700000000000e+07 1.000000000000000000e+00 6.500000000000000000e+01 5.002390659294526813e+03 3.892740199155945902e+03 7.741461000000000240e+03 0.000000000000000000e+00 6.312064403762712494e+00 2.400000000000000050e-02
6.697535000000000000e+07 0.000000000000000000e+00 6.600000000000000000e+01 5.004294150294526844e+03 3.883564999155945316e+03 7.760086000000000240e+03 0.000000000000000000e+00 1.951121866725787468e+00 9.199999999999999845e-02
6.697535000000000000e+07 0.000000000000000000e+00 6.600000000000000000e+01 5.005533140294526675e+03 3.886816399155945419e+03 7.758557999999999993e+03 0.000000000000000000e+00 1.064190966490778711e+00 2.400000000000000050e-02
6.697535100000000000e+07 1.000000000000000000e+00 6.600000000000000000e+01 5.010945650294526786e+03 3.887000899155945717e+03 7.763778000000000247e+03 0.000000000000000000e+00 2.897185306537467309e+00 6.099999999999999867e-02
6.697535100000000000e+07 1.000000000000000000e+00 6.600000000000000000e+01 5.011683560294526615e+03 3.887479199155945480e+03 7.764667000000000371e+03 0.000000000000000000e+00 2.928128925646191760e+00 9.199999999999999845e-02
6.697543300000000000e+07 1.000000000000000000e+00 6.600000000000000000e+01 5.017073900294526538e+03 3.891312499155945716e+03 7.773577000000000226e+03 0.000000000000000000e+00 8.928413224396436476e+00 4.169999999999999818e-01
6.697535500000000000e+07 1.000000000000000000e+00 6.500000000000000000e+01 5.023576400294527048e+03 3.885747899155945106e+03 7.762684000000000196e+03 0.000000000000000000e+00 4.637655532931059810e+00 1.078999999999999915e+01
6.697535500000000000e+07 1.000000000000000000e+00 6.500000000000000000e+01 5.023576400294527048e+03 3.885747899155945106e+03 7.762684000000000196e+03 0.000000000000000000e+00 4.637655532931059810e+00 3.434800000000000075e+00
6.697535500000000000e+07 1.000000000000000000e+00 6.500000000000000000e+01 5.023576400294527048e+03 3.885747899155945106e+03 7.762684000000000196e+03 0.000000000000000000e+00 4.637655532931059810e+00 2.637319999999999887e+00
