1.164575720000000000e+08 1.000000000000000000e+00 6.500000000000000000e+01 8.699200000000000728e+02 1.312905454252634263e+04 1.378763498205042197e+04 0.000000000000000000e+00 4.903000305622646771e+00 1.078999999999999915e+01
1.165126320000000000e+08 0.000000000000000000e+00 6.500000000000000000e+01 1.083979999999999563e+03 1.314098374252634312e+04 1.376406478205042185e+04 0.000000000000000000e+00 2.321362324505594543e+00 1.339000000000000057e+01
1.211821510000000000e+08 0.000000000000000000e+00 6.600000000000000000e+01 3.645760000000000218e+03 1.355534064252634198e+04 1.408215128205042129e+04 0.000000000000000000e+00 3.530860614933669428e+00 1.605000000000000071e+01
1.212457340000000000e+08 1.000000000000000000e+00 6.600000000000000000e+01 4.108789999999999964e+03 1.367629564252634191e+04 1.407586028205042203e+04 0.000000000000000000e+00 7.529647143821250665e+00 1.078999999999999915e+01
1.212469590000000000e+08 1.000000000000000000e+00 6.600000000000000000e+01 4.210930000000000291e+03 1.371403964252634250e+04 1.407722728205042222e+04 0.000000000000000000e+00 6.609671197122499287e+00 1.078999999999999915e+01
1.212491840000000000e+08 1.000000000000000000e+00 6.500000000000000000e+01 4.377120000000000800e+03 1.375978264252634108e+04 1.409463928205042248e+04 0.000000000000000000e+00 7.462696017074783583e+00 8.220000000000000639e+00
1.212469590000000000e+08 1.000000000000000000e+00 6.600000000000000000e+01 4.205049999999999272e+03 1.372354764252634232e+04 1.406664028205042268e+04 0.000000000000000000e+00 6.037644514832728682e+00 1.339000000000000057e+01
1.212469590000000000e+08 1.000000000000000000e+00 6.600000000000000000e+01 4.208850000000000364e+03 1.372151764252634166e+04 1.406896828205042220e+04 0.000000000000000000e+00 2.009802319878849275e+00 1.078999999999999915e+01
1.212469590000000000e+08 0.000000000000000000e+00 6.600000000000000000e+01 4.207979999999999563e+03 1.372579264252634312e+04 1.407571728205042200e+04 0.000000000000000000e+00 2.090024188776711700e+00 9.199999999999999845e-02
1.212469570000000000e+08 0.000000000000000000e+00 6.500000000000000000e+01 4.211329999999999927e+03 1.373167964252634192e+04 1.408023228205042142e+04 0.000000000000000000e+00 1.555690021924124977e+00 2.400000000000000050e-02
1.212469580000000000e+08 0.000000000000000000e+00 6.600000000000000000e+01 4.210869999999999891e+03 1.372655964252634294e+04 1.407837828205042206e+04 0.000000000000000000e+00 1.107588737804201751e+00 1.078999999999999915e+01
1.212469580000000000e+08 0.000000000000000000e+00 6.600000000000000000e+01 4.210869999999999891e+03 1.372655964252634294e+04 1.407837828205042206e+04 0.000000000000000000e+00 1.107588737804201751e+00 5.656859999999999999e+00
1.212469580000000000e+08 0.000000000000000000e+00 6.600000000000000000e+01 4.210869999999999891e+03 1.372655964252634294e+04 1.407837828205042206e+04 0.000000000000000000e+00 1.107588737804201751e+00 1.976320000000000077e+00
1.212469590000000000e+08 1.000000000000000000e+00 6.600000000000000000e+01 4.208850000000000364e+03 1.372151764252634166e+04 1.406896828205042220e+04 0.000000000000000000e+00 2.009802319878849275e+00 1.521260000000000057e+00
1.212469590000000000e+08 1.000000000000000000e+00 6.600000000000000000e+01 4.208180000000000291e+03 1.371965764252634108e+04 1.406816228205042171e+04 0.000000000000000000e+00 3.352171609825759457e+00 1.339000000000000057e+01
1.212469590000000000e+08 1.000000000000000000e+00 6.600000000000000000e+01 4.208180000000000291e+03 1.371965764252634108e+04 1.406816228205042171e+04 0.000000000000000000e+00 3.352171609825759457e+00 6.805209999999999759e+00
1.212469590000000000e+08 1.000000000000000000e+00 6.600000000000000000e+01 4.208180000000000291e+03 1.371965764252634108e+04 1.406816228205042171e+04 0.000000000000000000e+00 3.352171609825759457e+00 5.941200000000000259e+00
1.212457340000000000e+08 1.000000000000000000e+00 6.600000000000000000e+01 4.108789999999999964e+03 1.367629564252634191e+04 1.407586028205042203e+04 0.000000000000000000e+00 7.529647143821250665e+00 5.860289999999999999e+00
1.211821470000000000e+08 1.000000000000000000e+00 6.500000000000000000e+01 3.642920000000000073e+03 1.355622764252634261e+04 1.408638328205042126e+04 0.000000000000000000e+00 4.667239750027713185e+00 1.078999999999999915e+01
1.211821480000000000e+08 0.000000000000000000e+00 6.500000000000000000e+01 3.650939999999999600e+03 1.354654564252634191e+04 1.408680128205042274e+04 0.000000000000000000e+00 1.241036778048207001e+00 6.099999999999999867e-02
1.211821470000000000e+08 0.000000000000000000e+00 6.600000000000000000e+01 3.652930000000000291e+03 1.354362164252634102e+04 1.408889328205042148e+04 0.000000000000000000e+00 8.676220382728573322e-01 2.400000000000000050e-02
1.211821460000000000e+08 0.000000000000000000e+00 6.500000000000000000e+01 3.654750000000000000e+03 1.354222664252634240e+04 1.409269128205042216e+04 0.000000000000000000e+00 2.002565094477252838e+00 8.349999999999999645e-01
1.211821430000000000e+08 1.000000000000000000e+00 6.600000000000000000e+01 3.643349999999999909e+03 1.354161964252634243e+04 1.409770828205042199e+04 0.000000000000000000e+00 2.255373779884957575e+00 8.349999999999999645e-01
1.211821430000000000e+08 1.000000000000000000e+00 6.600000000000000000e+01 3.643349999999999909e+03 1.354161964252634243e+04 1.409770828205042199e+04 0.000000000000000000e+00 2.255373779884957575e+00 6.661909999999999776e+00
1.211821470000000000e+08 1.000000000000000000e+00 6.500000000000000000e+01 3.642920000000000073e+03 1.355622764252634261e+04 1.408638328205042126e+04 0.000000000000000000e+00 4.667239750027713185e+00 6.065120000000000289e+00
1.165126320000000000e+08 0.000000000000000000e+00 6.500000000000000000e+01 1.083979999999999563e+03 1.314098374252634312e+04 1.376406478205042185e+04 0.000000000000000000e+00 2.321362324505594543e+00 2.955909999999999815e+00
1.164575730000000000e+08 1.000000000000000000e+00 6.500000000000000000e+01 8.694099999999998545e+02 1.312574348252634263e+04 1.379507431205042303e+04 0.000000000000000000e+00 5.688962744124202331e+00 9.199999999999999845e-02
1.164575720000000000e+08 1.000000000000000000e+00 6.500000000000000000e+01 8.705500000000001819e+02 1.312716564252634271e+04 1.379379941205042269e+04 0.000000000000000000e+00 5.410137412486052177e+00 1.339000000000000057e+01
1.164575720000000000e+08 1.000000000000000000e+00 6.500000000000000000e+01 8.702299999999995634e+02 1.312979564252634191e+04 1.378624488205042144e+04 0.000000000000000000e+00 6.244639652765983762e+00 2.400000000000000050e-02
1.164575720000000000e+08 0.000000000000000000e+00 6.500000000000000000e+01 8.607800000000006548e+02 1.312803774252634321e+04 1.379703730205042302e+04 0.000000000000000000e+00 1.483327320295012353e+00 6.099999999999999867e-02
1.220072850000000000e+08 0.000000000000000000e+00 6.500000000000000000e+01 4.927279999999999745e+03 1.209916864252634332e+04 1.456962528205042145e+04 1.000000000000000000e+00 2.801880775028335879e+00 2.820000000000000000e+02
1.220091020000000000e+08 1.000000000000000000e+00 6.500000000000000000e+01 5.006670000000000073e+03 1.204844864252634216e+04 1.437880928205042073e+04 1.000000000000000000e+00 6.114150750292387526e-01 2.820000000000000000e+02
1.220079610000000000e+08 1.000000000000000000e+00 6.500000000000000000e+01 5.021810000000000400e+03 1.209565864252634128e+04 1.444787628205042165e+04 1.000000000000000000e+00 7.019170940615000465e-01 2.820000000000000000e+02
1.268814370000000000e+08 1.000000000000000000e+00 6.600000000000000000e+01 4.636460000000000036e+03 1.197270864252634237e+04 1.470009828205042140e+04 1.000000000000000000e+00 7.241661427860824896e-01 2.820000000000000000e+02
1.220065100000000000e+08 1.000000000000000000e+00 6.600000000000000000e+01 5.000420000000000073e+03 1.211803864252634230e+04 1.447294728205042156e+04 1.000000000000000000e+00 1.332059949550566669e-01 2.820000000000000000e+02
1.211864660000000000e+08 0.000000000000000000e+00 6.500000000000000000e+01 3.611900000000000091e+03 1.308251494252634257e+04 1.410064828205042068e+04 1.000000000000000000e+00 2.649912658321989412e+00 2.820000000000000000e+02
1.164574960000000000e+08 0.000000000000000000e+00 6.500000000000000000e+01 8.696099999999996726e+02 1.311088390252634235e+04 1.377260078205042191e+04 1.000000000000000000e+00 1.813766529442560005e+00 2.820000000000000000e+02
1.211874160000000000e+08 1.000000000000000000e+00 6.500000000000000000e+01 3.607559999999999945e+03 1.307038824252634186e+04 1.413788428205042146e+04 1.000000000000000000e+00 7.707479355663472420e-01 2.820000000000000000e+02
1.220079010000000000e+08 0.000000000000000000e+00 6.500000000000000000e+01 5.033090000000000146e+03 1.208981864252634114e+04 1.439156428205042175e+04 1.000000000000000000e+00 2.745695609945762339e+00 2.820000000000000000e+02
1.223848530000000000e+08 0.000000000000000000e+00 6.500000000000000000e+01 4.788069999999999709e+03 1.096528864252634230e+04 1.442713428205042146e+04 1.000000000000000000e+00 2.270467419802228104e+00 2.820000000000000000e+02
1.220062410000000000e+08 0.000000000000000000e+00 6.600000000000000000e+01 4.954489999999999782e+03 1.214135664252634160e+04 1.449783328205042199e+04 1.000000000000000000e+00 2.713113204064037998e+00 2.820000000000000000e+02
1.220079030000000000e+08 0.000000000000000000e+00 6.500000000000000000e+01 5.034079999999999927e+03 1.209257864252634317e+04 1.438578028205042210e+04 1.000000000000000000e+00 1.705564596192936433e+00 2.820000000000000000e+02
1.220072840000000000e+08 0.000000000000000000e+00 6.500000000000000000e+01 4.925979999999999563e+03 1.210240864252634128e+04 1.457190528205042210e+04 1.000000000000000000e+00 2.700685442172055417e+00 2.820000000000000000e+02
1.268814350000000000e+08 1.000000000000000000e+00 6.600000000000000000e+01 4.634039999999999964e+03 1.198245864252634237e+04 1.469693028205042174e+04 1.000000000000000000e+00 7.575288670700991434e-01 2.820000000000000000e+02
1.164575800000000000e+08 0.000000000000000000e+00 6.600000000000000000e+01 8.353799999999991996e+02 1.310508544252634238e+04 1.380888444205042106e+04 1.000000000000000000e+00 1.864899703872405778e+00 2.820000000000000000e+02
