2.284009000000000000e+07 1.000000000000000000e+00 6.600000000000000000e+01 5.625520000000000437e+03 2.361396278642746438e+03 2.773113135224474718e+03 0.000000000000000000e+00 8.425669585305014309e+00 3.229999999999999716e+01
3.352678700000000000e+07 1.000000000000000000e+00 6.500000000000000000e+01 1.071085000000000036e+04 2.281516278642746329e+03 3.862296135224474710e+03 0.000000000000000000e+00 1.670832859897679157e+00 1.078999999999999915e+01
3.449425300000000000e+07 0.000000000000000000e+00 6.600000000000000000e+01 1.260689999999999964e+04 2.064306278642746292e+03 4.082246135224475438e+03 0.000000000000000000e+00 1.653193846558673075e+00 1.339000000000000057e+01
3.449425400000000000e+07 0.000000000000000000e+00 6.600000000000000000e+01 1.260107999999999993e+04 2.060697278642746824e+03 4.087496135224475438e+03 0.000000000000000000e+00 2.061904853023706519e+00 9.199999999999999845e-02
3.449417200000000000e+07 0.000000000000000000e+00 6.600000000000000000e+01 1.260213999999999942e+04 2.058909278642746358e+03 4.084096135224473983e+03 0.000000000000000000e+00 9.591437251682684018e-01 2.400000000000000050e-02
3.449417200000000000e+07 1.000000000000000000e+00 6.600000000000000000e+01 1.259677000000000044e+04 2.061385278642746925e+03 4.080396135224475074e+03 0.000000000000000000e+00 8.830038600228844459e-01 2.400000000000000050e-02
3.449425000000000000e+07 0.000000000000000000e+00 6.500000000000000000e+01 1.259995000000000073e+04 2.054998278642746300e+03 4.073206135224474565e+03 0.000000000000000000e+00 9.619840168488289489e-01 6.099999999999999867e-02
3.449424900000000000e+07 1.000000000000000000e+00 6.500000000000000000e+01 1.259756999999999971e+04 2.060677278642746387e+03 4.069606135224474201e+03 0.000000000000000000e+00 2.921467935040493735e+00 2.400000000000000050e-02
3.449425300000000000e+07 1.000000000000000000e+00 6.600000000000000000e+01 1.259838999999999942e+04 2.071692278642746714e+03 4.066896135224475074e+03 0.000000000000000000e+00 9.098145008396109290e+00 9.199999999999999845e-02
3.449424800000000000e+07 1.000000000000000000e+00 6.500000000000000000e+01 1.259872999999999956e+04 2.072296278642746984e+03 4.066506135224473837e+03 0.000000000000000000e+00 9.639971871453882457e+00 9.199999999999999845e-02
3.449424700000000000e+07 1.000000000000000000e+00 6.500000000000000000e+01 1.260492000000000007e+04 2.069675278642746889e+03 4.059356135224474201e+03 0.000000000000000000e+00 9.395262971640988781e+00 4.600000000000000200e-01
3.449424700000000000e+07 1.000000000000000000e+00 6.500000000000000000e+01 1.260711000000000058e+04 2.069733278642746882e+03 4.061376135224474638e+03 0.000000000000000000e+00 9.257746990263022724e+00 9.199999999999999845e-02
3.449360900000000000e+07 1.000000000000000000e+00 6.600000000000000000e+01 1.261806999999999971e+04 2.076938278642746809e+03 4.073226135224475001e+03 0.000000000000000000e+00 4.874341265736429563e+00 8.220000000000000639e+00
3.449360900000000000e+07 1.000000000000000000e+00 6.600000000000000000e+01 1.261806999999999971e+04 2.076938278642746809e+03 4.073226135224475001e+03 0.000000000000000000e+00 4.874341265736429563e+00 1.102419999999999956e+00
3.352678700000000000e+07 1.000000000000000000e+00 6.500000000000000000e+01 1.071085000000000036e+04 2.281516278642746329e+03 3.862296135224474710e+03 0.000000000000000000e+00 1.670832859897679157e+00 5.272700000000000387e+00
3.346457200000000000e+07 1.000000000000000000e+00 6.600000000000000000e+01 1.046006999999999971e+04 2.253301278642746183e+03 3.853846135224473983e+03 0.000000000000000000e+00 7.631136183108055526e+00 4.169999999999999818e-01
3.346457200000000000e+07 1.000000000000000000e+00 6.600000000000000000e+01 1.045979000000000087e+04 2.251607278642746678e+03 3.852256135224473837e+03 0.000000000000000000e+00 8.006710372536666398e+00 6.099999999999999867e-02
3.346465600000000000e+07 0.000000000000000000e+00 6.600000000000000000e+01 1.044897000000000116e+04 2.242424278642746685e+03 3.854206135224474565e+03 0.000000000000000000e+00 3.554255007749278494e+00 4.169999999999999818e-01
3.346465700000000000e+07 1.000000000000000000e+00 6.600000000000000000e+01 1.044929000000000087e+04 2.247708278642746336e+03 3.847506135224473837e+03 0.000000000000000000e+00 2.469508159871610875e+00 1.000000000000000021e-02
3.346457300000000000e+07 1.000000000000000000e+00 6.600000000000000000e+01 1.044854000000000087e+04 2.252871278642746802e+03 3.844816135224475147e+03 0.000000000000000000e+00 7.494620662576351400e+00 6.099999999999999867e-02
3.346457300000000000e+07 1.000000000000000000e+00 6.600000000000000000e+01 1.044854000000000087e+04 2.252871278642746802e+03 3.844816135224475147e+03 0.000000000000000000e+00 7.494620662576351400e+00 7.348250000000000171e+00
2.283890400000000000e+07 1.000000000000000000e+00 6.600000000000000000e+01 5.633809999999999491e+03 2.376322278642746824e+03 2.754594135224474485e+03 0.000000000000000000e+00 3.574441523530913933e+00 1.339000000000000057e+01
2.283890600000000000e+07 1.000000000000000000e+00 6.600000000000000000e+01 5.639529999999999745e+03 2.380511278642746220e+03 2.748090135224474579e+03 0.000000000000000000e+00 7.224038714206892919e+00 6.099999999999999867e-02
2.284017400000000000e+07 1.000000000000000000e+00 6.500000000000000000e+01 5.648399999999999636e+03 2.353905278642746453e+03 2.762006135224474747e+03 0.000000000000000000e+00 9.289585339812807874e+00 1.078999999999999915e+01
2.284026200000000000e+07 1.000000000000000000e+00 6.600000000000000000e+01 5.634350000000000364e+03 2.361183278642746700e+03 2.798599135224474594e+03 0.000000000000000000e+00 3.791902539610402911e+00 2.400000000000000050e-02
2.284026500000000000e+07 1.000000000000000000e+00 6.500000000000000000e+01 5.631899999999999636e+03 2.363100278642747071e+03 2.803744135224475031e+03 0.000000000000000000e+00 3.541196891941739366e+00 6.099999999999999867e-02
2.284017000000000000e+07 1.000000000000000000e+00 6.600000000000000000e+01 5.647479999999999563e+03 2.352524278642747049e+03 2.765513135224474354e+03 0.000000000000000000e+00 9.514501525843760632e+00 6.099999999999999867e-02
2.283890500000000000e+07 1.000000000000000000e+00 6.600000000000000000e+01 5.634380000000000109e+03 2.381978278642746773e+03 2.754876135224474638e+03 0.000000000000000000e+00 4.875398559506757046e+00 1.000000000000000000e+01
2.239184400000000000e+07 0.000000000000000000e+00 6.500000000000000000e+01 4.572640000000000327e+03 2.432699278642746322e+03 2.561290335224474802e+03 1.000000000000000000e+00 8.425433844299631270e-01 1.290000000000000000e+02
2.282157700000000000e+07 0.000000000000000000e+00 6.500000000000000000e+01 4.110879999999999200e+03 2.479349778642746969e+03 2.679372135224474732e+03 1.000000000000000000e+00 2.318477584997294727e+00 1.290000000000000000e+02
2.239185400000000000e+07 0.000000000000000000e+00 6.600000000000000000e+01 4.597210000000000036e+03 2.415015278642747035e+03 2.566043135224475009e+03 1.000000000000000000e+00 2.725322688872227506e+00 1.290000000000000000e+02
2.239193000000000000e+07 0.000000000000000000e+00 6.600000000000000000e+01 4.559180000000000291e+03 2.395555278642746998e+03 2.569346135224474892e+03 1.000000000000000000e+00 2.580199815507476124e+00 1.290000000000000000e+02
1.663306400000000000e+07 1.000000000000000000e+00 6.600000000000000000e+01 8.852850000000000364e+03 9.682562786427461106e+02 1.743483135224474609e+03 1.000000000000000000e+00 8.449458460798244808e-01 1.290000000000000000e+02
2.282157800000000000e+07 1.000000000000000000e+00 6.500000000000000000e+01 4.106159999999999854e+03 2.474613478642746486e+03 2.686384135224474448e+03 1.000000000000000000e+00 8.122207964209273712e-01 1.290000000000000000e+02
2.282030400000000000e+07 0.000000000000000000e+00 6.600000000000000000e+01 4.133280000000000655e+03 2.473090178642746650e+03 2.674554135224474521e+03 1.000000000000000000e+00 9.294539757081774489e-01 1.290000000000000000e+02
