7.080056500000000000e+07 1.000000000000000000e+00 6.600000000000000000e+01 1.033561293805849709e+04 1.306480592623105258e+04 8.396629999999999200e+03 0.000000000000000000e+00 4.699321066307321715e+00 1.339000000000000057e+01
7.621459000000000000e+07 1.000000000000000000e+00 6.500000000000000000e+01 1.035379993805849881e+04 1.307288432623105473e+04 8.804409999999999854e+03 0.000000000000000000e+00 8.180221573126162937e+00 1.078999999999999915e+01
1.045004540000000000e+08 1.000000000000000000e+00 6.600000000000000000e+01 1.043842593805849901e+04 1.274382902623105474e+04 1.215838999999999942e+04 0.000000000000000000e+00 2.277724829297872677e+00 1.605000000000000071e+01
1.045004540000000000e+08 1.000000000000000000e+00 6.600000000000000000e+01 1.043493893805849802e+04 1.274110302623105417e+04 1.216032999999999993e+04 0.000000000000000000e+00 3.892278052909680319e+00 1.339000000000000057e+01
1.045004550000000000e+08 1.000000000000000000e+00 6.600000000000000000e+01 1.043354393805849759e+04 1.273803602623105326e+04 1.216368000000000029e+04 0.000000000000000000e+00 6.906180049009300603e+00 1.078999999999999915e+01
1.045004540000000000e+08 1.000000000000000000e+00 6.600000000000000000e+01 1.044074093805849770e+04 1.273636102623105398e+04 1.215931999999999971e+04 0.000000000000000000e+00 7.111090255496971935e+00 9.199999999999999845e-02
1.045012690000000000e+08 1.000000000000000000e+00 6.500000000000000000e+01 1.043149593805849872e+04 1.273423102623105297e+04 1.215609000000000015e+04 0.000000000000000000e+00 9.657154724316553640e+00 2.400000000000000050e-02
1.045012690000000000e+08 1.000000000000000000e+00 6.500000000000000000e+01 1.043388393805849773e+04 1.272969802623105352e+04 1.215709000000000015e+04 0.000000000000000000e+00 9.740938308296996695e+00 2.400000000000000050e-02
1.045012670000000000e+08 1.000000000000000000e+00 6.500000000000000000e+01 1.045242593805849901e+04 1.271929202623105448e+04 1.214404000000000087e+04 0.000000000000000000e+00 9.339126364414813253e+00 9.199999999999999845e-02
1.045012670000000000e+08 1.000000000000000000e+00 6.500000000000000000e+01 1.044843393805849701e+04 1.272347102623105457e+04 1.214127999999999884e+04 0.000000000000000000e+00 4.367166806996355177e+00 4.169999999999999818e-01
1.045012670000000000e+08 1.000000000000000000e+00 6.500000000000000000e+01 1.044625493805849874e+04 1.273126402623105423e+04 1.213967000000000007e+04 0.000000000000000000e+00 2.598361399497122193e+00 9.199999999999999845e-02
1.045012670000000000e+08 1.000000000000000000e+00 6.500000000000000000e+01 1.044383093805849785e+04 1.273211402623105459e+04 1.214218999999999869e+04 0.000000000000000000e+00 3.810476354419397360e+00 9.199999999999999845e-02
1.045012670000000000e+08 1.000000000000000000e+00 6.500000000000000000e+01 1.044410293805849869e+04 1.273269802623105352e+04 1.214286000000000058e+04 0.000000000000000000e+00 4.567078605551158965e+00 9.199999999999999845e-02
1.045012650000000000e+08 1.000000000000000000e+00 6.600000000000000000e+01 1.044794093805849843e+04 1.273631202623105492e+04 1.214420999999999913e+04 0.000000000000000000e+00 4.559362043198636805e+00 8.349999999999999645e-01
1.045012650000000000e+08 1.000000000000000000e+00 6.600000000000000000e+01 1.044794093805849843e+04 1.273631202623105492e+04 1.214420999999999913e+04 0.000000000000000000e+00 4.559362043198636805e+00 6.931739999999999569e+00
1.045004550000000000e+08 1.000000000000000000e+00 6.600000000000000000e+01 1.043354393805849759e+04 1.273803602623105326e+04 1.216368000000000029e+04 0.000000000000000000e+00 6.906180049009300603e+00 6.656279999999999752e+00
1.045012650000000000e+08 1.000000000000000000e+00 6.600000000000000000e+01 1.043581793805849884e+04 1.274305902623105430e+04 1.214934999999999854e+04 0.000000000000000000e+00 9.496128376587314790e+00 4.169999999999999818e-01
1.045012640000000000e+08 1.000000000000000000e+00 6.600000000000000000e+01 1.044619793805849804e+04 1.274554702623105368e+04 1.215218000000000029e+04 0.000000000000000000e+00 7.823342837536933381e+00 9.199999999999999845e-02
1.045012640000000000e+08 1.000000000000000000e+00 6.600000000000000000e+01 1.044738493805849794e+04 1.274258602623105253e+04 1.215319000000000051e+04 0.000000000000000000e+00 8.752794443160583526e+00 9.199999999999999845e-02
1.045012640000000000e+08 1.000000000000000000e+00 6.600000000000000000e+01 1.045080593805849821e+04 1.273443802623105512e+04 1.214631000000000131e+04 0.000000000000000000e+00 7.104849689622458442e+00 9.199999999999999845e-02
1.045012610000000000e+08 1.000000000000000000e+00 6.500000000000000000e+01 1.045134193805849827e+04 1.275347802623105417e+04 1.212310000000000036e+04 0.000000000000000000e+00 7.865209589599108320e+00 4.169999999999999818e-01
1.045012610000000000e+08 1.000000000000000000e+00 6.500000000000000000e+01 1.045134193805849827e+04 1.275347802623105417e+04 1.212310000000000036e+04 0.000000000000000000e+00 7.865209589599108320e+00 7.234289999999999665e+00
7.621532000000000000e+07 1.000000000000000000e+00 6.600000000000000000e+01 1.037001293805849855e+04 1.307910022623105397e+04 8.869659999999999854e+03 0.000000000000000000e+00 9.627756424521292544e+00 8.349999999999999645e-01
7.621459000000000000e+07 1.000000000000000000e+00 6.500000000000000000e+01 1.035379993805849881e+04 1.307288432623105473e+04 8.804409999999999854e+03 0.000000000000000000e+00 8.180221573126162937e+00 6.880969999999999587e+00
7.080056500000000000e+07 1.000000000000000000e+00 6.600000000000000000e+01 1.033561293805849709e+04 1.306480592623105258e+04 8.396629999999999200e+03 0.000000000000000000e+00 4.699321066307321715e+00 2.593179999999999819e+00
4.263988100000000000e+07 1.000000000000000000e+00 6.600000000000000000e+01 9.448984938058498301e+03 1.318843562623105390e+04 5.150600000000000364e+03 1.000000000000000000e+00 6.520230211200015447e-01 7.400000000000000000e+01
3.132916800000000000e+07 0.000000000000000000e+00 6.600000000000000000e+01 9.358091938058498272e+03 1.307770332623105423e+04 3.674589999999999691e+03 1.000000000000000000e+00 2.081655400069640560e+00 7.400000000000000000e+01
