4.105815900000000000e+07 1.000000000000000000e+00 6.500000000000000000e+01 8.479372081003986750e+03 5.765503937159835914e+03 4.733449999999999818e+03 0.000000000000000000e+00 7.784199677592328115e+00 1.078999999999999915e+01
1.116986010000000000e+08 1.000000000000000000e+00 6.600000000000000000e+01 6.251045081003987434e+03 7.230488937159835586e+03 1.310681000000000131e+04 0.000000000000000000e+00 6.136222852196702604e+00 1.339000000000000057e+01
1.116986000000000000e+08 1.000000000000000000e+00 6.600000000000000000e+01 6.248845081003986706e+03 7.235377937159835710e+03 1.311186999999999898e+04 0.000000000000000000e+00 3.304876201399531421e+00 9.199999999999999845e-02
1.116986000000000000e+08 1.000000000000000000e+00 6.600000000000000000e+01 6.248625081003987361e+03 7.238502937159835710e+03 1.311211999999999898e+04 0.000000000000000000e+00 1.914928540127566636e+00 1.078999999999999915e+01
1.116986000000000000e+08 1.000000000000000000e+00 6.600000000000000000e+01 6.248885081003987580e+03 7.243315937159835812e+03 1.311127000000000044e+04 0.000000000000000000e+00 4.675527125600734024e+00 1.078999999999999915e+01
1.116986000000000000e+08 1.000000000000000000e+00 6.600000000000000000e+01 6.248885081003987580e+03 7.243315937159835812e+03 1.311127000000000044e+04 0.000000000000000000e+00 4.675527125600734024e+00 2.494850000000000012e+00
1.116986000000000000e+08 1.000000000000000000e+00 6.600000000000000000e+01 6.248885081003987580e+03 7.243315937159835812e+03 1.311127000000000044e+04 0.000000000000000000e+00 4.675527125600734024e+00 4.569489999999999941e-01
1.116986000000000000e+08 1.000000000000000000e+00 6.600000000000000000e+01 6.248625081003987361e+03 7.238502937159835710e+03 1.311211999999999898e+04 0.000000000000000000e+00 1.914928540127566636e+00 1.310840000000000005e+00
4.105815700000000000e+07 0.000000000000000000e+00 6.500000000000000000e+01 8.461886081003987783e+03 5.765799937159835281e+03 4.737130000000000109e+03 0.000000000000000000e+00 2.900663803199394319e+00 9.199999999999999845e-02
4.105816000000000000e+07 1.000000000000000000e+00 6.500000000000000000e+01 8.467308081003986445e+03 5.770270937159835739e+03 4.748699999999999818e+03 0.000000000000000000e+00 5.164940449768054442e+00 9.199999999999999845e-02
4.105816000000000000e+07 1.000000000000000000e+00 6.500000000000000000e+01 8.466851081003987929e+03 5.768242937159835492e+03 4.747979999999999563e+03 0.000000000000000000e+00 6.341357716744707496e+00 6.099999999999999867e-02
4.105815700000000000e+07 1.000000000000000000e+00 6.600000000000000000e+01 8.465600081003987725e+03 5.766034937159835863e+03 4.746229999999999563e+03 0.000000000000000000e+00 6.415756598168007585e+00 5.000000000000000000e-01
4.105815700000000000e+07 1.000000000000000000e+00 6.600000000000000000e+01 8.465489081003986939e+03 5.765320937159835921e+03 4.745680000000000291e+03 0.000000000000000000e+00 6.268428501609946579e+00 9.199999999999999845e-02
4.105815300000000000e+07 0.000000000000000000e+00 6.500000000000000000e+01 8.450872081003986750e+03 5.755715937159835448e+03 4.746319999999999709e+03 0.000000000000000000e+00 5.796180244478932764e+00 4.169999999999999818e-01
4.105814900000000000e+07 1.000000000000000000e+00 6.500000000000000000e+01 8.452306081003986037e+03 5.749703937159835732e+03 4.727680000000000291e+03 0.000000000000000000e+00 4.287131064831387839e+00 8.349999999999999645e-01
4.105814900000000000e+07 1.000000000000000000e+00 6.500000000000000000e+01 8.451898081003986590e+03 5.741337937159835747e+03 4.727930000000000291e+03 0.000000000000000000e+00 5.205799123037720300e+00 2.400000000000000050e-02
4.105814900000000000e+07 1.000000000000000000e+00 6.500000000000000000e+01 8.448478081003988336e+03 5.743388937159835223e+03 4.727399999999999636e+03 0.000000000000000000e+00 3.125712858180707876e+00 9.199999999999999845e-02
4.105814900000000000e+07 1.000000000000000000e+00 6.500000000000000000e+01 8.447054081003987449e+03 5.743728937159835368e+03 4.726559999999999491e+03 0.000000000000000000e+00 3.921275843540077854e+00 2.400000000000000050e-02
4.105814800000000000e+07 1.000000000000000000e+00 6.500000000000000000e+01 8.441174081003988249e+03 5.740348937159835259e+03 4.729199999999999818e+03 0.000000000000000000e+00 6.392492766733480103e+00 2.400000000000000050e-02
4.105814800000000000e+07 1.000000000000000000e+00 6.500000000000000000e+01 8.440784081003987012e+03 5.740574937159835827e+03 4.726579999999999927e+03 0.000000000000000000e+00 7.009051874959416395e+00 4.169999999999999818e-01
4.105814800000000000e+07 1.000000000000000000e+00 6.500000000000000000e+01 8.439514081003988395e+03 5.745063937159835405e+03 4.724610000000000582e+03 0.000000000000000000e+00 6.017431034647584553e+00 9.199999999999999845e-02
4.105814700000000000e+07 1.000000000000000000e+00 6.500000000000000000e+01 8.437098081003987318e+03 5.748205937159835230e+03 4.725940000000000509e+03 0.000000000000000000e+00 4.091738362281166275e+00 9.199999999999999845e-02
4.105814700000000000e+07 1.000000000000000000e+00 6.500000000000000000e+01 8.437098081003987318e+03 5.748205937159835230e+03 4.725940000000000509e+03 0.000000000000000000e+00 4.091738362281166275e+00 7.316200000000000259e+00
9.469518600000000000e+07 0.000000000000000000e+00 6.500000000000000000e+01 8.742494081003987958e+03 6.448587937159835747e+03 1.120851000000000022e+04 1.000000000000000000e+00 2.588336174393540912e+00 4.600000000000000000e+01
9.469518900000000000e+07 0.000000000000000000e+00 6.500000000000000000e+01 8.738596081003986910e+03 6.437684937159835499e+03 1.120673999999999978e+04 1.000000000000000000e+00 9.282899055707243274e-01 4.600000000000000000e+01
5.808473800000000000e+07 0.000000000000000000e+00 6.500000000000000000e+01 8.792579081003987085e+03 6.867141937159835834e+03 6.785122999999999593e+03 1.000000000000000000e+00 2.488411835341449052e+00 4.600000000000000000e+01
