5.608692100000000000e+07 1.000000000000000000e+00 6.600000000000000000e+01 1.019501963133879690e+04 2.652909999999999854e+03 6.444364279023555355e+03 0.000000000000000000e+00 5.744923702515816188e+00 1.605000000000000071e+01
5.382340700000000000e+07 1.000000000000000000e+00 6.500000000000000000e+01 1.006405113133879786e+04 1.123735000000000036e+04 6.392502579023554972e+03 0.000000000000000000e+00 9.705450053175882275e+00 1.078999999999999915e+01
5.382340800000000000e+07 1.000000000000000000e+00 6.500000000000000000e+01 1.005813013133879940e+04 1.124075000000000000e+04 6.407240879023554953e+03 0.000000000000000000e+00 8.473830734769911999e+00 1.124000000000000021e+01
5.382340800000000000e+07 1.000000000000000000e+00 6.500000000000000000e+01 1.005813013133879940e+04 1.124075000000000000e+04 6.407240879023554953e+03 0.000000000000000000e+00 8.473830734769911999e+00 1.572160000000000002e+00
5.474311200000000000e+07 1.000000000000000000e+00 6.500000000000000000e+01 1.008523713133879937e+04 1.091962999999999920e+04 6.398073679023555087e+03 0.000000000000000000e+00 6.137922898434154284e+00 9.199999999999999845e-02
5.474310900000000000e+07 1.000000000000000000e+00 6.600000000000000000e+01 1.008029213133879784e+04 1.091248999999999978e+04 6.398611479023555148e+03 0.000000000000000000e+00 9.956771189601250072e+00 6.099999999999999867e-02
5.474310800000000000e+07 1.000000000000000000e+00 6.600000000000000000e+01 1.007837113133879757e+04 1.090915999999999985e+04 6.397840979023555519e+03 0.000000000000000000e+00 9.618365165054491683e+00 9.199999999999999845e-02
5.474310800000000000e+07 1.000000000000000000e+00 6.600000000000000000e+01 1.007013813133879739e+04 1.091893000000000029e+04 6.406852579023555336e+03 0.000000000000000000e+00 1.417107700667210368e+00 2.400000000000000050e-02
5.474310800000000000e+07 1.000000000000000000e+00 6.600000000000000000e+01 1.007002313133879943e+04 1.091921999999999935e+04 6.406743979023554857e+03 0.000000000000000000e+00 1.731017476355225293e+00 6.099999999999999867e-02
5.474310900000000000e+07 0.000000000000000000e+00 6.600000000000000000e+01 1.007408113133879851e+04 1.092231000000000131e+04 6.412117579023555663e+03 0.000000000000000000e+00 1.458244758654736017e+00 4.169999999999999818e-01
5.474310600000000000e+07 1.000000000000000000e+00 6.600000000000000000e+01 1.006558613133879771e+04 1.092235000000000036e+04 6.407199879023555695e+03 0.000000000000000000e+00 2.769569544337576517e+00 6.099999999999999867e-02
5.474310700000000000e+07 1.000000000000000000e+00 6.600000000000000000e+01 1.006851213133879719e+04 1.092001000000000022e+04 6.405468679023555524e+03 0.000000000000000000e+00 2.043183065554234457e+00 9.199999999999999845e-02
5.474310700000000000e+07 1.000000000000000000e+00 6.600000000000000000e+01 1.006889413133879862e+04 1.091970000000000073e+04 6.405242679023554956e+03 0.000000000000000000e+00 2.077879511320944061e+00 2.039999999999999869e-01
5.474311000000000000e+07 1.000000000000000000e+00 6.500000000000000000e+01 1.007035613133879815e+04 1.092813999999999942e+04 6.399747979023555672e+03 0.000000000000000000e+00 8.586850426348771492e+00 9.199999999999999845e-02
5.474147300000000000e+07 1.000000000000000000e+00 6.600000000000000000e+01 1.005724813133879798e+04 1.095143000000000029e+04 6.407856179023555342e+03 0.000000000000000000e+00 9.793819462246331042e+00 2.039999999999999869e-01
5.474147300000000000e+07 1.000000000000000000e+00 6.600000000000000000e+01 1.006155413133879847e+04 1.096072000000000116e+04 6.413150179023555211e+03 0.000000000000000000e+00 1.829326312840079627e+00 9.199999999999999845e-02
5.474147300000000000e+07 1.000000000000000000e+00 6.600000000000000000e+01 1.006155413133879847e+04 1.096072000000000116e+04 6.413150179023555211e+03 0.000000000000000000e+00 1.829326312840079627e+00 7.367110000000000269e+00
5.608740300000000000e+07 1.000000000000000000e+00 6.600000000000000000e+01 1.020052783133879711e+04 2.658550000000000182e+03 6.453053679023555560e+03 0.000000000000000000e+00 3.339663721894909454e+00 9.199999999999999845e-02
5.608674200000000000e+07 1.000000000000000000e+00 6.500000000000000000e+01 1.020343723133879757e+04 2.659789999999999964e+03 6.457104679023555036e+03 0.000000000000000000e+00 1.821519248616633613e+00 9.199999999999999845e-02
5.608569800000000000e+07 1.000000000000000000e+00 6.500000000000000000e+01 1.020437773133879818e+04 2.668969999999999345e+03 6.458219679023554818e+03 0.000000000000000000e+00 3.525398282431151831e+00 9.199999999999999845e-02
5.608569800000000000e+07 1.000000000000000000e+00 6.500000000000000000e+01 1.020384633133879834e+04 2.671109999999999673e+03 6.463921679023555043e+03 0.000000000000000000e+00 2.587348664373568585e+00 6.099999999999999867e-02
5.608656300000000000e+07 1.000000000000000000e+00 6.600000000000000000e+01 1.020387863133879728e+04 2.679699999999999818e+03 6.463232679023555647e+03 0.000000000000000000e+00 3.879581606865969423e+00 8.220000000000000639e+00
5.608656300000000000e+07 1.000000000000000000e+00 6.600000000000000000e+01 1.020387863133879728e+04 2.679699999999999818e+03 6.463232679023555647e+03 0.000000000000000000e+00 3.879581606865969423e+00 2.521980000000000111e+00
5.610047900000000000e+07 1.000000000000000000e+00 6.500000000000000000e+01 1.024812143133879727e+04 1.164720000000000255e+03 6.409673079023555147e+03 0.000000000000000000e+00 8.277423868761879078e+00 2.400000000000000050e-02
5.610047900000000000e+07 1.000000000000000000e+00 6.500000000000000000e+01 1.024318293133879706e+04 1.165659999999999854e+03 6.407977779023554831e+03 0.000000000000000000e+00 9.169136567452319753e+00 4.600000000000000200e-01
5.610152800000000000e+07 1.000000000000000000e+00 6.600000000000000000e+01 1.022253053133879803e+04 1.145580000000000837e+03 6.404308879023555164e+03 0.000000000000000000e+00 6.270537507731534177e+00 2.400000000000000050e-02
5.610152800000000000e+07 1.000000000000000000e+00 6.600000000000000000e+01 1.022269913133879891e+04 1.145859999999999673e+03 6.403459679023555509e+03 0.000000000000000000e+00 6.607850527192009160e+00 9.199999999999999845e-02
5.610152800000000000e+07 1.000000000000000000e+00 6.600000000000000000e+01 1.022321063133879943e+04 1.146710000000000036e+03 6.400883879023554982e+03 0.000000000000000000e+00 8.183731441192652056e+00 4.169999999999999818e-01
5.610152800000000000e+07 1.000000000000000000e+00 6.600000000000000000e+01 1.022321063133879943e+04 1.146710000000000036e+03 6.400883879023554982e+03 0.000000000000000000e+00 8.183731441192652056e+00 7.366579999999999906e+00
