4.234622800000000000e+07 1.000000000000000000e+00 6.600000000000000000e+01 1.188337791806559289e+04 1.393836247472010837e+04 4.814289999999999964e+03 0.000000000000000000e+00 9.940104851423543053e+00 3.229999999999999716e+01
4.234712000000000000e+07 1.000000000000000000e+00 6.600000000000000000e+01 1.188973115806559326e+04 1.393580715472010888e+04 4.853760000000000218e+03 0.000000000000000000e+00 8.518566339078441629e+00 9.199999999999999845e-02
4.234712000000000000e+07 1.000000000000000000e+00 6.600000000000000000e+01 1.189081321806559208e+04 1.393285422472010760e+04 4.855960000000000036e+03 0.000000000000000000e+00 9.076023823978196958e+00 1.078999999999999915e+01
4.234712200000000000e+07 1.000000000000000000e+00 6.600000000000000000e+01 1.190229553806559306e+04 1.392595780472010847e+04 4.862909999999999854e+03 0.000000000000000000e+00 5.527843862163934752e+00 2.039999999999999869e-01
4.234712200000000000e+07 1.000000000000000000e+00 6.600000000000000000e+01 1.190466713806559346e+04 1.392575560472010875e+04 4.861520000000000437e+03 0.000000000000000000e+00 5.740489527300030481e+00 9.199999999999999845e-02
4.234712000000000000e+07 1.000000000000000000e+00 6.600000000000000000e+01 1.189065301806559364e+04 1.393238203472010900e+04 4.854059999999999491e+03 0.000000000000000000e+00 9.532886301120493400e+00 2.400000000000000050e-02
4.234712000000000000e+07 1.000000000000000000e+00 6.600000000000000000e+01 1.189064619806559313e+04 1.393250020472010874e+04 4.853809999999999491e+03 0.000000000000000000e+00 9.489267352790600185e+00 2.400000000000000050e-02
4.234712000000000000e+07 1.000000000000000000e+00 6.600000000000000000e+01 1.189261743806559389e+04 1.393507577472010962e+04 4.849299999999999272e+03 0.000000000000000000e+00 8.525542314293788948e+00 1.000000000000000000e+01
4.234712000000000000e+07 1.000000000000000000e+00 6.600000000000000000e+01 1.189261743806559389e+04 1.393507577472010962e+04 4.849299999999999272e+03 0.000000000000000000e+00 8.525542314293788948e+00 4.226560000000000095e+00
4.234622400000000000e+07 0.000000000000000000e+00 6.600000000000000000e+01 1.186461223806559428e+04 1.394957520472010947e+04 4.802840000000000146e+03 1.000000000000000000e+00 2.661335661372193684e+00 6.000000000000000000e+00
