8.454302200000000000e+07 1.000000000000000000e+00 6.500000000000000000e+01 6.469000318709005114e+03 1.373562695838224499e+03 9.888959999999999127e+03 0.000000000000000000e+00 8.230763489714053804e+00 1.605000000000000071e+01
8.510855800000000000e+07 1.000000000000000000e+00 6.500000000000000000e+01 6.515004318709004110e+03 1.357093695838224448e+03 1.015395999999999913e+04 0.000000000000000000e+00 4.646239349898372950e+00 1.078999999999999915e+01
1.077324030000000000e+08 1.000000000000000000e+00 6.500000000000000000e+01 6.676874318709004910e+03 1.054164695838224361e+03 1.275056999999999971e+04 0.000000000000000000e+00 6.001958332268849894e+00 6.099999999999999867e-02
1.077324010000000000e+08 1.000000000000000000e+00 6.500000000000000000e+01 6.662738318709004488e+03 1.059676695838224077e+03 1.274063999999999942e+04 0.000000000000000000e+00 7.257681516865436500e+00 6.099999999999999867e-02
1.077324020000000000e+08 1.000000000000000000e+00 6.500000000000000000e+01 6.666420318709005187e+03 1.054341695838224041e+03 1.273587000000000080e+04 0.000000000000000000e+00 9.216013436369589584e+00 6.099999999999999867e-02
1.077324080000000000e+08 1.000000000000000000e+00 6.600000000000000000e+01 6.673723318709005071e+03 1.081999695838224397e+03 1.274922000000000116e+04 0.000000000000000000e+00 8.963079683785860396e+00 5.000000000000000000e-01
1.077324080000000000e+08 1.000000000000000000e+00 6.600000000000000000e+01 6.667378318709003906e+03 1.073055695838223983e+03 1.274925000000000000e+04 0.000000000000000000e+00 5.736724946488664933e-01 9.199999999999999845e-02
1.077324070000000000e+08 1.000000000000000000e+00 6.600000000000000000e+01 6.669584318709004037e+03 1.070722695838224354e+03 1.274297999999999956e+04 0.000000000000000000e+00 2.579679838192869834e+00 2.400000000000000050e-02
1.077324070000000000e+08 1.000000000000000000e+00 6.600000000000000000e+01 6.671416318709004372e+03 1.069961695838223932e+03 1.274664999999999964e+04 0.000000000000000000e+00 3.093965732128671764e+00 2.400000000000000050e-02
1.077324080000000000e+08 1.000000000000000000e+00 6.600000000000000000e+01 6.671772318709004139e+03 1.073293695838224266e+03 1.274577000000000044e+04 0.000000000000000000e+00 2.358408506587862608e+00 2.400000000000000050e-02
9.019834500000000000e+07 1.000000000000000000e+00 6.500000000000000000e+01 6.595180318709003586e+03 1.259472695838224354e+03 1.052000000000000000e+04 0.000000000000000000e+00 7.467582512141683004e+00 2.400000000000000050e-02
9.019834500000000000e+07 1.000000000000000000e+00 6.500000000000000000e+01 6.596648318709004343e+03 1.261893695838223721e+03 1.051776000000000022e+04 0.000000000000000000e+00 4.711007025275150362e+00 2.400000000000000050e-02
9.019834500000000000e+07 1.000000000000000000e+00 6.500000000000000000e+01 6.596352318709004066e+03 1.264995695838224492e+03 1.051711000000000058e+04 0.000000000000000000e+00 3.887501515712456168e+00 9.199999999999999845e-02
9.019834100000000000e+07 1.000000000000000000e+00 6.500000000000000000e+01 6.629907318709004358e+03 1.254883695838224412e+03 1.051059000000000015e+04 0.000000000000000000e+00 5.849038740698988548e+00 9.199999999999999845e-02
9.019834100000000000e+07 1.000000000000000000e+00 6.500000000000000000e+01 6.629807318709003994e+03 1.253678695838224485e+03 1.051222999999999956e+04 0.000000000000000000e+00 6.470153899117526031e+00 7.415110000000000312e+00
8.510855800000000000e+07 1.000000000000000000e+00 6.500000000000000000e+01 6.514857318709005085e+03 1.357438695838223794e+03 1.015372999999999956e+04 0.000000000000000000e+00 4.347647217113776108e+00 9.199999999999999845e-02
8.510770700000000000e+07 1.000000000000000000e+00 6.600000000000000000e+01 6.521164318709003965e+03 1.359331695838223823e+03 1.016747999999999956e+04 0.000000000000000000e+00 5.654109329017236618e+00 6.099999999999999867e-02
8.510856200000000000e+07 1.000000000000000000e+00 6.600000000000000000e+01 6.513651318709004954e+03 1.355457695838224026e+03 1.016804000000000087e+04 0.000000000000000000e+00 3.250452451078022165e+00 2.400000000000000050e-02
8.510856200000000000e+07 1.000000000000000000e+00 6.600000000000000000e+01 6.512924318709004183e+03 1.355786695838223750e+03 1.016795999999999913e+04 0.000000000000000000e+00 2.813939657378420556e+00 8.220000000000000639e+00
8.510770600000000000e+07 1.000000000000000000e+00 6.600000000000000000e+01 6.532741318709005100e+03 1.364372695838223990e+03 1.016603000000000065e+04 0.000000000000000000e+00 7.724833076261387710e+00 9.199999999999999845e-02
8.510770600000000000e+07 1.000000000000000000e+00 6.600000000000000000e+01 6.532592318709003848e+03 1.364529695838224143e+03 1.016469000000000051e+04 0.000000000000000000e+00 7.470351676729801049e+00 9.199999999999999845e-02
8.510770600000000000e+07 1.000000000000000000e+00 6.600000000000000000e+01 6.529952318709004430e+03 1.364509695838223706e+03 1.016738999999999942e+04 0.000000000000000000e+00 8.443341729252232142e+00 9.199999999999999845e-02
8.510770100000000000e+07 1.000000000000000000e+00 6.500000000000000000e+01 6.530590318709005260e+03 1.361673695838224376e+03 1.017106999999999971e+04 0.000000000000000000e+00 6.139784838419026336e+00 9.199999999999999845e-02
8.510770400000000000e+07 0.000000000000000000e+00 6.500000000000000000e+01 6.526017318709004940e+03 1.352319695838224106e+03 1.017438000000000102e+04 0.000000000000000000e+00 8.381471293934407152e-01 2.400000000000000050e-02
8.510770300000000000e+07 0.000000000000000000e+00 6.500000000000000000e+01 6.522384318709005129e+03 1.353015695838224019e+03 1.017738000000000102e+04 0.000000000000000000e+00 1.105898837813529489e+00 2.039999999999999869e-01
8.510770300000000000e+07 1.000000000000000000e+00 6.500000000000000000e+01 6.516492318709005303e+03 1.350780695838224347e+03 1.018182999999999993e+04 0.000000000000000000e+00 3.862070319928104567e+00 9.199999999999999845e-02
8.510856600000000000e+07 1.000000000000000000e+00 6.500000000000000000e+01 6.509635318709005332e+03 1.349017695838224427e+03 1.018350000000000000e+04 0.000000000000000000e+00 8.067063306982420912e+00 9.199999999999999845e-02
8.510849100000000000e+07 1.000000000000000000e+00 6.600000000000000000e+01 6.533846318709004663e+03 1.338696695838223604e+03 1.017915999999999985e+04 0.000000000000000000e+00 6.903664167471618818e+00 6.099999999999999867e-02
8.510849100000000000e+07 1.000000000000000000e+00 6.600000000000000000e+01 6.535896318709003936e+03 1.331115695838224383e+03 1.017914999999999964e+04 0.000000000000000000e+00 1.961833134896243891e+00 6.099999999999999867e-02
8.510770700000000000e+07 1.000000000000000000e+00 6.500000000000000000e+01 6.541297318709003775e+03 1.343001695838223895e+03 1.016932999999999993e+04 0.000000000000000000e+00 5.605456419109079214e+00 8.349999999999999645e-01
8.510762300000000000e+07 1.000000000000000000e+00 6.500000000000000000e+01 6.547506318709004518e+03 1.348445695838224310e+03 1.016621999999999935e+04 0.000000000000000000e+00 6.605854126286571315e+00 9.199999999999999845e-02
8.510762100000000000e+07 1.000000000000000000e+00 6.500000000000000000e+01 6.560661318709005172e+03 1.351785695838224456e+03 1.017179999999999927e+04 0.000000000000000000e+00 4.140976896118162998e+00 2.400000000000000050e-02
8.454302200000000000e+07 1.000000000000000000e+00 6.500000000000000000e+01 6.468932318709003994e+03 1.373127695838224099e+03 9.888299999999999272e+03 0.000000000000000000e+00 8.930574376820725746e+00 9.199999999999999845e-02
8.454309200000000000e+07 1.000000000000000000e+00 6.500000000000000000e+01 6.452974318709005274e+03 1.378725695838224055e+03 9.869110000000000582e+03 0.000000000000000000e+00 8.365978666125631236e+00 2.039999999999999869e-01
8.454309200000000000e+07 1.000000000000000000e+00 6.500000000000000000e+01 6.449926318709004590e+03 1.380927695838224281e+03 9.868979999999999563e+03 0.000000000000000000e+00 4.663084629674520976e+00 1.260999999999999943e+01
8.454309200000000000e+07 1.000000000000000000e+00 6.500000000000000000e+01 6.449926318709004590e+03 1.380927695838224281e+03 9.868979999999999563e+03 0.000000000000000000e+00 4.663084629674520976e+00 2.989959999999999951e+00
9.639447700000000000e+07 0.000000000000000000e+00 6.600000000000000000e+01 4.965146318709004845e+03 5.079426958382246085e+02 1.148186999999999898e+04 1.000000000000000000e+00 2.594652207841453340e+00 1.120000000000000000e+02
9.639453500000000000e+07 0.000000000000000000e+00 6.600000000000000000e+01 4.913490318709004896e+03 4.922556958382238008e+02 1.150311999999999898e+04 1.000000000000000000e+00 2.332515668555894539e+00 1.120000000000000000e+02
