8.472873000000000000e+06 1.000000000000000000e+00 6.600000000000000000e+01 1.255053906775168252e+04 1.302774804232872339e+04 7.126699999999991633e+02 0.000000000000000000e+00 7.307545425677668405e+00 9.199999999999999845e-02
8.472868000000000000e+06 1.000000000000000000e+00 6.500000000000000000e+01 1.255122906775168303e+04 1.302775104232872400e+04 7.131099999999996726e+02 0.000000000000000000e+00 6.817549596383323696e+00 9.199999999999999845e-02
8.472869000000000000e+06 1.000000000000000000e+00 6.500000000000000000e+01 1.255035206775168263e+04 1.302482204232872391e+04 7.202799999999997453e+02 0.000000000000000000e+00 4.084146669158345233e+00 4.169999999999999818e-01
8.472869000000000000e+06 1.000000000000000000e+00 6.500000000000000000e+01 1.255187206775168306e+04 1.302274904232872359e+04 7.244200000000000728e+02 0.000000000000000000e+00 4.063510309200336401e+00 2.400000000000000050e-02
8.472869000000000000e+06 1.000000000000000000e+00 6.500000000000000000e+01 1.255187206775168306e+04 1.302274904232872359e+04 7.244200000000000728e+02 0.000000000000000000e+00 4.063510309200336401e+00 7.379010000000000069e+00
2.898216000000000000e+06 1.000000000000000000e+00 6.600000000000000000e+01 1.253973506775168244e+04 1.314898604232872458e+04 3.976300000000001091e+02 0.000000000000000000e+00 6.024732812782636948e+00 9.199999999999999845e-02
2.898216000000000000e+06 1.000000000000000000e+00 6.600000000000000000e+01 1.253883806775168341e+04 1.314671004232872474e+04 3.968600000000005821e+02 0.000000000000000000e+00 7.308606600339998316e+00 1.605000000000000071e+01
2.898217000000000000e+06 1.000000000000000000e+00 6.600000000000000000e+01 1.254584206775168241e+04 1.315250504232872481e+04 4.043999999999996362e+02 0.000000000000000000e+00 4.298352480337169546e+00 9.199999999999999845e-02
2.898220000000000000e+06 1.000000000000000000e+00 6.500000000000000000e+01 1.254480506775168396e+04 1.316479104232872487e+04 4.071599999999998545e+02 0.000000000000000000e+00 4.423646778797194479e+00 9.199999999999999845e-02
2.898220000000000000e+06 1.000000000000000000e+00 6.500000000000000000e+01 1.254633006775168178e+04 1.316388904232872301e+04 4.070500000000001819e+02 0.000000000000000000e+00 3.523865619625670575e+00 9.199999999999999845e-02
2.898221000000000000e+06 1.000000000000000000e+00 6.500000000000000000e+01 1.254394506775168338e+04 1.317171904232872475e+04 4.116100000000005821e+02 0.000000000000000000e+00 6.351468008383773345e+00 6.099999999999999867e-02
2.898216000000000000e+06 1.000000000000000000e+00 6.600000000000000000e+01 1.253981706775168277e+04 1.314745004232872452e+04 3.966700000000000728e+02 0.000000000000000000e+00 6.166203219392811796e+00 1.078999999999999915e+01
2.898216000000000000e+06 1.000000000000000000e+00 6.600000000000000000e+01 1.254002506775168149e+04 1.314790204232872384e+04 4.023500000000003638e+02 0.000000000000000000e+00 7.817609902824356638e+00 2.039999999999999869e-01
2.898216000000000000e+06 1.000000000000000000e+00 6.600000000000000000e+01 1.253981706775168277e+04 1.314745004232872452e+04 3.966700000000000728e+02 0.000000000000000000e+00 6.166203219392811796e+00 3.703170000000000073e+00
2.898221000000000000e+06 1.000000000000000000e+00 6.500000000000000000e+01 1.254792806775168356e+04 1.316033504232872474e+04 4.151499999999996362e+02 0.000000000000000000e+00 9.684698815332076549e+00 1.000000000000000000e+01
2.898221000000000000e+06 1.000000000000000000e+00 6.500000000000000000e+01 1.254792806775168356e+04 1.316033504232872474e+04 4.151499999999996362e+02 0.000000000000000000e+00 9.684698815332076549e+00 5.173449999999999882e+00
2.898224000000000000e+06 1.000000000000000000e+00 6.600000000000000000e+01 1.253008356775168249e+04 1.318176204232872442e+04 3.932600000000002183e+02 0.000000000000000000e+00 9.605967501682082244e+00 2.400000000000000050e-02
2.898407000000000000e+06 1.000000000000000000e+00 6.600000000000000000e+01 1.255463306775168166e+04 1.324031104232872531e+04 4.750300000000006548e+02 0.000000000000000000e+00 9.214714740681863248e+00 9.199999999999999845e-02
2.899390000000000000e+06 1.000000000000000000e+00 6.500000000000000000e+01 1.254866806775168152e+04 1.329180604232872429e+04 4.234200000000000728e+02 0.000000000000000000e+00 6.444240960132990637e+00 2.400000000000000050e-02
