4.309093000000000000e+06 1.000000000000000000e+00 6.500000000000000000e+01 4.122090645553171271e+03 6.408204874508230205e+03 4.010999999999994543e+02 0.000000000000000000e+00 1.119883025821938327e+00 1.339000000000000057e+01
6.354137300000000000e+07 0.000000000000000000e+00 6.600000000000000000e+01 4.065367645553171315e+03 6.399914374508230139e+03 7.429379299999999603e+03 0.000000000000000000e+00 6.293814243820065046e-01 1.078999999999999915e+01
7.218615400000000000e+07 0.000000000000000000e+00 6.600000000000000000e+01 4.048622245553171524e+03 6.399447954508230396e+03 8.442177999999999884e+03 0.000000000000000000e+00 9.209272459727920745e-01 1.339000000000000057e+01
7.218615400000000000e+07 0.000000000000000000e+00 6.600000000000000000e+01 4.048622245553171524e+03 6.399447954508230396e+03 8.442177999999999884e+03 0.000000000000000000e+00 9.209272459727920745e-01 7.105319999999999858e+00
6.354138000000000000e+07 1.000000000000000000e+00 6.600000000000000000e+01 4.056995845553171421e+03 6.413640034508230201e+03 7.425322799999999916e+03 0.000000000000000000e+00 3.413092055620215781e+00 2.039999999999999869e-01
6.354138000000000000e+07 1.000000000000000000e+00 6.600000000000000000e+01 4.057487945553170903e+03 6.420408574508230231e+03 7.427264600000000428e+03 0.000000000000000000e+00 2.953356894424941537e+00 6.099999999999999867e-02
6.353979200000000000e+07 1.000000000000000000e+00 6.600000000000000000e+01 4.058757845553171137e+03 6.422956374508230510e+03 7.423814400000000205e+03 0.000000000000000000e+00 5.361334257934884384e+00 9.199999999999999845e-02
6.353979200000000000e+07 1.000000000000000000e+00 6.600000000000000000e+01 4.059057545553171622e+03 6.424519374508230612e+03 7.419590199999999641e+03 0.000000000000000000e+00 1.592647416693026008e+00 2.400000000000000050e-02
6.353979200000000000e+07 0.000000000000000000e+00 6.600000000000000000e+01 4.059785845553171384e+03 6.424871074508229867e+03 7.414789899999999761e+03 0.000000000000000000e+00 1.342851021769095210e+00 9.199999999999999845e-02
6.353979200000000000e+07 0.000000000000000000e+00 6.600000000000000000e+01 4.063173445553171405e+03 6.423496774508230374e+03 7.411282400000000052e+03 0.000000000000000000e+00 5.741622544179010301e-01 2.400000000000000050e-02
6.354130100000000000e+07 1.000000000000000000e+00 6.500000000000000000e+01 4.058387945553171448e+03 6.423011074508230195e+03 7.411039200000000164e+03 0.000000000000000000e+00 1.009688884797127706e+00 9.199999999999999845e-02
6.353979000000000000e+07 0.000000000000000000e+00 6.500000000000000000e+01 4.054123745553170920e+03 6.419813474508229774e+03 7.408734999999999673e+03 0.000000000000000000e+00 2.092149365474356593e+00 2.400000000000000050e-02
6.353978800000000000e+07 0.000000000000000000e+00 6.600000000000000000e+01 4.049042745553171699e+03 6.413824984508230045e+03 7.410539700000000266e+03 0.000000000000000000e+00 2.129259218937188614e+00 6.099999999999999867e-02
6.353978700000000000e+07 1.000000000000000000e+00 6.600000000000000000e+01 4.047676445553171106e+03 6.408958940508230626e+03 7.410269599999999627e+03 0.000000000000000000e+00 1.214673881736616057e+00 9.199999999999999845e-02
6.353978700000000000e+07 1.000000000000000000e+00 6.600000000000000000e+01 4.049191045553171534e+03 6.410543224508230196e+03 7.410722399999999652e+03 0.000000000000000000e+00 1.878798225882182926e+00 9.199999999999999845e-02
6.354093100000000000e+07 1.000000000000000000e+00 6.500000000000000000e+01 4.024262445553171347e+03 6.436836974508230014e+03 7.389907000000000153e+03 0.000000000000000000e+00 2.595861670622604755e+00 2.400000000000000050e-02
6.354233900000000000e+07 0.000000000000000000e+00 6.500000000000000000e+01 4.009785645553170980e+03 6.443126174508230179e+03 7.385408999999999651e+03 0.000000000000000000e+00 8.634550841120417486e-01 6.099999999999999867e-02
6.354233900000000000e+07 0.000000000000000000e+00 6.500000000000000000e+01 4.009043645553171700e+03 6.444002574508230282e+03 7.385733000000000175e+03 0.000000000000000000e+00 4.906466150682791683e-01 9.199999999999999845e-02
6.354233400000000000e+07 1.000000000000000000e+00 6.500000000000000000e+01 3.995239645553171613e+03 6.434513374508230299e+03 7.374650999999999840e+03 0.000000000000000000e+00 7.912586850367576474e+00 9.199999999999999845e-02
6.354232900000000000e+07 1.000000000000000000e+00 6.600000000000000000e+01 3.990794645553170994e+03 6.433844774508230330e+03 7.373761999999999716e+03 0.000000000000000000e+00 8.801328484552437104e+00 6.099999999999999867e-02
6.354223800000000000e+07 1.000000000000000000e+00 6.600000000000000000e+01 3.994876645553171329e+03 6.412787244508230287e+03 7.356085000000000036e+03 0.000000000000000000e+00 8.966461859791143851e+00 2.039999999999999869e-01
6.354095800000000000e+07 1.000000000000000000e+00 6.500000000000000000e+01 3.990222645553170878e+03 6.388536174508230033e+03 7.363335000000000036e+03 0.000000000000000000e+00 4.751311797884591570e+00 8.349999999999999645e-01
6.354095800000000000e+07 1.000000000000000000e+00 6.500000000000000000e+01 3.988124645553170922e+03 6.385781674508230026e+03 7.358314999999999600e+03 0.000000000000000000e+00 5.277222114311200585e+00 2.400000000000000050e-02
6.354095800000000000e+07 1.000000000000000000e+00 6.500000000000000000e+01 3.989897645553171060e+03 6.380683374508230372e+03 7.358471999999999753e+03 0.000000000000000000e+00 4.633001437076941897e+00 6.099999999999999867e-02
6.354095800000000000e+07 0.000000000000000000e+00 6.500000000000000000e+01 3.991290645553171089e+03 6.377574674508230601e+03 7.359913999999999760e+03 0.000000000000000000e+00 2.435344724059333110e+00 6.099999999999999867e-02
6.354095900000000000e+07 0.000000000000000000e+00 6.500000000000000000e+01 3.993139645553171249e+03 6.376636574508230296e+03 7.360645999999999731e+03 0.000000000000000000e+00 1.465861815690911563e+00 2.400000000000000050e-02
6.354095200000000000e+07 0.000000000000000000e+00 6.600000000000000000e+01 3.985824645553171649e+03 6.381349474508229832e+03 7.381368000000000393e+03 0.000000000000000000e+00 2.727629184080852642e+00 4.169999999999999818e-01
6.354095200000000000e+07 0.000000000000000000e+00 6.600000000000000000e+01 3.985824645553171649e+03 6.381349474508229832e+03 7.381368000000000393e+03 0.000000000000000000e+00 2.727629184080852642e+00 7.002720000000000056e+00
4.309097000000000000e+06 1.000000000000000000e+00 6.600000000000000000e+01 4.119984405553171200e+03 6.407414511508230134e+03 3.960100000000002183e+02 0.000000000000000000e+00 4.820897574114515471e+00 2.400000000000000050e-02
4.309096000000000000e+06 1.000000000000000000e+00 6.600000000000000000e+01 4.114925855553171459e+03 6.411602224508230393e+03 3.930600000000004002e+02 0.000000000000000000e+00 2.976087837552481741e+00 4.169999999999999818e-01
4.309169000000000000e+06 1.000000000000000000e+00 6.600000000000000000e+01 4.119378505553171635e+03 6.428711774508230519e+03 4.274500000000007276e+02 0.000000000000000000e+00 9.362918951808056889e+00 9.199999999999999845e-02
4.309172000000000000e+06 1.000000000000000000e+00 6.500000000000000000e+01 4.115015605553171554e+03 6.424273974508229912e+03 4.284000000000005457e+02 0.000000000000000000e+00 7.770543216179219392e+00 9.199999999999999845e-02
4.309087000000000000e+06 1.000000000000000000e+00 6.500000000000000000e+01 4.118537315553171538e+03 6.429021074508230413e+03 4.210399999999999636e+02 0.000000000000000000e+00 4.357555234591076854e+00 4.169999999999999818e-01
4.307452000000000000e+06 1.000000000000000000e+00 6.500000000000000000e+01 4.091532745553171480e+03 6.427319774508229784e+03 4.154200000000000728e+02 0.000000000000000000e+00 3.074287666978840594e+00 8.220000000000000639e+00
4.307452000000000000e+06 1.000000000000000000e+00 6.500000000000000000e+01 4.091532745553171480e+03 6.427319774508229784e+03 4.154200000000000728e+02 0.000000000000000000e+00 3.074287666978840594e+00 3.743590000000000195e+00
