1.220593550000000000e+08 1.000000000000000000e+00 6.600000000000000000e+01 2.601046978495824078e+03 1.386226490939399991e+04 1.442623999999999978e+04 0.000000000000000000e+00 2.486790000983727378e+00 1.078999999999999915e+01
1.220579380000000000e+08 1.000000000000000000e+00 6.600000000000000000e+01 2.608411978495823860e+03 1.386257490939399941e+04 1.443101000000000022e+04 0.000000000000000000e+00 2.867656058740329694e+00 2.400000000000000050e-02
1.220580850000000000e+08 0.000000000000000000e+00 6.500000000000000000e+01 2.605183978495824704e+03 1.386271490939400064e+04 1.443959000000000015e+04 0.000000000000000000e+00 1.933888174070284238e+00 1.124000000000000021e+01
1.220579370000000000e+08 0.000000000000000000e+00 6.500000000000000000e+01 2.613481978495823569e+03 1.386418490939399999e+04 1.443820000000000073e+04 0.000000000000000000e+00 4.449139131820730952e+00 1.339000000000000057e+01
1.220579380000000000e+08 0.000000000000000000e+00 6.600000000000000000e+01 2.611728978495824776e+03 1.386436490939400028e+04 1.443661000000000058e+04 0.000000000000000000e+00 3.049184304723264738e+00 6.099999999999999867e-02
1.220579390000000000e+08 0.000000000000000000e+00 6.600000000000000000e+01 2.610871978495824806e+03 1.387025490939399970e+04 1.443665999999999985e+04 0.000000000000000000e+00 9.984432283205887382e-01 2.400000000000000050e-02
1.220592780000000000e+08 1.000000000000000000e+00 6.600000000000000000e+01 2.626152978495823845e+03 1.386255490939400079e+04 1.443647000000000116e+04 0.000000000000000000e+00 2.503349340046145510e+00 8.220000000000000639e+00
1.220592780000000000e+08 1.000000000000000000e+00 6.600000000000000000e+01 2.626152978495823845e+03 1.386255490939400079e+04 1.443647000000000116e+04 0.000000000000000000e+00 2.503349340046145510e+00 6.281030000000000335e+00
1.220579370000000000e+08 0.000000000000000000e+00 6.500000000000000000e+01 2.613481978495823569e+03 1.386418490939399999e+04 1.443820000000000073e+04 0.000000000000000000e+00 4.449139131820730952e+00 3.196169999999999956e+00
1.220579890000000000e+08 1.000000000000000000e+00 6.600000000000000000e+01 2.596218978495824558e+03 1.382585490939400006e+04 1.436700999999999840e+04 0.000000000000000000e+00 2.241323103085492985e+00 6.099999999999999867e-02
1.220592580000000000e+08 0.000000000000000000e+00 6.600000000000000000e+01 2.595888978495824631e+03 1.383293490939399999e+04 1.436234000000000015e+04 0.000000000000000000e+00 1.821653628805479652e+00 9.199999999999999845e-02
1.220592600000000000e+08 0.000000000000000000e+00 6.500000000000000000e+01 2.596977978495824573e+03 1.383296490939400064e+04 1.436925000000000000e+04 0.000000000000000000e+00 2.462138371417760929e+00 6.099999999999999867e-02
1.220592600000000000e+08 1.000000000000000000e+00 6.600000000000000000e+01 2.591576978495824733e+03 1.384629490939400057e+04 1.437585000000000036e+04 0.000000000000000000e+00 2.179041791309675791e+00 6.099999999999999867e-02
1.220592610000000000e+08 0.000000000000000000e+00 6.600000000000000000e+01 2.601082978495824136e+03 1.384123490939399926e+04 1.437686000000000058e+04 0.000000000000000000e+00 1.671235950857319130e+00 1.000000000000000000e+01
1.220592610000000000e+08 0.000000000000000000e+00 6.600000000000000000e+01 2.601082978495824136e+03 1.384123490939399926e+04 1.437686000000000058e+04 0.000000000000000000e+00 1.671235950857319130e+00 2.925969999999999960e+00
