1.000768390000000000e+08 0.000000000000000000e+00 6.600000000000000000e+01 1.213902810338052404e+04 8.517658364224247634e+03 1.184579000000000087e+04 0.000000000000000000e+00 1.048414817564166768e+00 1.078999999999999915e+01
1.000768380000000000e+08 0.000000000000000000e+00 6.600000000000000000e+01 1.213981810338052310e+04 8.518412364224246630e+03 1.184838000000000102e+04 0.000000000000000000e+00 1.179245988809110024e+00 9.199999999999999845e-02
1.000768380000000000e+08 0.000000000000000000e+00 6.600000000000000000e+01 1.213945810338052434e+04 8.519472364224246121e+03 1.184953000000000065e+04 0.000000000000000000e+00 3.649337086067535596e-01 2.400000000000000050e-02
1.000768370000000000e+08 1.000000000000000000e+00 6.600000000000000000e+01 1.213377810338052404e+04 8.512204364224246092e+03 1.185804999999999927e+04 0.000000000000000000e+00 3.728248042704230159e+00 9.199999999999999845e-02
1.000777510000000000e+08 1.000000000000000000e+00 6.500000000000000000e+01 1.213626810338052383e+04 8.517805364224246659e+03 1.186827999999999884e+04 0.000000000000000000e+00 4.300281766516134141e+00 2.400000000000000050e-02
1.000768330000000000e+08 1.000000000000000000e+00 6.500000000000000000e+01 1.213881810338052310e+04 8.513491364224246354e+03 1.186442000000000007e+04 0.000000000000000000e+00 1.318109484249596841e+00 4.169999999999999818e-01
1.000768320000000000e+08 1.000000000000000000e+00 6.500000000000000000e+01 1.213390810338052324e+04 8.508109364224246747e+03 1.186893000000000029e+04 0.000000000000000000e+00 5.274380844278848457e+00 9.199999999999999845e-02
1.000768230000000000e+08 1.000000000000000000e+00 6.500000000000000000e+01 1.213194810338052412e+04 8.504234364224246747e+03 1.188806000000000131e+04 0.000000000000000000e+00 6.094917682914877233e+00 4.169999999999999818e-01
1.000768230000000000e+08 1.000000000000000000e+00 6.500000000000000000e+01 1.213194810338052412e+04 8.504234364224246747e+03 1.188806000000000131e+04 0.000000000000000000e+00 6.094917682914877233e+00 7.326800000000000423e+00
1.057306970000000000e+08 0.000000000000000000e+00 6.500000000000000000e+01 1.177160310338052477e+04 8.616595364224245714e+03 1.245598999999999978e+04 1.000000000000000000e+00 9.084345671752644957e-01 3.700000000000000000e+01
