7.041265100000000000e+07 0.000000000000000000e+00 6.500000000000000000e+01 5.955252857335661247e+03 1.343852000000000044e+04 8.199111341664744032e+03 0.000000000000000000e+00 2.867305217537105655e+00 1.078999999999999915e+01
7.035446700000000000e+07 1.000000000000000000e+00 6.500000000000000000e+01 5.540648757335661685e+03 1.352561999999999898e+04 8.130204641664743576e+03 0.000000000000000000e+00 5.870349053632327063e+00 1.339000000000000057e+01
6.467285000000000000e+07 1.000000000000000000e+00 6.500000000000000000e+01 4.106212757335661991e+03 1.315072999999999956e+04 7.474322641664743969e+03 0.000000000000000000e+00 3.267919030866388130e+00 1.339000000000000057e+01
6.467224400000000000e+07 0.000000000000000000e+00 6.600000000000000000e+01 4.032102757335661408e+03 1.308065999999999985e+04 7.395678641664743736e+03 0.000000000000000000e+00 1.457855026080538297e+00 1.339000000000000057e+01
6.467117300000000000e+07 1.000000000000000000e+00 6.500000000000000000e+01 4.013812757335662354e+03 1.306388999999999942e+04 7.380882641664743460e+03 0.000000000000000000e+00 3.002232565248713847e+00 1.078999999999999915e+01
6.467243900000000000e+07 0.000000000000000000e+00 6.600000000000000000e+01 4.002772757335661481e+03 1.305311000000000058e+04 7.372295641664743926e+03 0.000000000000000000e+00 1.488774858613817198e+00 1.339000000000000057e+01
6.467244200000000000e+07 0.000000000000000000e+00 6.600000000000000000e+01 3.996812757335661445e+03 1.304625000000000000e+04 7.367432641664743642e+03 0.000000000000000000e+00 1.931143318927907915e+00 1.078999999999999915e+01
5.896873600000000000e+07 1.000000000000000000e+00 6.600000000000000000e+01 3.430732757335661518e+03 1.229843999999999869e+04 6.760033641664744209e+03 0.000000000000000000e+00 2.321962361608615577e+00 1.339000000000000057e+01
5.332165000000000000e+07 1.000000000000000000e+00 6.500000000000000000e+01 3.045382757335662063e+03 1.193009999999999854e+04 6.227523641664743991e+03 0.000000000000000000e+00 1.451975770593513904e+00 1.078999999999999915e+01
5.332168700000000000e+07 1.000000000000000000e+00 6.500000000000000000e+01 2.997752757335661045e+03 1.189072000000000116e+04 6.161473641664743809e+03 0.000000000000000000e+00 1.633949974900946067e+00 1.339000000000000057e+01
5.332260700000000000e+07 1.000000000000000000e+00 6.600000000000000000e+01 2.977252757335661954e+03 1.187836000000000058e+04 6.132843641664743700e+03 0.000000000000000000e+00 2.918103110098386299e+00 1.078999999999999915e+01
5.332348900000000000e+07 0.000000000000000000e+00 6.600000000000000000e+01 2.952812757335661445e+03 1.184277000000000044e+04 6.075683641664743845e+03 0.000000000000000000e+00 1.176769514404184314e+00 1.000000000000000000e+01
5.332348900000000000e+07 0.000000000000000000e+00 6.600000000000000000e+01 2.952812757335661445e+03 1.184277000000000044e+04 6.075683641664743845e+03 0.000000000000000000e+00 1.176769514404184314e+00 2.080989999999999895e+00
5.332260700000000000e+07 1.000000000000000000e+00 6.600000000000000000e+01 2.973742757335660826e+03 1.188288000000000102e+04 6.137293641664744428e+03 0.000000000000000000e+00 6.482068194724462273e+00 6.099999999999999867e-02
5.332169000000000000e+07 1.000000000000000000e+00 6.600000000000000000e+01 2.980622757335661845e+03 1.189588000000000102e+04 6.149843641664743700e+03 0.000000000000000000e+00 6.054713909635768943e+00 4.169999999999999818e-01
5.332169000000000000e+07 1.000000000000000000e+00 6.600000000000000000e+01 2.986982757335661518e+03 1.189292000000000007e+04 6.150503641664743554e+03 0.000000000000000000e+00 6.318590098639140784e+00 9.199999999999999845e-02
5.332169000000000000e+07 1.000000000000000000e+00 6.600000000000000000e+01 2.989642757335662282e+03 1.189504999999999927e+04 6.145213641664743591e+03 0.000000000000000000e+00 6.044416540257270043e+00 6.099999999999999867e-02
5.332169000000000000e+07 1.000000000000000000e+00 6.600000000000000000e+01 2.986412757335660899e+03 1.189477999999999884e+04 6.146813641664743955e+03 0.000000000000000000e+00 4.663980701735926715e+00 6.099999999999999867e-02
5.332169100000000000e+07 1.000000000000000000e+00 6.600000000000000000e+01 2.991552757335662136e+03 1.190165000000000146e+04 6.139903641664743191e+03 0.000000000000000000e+00 6.863380225111074928e+00 9.199999999999999845e-02
5.332169400000000000e+07 1.000000000000000000e+00 6.500000000000000000e+01 2.992762757335661263e+03 1.190634999999999854e+04 6.140153641664743191e+03 0.000000000000000000e+00 3.786267099718660933e+00 2.400000000000000050e-02
5.332250800000000000e+07 0.000000000000000000e+00 6.600000000000000000e+01 3.001402757335661590e+03 1.189629000000000087e+04 6.131953641664744282e+03 0.000000000000000000e+00 5.779560426290788477e+00 6.099999999999999867e-02
5.332269300000000000e+07 1.000000000000000000e+00 6.600000000000000000e+01 3.003162757335661809e+03 1.188675000000000000e+04 6.133273641664743991e+03 0.000000000000000000e+00 9.509880854684288565e+00 4.169999999999999818e-01
5.332261700000000000e+07 1.000000000000000000e+00 6.600000000000000000e+01 3.006112757335661627e+03 1.188247999999999956e+04 6.131423641664743627e+03 0.000000000000000000e+00 6.280624370576528115e+00 9.199999999999999845e-02
5.332253100000000000e+07 1.000000000000000000e+00 6.500000000000000000e+01 3.017482757335661518e+03 1.185650000000000000e+04 6.130323641664743263e+03 0.000000000000000000e+00 2.880086495709500038e+00 2.400000000000000050e-02
5.332356400000000000e+07 1.000000000000000000e+00 6.500000000000000000e+01 3.008622757335661845e+03 1.185761000000000058e+04 6.115883641664743664e+03 0.000000000000000000e+00 5.174415084844611101e+00 1.124000000000000021e+01
5.332356400000000000e+07 1.000000000000000000e+00 6.500000000000000000e+01 3.008622757335661845e+03 1.185761000000000058e+04 6.115883641664743664e+03 0.000000000000000000e+00 5.174415084844611101e+00 6.158800000000000274e+00
5.332176500000000000e+07 1.000000000000000000e+00 6.500000000000000000e+01 3.018232757335661518e+03 1.186347999999999956e+04 6.173523641664743991e+03 0.000000000000000000e+00 1.780980144141166788e+00 2.400000000000000050e-02
5.332176600000000000e+07 0.000000000000000000e+00 6.600000000000000000e+01 3.011722757335661299e+03 1.187488000000000102e+04 6.172433641664743845e+03 0.000000000000000000e+00 1.854828412119728709e+00 9.199999999999999845e-02
5.332177100000000000e+07 1.000000000000000000e+00 6.500000000000000000e+01 3.014452757335661772e+03 1.189276000000000022e+04 6.161473641664743809e+03 0.000000000000000000e+00 3.015832036975786945e+00 9.199999999999999845e-02
5.332177300000000000e+07 0.000000000000000000e+00 6.500000000000000000e+01 3.014342757335661190e+03 1.188945000000000073e+04 6.150153641664743191e+03 0.000000000000000000e+00 2.680261683222210589e+00 9.199999999999999845e-02
5.332177000000000000e+07 1.000000000000000000e+00 6.600000000000000000e+01 3.008122757335661845e+03 1.187743000000000029e+04 6.152423641664743627e+03 0.000000000000000000e+00 2.180621629165791830e+00 2.400000000000000050e-02
5.332261500000000000e+07 1.000000000000000000e+00 6.600000000000000000e+01 3.009942757335661554e+03 1.187413999999999942e+04 6.150283641664744209e+03 0.000000000000000000e+00 1.377261155941901904e+00 2.400000000000000050e-02
5.332261500000000000e+07 1.000000000000000000e+00 6.600000000000000000e+01 3.010672757335661117e+03 1.187413999999999942e+04 6.149213641664743591e+03 0.000000000000000000e+00 1.688396848471934719e-01 9.199999999999999845e-02
5.332261500000000000e+07 1.000000000000000000e+00 6.600000000000000000e+01 3.009802757335662136e+03 1.187720000000000073e+04 6.150823641664743263e+03 0.000000000000000000e+00 3.457045713370136664e+00 9.199999999999999845e-02
5.332261700000000000e+07 0.000000000000000000e+00 6.500000000000000000e+01 3.017942757335661554e+03 1.187001000000000022e+04 6.148583641664743482e+03 0.000000000000000000e+00 3.093787213165702710e+00 6.099999999999999867e-02
5.332261700000000000e+07 0.000000000000000000e+00 6.500000000000000000e+01 3.017942757335661554e+03 1.187001000000000022e+04 6.148583641664743482e+03 0.000000000000000000e+00 3.093787213165702710e+00 7.352599999999999802e+00
5.332164800000000000e+07 1.000000000000000000e+00 6.600000000000000000e+01 3.046512757335661263e+03 1.193470999999999913e+04 6.227813641664743045e+03 0.000000000000000000e+00 3.672145428456953464e+00 9.199999999999999845e-02
5.332165500000000000e+07 1.000000000000000000e+00 6.600000000000000000e+01 3.038722757335662209e+03 1.192279999999999927e+04 6.225853641664743918e+03 0.000000000000000000e+00 3.390852501139495878e+00 1.078999999999999915e+01
5.332165500000000000e+07 1.000000000000000000e+00 6.600000000000000000e+01 3.038722757335662209e+03 1.192279999999999927e+04 6.225853641664743918e+03 0.000000000000000000e+00 3.390852501139495878e+00 6.306309999999999860e+00
5.332165500000000000e+07 1.000000000000000000e+00 6.600000000000000000e+01 3.038722757335662209e+03 1.192279999999999927e+04 6.225853641664743918e+03 0.000000000000000000e+00 3.390852501139495878e+00 8.355820000000000469e-01
5.420982200000000000e+07 0.000000000000000000e+00 6.600000000000000000e+01 3.072312757335662354e+03 1.197888000000000102e+04 6.347203641664743373e+03 0.000000000000000000e+00 2.090637590415072022e+00 9.199999999999999845e-02
5.420982100000000000e+07 0.000000000000000000e+00 6.500000000000000000e+01 3.067602757335661408e+03 1.198022000000000116e+04 6.351953641664743373e+03 0.000000000000000000e+00 1.665017598709760405e+00 2.400000000000000050e-02
5.420982500000000000e+07 1.000000000000000000e+00 6.600000000000000000e+01 3.053362757335661627e+03 1.198413999999999942e+04 6.357913641664743409e+03 0.000000000000000000e+00 9.580470049069742089e+00 4.169999999999999818e-01
5.420982600000000000e+07 1.000000000000000000e+00 6.600000000000000000e+01 3.052892757335662282e+03 1.198843000000000029e+04 6.349133641664743664e+03 0.000000000000000000e+00 6.017544035337803798e+00 9.199999999999999845e-02
5.420982600000000000e+07 1.000000000000000000e+00 6.600000000000000000e+01 3.053362757335661627e+03 1.198800000000000000e+04 6.348233641664743118e+03 0.000000000000000000e+00 4.956659673228331897e+00 9.199999999999999845e-02
5.420982600000000000e+07 1.000000000000000000e+00 6.600000000000000000e+01 3.048512757335661263e+03 1.198731000000000131e+04 6.350553641664743736e+03 0.000000000000000000e+00 8.789685107255936103e+00 4.169999999999999818e-01
5.420982600000000000e+07 1.000000000000000000e+00 6.600000000000000000e+01 3.048512757335661263e+03 1.198731000000000131e+04 6.350553641664743736e+03 0.000000000000000000e+00 8.789685107255936103e+00 7.065229999999999677e+00
5.896873600000000000e+07 1.000000000000000000e+00 6.600000000000000000e+01 3.430732757335661518e+03 1.229843999999999869e+04 6.760033641664744209e+03 0.000000000000000000e+00 2.321962361608615577e+00 3.274550000000000072e+00
6.467244300000000000e+07 1.000000000000000000e+00 6.600000000000000000e+01 3.995952757335661772e+03 1.304531000000000131e+04 7.366085641664743889e+03 0.000000000000000000e+00 1.166254117141698021e+00 6.099999999999999867e-02
6.467244500000000000e+07 1.000000000000000000e+00 6.600000000000000000e+01 3.992042757335661918e+03 1.303206999999999971e+04 7.362928641664743736e+03 0.000000000000000000e+00 3.891604976249493308e+00 9.199999999999999845e-02
6.467244500000000000e+07 0.000000000000000000e+00 6.500000000000000000e+01 4.004802757335662136e+03 1.303567000000000007e+04 7.363197641664743969e+03 0.000000000000000000e+00 1.350839980889408265e+00 9.199999999999999845e-02
6.467244800000000000e+07 0.000000000000000000e+00 6.500000000000000000e+01 4.009302757335662136e+03 1.303364999999999964e+04 7.352677641664743533e+03 0.000000000000000000e+00 9.352520078249449975e-01 1.078999999999999915e+01
6.467244800000000000e+07 0.000000000000000000e+00 6.500000000000000000e+01 4.009302757335662136e+03 1.303364999999999964e+04 7.352677641664743533e+03 0.000000000000000000e+00 9.352520078249449975e-01 5.896090000000000053e+00
6.467244800000000000e+07 0.000000000000000000e+00 6.500000000000000000e+01 4.009302757335662136e+03 1.303364999999999964e+04 7.352677641664743533e+03 0.000000000000000000e+00 9.352520078249449975e-01 8.912979999999999514e-02
6.467244000000000000e+07 0.000000000000000000e+00 6.600000000000000000e+01 3.999272757335661481e+03 1.305620000000000073e+04 7.371006641664744166e+03 0.000000000000000000e+00 5.339077126797570294e+00 9.199999999999999845e-02
6.467243700000000000e+07 1.000000000000000000e+00 6.500000000000000000e+01 3.998442757335661554e+03 1.305679999999999927e+04 7.372492641664744042e+03 0.000000000000000000e+00 5.241767629291241626e+00 9.199999999999999845e-02
6.467243700000000000e+07 0.000000000000000000e+00 6.500000000000000000e+01 4.000012757335661263e+03 1.305636999999999898e+04 7.379346641664743402e+03 0.000000000000000000e+00 3.046133246522093607e+00 9.199999999999999845e-02
6.467364900000000000e+07 1.000000000000000000e+00 6.600000000000000000e+01 3.998122757335661845e+03 1.307718000000000029e+04 7.388950641664743671e+03 0.000000000000000000e+00 3.072664803716765203e+00 9.199999999999999845e-02
6.467233400000000000e+07 1.000000000000000000e+00 6.600000000000000000e+01 3.969252757335661954e+03 1.308977000000000044e+04 7.415536641664743911e+03 0.000000000000000000e+00 6.883021744487558990e+00 1.124000000000000021e+01
6.467233400000000000e+07 1.000000000000000000e+00 6.600000000000000000e+01 3.969252757335661954e+03 1.308977000000000044e+04 7.415536641664743911e+03 0.000000000000000000e+00 6.883021744487558990e+00 2.251279999999999948e+00
6.467243300000000000e+07 1.000000000000000000e+00 6.500000000000000000e+01 4.008372757335661845e+03 1.306060000000000036e+04 7.384717641664743496e+03 0.000000000000000000e+00 2.091240288642924217e+00 6.099999999999999867e-02
6.467117100000000000e+07 1.000000000000000000e+00 6.600000000000000000e+01 4.012072757335661663e+03 1.304893999999999869e+04 7.387656641664743802e+03 0.000000000000000000e+00 1.827818250838487701e+00 9.199999999999999845e-02
6.467116900000000000e+07 1.000000000000000000e+00 6.500000000000000000e+01 4.025772757335661481e+03 1.305613000000000102e+04 7.386439641664743249e+03 0.000000000000000000e+00 1.834352341422878174e+00 1.078999999999999915e+01
6.467116900000000000e+07 1.000000000000000000e+00 6.500000000000000000e+01 4.025772757335661481e+03 1.305613000000000102e+04 7.386439641664743249e+03 0.000000000000000000e+00 1.834352341422878174e+00 2.654170000000000140e+00
6.467116900000000000e+07 1.000000000000000000e+00 6.500000000000000000e+01 4.025772757335661481e+03 1.305613000000000102e+04 7.386439641664743249e+03 0.000000000000000000e+00 1.834352341422878174e+00 4.969649999999999901e-01
6.467239200000000000e+07 1.000000000000000000e+00 6.600000000000000000e+01 4.033512757335661263e+03 1.308352000000000044e+04 7.396836641664744093e+03 0.000000000000000000e+00 3.932124231827213379e+00 9.199999999999999845e-02
6.467224100000000000e+07 1.000000000000000000e+00 6.500000000000000000e+01 4.034132757335662063e+03 1.308426000000000022e+04 7.397843641664743700e+03 0.000000000000000000e+00 4.649652703351129901e+00 2.400000000000000050e-02
6.467238800000000000e+07 1.000000000000000000e+00 6.500000000000000000e+01 4.042552757335662136e+03 1.307543999999999869e+04 7.382997641664744151e+03 0.000000000000000000e+00 7.906500877596338128e+00 4.169999999999999818e-01
6.467239100000000000e+07 1.000000000000000000e+00 6.600000000000000000e+01 4.046342757335661190e+03 1.307784999999999854e+04 7.388134641664743867e+03 0.000000000000000000e+00 7.451820631564237019e+00 2.400000000000000050e-02
6.467239100000000000e+07 1.000000000000000000e+00 6.600000000000000000e+01 4.046182757335661336e+03 1.307636000000000058e+04 7.389923641664743627e+03 0.000000000000000000e+00 8.799332205004125385e+00 6.099999999999999867e-02
6.467224400000000000e+07 1.000000000000000000e+00 6.600000000000000000e+01 4.041382757335662063e+03 1.307418000000000029e+04 7.399336641664744093e+03 0.000000000000000000e+00 8.181607312891873818e+00 2.400000000000000050e-02
6.467224400000000000e+07 1.000000000000000000e+00 6.600000000000000000e+01 4.041802757335662136e+03 1.307370999999999913e+04 7.398663641664743409e+03 0.000000000000000000e+00 8.809946906967482505e+00 9.199999999999999845e-02
6.467262300000000000e+07 0.000000000000000000e+00 6.600000000000000000e+01 4.061562757335661445e+03 1.307777000000000044e+04 7.395391641664743474e+03 0.000000000000000000e+00 5.012051658203719562e+00 9.199999999999999845e-02
6.467249500000000000e+07 1.000000000000000000e+00 6.500000000000000000e+01 4.046882757335662063e+03 1.306281000000000131e+04 7.402857641664743824e+03 0.000000000000000000e+00 8.078999812690737414e+00 2.400000000000000050e-02
6.467249500000000000e+07 1.000000000000000000e+00 6.500000000000000000e+01 4.046952757335661772e+03 1.305780999999999949e+04 7.407207641664743278e+03 0.000000000000000000e+00 3.597573971957670036e+00 9.199999999999999845e-02
6.467262800000000000e+07 1.000000000000000000e+00 6.600000000000000000e+01 4.060032757335661699e+03 1.305751000000000022e+04 7.417059641664744049e+03 0.000000000000000000e+00 1.220807204048999894e+00 9.199999999999999845e-02
6.467262800000000000e+07 0.000000000000000000e+00 6.600000000000000000e+01 4.063672757335661117e+03 1.305906999999999971e+04 7.411356641664743620e+03 0.000000000000000000e+00 1.765063294893645107e+00 2.400000000000000050e-02
6.467262800000000000e+07 0.000000000000000000e+00 6.600000000000000000e+01 4.066622757335661845e+03 1.305923999999999978e+04 7.407697641664743969e+03 0.000000000000000000e+00 3.167329820880954827e+00 9.199999999999999845e-02
6.467262800000000000e+07 0.000000000000000000e+00 6.600000000000000000e+01 4.067482757335661518e+03 1.306004000000000087e+04 7.408284641664743503e+03 0.000000000000000000e+00 2.339179840454103765e+00 9.068540000000000489e+00
6.467285000000000000e+07 1.000000000000000000e+00 6.500000000000000000e+01 4.106212757335661991e+03 1.315072999999999956e+04 7.474322641664743969e+03 0.000000000000000000e+00 3.267919030866388130e+00 1.290289999999999937e+00
7.035326000000000000e+07 1.000000000000000000e+00 6.600000000000000000e+01 5.457910757335661401e+03 1.356304000000000087e+04 8.094201641664743875e+03 0.000000000000000000e+00 6.900887421481478157e+00 2.400000000000000050e-02
7.035433300000000000e+07 1.000000000000000000e+00 6.600000000000000000e+01 5.456662757335661809e+03 1.355904000000000087e+04 8.090344641664743904e+03 0.000000000000000000e+00 8.026515422890550866e+00 9.199999999999999845e-02
7.035325900000000000e+07 1.000000000000000000e+00 6.600000000000000000e+01 5.447770757335661983e+03 1.356087999999999920e+04 8.090925641664744035e+03 0.000000000000000000e+00 8.616702140879233696e+00 9.199999999999999845e-02
7.035433300000000000e+07 1.000000000000000000e+00 6.600000000000000000e+01 5.471205757335661474e+03 1.356513999999999942e+04 8.093837641664743387e+03 0.000000000000000000e+00 3.576877717936967294e+00 9.199999999999999845e-02
7.035326100000000000e+07 1.000000000000000000e+00 6.600000000000000000e+01 5.469374757335661343e+03 1.357093000000000029e+04 8.093805641664743234e+03 0.000000000000000000e+00 3.514627202442470288e+00 2.039999999999999869e-01
7.035326300000000000e+07 0.000000000000000000e+00 6.500000000000000000e+01 5.469454757335662180e+03 1.357164999999999964e+04 8.093881641664743256e+03 0.000000000000000000e+00 3.206250455582140280e+00 6.099999999999999867e-02
7.035326500000000000e+07 0.000000000000000000e+00 6.500000000000000000e+01 5.478177757335662136e+03 1.357548999999999978e+04 8.097827641664744078e+03 0.000000000000000000e+00 2.386348900453230559e+00 9.199999999999999845e-02
7.035159600000000000e+07 0.000000000000000000e+00 6.600000000000000000e+01 5.501958757335662085e+03 1.358118000000000029e+04 8.103935641664743343e+03 0.000000000000000000e+00 1.798738024471529640e+00 8.349999999999999645e-01
7.035334900000000000e+07 1.000000000000000000e+00 6.500000000000000000e+01 5.493982757335661518e+03 1.358220999999999913e+04 8.096870641664743744e+03 0.000000000000000000e+00 6.178934868332556229e-01 2.400000000000000050e-02
7.035326900000000000e+07 0.000000000000000000e+00 6.600000000000000000e+01 5.493162757335661809e+03 1.358125999999999840e+04 8.098009641664743867e+03 0.000000000000000000e+00 9.621483301545876721e-01 4.169999999999999818e-01
7.035160000000000000e+07 1.000000000000000000e+00 6.600000000000000000e+01 5.482739757335662034e+03 1.356504999999999927e+04 8.096347641664743605e+03 0.000000000000000000e+00 4.144342875294031892e+00 9.199999999999999845e-02
7.035432900000000000e+07 1.000000000000000000e+00 6.500000000000000000e+01 5.480376757335661750e+03 1.356697999999999956e+04 8.096459641664743685e+03 0.000000000000000000e+00 2.218608284562055832e+00 9.199999999999999845e-02
7.035326500000000000e+07 1.000000000000000000e+00 6.500000000000000000e+01 5.485650757335662092e+03 1.357318000000000029e+04 8.102564641664743249e+03 0.000000000000000000e+00 7.679690843592762439e-01 2.400000000000000050e-02
7.035159900000000000e+07 1.000000000000000000e+00 6.600000000000000000e+01 5.484856757335661314e+03 1.357242000000000007e+04 8.105254641664743758e+03 0.000000000000000000e+00 7.950620994479826731e-01 4.169999999999999818e-01
7.035335600000000000e+07 1.000000000000000000e+00 6.500000000000000000e+01 5.489128757335661248e+03 1.356693000000000029e+04 8.112745641664743744e+03 0.000000000000000000e+00 1.246534104735437687e+00 2.400000000000000050e-02
7.035441200000000000e+07 1.000000000000000000e+00 6.600000000000000000e+01 5.483260757335661765e+03 1.357016999999999825e+04 8.113277641664743896e+03 0.000000000000000000e+00 5.115149621664741630e+00 9.199999999999999845e-02
7.035441200000000000e+07 1.000000000000000000e+00 6.600000000000000000e+01 5.480919757335661416e+03 1.357120999999999913e+04 8.113844641664743904e+03 0.000000000000000000e+00 6.398883750644712265e+00 4.169999999999999818e-01
7.035441200000000000e+07 1.000000000000000000e+00 6.600000000000000000e+01 5.479407757335661699e+03 1.357134000000000015e+04 8.114378641664743554e+03 0.000000000000000000e+00 7.709482211482370673e+00 9.199999999999999845e-02
7.035441200000000000e+07 1.000000000000000000e+00 6.600000000000000000e+01 5.478676757335661932e+03 1.357479999999999927e+04 8.115824641664743467e+03 0.000000000000000000e+00 8.290376314671055624e+00 6.099999999999999867e-02
7.035335600000000000e+07 0.000000000000000000e+00 6.500000000000000000e+01 5.496069757335661961e+03 1.356188999999999942e+04 8.110083641664743482e+03 0.000000000000000000e+00 2.875256816063570309e+00 9.199999999999999845e-02
7.035159500000000000e+07 0.000000000000000000e+00 6.500000000000000000e+01 5.503771757335661277e+03 1.357540999999999985e+04 8.106198641664743263e+03 0.000000000000000000e+00 1.274019658750088269e+00 4.169999999999999818e-01
7.035159500000000000e+07 0.000000000000000000e+00 6.500000000000000000e+01 5.503771757335661277e+03 1.357540999999999985e+04 8.106198641664743263e+03 0.000000000000000000e+00 1.274019658750088269e+00 7.195700000000000429e+00
7.035372100000000000e+07 1.000000000000000000e+00 6.500000000000000000e+01 5.542358757335661721e+03 1.352584000000000015e+04 8.131270641664743380e+03 0.000000000000000000e+00 6.354174924124500023e+00 4.169999999999999818e-01
7.035372200000000000e+07 1.000000000000000000e+00 6.500000000000000000e+01 5.544903757335661794e+03 1.352061000000000058e+04 8.117784641664743503e+03 0.000000000000000000e+00 6.284452419594299677e+00 9.199999999999999845e-02
7.035436500000000000e+07 1.000000000000000000e+00 6.600000000000000000e+01 5.543452757335661772e+03 1.352076000000000022e+04 8.113145641664743380e+03 0.000000000000000000e+00 3.615851169205644311e+00 1.078999999999999915e+01
7.035436500000000000e+07 1.000000000000000000e+00 6.600000000000000000e+01 5.543452757335661772e+03 1.352076000000000022e+04 8.113145641664743380e+03 0.000000000000000000e+00 3.615851169205644311e+00 4.292069999999999830e+00
7.035436500000000000e+07 1.000000000000000000e+00 6.600000000000000000e+01 5.543452757335661772e+03 1.352076000000000022e+04 8.113145641664743380e+03 0.000000000000000000e+00 3.615851169205644311e+00 1.596370000000000067e+00
7.035383700000000000e+07 1.000000000000000000e+00 6.600000000000000000e+01 5.654134757335661561e+03 1.347893999999999869e+04 8.151818641664744064e+03 0.000000000000000000e+00 9.814569102285684465e+00 8.349999999999999645e-01
7.041455600000000000e+07 1.000000000000000000e+00 6.500000000000000000e+01 5.951263157335662072e+03 1.343547999999999956e+04 8.211326141664743773e+03 0.000000000000000000e+00 1.786545334196833812e+00 9.199999999999999845e-02
7.041264700000000000e+07 0.000000000000000000e+00 6.500000000000000000e+01 5.952244657335661941e+03 1.343497999999999956e+04 8.213310541664744960e+03 0.000000000000000000e+00 1.339734464474360287e+00 9.199999999999999845e-02
7.041455800000000000e+07 1.000000000000000000e+00 6.500000000000000000e+01 5.954496557335662146e+03 1.343140999999999985e+04 8.218557941664743339e+03 0.000000000000000000e+00 2.336460785142475682e+00 9.199999999999999845e-02
7.041455200000000000e+07 0.000000000000000000e+00 6.500000000000000000e+01 5.941268557335662081e+03 1.344501000000000022e+04 8.211631041664742952e+03 0.000000000000000000e+00 1.606691063353057558e+00 2.400000000000000050e-02
7.041455300000000000e+07 0.000000000000000000e+00 6.500000000000000000e+01 5.942259357335661662e+03 1.344551000000000022e+04 8.213276841664745007e+03 0.000000000000000000e+00 1.777690972489887722e+00 1.078999999999999915e+01
7.041455300000000000e+07 0.000000000000000000e+00 6.500000000000000000e+01 5.942259357335661662e+03 1.344551000000000022e+04 8.213276841664745007e+03 0.000000000000000000e+00 1.777690972489887722e+00 4.723889999999999922e+00
7.041455300000000000e+07 0.000000000000000000e+00 6.500000000000000000e+01 5.942259357335661662e+03 1.344551000000000022e+04 8.213276841664745007e+03 0.000000000000000000e+00 1.777690972489887722e+00 4.647730000000000139e+00
6.985196100000000000e+07 1.000000000000000000e+00 6.500000000000000000e+01 5.985799057335661928e+03 1.091198999999999978e+04 8.172242341664743435e+03 0.000000000000000000e+00 2.515366699239271142e+00 4.169999999999999818e-01
6.985196000000000000e+07 1.000000000000000000e+00 6.500000000000000000e+01 5.984834957335661784e+03 1.091218999999999869e+04 8.171002141664743249e+03 0.000000000000000000e+00 2.655974798943570026e+00 4.169999999999999818e-01
6.985196200000000000e+07 1.000000000000000000e+00 6.500000000000000000e+01 5.993668357335661312e+03 1.090784000000000015e+04 8.176629041664743454e+03 0.000000000000000000e+00 2.616940319761358769e+00 9.199999999999999845e-02
6.985196200000000000e+07 1.000000000000000000e+00 6.500000000000000000e+01 5.994811957335661646e+03 1.089876000000000022e+04 8.169726241664743611e+03 0.000000000000000000e+00 4.880669168943024161e+00 2.039999999999999869e-01
6.985196000000000000e+07 1.000000000000000000e+00 6.600000000000000000e+01 5.992698457335661260e+03 1.089869000000000051e+04 8.165501941664743754e+03 0.000000000000000000e+00 4.901069544522274057e+00 9.199999999999999845e-02
6.985196000000000000e+07 1.000000000000000000e+00 6.600000000000000000e+01 5.992609457335661318e+03 1.089868000000000029e+04 8.165318641664744064e+03 0.000000000000000000e+00 4.711780545632830552e+00 4.169999999999999818e-01
6.985196000000000000e+07 1.000000000000000000e+00 6.600000000000000000e+01 5.991439057335661346e+03 1.089804000000000087e+04 8.164427641664743533e+03 0.000000000000000000e+00 3.954763038705267686e+00 1.000000000000000021e-02
6.985195900000000000e+07 1.000000000000000000e+00 6.600000000000000000e+01 6.002677857335661429e+03 1.089344000000000051e+04 8.155557641664743642e+03 0.000000000000000000e+00 7.432604443319274168e+00 6.099999999999999867e-02
6.985195900000000000e+07 1.000000000000000000e+00 6.600000000000000000e+01 6.002626557335661346e+03 1.089377999999999884e+04 8.155998641664743445e+03 0.000000000000000000e+00 7.278558429148443309e+00 9.199999999999999845e-02
6.985195900000000000e+07 1.000000000000000000e+00 6.600000000000000000e+01 6.001351657335661912e+03 1.089472999999999956e+04 8.154486641664743729e+03 0.000000000000000000e+00 5.459182584221970558e+00 6.099999999999999867e-02
6.985195900000000000e+07 1.000000000000000000e+00 6.600000000000000000e+01 6.002348557335662008e+03 1.089287000000000080e+04 8.156506641664744166e+03 0.000000000000000000e+00 7.820729100235518594e+00 6.099999999999999867e-02
6.984933500000000000e+07 1.000000000000000000e+00 6.500000000000000000e+01 5.982683457335661842e+03 1.086776000000000022e+04 8.156443641664744064e+03 0.000000000000000000e+00 3.150485926500931733e+00 2.400000000000000050e-02
6.985196400000000000e+07 0.000000000000000000e+00 6.600000000000000000e+01 5.981158157335661599e+03 1.090500000000000000e+04 8.175220741664743400e+03 0.000000000000000000e+00 1.551985123712822379e+00 9.199999999999999845e-02
6.985196300000000000e+07 0.000000000000000000e+00 6.600000000000000000e+01 5.980882457335661456e+03 1.090204999999999927e+04 8.172332141664744086e+03 0.000000000000000000e+00 1.769426036889577780e+00 9.199999999999999845e-02
6.985196300000000000e+07 1.000000000000000000e+00 6.600000000000000000e+01 5.975706557335661273e+03 1.089736999999999898e+04 8.173183141664743744e+03 0.000000000000000000e+00 5.141445358265147370e+00 9.199999999999999845e-02
6.985196300000000000e+07 1.000000000000000000e+00 6.600000000000000000e+01 5.973206157335661374e+03 1.089772999999999956e+04 8.169722041664743301e+03 0.000000000000000000e+00 4.201367532858650833e+00 9.199999999999999845e-02
6.985196200000000000e+07 1.000000000000000000e+00 6.600000000000000000e+01 5.973719757335661598e+03 1.089611000000000058e+04 8.163124641664743649e+03 0.000000000000000000e+00 6.058834447315358140e+00 2.400000000000000050e-02
6.985196200000000000e+07 1.000000000000000000e+00 6.600000000000000000e+01 5.975028857335661996e+03 1.090450000000000000e+04 8.164692641664743860e+03 0.000000000000000000e+00 3.642804963358471593e+00 9.199999999999999845e-02
6.985195700000000000e+07 1.000000000000000000e+00 6.500000000000000000e+01 5.983125057335661950e+03 1.090352000000000044e+04 8.148682641664743642e+03 0.000000000000000000e+00 2.562044683401410339e+00 4.169999999999999818e-01
6.985195700000000000e+07 1.000000000000000000e+00 6.500000000000000000e+01 5.979193157335661454e+03 1.090529999999999927e+04 8.147186641664743547e+03 0.000000000000000000e+00 6.413775283922474202e+00 9.199999999999999845e-02
6.985041900000000000e+07 1.000000000000000000e+00 6.500000000000000000e+01 6.008532757335661699e+03 1.093942000000000007e+04 8.161063641664743955e+03 0.000000000000000000e+00 9.475872932958939288e+00 1.078999999999999915e+01
6.985041900000000000e+07 1.000000000000000000e+00 6.500000000000000000e+01 6.008532757335661699e+03 1.093942000000000007e+04 8.161063641664743955e+03 0.000000000000000000e+00 9.475872932958939288e+00 5.091380000000000017e+00
6.985041900000000000e+07 1.000000000000000000e+00 6.500000000000000000e+01 6.008532757335661699e+03 1.093942000000000007e+04 8.161063641664743955e+03 0.000000000000000000e+00 9.475872932958939288e+00 2.868790000000000173e+00
6.928349700000000000e+07 1.000000000000000000e+00 6.500000000000000000e+01 5.954326757335661569e+03 8.013663999999999760e+03 8.244146941664743281e+03 0.000000000000000000e+00 2.700814698215801446e+00 2.400000000000000050e-02
6.928349800000000000e+07 1.000000000000000000e+00 6.500000000000000000e+01 5.954051457335661325e+03 8.018631000000000313e+03 8.239917841664744628e+03 0.000000000000000000e+00 3.538125246567847437e+00 4.169999999999999818e-01
6.928349800000000000e+07 1.000000000000000000e+00 6.500000000000000000e+01 5.953929857335661836e+03 8.019787000000000262e+03 8.238979941664743819e+03 0.000000000000000000e+00 4.541285517270009287e+00 2.039999999999999869e-01
6.928349600000000000e+07 1.000000000000000000e+00 6.600000000000000000e+01 5.953889857335661873e+03 8.020167000000000371e+03 8.238671641664743220e+03 0.000000000000000000e+00 4.338274832707953443e+00 9.199999999999999845e-02
6.928350000000000000e+07 1.000000000000000000e+00 6.500000000000000000e+01 5.956048257335662129e+03 8.030240999999999985e+03 8.237864741664743633e+03 0.000000000000000000e+00 6.157424296338096070e+00 1.000000000000000021e-02
6.928350000000000000e+07 1.000000000000000000e+00 6.500000000000000000e+01 5.956089157335662094e+03 8.031377999999999702e+03 8.237496941664743645e+03 0.000000000000000000e+00 6.851233401118716593e+00 1.078999999999999915e+01
6.928350000000000000e+07 1.000000000000000000e+00 6.500000000000000000e+01 5.956089157335662094e+03 8.031377999999999702e+03 8.237496941664743645e+03 0.000000000000000000e+00 6.851233401118716593e+00 3.902769999999999850e+00
6.928350000000000000e+07 1.000000000000000000e+00 6.500000000000000000e+01 5.956089157335662094e+03 8.031377999999999702e+03 8.237496941664743645e+03 0.000000000000000000e+00 6.851233401118716593e+00 1.684069999999999956e+00
