9.036042000000000000e+07 1.000000000000000000e+00 6.500000000000000000e+01 2.662829999999999927e+03 1.325598931374390304e+03 1.047813882497499071e+04 0.000000000000000000e+00 1.132168263364003113e+00 1.339000000000000057e+01
9.040624500000000000e+07 1.000000000000000000e+00 6.600000000000000000e+01 3.144460000000000036e+03 1.355853931374389504e+03 1.045404032497499065e+04 0.000000000000000000e+00 8.031396444674301804e+00 1.078999999999999915e+01
9.024925900000000000e+07 1.000000000000000000e+00 6.500000000000000000e+01 6.931609000000000378e+03 1.018508731374389754e+03 1.038313732497499223e+04 0.000000000000000000e+00 6.564734709252288525e+00 1.078999999999999915e+01
7.873782700000000000e+07 1.000000000000000000e+00 6.500000000000000000e+01 9.807389999999999418e+03 4.513349313743901803e+02 9.173794324974991468e+03 0.000000000000000000e+00 8.792104179191120750e+00 1.605000000000000071e+01
7.873702500000000000e+07 0.000000000000000000e+00 6.600000000000000000e+01 9.785659999999999854e+03 4.411919313743901512e+02 9.159824324974992123e+03 0.000000000000000000e+00 1.934324800661318289e+00 1.339000000000000057e+01
7.873710600000000000e+07 1.000000000000000000e+00 6.600000000000000000e+01 9.764869999999998981e+03 4.295199313743896710e+02 9.141324324974992123e+03 0.000000000000000000e+00 3.859209982118228410e+00 1.605000000000000071e+01
7.873710700000000000e+07 1.000000000000000000e+00 6.500000000000000000e+01 9.758500000000000000e+03 4.259599313743901803e+02 9.135044324974991468e+03 0.000000000000000000e+00 5.162410432416433714e+00 1.078999999999999915e+01
7.873711000000000000e+07 1.000000000000000000e+00 6.500000000000000000e+01 9.772979999999999563e+03 4.142279313743902094e+02 9.143614324974991177e+03 0.000000000000000000e+00 8.108916466602041240e+00 1.078999999999999915e+01
7.873711000000000000e+07 1.000000000000000000e+00 6.500000000000000000e+01 9.772979999999999563e+03 4.142279313743902094e+02 9.143614324974991177e+03 0.000000000000000000e+00 8.108916466602041240e+00 4.375539999999999985e+00
7.873711000000000000e+07 1.000000000000000000e+00 6.500000000000000000e+01 9.772979999999999563e+03 4.142279313743902094e+02 9.143614324974991177e+03 0.000000000000000000e+00 8.108916466602041240e+00 2.610749999999999904e+00
7.873710600000000000e+07 1.000000000000000000e+00 6.600000000000000000e+01 9.764869999999998981e+03 4.295199313743896710e+02 9.141324324974992123e+03 0.000000000000000000e+00 3.859209982118228410e+00 5.029099999999999682e+00
7.873702300000000000e+07 1.000000000000000000e+00 6.500000000000000000e+01 9.783049999999999272e+03 4.483989313743895764e+02 9.164024324974991032e+03 0.000000000000000000e+00 1.629471115690200422e+00 9.199999999999999845e-02
7.873783600000000000e+07 1.000000000000000000e+00 6.600000000000000000e+01 9.776889999999999418e+03 4.606379313743900639e+02 9.169464324974991541e+03 0.000000000000000000e+00 3.242193444454203100e+00 1.078999999999999915e+01
7.873783600000000000e+07 1.000000000000000000e+00 6.600000000000000000e+01 9.776850000000000364e+03 4.634469313743902603e+02 9.170544324974991468e+03 0.000000000000000000e+00 4.870664756079972513e+00 4.169999999999999818e-01
7.873783600000000000e+07 1.000000000000000000e+00 6.600000000000000000e+01 9.776319999999999709e+03 4.640809313743902749e+02 9.171254324974990595e+03 0.000000000000000000e+00 5.832142660578166549e+00 1.078999999999999915e+01
7.873783600000000000e+07 1.000000000000000000e+00 6.600000000000000000e+01 9.776319999999999709e+03 4.640809313743902749e+02 9.171254324974990595e+03 0.000000000000000000e+00 5.832142660578166549e+00 5.212460000000000093e+00
7.873783600000000000e+07 1.000000000000000000e+00 6.600000000000000000e+01 9.776319999999999709e+03 4.640809313743902749e+02 9.171254324974990595e+03 0.000000000000000000e+00 5.832142660578166549e+00 7.509759999999999769e-01
7.873783600000000000e+07 1.000000000000000000e+00 6.600000000000000000e+01 9.776889999999999418e+03 4.606379313743900639e+02 9.169464324974991541e+03 0.000000000000000000e+00 3.242193444454203100e+00 1.814950000000000063e+00
7.873782700000000000e+07 1.000000000000000000e+00 6.500000000000000000e+01 9.803670000000000073e+03 4.520249313743897801e+02 9.173734324974991978e+03 0.000000000000000000e+00 7.556699160177202224e+00 6.099999999999999867e-02
7.873783200000000000e+07 1.000000000000000000e+00 6.600000000000000000e+01 9.794579999999999927e+03 4.537059313743902749e+02 9.173564324974991905e+03 0.000000000000000000e+00 2.800444560671336180e+00 1.078999999999999915e+01
7.873783300000000000e+07 1.000000000000000000e+00 6.600000000000000000e+01 9.792409999999999854e+03 4.541409313743897656e+02 9.174634324974991614e+03 0.000000000000000000e+00 3.422985693709968302e+00 9.199999999999999845e-02
7.873783300000000000e+07 1.000000000000000000e+00 6.600000000000000000e+01 9.791850000000000364e+03 4.543459313743896928e+02 9.174774324974991032e+03 0.000000000000000000e+00 3.208752859887989306e+00 9.199999999999999845e-02
7.873783400000000000e+07 1.000000000000000000e+00 6.600000000000000000e+01 9.787139999999999418e+03 4.560679313743894454e+02 9.175954324974991323e+03 0.000000000000000000e+00 4.823165654121137180e+00 2.400000000000000050e-02
7.873783800000000000e+07 1.000000000000000000e+00 6.500000000000000000e+01 9.784920000000000073e+03 4.620999313743895982e+02 9.176774324974991032e+03 0.000000000000000000e+00 6.139098034581661700e+00 2.039999999999999869e-01
7.873783400000000000e+07 1.000000000000000000e+00 6.600000000000000000e+01 9.785510000000000218e+03 4.597739313743895764e+02 9.174584324974992342e+03 0.000000000000000000e+00 4.490598160891157598e+00 9.199999999999999845e-02
7.873783500000000000e+07 1.000000000000000000e+00 6.600000000000000000e+01 9.783920000000000073e+03 4.595359313743902021e+02 9.172024324974991032e+03 0.000000000000000000e+00 2.977330419655833005e+00 4.169999999999999818e-01
7.873783500000000000e+07 0.000000000000000000e+00 6.600000000000000000e+01 9.781440000000000509e+03 4.546739313743901221e+02 9.166814324974991905e+03 0.000000000000000000e+00 1.753585836950777521e+00 9.199999999999999845e-02
7.873783200000000000e+07 1.000000000000000000e+00 6.600000000000000000e+01 9.795299999999999272e+03 4.554779313743902094e+02 9.171104324974992778e+03 0.000000000000000000e+00 2.628002442509662639e+00 9.199999999999999845e-02
7.873783200000000000e+07 1.000000000000000000e+00 6.600000000000000000e+01 9.796880000000001019e+03 4.512779313743894818e+02 9.172884324974991614e+03 0.000000000000000000e+00 2.595494753870628113e+00 2.400000000000000050e-02
7.873783100000000000e+07 1.000000000000000000e+00 6.600000000000000000e+01 9.793360000000000582e+03 4.413299313743900711e+02 9.173534324974991250e+03 0.000000000000000000e+00 3.694345285667753220e+00 6.099999999999999867e-02
7.873783200000000000e+07 1.000000000000000000e+00 6.600000000000000000e+01 9.790229999999999563e+03 4.431749313743894163e+02 9.172944324974991105e+03 0.000000000000000000e+00 2.894263593290924863e+00 9.199999999999999845e-02
7.873783400000000000e+07 0.000000000000000000e+00 6.500000000000000000e+01 9.786329999999999927e+03 4.481409313743897656e+02 9.173414324974990450e+03 0.000000000000000000e+00 3.060212499046586210e+00 2.039999999999999869e-01
7.873783200000000000e+07 1.000000000000000000e+00 6.600000000000000000e+01 9.794709999999999127e+03 4.484579313743897728e+02 9.173384324974991614e+03 0.000000000000000000e+00 2.686898820697527501e+00 9.199999999999999845e-02
7.873783200000000000e+07 1.000000000000000000e+00 6.600000000000000000e+01 9.791659999999999854e+03 4.441959313743900566e+02 9.174844324974990741e+03 0.000000000000000000e+00 3.044438030066203726e+00 9.199999999999999845e-02
7.873783000000000000e+07 1.000000000000000000e+00 6.600000000000000000e+01 9.796790000000000873e+03 4.394949313743900348e+02 9.173024324974991032e+03 0.000000000000000000e+00 5.172501375949289049e+00 9.199999999999999845e-02
7.873783000000000000e+07 1.000000000000000000e+00 6.600000000000000000e+01 9.796729999999999563e+03 4.354559313743902749e+02 9.168374324974991396e+03 0.000000000000000000e+00 3.996816614119392597e+00 9.199999999999999845e-02
7.873702900000000000e+07 1.000000000000000000e+00 6.600000000000000000e+01 9.777690000000000509e+03 4.264479313743895545e+02 9.177794324974991468e+03 0.000000000000000000e+00 6.917891862269101466e+00 9.199999999999999845e-02
7.873702900000000000e+07 1.000000000000000000e+00 6.600000000000000000e+01 9.776399999999999636e+03 4.279659313743895837e+02 9.177134324974991614e+03 0.000000000000000000e+00 6.149307125902846671e+00 1.078999999999999915e+01
7.873702900000000000e+07 1.000000000000000000e+00 6.600000000000000000e+01 9.776399999999999636e+03 4.279659313743895837e+02 9.177134324974991614e+03 0.000000000000000000e+00 6.149307125902846671e+00 1.467219999999999969e+00
7.873702900000000000e+07 1.000000000000000000e+00 6.600000000000000000e+01 9.776399999999999636e+03 4.279659313743895837e+02 9.177134324974991614e+03 0.000000000000000000e+00 6.149307125902846671e+00 8.003829999999999556e-01
7.873684000000000000e+07 0.000000000000000000e+00 6.600000000000000000e+01 9.803440000000000509e+03 4.585939313743901948e+02 9.155354324974992778e+03 0.000000000000000000e+00 1.220248569822309115e+00 6.099999999999999867e-02
7.873782900000000000e+07 1.000000000000000000e+00 6.500000000000000000e+01 9.802770000000000437e+03 4.583029313743900275e+02 9.154044324974991468e+03 0.000000000000000000e+00 7.428194026428227570e-01 9.199999999999999845e-02
7.873683800000000000e+07 1.000000000000000000e+00 6.500000000000000000e+01 9.793319999999999709e+03 4.619829313743903185e+02 9.157544324974991468e+03 0.000000000000000000e+00 6.569684550636407661e-01 5.000000000000000000e-01
7.873783500000000000e+07 1.000000000000000000e+00 6.600000000000000000e+01 9.787860000000000582e+03 4.657179313743899911e+02 9.158714324974991541e+03 0.000000000000000000e+00 4.375744070242292061e+00 9.199999999999999845e-02
7.873783500000000000e+07 1.000000000000000000e+00 6.600000000000000000e+01 9.787860000000000582e+03 4.657179313743899911e+02 9.158714324974991541e+03 0.000000000000000000e+00 4.375744070242292061e+00 7.363620000000000054e+00
9.024925900000000000e+07 1.000000000000000000e+00 6.500000000000000000e+01 6.939125000000000000e+03 1.011038731374389499e+03 1.038362832497499039e+04 0.000000000000000000e+00 8.543342628941283934e+00 4.169999999999999818e-01
9.025046500000000000e+07 1.000000000000000000e+00 6.500000000000000000e+01 6.923695999999999913e+03 1.005281031374390295e+03 1.035820232497499092e+04 0.000000000000000000e+00 9.471912236999596502e+00 6.099999999999999867e-02
9.025046400000000000e+07 1.000000000000000000e+00 6.500000000000000000e+01 6.919466000000000349e+03 9.927343313743895123e+02 1.035345532497499153e+04 0.000000000000000000e+00 3.960682723308536435e+00 2.400000000000000050e-02
9.024834100000000000e+07 1.000000000000000000e+00 6.500000000000000000e+01 6.836462999999999738e+03 1.075273231374389979e+03 1.039327132497499042e+04 0.000000000000000000e+00 4.031265157052646764e+00 2.400000000000000050e-02
9.024834100000000000e+07 1.000000000000000000e+00 6.500000000000000000e+01 6.843338999999999942e+03 1.074165831374390109e+03 1.039085032497499196e+04 0.000000000000000000e+00 4.836109081821713396e+00 6.099999999999999867e-02
9.024834900000000000e+07 1.000000000000000000e+00 6.500000000000000000e+01 6.851413999999999760e+03 1.092371931374389533e+03 1.039745132497499071e+04 0.000000000000000000e+00 4.410564691221199318e+00 9.199999999999999845e-02
9.024834900000000000e+07 1.000000000000000000e+00 6.500000000000000000e+01 6.839386000000000422e+03 1.098602931374390209e+03 1.039058132497499173e+04 0.000000000000000000e+00 8.358425189995980276e+00 9.199999999999999845e-02
9.024834600000000000e+07 1.000000000000000000e+00 6.600000000000000000e+01 6.848247000000000298e+03 1.081532931374389591e+03 1.038956232497499150e+04 0.000000000000000000e+00 5.617195241999776378e+00 8.349999999999999645e-01
9.024834500000000000e+07 1.000000000000000000e+00 6.600000000000000000e+01 6.845640000000000327e+03 1.079487931374389518e+03 1.038493332497499068e+04 0.000000000000000000e+00 8.170480584797891410e+00 4.169999999999999818e-01
9.024834500000000000e+07 1.000000000000000000e+00 6.600000000000000000e+01 6.845387999999999920e+03 1.079398931374389576e+03 1.038451932497499183e+04 0.000000000000000000e+00 8.342538865513766666e+00 2.400000000000000050e-02
9.024834500000000000e+07 1.000000000000000000e+00 6.600000000000000000e+01 6.845297000000000480e+03 1.079411931374389496e+03 1.038285932497499198e+04 0.000000000000000000e+00 9.571696705463189403e+00 9.199999999999999845e-02
8.507155000000000000e+07 1.000000000000000000e+00 6.600000000000000000e+01 5.173789999999999964e+03 1.550689931374389744e+03 1.025361732497499179e+04 0.000000000000000000e+00 9.550914849694157382e+00 1.078999999999999915e+01
8.507155000000000000e+07 1.000000000000000000e+00 6.600000000000000000e+01 5.173789999999999964e+03 1.550689931374389744e+03 1.025361732497499179e+04 0.000000000000000000e+00 9.550914849694157382e+00 4.536870000000000402e+00
8.507155000000000000e+07 1.000000000000000000e+00 6.600000000000000000e+01 5.173789999999999964e+03 1.550689931374389744e+03 1.025361732497499179e+04 0.000000000000000000e+00 9.550914849694157382e+00 2.241569999999999840e+00
9.032470600000000000e+07 1.000000000000000000e+00 6.600000000000000000e+01 5.289890000000000327e+03 1.580099931374389598e+03 1.037113832497499243e+04 0.000000000000000000e+00 6.112767155721330781e+00 9.199999999999999845e-02
9.032470600000000000e+07 1.000000000000000000e+00 6.600000000000000000e+01 5.288000000000000000e+03 1.582341931374389787e+03 1.037536332497499097e+04 0.000000000000000000e+00 2.000062068178958263e+00 4.169999999999999818e-01
9.032351800000000000e+07 1.000000000000000000e+00 6.500000000000000000e+01 5.325629999999999200e+03 1.610575931374390166e+03 1.038511932497499220e+04 0.000000000000000000e+00 9.627651471724869126e+00 4.169999999999999818e-01
9.032351800000000000e+07 1.000000000000000000e+00 6.500000000000000000e+01 5.326770000000000437e+03 1.611143931374389467e+03 1.038603132497499246e+04 0.000000000000000000e+00 8.943882985410054332e+00 2.400000000000000050e-02
9.032351700000000000e+07 1.000000000000000000e+00 6.500000000000000000e+01 5.320569999999999709e+03 1.616719931374389489e+03 1.038396932497499074e+04 0.000000000000000000e+00 6.211515310281329860e+00 2.039999999999999869e-01
9.032351700000000000e+07 1.000000000000000000e+00 6.500000000000000000e+01 5.320250000000000000e+03 1.620507931374389955e+03 1.038855332497499148e+04 0.000000000000000000e+00 1.959895197707008485e+00 6.099999999999999867e-02
9.032351700000000000e+07 1.000000000000000000e+00 6.500000000000000000e+01 5.322359999999999673e+03 1.616574931374389962e+03 1.039153632497499166e+04 0.000000000000000000e+00 4.386235718302040176e+00 9.199999999999999845e-02
9.032351400000000000e+07 1.000000000000000000e+00 6.600000000000000000e+01 5.325340000000000146e+03 1.611539931374390108e+03 1.040880932497499089e+04 0.000000000000000000e+00 5.223520316564375321e+00 5.000000000000000000e-01
9.032351400000000000e+07 1.000000000000000000e+00 6.600000000000000000e+01 5.325340000000000146e+03 1.611539931374390108e+03 1.040880932497499089e+04 0.000000000000000000e+00 5.223520316564375321e+00 7.059910000000000352e+00
8.507055400000000000e+07 1.000000000000000000e+00 6.500000000000000000e+01 5.215399999999999636e+03 1.601343931374390195e+03 1.024555732497499048e+04 0.000000000000000000e+00 1.591344817825689040e+00 6.099999999999999867e-02
8.507055300000000000e+07 0.000000000000000000e+00 6.500000000000000000e+01 5.220010000000000218e+03 1.608139931374389562e+03 1.024584732497499135e+04 0.000000000000000000e+00 6.404209094015909098e-01 9.199999999999999845e-02
8.507055300000000000e+07 1.000000000000000000e+00 6.500000000000000000e+01 5.207949999999999818e+03 1.604560931374389838e+03 1.025399932497499140e+04 0.000000000000000000e+00 9.390445298127630736e+00 2.039999999999999869e-01
8.507055300000000000e+07 1.000000000000000000e+00 6.500000000000000000e+01 5.210750000000000000e+03 1.601769931374389671e+03 1.025223332497499177e+04 0.000000000000000000e+00 5.812926247047638384e+00 4.169999999999999818e-01
9.032570000000000000e+07 1.000000000000000000e+00 6.500000000000000000e+01 5.145000000000000000e+03 1.459293931374390013e+03 1.037302232497499062e+04 0.000000000000000000e+00 7.874084478504697948e+00 9.199999999999999845e-02
9.040624500000000000e+07 1.000000000000000000e+00 6.600000000000000000e+01 3.144460000000000036e+03 1.355853931374389504e+03 1.045404032497499065e+04 0.000000000000000000e+00 8.031396444674301804e+00 6.587799999999999656e+00
9.036042000000000000e+07 1.000000000000000000e+00 6.500000000000000000e+01 2.665960000000000036e+03 1.323589931374390289e+03 1.047719632497499151e+04 0.000000000000000000e+00 3.580348849820354395e+00 1.078999999999999915e+01
9.036042000000000000e+07 1.000000000000000000e+00 6.500000000000000000e+01 2.665960000000000036e+03 1.323589931374390289e+03 1.047719632497499151e+04 0.000000000000000000e+00 3.580348849820354395e+00 3.940500000000000114e+00
9.036042000000000000e+07 1.000000000000000000e+00 6.500000000000000000e+01 2.665960000000000036e+03 1.323589931374390289e+03 1.047719632497499151e+04 0.000000000000000000e+00 3.580348849820354395e+00 3.489609999999999879e+00
9.036181500000000000e+07 1.000000000000000000e+00 6.600000000000000000e+01 2.568009999999999309e+03 1.310786931374389496e+03 1.044636032497499036e+04 0.000000000000000000e+00 8.971192781783722481e+00 6.099999999999999867e-02
9.036181500000000000e+07 1.000000000000000000e+00 6.600000000000000000e+01 2.568519999999999527e+03 1.310661931374389496e+03 1.044729332497499126e+04 0.000000000000000000e+00 9.721266557793635243e+00 9.199999999999999845e-02
9.036054500000000000e+07 1.000000000000000000e+00 6.500000000000000000e+01 2.582889999999999418e+03 1.281017931374390173e+03 1.042546932497499074e+04 0.000000000000000000e+00 8.565091927330659161e+00 9.199999999999999845e-02
8.960906100000000000e+07 1.000000000000000000e+00 6.500000000000000000e+01 5.112780000000000655e+03 3.055314931374388834e+03 1.047658232497499193e+04 1.000000000000000000e+00 6.255810617915276151e-01 2.170000000000000000e+02
8.961059700000000000e+07 0.000000000000000000e+00 6.600000000000000000e+01 5.119510000000000218e+03 3.050634931374390362e+03 1.046281632497499231e+04 1.000000000000000000e+00 2.757585376630221852e+00 2.170000000000000000e+02
9.593987300000000000e+07 1.000000000000000000e+00 6.600000000000000000e+01 4.450280000000000655e+03 1.639611931374390224e+03 1.109304132497499086e+04 1.000000000000000000e+00 4.620519138883593668e-01 2.170000000000000000e+02
9.043875200000000000e+07 0.000000000000000000e+00 6.500000000000000000e+01 8.366000000000003638e+02 1.077987931374389518e+03 1.055379452497499187e+04 1.000000000000000000e+00 1.918537850776216525e+00 2.170000000000000000e+02
8.410386400000000000e+07 1.000000000000000000e+00 6.600000000000000000e+01 8.875450000000000728e+03 4.110204931374390071e+03 9.874709324974992342e+03 1.000000000000000000e+00 8.453842355907700279e-01 2.170000000000000000e+02
9.593989300000000000e+07 0.000000000000000000e+00 6.500000000000000000e+01 4.456880000000000109e+03 1.707209931374389271e+03 1.108189632497499042e+04 1.000000000000000000e+00 2.627626717569160331e+00 2.170000000000000000e+02
9.147231900000000000e+07 0.000000000000000000e+00 6.600000000000000000e+01 5.363690000000000509e+03 2.809854931374389707e+03 1.068741932497499147e+04 1.000000000000000000e+00 2.647960650326972587e+00 2.170000000000000000e+02
7.988954300000000000e+07 1.000000000000000000e+00 6.500000000000000000e+01 1.136935000000000036e+04 5.248064931374388834e+03 9.401704324974991323e+03 1.000000000000000000e+00 7.748959420080188121e-01 2.170000000000000000e+02
9.068669200000000000e+07 1.000000000000000000e+00 6.600000000000000000e+01 4.361880000000000109e+03 1.594227931374390209e+03 1.089806432497499191e+04 1.000000000000000000e+00 7.613813200112755641e-01 2.170000000000000000e+02
9.593986500000000000e+07 0.000000000000000000e+00 6.500000000000000000e+01 4.429620000000000800e+03 1.641399931374389780e+03 1.107782332497499192e+04 1.000000000000000000e+00 2.764691912319529710e+00 2.170000000000000000e+02
9.593989400000000000e+07 0.000000000000000000e+00 6.600000000000000000e+01 4.444860000000000582e+03 1.699456931374390479e+03 1.109214532497499204e+04 1.000000000000000000e+00 2.849893222177993568e+00 2.170000000000000000e+02
9.593987100000000000e+07 0.000000000000000000e+00 6.600000000000000000e+01 4.450100000000000364e+03 1.640126931374389642e+03 1.108504632497499188e+04 1.000000000000000000e+00 2.720380513157620417e+00 2.170000000000000000e+02
8.961050800000000000e+07 0.000000000000000000e+00 6.600000000000000000e+01 5.135100000000000364e+03 3.046134931374390362e+03 1.044140232497499164e+04 1.000000000000000000e+00 1.405451505818331892e+00 2.170000000000000000e+02
9.068661500000000000e+07 0.000000000000000000e+00 6.600000000000000000e+01 4.377700000000000728e+03 1.611295931374389511e+03 1.090554632497499188e+04 1.000000000000000000e+00 1.783934152102694570e+00 2.170000000000000000e+02
9.593954200000000000e+07 1.000000000000000000e+00 6.600000000000000000e+01 4.390979999999999563e+03 1.616802931374390027e+03 1.105091332497499207e+04 1.000000000000000000e+00 4.641937010148757814e-01 2.170000000000000000e+02
9.593825200000000000e+07 1.000000000000000000e+00 6.600000000000000000e+01 4.450420000000000073e+03 1.624080931374390275e+03 1.110269632497499151e+04 1.000000000000000000e+00 7.201680465251240060e-01 2.170000000000000000e+02
9.593962200000000000e+07 0.000000000000000000e+00 6.500000000000000000e+01 4.396940000000000509e+03 1.597623931374389940e+03 1.104399632497499260e+04 1.000000000000000000e+00 1.008998716125067530e+00 2.170000000000000000e+02
