6.665339700000000000e+07 1.000000000000000000e+00 6.600000000000000000e+01 3.118805722237403643e+03 7.322770273586003896e+03 7.752975999999999658e+03 0.000000000000000000e+00 4.730812918483886520e+00 1.078999999999999915e+01
1.005993880000000000e+08 0.000000000000000000e+00 6.500000000000000000e+01 3.149018722237403381e+03 5.935663273586003925e+03 1.178725000000000000e+04 0.000000000000000000e+00 1.579079207734120915e+00 1.339000000000000057e+01
1.062231700000000000e+08 0.000000000000000000e+00 6.600000000000000000e+01 2.817889522237403071e+03 5.663823273586003779e+03 1.242797000000000116e+04 0.000000000000000000e+00 3.066110849788135084e+00 1.605000000000000071e+01
1.062205880000000000e+08 1.000000000000000000e+00 6.600000000000000000e+01 2.794186822237403248e+03 5.642533273586003816e+03 1.246384000000000015e+04 0.000000000000000000e+00 4.629643596828735497e+00 1.605000000000000071e+01
1.062231960000000000e+08 1.000000000000000000e+00 6.600000000000000000e+01 2.827091022237403195e+03 5.638703273586003888e+03 1.247154000000000087e+04 0.000000000000000000e+00 7.415100897889615794e+00 6.099999999999999867e-02
1.062231960000000000e+08 1.000000000000000000e+00 6.600000000000000000e+01 2.830703822237403074e+03 5.634643273586004398e+03 1.247542000000000007e+04 0.000000000000000000e+00 3.109826522757721090e+00 9.199999999999999845e-02
1.062231970000000000e+08 1.000000000000000000e+00 6.500000000000000000e+01 2.842859122237403426e+03 5.642953273586003888e+03 1.248454000000000087e+04 0.000000000000000000e+00 2.285513556844497085e+00 4.169999999999999818e-01
1.062216590000000000e+08 0.000000000000000000e+00 6.500000000000000000e+01 2.845858332237403374e+03 5.645253273586003161e+03 1.248625999999999840e+04 0.000000000000000000e+00 3.070830251415266332e+00 6.099999999999999867e-02
1.062216590000000000e+08 0.000000000000000000e+00 6.500000000000000000e+01 2.846473542237403308e+03 5.645723273586004325e+03 1.248676000000000022e+04 0.000000000000000000e+00 2.713825101859939082e+00 9.199999999999999845e-02
1.062216590000000000e+08 0.000000000000000000e+00 6.500000000000000000e+01 2.845883632237403617e+03 5.646283273586003816e+03 1.249073999999999978e+04 0.000000000000000000e+00 1.052739926766904865e+00 6.099999999999999867e-02
1.062216580000000000e+08 0.000000000000000000e+00 6.500000000000000000e+01 2.844524822237402987e+03 5.648033273586003816e+03 1.248788999999999942e+04 0.000000000000000000e+00 1.547202963632391626e+00 2.400000000000000050e-02
1.062216590000000000e+08 0.000000000000000000e+00 6.500000000000000000e+01 2.843877022237403253e+03 5.646313273586004470e+03 1.248929999999999927e+04 0.000000000000000000e+00 1.317265818599005822e+00 9.199999999999999845e-02
1.062216600000000000e+08 1.000000000000000000e+00 6.500000000000000000e+01 2.844335522237402984e+03 5.645253273586003161e+03 1.250213999999999942e+04 0.000000000000000000e+00 5.553085575237115989e+00 2.400000000000000050e-02
1.062216600000000000e+08 1.000000000000000000e+00 6.500000000000000000e+01 2.843849122237403208e+03 5.643803273586004252e+03 1.249925000000000000e+04 0.000000000000000000e+00 2.688087434209863957e+00 9.199999999999999845e-02
1.062216590000000000e+08 1.000000000000000000e+00 6.500000000000000000e+01 2.844308822237403547e+03 5.647633273586004179e+03 1.249670999999999913e+04 0.000000000000000000e+00 3.153993397790224140e+00 9.199999999999999845e-02
1.062215790000000000e+08 1.000000000000000000e+00 6.600000000000000000e+01 2.841366322237403438e+03 5.647853273586003525e+03 1.250095999999999913e+04 0.000000000000000000e+00 7.109903989228090637e+00 2.400000000000000050e-02
1.062216590000000000e+08 1.000000000000000000e+00 6.500000000000000000e+01 2.840907622237403302e+03 5.646533273586003816e+03 1.249777000000000044e+04 0.000000000000000000e+00 5.674735630528874530e+00 2.400000000000000050e-02
1.062232030000000000e+08 1.000000000000000000e+00 6.600000000000000000e+01 2.833415722237403315e+03 5.644393273586004398e+03 1.250297000000000116e+04 0.000000000000000000e+00 7.345409934470221280e+00 6.099999999999999867e-02
1.062216560000000000e+08 1.000000000000000000e+00 6.600000000000000000e+01 2.831386822237403067e+03 5.647393273586004398e+03 1.250038999999999942e+04 0.000000000000000000e+00 7.093207625031713093e+00 9.199999999999999845e-02
1.062216570000000000e+08 1.000000000000000000e+00 6.600000000000000000e+01 2.832405022237403500e+03 5.644993273586003852e+03 1.249327999999999884e+04 0.000000000000000000e+00 5.458721981998970740e-01 9.199999999999999845e-02
1.062216570000000000e+08 1.000000000000000000e+00 6.600000000000000000e+01 2.835220622237403404e+03 5.649383273586004179e+03 1.249484000000000015e+04 0.000000000000000000e+00 3.317625525419571897e+00 9.199999999999999845e-02
1.062216570000000000e+08 1.000000000000000000e+00 6.600000000000000000e+01 2.835220622237403404e+03 5.649383273586004179e+03 1.249484000000000015e+04 0.000000000000000000e+00 3.317625525419571897e+00 7.371120000000000339e+00
1.062219040000000000e+08 1.000000000000000000e+00 6.500000000000000000e+01 2.817352322237403314e+03 5.664133273586004179e+03 1.242852999999999884e+04 0.000000000000000000e+00 3.009077107723226341e+00 1.078999999999999915e+01
1.062219040000000000e+08 1.000000000000000000e+00 6.500000000000000000e+01 2.813092722237402995e+03 5.666033273586003816e+03 1.242743000000000029e+04 0.000000000000000000e+00 1.525023566128140162e+00 1.078999999999999915e+01
1.062219030000000000e+08 1.000000000000000000e+00 6.500000000000000000e+01 2.811460422237403691e+03 5.672693273586003670e+03 1.243102000000000044e+04 0.000000000000000000e+00 2.939205191447995080e+00 6.099999999999999867e-02
1.062219070000000000e+08 1.000000000000000000e+00 6.600000000000000000e+01 2.808738722237403636e+03 5.676543273586004034e+03 1.243419000000000051e+04 0.000000000000000000e+00 6.670852087290214172e+00 4.169999999999999818e-01
1.062218270000000000e+08 1.000000000000000000e+00 6.600000000000000000e+01 2.804964922237403698e+03 5.676813273586004470e+03 1.242813999999999942e+04 0.000000000000000000e+00 3.299026894921977426e+00 4.169999999999999818e-01
1.062218270000000000e+08 1.000000000000000000e+00 6.600000000000000000e+01 2.802726722237403010e+03 5.673913273586003015e+03 1.242806000000000131e+04 0.000000000000000000e+00 1.252795718017576831e+00 4.169999999999999818e-01
1.062218270000000000e+08 1.000000000000000000e+00 6.600000000000000000e+01 2.805661122237403106e+03 5.679763273586003379e+03 1.243172999999999956e+04 0.000000000000000000e+00 7.308920293326043982e+00 8.481989999999999696e+00
1.062219040000000000e+08 1.000000000000000000e+00 6.500000000000000000e+01 2.813058622237403142e+03 5.665443273586003670e+03 1.242747999999999956e+04 0.000000000000000000e+00 1.350772679812598964e+00 6.099999999999999867e-02
1.062231690000000000e+08 0.000000000000000000e+00 6.600000000000000000e+01 2.816139422237403778e+03 5.660493273586003852e+03 1.242309000000000015e+04 0.000000000000000000e+00 6.365819745540821639e-01 9.199999999999999845e-02
1.062231690000000000e+08 0.000000000000000000e+00 6.600000000000000000e+01 2.816775222237403796e+03 5.660273273586003597e+03 1.242279999999999927e+04 0.000000000000000000e+00 5.340293527206371182e-01 4.169999999999999818e-01
1.062231690000000000e+08 0.000000000000000000e+00 6.600000000000000000e+01 2.813839122237402989e+03 5.659963273586004107e+03 1.242357999999999993e+04 0.000000000000000000e+00 9.043695988733329028e-01 2.400000000000000050e-02
1.062231670000000000e+08 1.000000000000000000e+00 6.500000000000000000e+01 2.813119322237403139e+03 5.671803273586004252e+03 1.241936000000000058e+04 0.000000000000000000e+00 1.416187718368141946e+00 4.169999999999999818e-01
1.062231670000000000e+08 1.000000000000000000e+00 6.500000000000000000e+01 2.816616822237403539e+03 5.673503273586003161e+03 1.241506999999999971e+04 0.000000000000000000e+00 1.179863619571516642e+00 6.099999999999999867e-02
1.062231670000000000e+08 1.000000000000000000e+00 6.500000000000000000e+01 2.819186222237402944e+03 5.670183273586003452e+03 1.241794000000000051e+04 0.000000000000000000e+00 5.674036311418413803e+00 9.199999999999999845e-02
1.062231710000000000e+08 1.000000000000000000e+00 6.600000000000000000e+01 2.822071222237403163e+03 5.669733273586003634e+03 1.241951000000000022e+04 0.000000000000000000e+00 3.433906269083973672e+00 9.199999999999999845e-02
1.062231710000000000e+08 1.000000000000000000e+00 6.600000000000000000e+01 2.824746822237403649e+03 5.672153273586003706e+03 1.242057999999999993e+04 0.000000000000000000e+00 4.991338415486166191e+00 9.199999999999999845e-02
1.062217180000000000e+08 0.000000000000000000e+00 6.600000000000000000e+01 2.829262222237402966e+03 5.679863273586003743e+03 1.242382999999999993e+04 0.000000000000000000e+00 4.016632824671633628e+00 9.199999999999999845e-02
1.062215690000000000e+08 1.000000000000000000e+00 6.600000000000000000e+01 2.815050022237403027e+03 5.680403273586003706e+03 1.242667000000000007e+04 0.000000000000000000e+00 7.335948660171774272e+00 9.199999999999999845e-02
1.062215690000000000e+08 1.000000000000000000e+00 6.600000000000000000e+01 2.815050022237403027e+03 5.680403273586003706e+03 1.242667000000000007e+04 0.000000000000000000e+00 7.335948660171774272e+00 7.359350000000000058e+00
1.062219030000000000e+08 1.000000000000000000e+00 6.500000000000000000e+01 2.816251222237403454e+03 5.666883273586004179e+03 1.242656999999999971e+04 0.000000000000000000e+00 1.651384382145455465e+00 4.169999999999999818e-01
1.062231720000000000e+08 1.000000000000000000e+00 6.600000000000000000e+01 2.821560822237403045e+03 5.663133273586004179e+03 1.242900000000000000e+04 0.000000000000000000e+00 1.759330745165097687e+00 9.199999999999999845e-02
1.062231710000000000e+08 1.000000000000000000e+00 6.600000000000000000e+01 2.820029422237403196e+03 5.661803273586004252e+03 1.242611000000000058e+04 0.000000000000000000e+00 1.304121797277566275e+00 2.039999999999999869e-01
1.062231690000000000e+08 0.000000000000000000e+00 6.500000000000000000e+01 2.812064622237403455e+03 5.661733273586003634e+03 1.242459000000000015e+04 0.000000000000000000e+00 1.636249023716314310e+00 9.199999999999999845e-02
1.062231670000000000e+08 0.000000000000000000e+00 6.600000000000000000e+01 2.811777922237403800e+03 5.659243273586003852e+03 1.241732999999999993e+04 0.000000000000000000e+00 3.681414153521329613e+00 4.169999999999999818e-01
1.062218350000000000e+08 1.000000000000000000e+00 6.600000000000000000e+01 2.806856122237403724e+03 5.645363273586003743e+03 1.242040999999999985e+04 0.000000000000000000e+00 5.088575277168851052e+00 9.199999999999999845e-02
1.062231690000000000e+08 1.000000000000000000e+00 6.600000000000000000e+01 2.816434122237403244e+03 5.647003273586004070e+03 1.241843000000000029e+04 0.000000000000000000e+00 9.142536815842515097e+00 9.199999999999999845e-02
1.062231630000000000e+08 1.000000000000000000e+00 6.500000000000000000e+01 2.806707822237402979e+03 5.649433273586003452e+03 1.240477000000000044e+04 0.000000000000000000e+00 9.884181144046783274e+00 9.199999999999999845e-02
1.062218350000000000e+08 1.000000000000000000e+00 6.600000000000000000e+01 2.811980222237403723e+03 5.648043273586004034e+03 1.242073999999999978e+04 0.000000000000000000e+00 5.180488636775123723e+00 9.199999999999999845e-02
1.062231630000000000e+08 1.000000000000000000e+00 6.500000000000000000e+01 2.807015322237403780e+03 5.651833273586003997e+03 1.240522999999999956e+04 0.000000000000000000e+00 8.002344564386014270e+00 2.039999999999999869e-01
1.062231580000000000e+08 1.000000000000000000e+00 6.600000000000000000e+01 2.804266822237403176e+03 5.651543273586004034e+03 1.240117000000000007e+04 0.000000000000000000e+00 8.204640554736426949e+00 6.099999999999999867e-02
1.062231580000000000e+08 1.000000000000000000e+00 6.600000000000000000e+01 2.804266822237403176e+03 5.651543273586004034e+03 1.240117000000000007e+04 0.000000000000000000e+00 8.204640554736426949e+00 7.375619999999999621e+00
1.062229050000000000e+08 0.000000000000000000e+00 6.500000000000000000e+01 2.903958222237403788e+03 5.708693273586003670e+03 1.238313000000000102e+04 0.000000000000000000e+00 3.941034134571566039e+00 6.099999999999999867e-02
1.062229040000000000e+08 0.000000000000000000e+00 6.500000000000000000e+01 2.913559022237403042e+03 5.709373273586003961e+03 1.238407999999999993e+04 0.000000000000000000e+00 1.998012066546024146e+00 6.099999999999999867e-02
1.062229040000000000e+08 1.000000000000000000e+00 6.500000000000000000e+01 2.914436122237403652e+03 5.712413273586003925e+03 1.238707999999999993e+04 0.000000000000000000e+00 2.433339310533562561e+00 2.039999999999999869e-01
1.062229040000000000e+08 1.000000000000000000e+00 6.500000000000000000e+01 2.914600322237403816e+03 5.713083273586003997e+03 1.238804000000000087e+04 0.000000000000000000e+00 2.766540038011051639e+00 1.339000000000000057e+01
1.062229030000000000e+08 1.000000000000000000e+00 6.500000000000000000e+01 2.918810322237402943e+03 5.710603273586003525e+03 1.238588000000000102e+04 0.000000000000000000e+00 2.445771010362414621e+00 4.169999999999999818e-01
1.062241750000000000e+08 1.000000000000000000e+00 6.600000000000000000e+01 2.935683722237403344e+03 5.703343273586003306e+03 1.238617000000000007e+04 0.000000000000000000e+00 2.179826431205408976e+00 1.078999999999999915e+01
1.062241750000000000e+08 1.000000000000000000e+00 6.600000000000000000e+01 2.938004322237403358e+03 5.705233273586003634e+03 1.238950999999999840e+04 0.000000000000000000e+00 4.160351134258510442e+00 1.339000000000000057e+01
1.062241760000000000e+08 1.000000000000000000e+00 6.600000000000000000e+01 2.941146622237403790e+03 5.707023273586003597e+03 1.239791999999999825e+04 0.000000000000000000e+00 9.750823051331028779e+00 2.039999999999999869e-01
1.062228090000000000e+08 1.000000000000000000e+00 6.600000000000000000e+01 2.935516122237403579e+03 5.700703273586003888e+03 1.241406999999999971e+04 0.000000000000000000e+00 9.020223536119910790e+00 2.400000000000000050e-02
1.062228050000000000e+08 1.000000000000000000e+00 6.500000000000000000e+01 2.938847122237403710e+03 5.700223273586004325e+03 1.241329000000000087e+04 0.000000000000000000e+00 6.699676695573864471e+00 1.078999999999999915e+01
1.062228050000000000e+08 1.000000000000000000e+00 6.500000000000000000e+01 2.938004122237402953e+03 5.699673273586003234e+03 1.241054000000000087e+04 0.000000000000000000e+00 8.511984632760556835e+00 9.199999999999999845e-02
1.062241770000000000e+08 1.000000000000000000e+00 6.600000000000000000e+01 2.934583622237403688e+03 5.691773273586003597e+03 1.240372999999999956e+04 0.000000000000000000e+00 4.195106436645481551e+00 2.400000000000000050e-02
1.062241740000000000e+08 1.000000000000000000e+00 6.500000000000000000e+01 2.932368622237403542e+03 5.681003273586004070e+03 1.239984999999999854e+04 0.000000000000000000e+00 4.444339507538445311e+00 9.199999999999999845e-02
1.062241750000000000e+08 1.000000000000000000e+00 6.500000000000000000e+01 2.936037222237403512e+03 5.678863273586003743e+03 1.239089999999999964e+04 0.000000000000000000e+00 3.273898471645203756e+00 6.099999999999999867e-02
1.062228600000000000e+08 1.000000000000000000e+00 6.500000000000000000e+01 2.950059322237403649e+03 5.648253273586003161e+03 1.240256999999999971e+04 0.000000000000000000e+00 4.186755361966166156e+00 6.099999999999999867e-02
1.062228610000000000e+08 1.000000000000000000e+00 6.500000000000000000e+01 2.950098922237403713e+03 5.656643273586004398e+03 1.240059999999999854e+04 0.000000000000000000e+00 8.935585701068269771e+00 9.199999999999999845e-02
1.062228660000000000e+08 1.000000000000000000e+00 6.600000000000000000e+01 2.952676522237403333e+03 5.658363273586003743e+03 1.239244000000000051e+04 0.000000000000000000e+00 7.579828789874350825e+00 6.099999999999999867e-02
1.062228660000000000e+08 1.000000000000000000e+00 6.600000000000000000e+01 2.950739722237403839e+03 5.658263273586003379e+03 1.239017000000000007e+04 0.000000000000000000e+00 7.756801275512051674e+00 9.199999999999999845e-02
1.062228660000000000e+08 1.000000000000000000e+00 6.600000000000000000e+01 2.949047322237403023e+03 5.655213273586004107e+03 1.239065999999999985e+04 0.000000000000000000e+00 7.913941063971470236e+00 9.199999999999999845e-02
1.062228620000000000e+08 1.000000000000000000e+00 6.500000000000000000e+01 2.956072722237403468e+03 5.664243273586003852e+03 1.239620000000000073e+04 0.000000000000000000e+00 8.718024692418351762e+00 2.400000000000000050e-02
1.062241810000000000e+08 1.000000000000000000e+00 6.600000000000000000e+01 2.953244422237403342e+03 5.678083273586003088e+03 1.239747000000000116e+04 0.000000000000000000e+00 4.983935416224723802e+00 9.199999999999999845e-02
1.062240800000000000e+08 1.000000000000000000e+00 6.500000000000000000e+01 2.975474722237403512e+03 5.669353273586003525e+03 1.239301000000000022e+04 0.000000000000000000e+00 9.535813838866380010e+00 9.199999999999999845e-02
1.062241210000000000e+08 1.000000000000000000e+00 6.600000000000000000e+01 2.978383722237403163e+03 5.651763273586003379e+03 1.239422000000000116e+04 0.000000000000000000e+00 6.595164374566773624e+00 9.199999999999999845e-02
1.062241250000000000e+08 1.000000000000000000e+00 6.500000000000000000e+01 2.978083722237402981e+03 5.644563273586003561e+03 1.239642000000000007e+04 0.000000000000000000e+00 4.919018453644858901e+00 6.099999999999999867e-02
1.062241260000000000e+08 1.000000000000000000e+00 6.500000000000000000e+01 2.977834722237403184e+03 5.635873273586003961e+03 1.239013999999999942e+04 0.000000000000000000e+00 3.179300890470672325e+00 9.199999999999999845e-02
1.062241260000000000e+08 1.000000000000000000e+00 6.500000000000000000e+01 2.977817722237403359e+03 5.635953273586003888e+03 1.238992000000000007e+04 0.000000000000000000e+00 3.165785111127334073e+00 2.039999999999999869e-01
1.062241270000000000e+08 1.000000000000000000e+00 6.500000000000000000e+01 2.977446722237403264e+03 5.637183273586003452e+03 1.238695000000000073e+04 0.000000000000000000e+00 3.302485519971261940e+00 6.099999999999999867e-02
1.062228670000000000e+08 1.000000000000000000e+00 6.500000000000000000e+01 2.964466722237403701e+03 5.641533273586003816e+03 1.237870999999999913e+04 0.000000000000000000e+00 1.845426712471502251e+00 6.099999999999999867e-02
1.062228680000000000e+08 1.000000000000000000e+00 6.500000000000000000e+01 2.961903722237403599e+03 5.641183273586003452e+03 1.237520999999999913e+04 0.000000000000000000e+00 2.017229892593028762e+00 2.400000000000000050e-02
1.062241360000000000e+08 1.000000000000000000e+00 6.500000000000000000e+01 2.962376722237403555e+03 5.639863273586003743e+03 1.236893999999999869e+04 0.000000000000000000e+00 2.331184250050464701e+00 2.400000000000000050e-02
1.062241270000000000e+08 1.000000000000000000e+00 6.500000000000000000e+01 2.978363722237403636e+03 5.644323273586003779e+03 1.238042000000000007e+04 0.000000000000000000e+00 6.376200294824815096e+00 9.199999999999999845e-02
1.062241310000000000e+08 1.000000000000000000e+00 6.600000000000000000e+01 2.969175722237403534e+03 5.631853273586003525e+03 1.238631999999999971e+04 0.000000000000000000e+00 1.102677478265993383e+00 4.169999999999999818e-01
1.062241310000000000e+08 1.000000000000000000e+00 6.600000000000000000e+01 2.969108722237403526e+03 5.635923273586003234e+03 1.238843999999999869e+04 0.000000000000000000e+00 2.478826922590723569e+00 9.199999999999999845e-02
1.062228640000000000e+08 1.000000000000000000e+00 6.600000000000000000e+01 2.955659722237403003e+03 5.630603273586003525e+03 1.238952000000000044e+04 0.000000000000000000e+00 7.063790707848808914e+00 9.199999999999999845e-02
1.062241340000000000e+08 1.000000000000000000e+00 6.500000000000000000e+01 2.956358722237403526e+03 5.625533273586003816e+03 1.238813999999999942e+04 0.000000000000000000e+00 2.885062324649656063e+00 9.199999999999999845e-02
1.062241340000000000e+08 1.000000000000000000e+00 6.500000000000000000e+01 2.956358722237403526e+03 5.625533273586003816e+03 1.238813999999999942e+04 0.000000000000000000e+00 2.885062324649656063e+00 7.383189999999999920e+00
1.062228050000000000e+08 1.000000000000000000e+00 6.500000000000000000e+01 2.938847122237403710e+03 5.700223273586004325e+03 1.241329000000000087e+04 0.000000000000000000e+00 6.699676695573864471e+00 3.282449999999999868e+00
1.062241760000000000e+08 1.000000000000000000e+00 6.600000000000000000e+01 2.943639122237403171e+03 5.703883273586004179e+03 1.239886000000000058e+04 0.000000000000000000e+00 8.812683851231302157e+00 2.039999999999999869e-01
1.062241790000000000e+08 1.000000000000000000e+00 6.500000000000000000e+01 2.947691222237403053e+03 5.697333273586003997e+03 1.240000000000000000e+04 0.000000000000000000e+00 2.153284952297135568e+00 6.099999999999999867e-02
1.062241790000000000e+08 1.000000000000000000e+00 6.500000000000000000e+01 2.947725122237403411e+03 5.698413273586003925e+03 1.240336999999999898e+04 0.000000000000000000e+00 3.957591304933833154e+00 9.199999999999999845e-02
1.062241790000000000e+08 1.000000000000000000e+00 6.500000000000000000e+01 2.950112722237403432e+03 5.704353273586003525e+03 1.240396999999999935e+04 0.000000000000000000e+00 8.819881347784697567e+00 6.099999999999999867e-02
1.062228010000000000e+08 1.000000000000000000e+00 6.600000000000000000e+01 2.960156722237403301e+03 5.708273273586003597e+03 1.240629000000000087e+04 0.000000000000000000e+00 7.274488872623618541e+00 5.000000000000000000e-01
1.062241750000000000e+08 1.000000000000000000e+00 6.600000000000000000e+01 2.940238822237402928e+03 5.703293273586004034e+03 1.238397999999999956e+04 0.000000000000000000e+00 8.489438956633319489e-01 9.199999999999999845e-02
1.062241760000000000e+08 1.000000000000000000e+00 6.600000000000000000e+01 2.934252122237403455e+03 5.695923273586003234e+03 1.239243000000000029e+04 0.000000000000000000e+00 1.500859814427912831e+00 6.099999999999999867e-02
1.062241740000000000e+08 0.000000000000000000e+00 6.500000000000000000e+01 2.931205022237403682e+03 5.695093273586003306e+03 1.238952000000000044e+04 0.000000000000000000e+00 4.973984523349931131e+00 6.099999999999999867e-02
1.062241750000000000e+08 1.000000000000000000e+00 6.600000000000000000e+01 2.928246922237402941e+03 5.704303273586004252e+03 1.238752999999999884e+04 0.000000000000000000e+00 9.412116895358545676e+00 2.039999999999999869e-01
1.062229030000000000e+08 1.000000000000000000e+00 6.500000000000000000e+01 2.923906322237403401e+03 5.704653273586003706e+03 1.238352999999999884e+04 0.000000000000000000e+00 7.307129833614337322e+00 8.220000000000000639e+00
1.062229030000000000e+08 1.000000000000000000e+00 6.500000000000000000e+01 2.923906322237403401e+03 5.704653273586003706e+03 1.238352999999999884e+04 0.000000000000000000e+00 7.307129833614337322e+00 5.639820000000000277e+00
1.062229030000000000e+08 1.000000000000000000e+00 6.500000000000000000e+01 2.918179322237403539e+03 5.707413273586003925e+03 1.238737999999999920e+04 0.000000000000000000e+00 4.023375783196924793e+00 4.169999999999999818e-01
1.062229020000000000e+08 1.000000000000000000e+00 6.500000000000000000e+01 2.916352722237403214e+03 5.704483273586004543e+03 1.238576000000000022e+04 0.000000000000000000e+00 4.927124536361530360e+00 9.199999999999999845e-02
1.062229070000000000e+08 1.000000000000000000e+00 6.600000000000000000e+01 2.916257022237403362e+03 5.702083273586003997e+03 1.238668000000000029e+04 0.000000000000000000e+00 5.204857398609031627e+00 9.199999999999999845e-02
1.062229040000000000e+08 1.000000000000000000e+00 6.500000000000000000e+01 2.919458522237403486e+03 5.714603273586003525e+03 1.238495999999999913e+04 0.000000000000000000e+00 3.674304245042192552e+00 6.099999999999999867e-02
1.062229040000000000e+08 1.000000000000000000e+00 6.500000000000000000e+01 2.910215422237403800e+03 5.719363273586003743e+03 1.238347999999999956e+04 0.000000000000000000e+00 3.727597214532098580e+00 9.199999999999999845e-02
1.062229010000000000e+08 1.000000000000000000e+00 6.500000000000000000e+01 2.913753122237403659e+03 5.698093273586003306e+03 1.238245000000000073e+04 0.000000000000000000e+00 4.556406301796068981e+00 2.039999999999999869e-01
1.062229790000000000e+08 1.000000000000000000e+00 6.600000000000000000e+01 2.909756422237403058e+03 5.694463273586004107e+03 1.236492000000000007e+04 0.000000000000000000e+00 6.705653371792988260e+00 9.199999999999999845e-02
1.062229770000000000e+08 1.000000000000000000e+00 6.600000000000000000e+01 2.901387722237403068e+03 5.679423273586003234e+03 1.235851000000000022e+04 0.000000000000000000e+00 3.085641448960702693e+00 9.199999999999999845e-02
1.062229760000000000e+08 1.000000000000000000e+00 6.600000000000000000e+01 2.899491722237403337e+03 5.677393273586004398e+03 1.235736999999999898e+04 0.000000000000000000e+00 3.985666296569798650e+00 6.099999999999999867e-02
1.062229790000000000e+08 1.000000000000000000e+00 6.500000000000000000e+01 2.899469922237403807e+03 5.678053273586004252e+03 1.235826000000000022e+04 0.000000000000000000e+00 3.852379066695647669e+00 9.199999999999999845e-02
1.062229800000000000e+08 0.000000000000000000e+00 6.500000000000000000e+01 2.899996122237403142e+03 5.679463273586004107e+03 1.236286000000000058e+04 0.000000000000000000e+00 3.677724614376820966e+00 9.199999999999999845e-02
1.062242440000000000e+08 1.000000000000000000e+00 6.600000000000000000e+01 2.903149022237403187e+03 5.671203273586003888e+03 1.236710000000000036e+04 0.000000000000000000e+00 2.537463422462674867e+00 6.099999999999999867e-02
1.062229810000000000e+08 1.000000000000000000e+00 6.500000000000000000e+01 2.901490522237403638e+03 5.674933273586003452e+03 1.236738000000000102e+04 0.000000000000000000e+00 4.675764593943060099e+00 9.199999999999999845e-02
1.062242480000000000e+08 1.000000000000000000e+00 6.500000000000000000e+01 2.903923722237403126e+03 5.673283273586003816e+03 1.237686999999999898e+04 0.000000000000000000e+00 4.372798147664652468e+00 2.400000000000000050e-02
1.062242460000000000e+08 1.000000000000000000e+00 6.600000000000000000e+01 2.899504922237403662e+03 5.669693273586003670e+03 1.237654999999999927e+04 0.000000000000000000e+00 1.894200822530283990e+00 9.199999999999999845e-02
1.062242450000000000e+08 0.000000000000000000e+00 6.600000000000000000e+01 2.905144622237403382e+03 5.665133273586004179e+03 1.237523999999999978e+04 0.000000000000000000e+00 1.435344577162628310e+00 9.199999999999999845e-02
1.062242440000000000e+08 1.000000000000000000e+00 6.600000000000000000e+01 2.910972022237403507e+03 5.667573273586003779e+03 1.237154999999999927e+04 0.000000000000000000e+00 2.565944830002541366e+00 9.199999999999999845e-02
1.062242440000000000e+08 1.000000000000000000e+00 6.600000000000000000e+01 2.911937622237403048e+03 5.668023273586003597e+03 1.237111000000000058e+04 0.000000000000000000e+00 3.296248613635407665e+00 9.199999999999999845e-02
1.062229760000000000e+08 1.000000000000000000e+00 6.600000000000000000e+01 2.910776222237403090e+03 5.671503273586003161e+03 1.235919000000000051e+04 0.000000000000000000e+00 4.584963943415097276e+00 6.099999999999999867e-02
1.062241600000000000e+08 1.000000000000000000e+00 6.600000000000000000e+01 2.931375822237403554e+03 5.674733273586004543e+03 1.235747999999999956e+04 0.000000000000000000e+00 2.847786795787446756e+00 9.199999999999999845e-02
1.062241630000000000e+08 0.000000000000000000e+00 6.500000000000000000e+01 2.921389222237403374e+03 5.684263273586003379e+03 1.235909999999999854e+04 0.000000000000000000e+00 1.682643381043679609e+00 6.099999999999999867e-02
1.062241650000000000e+08 0.000000000000000000e+00 6.500000000000000000e+01 2.924145822237403081e+03 5.686843273586003306e+03 1.236125999999999840e+04 0.000000000000000000e+00 1.153024338586928765e+00 2.400000000000000050e-02
1.062241650000000000e+08 1.000000000000000000e+00 6.500000000000000000e+01 2.930524222237403592e+03 5.686103273586003525e+03 1.236360000000000036e+04 0.000000000000000000e+00 1.152970610117730610e+00 9.199999999999999845e-02
1.062241670000000000e+08 0.000000000000000000e+00 6.600000000000000000e+01 2.922955222237403177e+03 5.691783273586003816e+03 1.236470999999999913e+04 0.000000000000000000e+00 1.333264452885172258e+00 4.169999999999999818e-01
1.005978730000000000e+08 1.000000000000000000e+00 6.600000000000000000e+01 3.149585722237403388e+03 5.915443273586003670e+03 1.180670999999999913e+04 0.000000000000000000e+00 7.541438157184265023e+00 9.199999999999999845e-02
1.005978780000000000e+08 1.000000000000000000e+00 6.500000000000000000e+01 3.144199722237402966e+03 5.908913273586003925e+03 1.180145000000000073e+04 0.000000000000000000e+00 6.918568507749363938e+00 6.099999999999999867e-02
1.005978780000000000e+08 1.000000000000000000e+00 6.500000000000000000e+01 3.137461722237403592e+03 5.908603273586003525e+03 1.180105999999999949e+04 0.000000000000000000e+00 9.933189666685860786e+00 2.039999999999999869e-01
1.005978780000000000e+08 1.000000000000000000e+00 6.500000000000000000e+01 3.137007722237402959e+03 5.908013273586003379e+03 1.180084000000000015e+04 0.000000000000000000e+00 9.969877448159198963e+00 5.000000000000000000e-01
1.005993880000000000e+08 0.000000000000000000e+00 6.600000000000000000e+01 3.151957722237403686e+03 5.935803273586004252e+03 1.178795999999999913e+04 0.000000000000000000e+00 1.456719944349353257e+00 9.199999999999999845e-02
1.005993880000000000e+08 0.000000000000000000e+00 6.600000000000000000e+01 3.155212722237403796e+03 5.938663273586003925e+03 1.178832999999999993e+04 0.000000000000000000e+00 6.103350042375425000e-01 9.199999999999999845e-02
1.005993880000000000e+08 1.000000000000000000e+00 6.600000000000000000e+01 3.157763722237403272e+03 5.938863273586003743e+03 1.178847999999999956e+04 0.000000000000000000e+00 1.231026780448520208e+00 6.099999999999999867e-02
1.005993280000000000e+08 1.000000000000000000e+00 6.500000000000000000e+01 3.173918722237403017e+03 5.977853273586003525e+03 1.172029000000000087e+04 0.000000000000000000e+00 3.111511833201185517e+00 9.199999999999999845e-02
1.005993250000000000e+08 0.000000000000000000e+00 6.500000000000000000e+01 3.173694722237403766e+03 5.972843273586004216e+03 1.173085000000000036e+04 0.000000000000000000e+00 2.241557103227314496e+00 9.199999999999999845e-02
1.005980620000000000e+08 1.000000000000000000e+00 6.600000000000000000e+01 3.158444722237403766e+03 5.985933273586003452e+03 1.169851000000000022e+04 0.000000000000000000e+00 6.402727256970377034e+00 9.199999999999999845e-02
1.005993330000000000e+08 0.000000000000000000e+00 6.600000000000000000e+01 3.152706722237403483e+03 5.982733273586003634e+03 1.171048999999999978e+04 0.000000000000000000e+00 2.482485636278408236e+00 9.199999999999999845e-02
1.005993340000000000e+08 0.000000000000000000e+00 6.500000000000000000e+01 3.150690722237402952e+03 5.982683273586003452e+03 1.170940000000000146e+04 0.000000000000000000e+00 2.447864359471102702e+00 9.199999999999999845e-02
1.005993340000000000e+08 1.000000000000000000e+00 6.600000000000000000e+01 3.152968722237403199e+03 5.987803273586004252e+03 1.170598999999999978e+04 0.000000000000000000e+00 1.043432562347746728e+00 6.099999999999999867e-02
1.005993340000000000e+08 1.000000000000000000e+00 6.600000000000000000e+01 3.161003722237403053e+03 5.992703273586003888e+03 1.171284999999999854e+04 0.000000000000000000e+00 2.544908140403736585e+00 5.000000000000000000e-01
1.005993340000000000e+08 1.000000000000000000e+00 6.600000000000000000e+01 3.161761722237403774e+03 5.992193273586003670e+03 1.171339999999999964e+04 0.000000000000000000e+00 3.389749031606204888e+00 9.199999999999999845e-02
1.005993310000000000e+08 0.000000000000000000e+00 6.500000000000000000e+01 3.166075722237403170e+03 5.991723273586004325e+03 1.171848999999999978e+04 0.000000000000000000e+00 6.197679125680023660e+00 4.169999999999999818e-01
1.005993310000000000e+08 0.000000000000000000e+00 6.500000000000000000e+01 3.166643722237403381e+03 5.991373273586003961e+03 1.171914999999999964e+04 0.000000000000000000e+00 5.759923219659869531e+00 2.039999999999999869e-01
1.005993340000000000e+08 1.000000000000000000e+00 6.600000000000000000e+01 3.163374722237403148e+03 5.991143273586004398e+03 1.171457999999999993e+04 0.000000000000000000e+00 5.430233614175503654e+00 4.169999999999999818e-01
1.005980570000000000e+08 1.000000000000000000e+00 6.500000000000000000e+01 3.168007722237402959e+03 5.985823273586003779e+03 1.170665000000000146e+04 0.000000000000000000e+00 7.656641101760255808e+00 4.169999999999999818e-01
1.005980600000000000e+08 1.000000000000000000e+00 6.600000000000000000e+01 3.167637722237403068e+03 5.976013273586003379e+03 1.170623999999999978e+04 0.000000000000000000e+00 8.750635393316763100e+00 4.169999999999999818e-01
1.005980610000000000e+08 1.000000000000000000e+00 6.600000000000000000e+01 3.165506722237403665e+03 5.979273273586003597e+03 1.169470000000000073e+04 0.000000000000000000e+00 7.972183933486197027e+00 9.199999999999999845e-02
1.005980600000000000e+08 1.000000000000000000e+00 6.600000000000000000e+01 3.161472722237403104e+03 5.973623273586003961e+03 1.170170000000000073e+04 0.000000000000000000e+00 2.748597748043878575e+00 9.199999999999999845e-02
1.005980600000000000e+08 1.000000000000000000e+00 6.600000000000000000e+01 3.168776722237403192e+03 5.970923273586003234e+03 1.169954999999999927e+04 0.000000000000000000e+00 7.112691216274461325e+00 4.169999999999999818e-01
1.005980600000000000e+08 1.000000000000000000e+00 6.600000000000000000e+01 3.168776722237403192e+03 5.970923273586003234e+03 1.169954999999999927e+04 0.000000000000000000e+00 7.112691216274461325e+00 7.364959999999999951e+00
6.665339700000000000e+07 1.000000000000000000e+00 6.600000000000000000e+01 3.118805722237403643e+03 7.322770273586003896e+03 7.752975999999999658e+03 0.000000000000000000e+00 4.730812918483886520e+00 5.999559999999999782e+00
9.740007300000000000e+07 0.000000000000000000e+00 6.500000000000000000e+01 2.177476722237403010e+03 6.406623273586003961e+03 1.154268000000000029e+04 1.000000000000000000e+00 1.918974813064677098e+00 3.980000000000000000e+02
8.939788400000000000e+07 0.000000000000000000e+00 6.600000000000000000e+01 3.241267222374035555e+02 4.583903273586003706e+03 1.055761000000000058e+04 1.000000000000000000e+00 2.402779045152996673e+00 3.980000000000000000e+02
3.604520700000000000e+07 1.000000000000000000e+00 6.600000000000000000e+01 2.436036722237403410e+03 8.461395273586003896e+03 4.241969999999999345e+03 1.000000000000000000e+00 7.634026253814155671e-01 3.980000000000000000e+02
8.939789700000000000e+07 1.000000000000000000e+00 6.600000000000000000e+01 3.487267222374030098e+02 4.614693273586003670e+03 1.052842000000000007e+04 1.000000000000000000e+00 2.663049177457076921e-01 3.980000000000000000e+02
8.939797600000000000e+07 0.000000000000000000e+00 6.500000000000000000e+01 3.166567222374033008e+02 4.614563273586003561e+03 1.056918000000000029e+04 1.000000000000000000e+00 2.369487435700455613e+00 3.980000000000000000e+02
3.745110000000000000e+07 0.000000000000000000e+00 6.500000000000000000e+01 2.400080722237403279e+03 8.509799273586002528e+03 4.352789999999999964e+03 1.000000000000000000e+00 1.734764423306785375e+00 3.980000000000000000e+02
9.740007100000000000e+07 0.000000000000000000e+00 6.600000000000000000e+01 2.167334722237403184e+03 6.412523273586003597e+03 1.153870000000000073e+04 1.000000000000000000e+00 2.710427061820782413e+00 3.980000000000000000e+02
9.740622200000000000e+07 1.000000000000000000e+00 6.600000000000000000e+01 2.128835722237403388e+03 5.894103273586003525e+03 1.139707999999999993e+04 1.000000000000000000e+00 7.755368922509819907e-01 3.980000000000000000e+02
9.161279800000000000e+07 1.000000000000000000e+00 6.500000000000000000e+01 1.645766722237403883e+03 4.587163273586003925e+03 1.082661000000000058e+04 1.000000000000000000e+00 6.569068597474163607e-01 3.980000000000000000e+02
