4.620223700000000000e+07 1.000000000000000000e+00 6.600000000000000000e+01 5.281769896346752830e+03 4.399636923336635846e+03 5.413309999999999491e+03 0.000000000000000000e+00 9.709251856891446542e-01 1.078999999999999915e+01
6.754499600000000000e+07 1.000000000000000000e+00 6.500000000000000000e+01 8.766582896346750204e+03 2.146656923336635373e+03 7.803926000000000386e+03 0.000000000000000000e+00 6.468730508033591065e+00 1.078999999999999915e+01
6.827150900000000000e+07 1.000000000000000000e+00 6.600000000000000000e+01 8.821672896346750349e+03 2.067426923336635809e+03 8.017466000000000349e+03 0.000000000000000000e+00 4.556454752931802687e+00 2.400000000000000050e-02
6.754499500000000000e+07 1.000000000000000000e+00 6.500000000000000000e+01 8.764522896346752532e+03 2.149916923336635591e+03 7.801445999999999913e+03 0.000000000000000000e+00 8.000165832113326658e+00 1.078999999999999915e+01
6.754499500000000000e+07 1.000000000000000000e+00 6.500000000000000000e+01 8.762852896346750640e+03 2.152496923336635518e+03 7.799417000000000371e+03 0.000000000000000000e+00 9.421371522245483021e+00 1.605000000000000071e+01
6.754499500000000000e+07 1.000000000000000000e+00 6.500000000000000000e+01 8.762862896346752677e+03 2.144866923336635409e+03 7.799243000000000393e+03 0.000000000000000000e+00 8.574370739014650411e+00 4.169999999999999818e-01
6.754499500000000000e+07 1.000000000000000000e+00 6.500000000000000000e+01 8.763162896346751950e+03 2.144696923336635336e+03 7.799230999999999767e+03 0.000000000000000000e+00 8.793733032317295084e+00 4.169999999999999818e-01
6.754499500000000000e+07 1.000000000000000000e+00 6.500000000000000000e+01 8.764522896346752532e+03 2.149916923336635591e+03 7.801445999999999913e+03 0.000000000000000000e+00 8.000165832113326658e+00 1.188649999999999984e+00
4.620230900000000000e+07 1.000000000000000000e+00 6.600000000000000000e+01 5.262900896346752234e+03 4.406426923336634900e+03 5.432840000000000146e+03 0.000000000000000000e+00 2.893932027473061996e+00 9.199999999999999845e-02
4.620230900000000000e+07 1.000000000000000000e+00 6.600000000000000000e+01 5.262459896346751520e+03 4.406716923336635773e+03 5.434049999999999272e+03 0.000000000000000000e+00 3.428219499542682680e+00 6.099999999999999867e-02
4.620231200000000000e+07 1.000000000000000000e+00 6.500000000000000000e+01 5.265821896346752510e+03 4.405366923336635409e+03 5.436059999999999491e+03 0.000000000000000000e+00 6.157933252640785504e+00 6.099999999999999867e-02
4.620231200000000000e+07 1.000000000000000000e+00 6.500000000000000000e+01 5.269291896346751855e+03 4.404206923336635555e+03 5.435369999999999891e+03 0.000000000000000000e+00 5.657596326297345435e+00 6.099999999999999867e-02
4.620231200000000000e+07 1.000000000000000000e+00 6.500000000000000000e+01 5.268351896346751346e+03 4.404316923336636137e+03 5.437129999999999200e+03 0.000000000000000000e+00 6.820344452562784099e+00 1.078999999999999915e+01
4.620231200000000000e+07 1.000000000000000000e+00 6.500000000000000000e+01 5.266652896346752641e+03 4.405676923336634900e+03 5.439319999999999709e+03 0.000000000000000000e+00 8.252699409344849357e+00 4.169999999999999818e-01
4.620231200000000000e+07 1.000000000000000000e+00 6.500000000000000000e+01 5.267757896346752204e+03 4.409526923336635264e+03 5.437840000000000146e+03 0.000000000000000000e+00 5.954693372409700203e+00 4.169999999999999818e-01
4.620213700000000000e+07 1.000000000000000000e+00 6.500000000000000000e+01 5.261552896346752277e+03 4.405826923336635446e+03 5.441630000000000109e+03 0.000000000000000000e+00 8.170853051783716126e+00 4.169999999999999818e-01
4.620230900000000000e+07 1.000000000000000000e+00 6.600000000000000000e+01 5.260610896346753179e+03 4.403396923336635155e+03 5.436510000000000218e+03 0.000000000000000000e+00 5.081411407424723414e+00 2.039999999999999869e-01
4.620230800000000000e+07 1.000000000000000000e+00 6.600000000000000000e+01 5.259349896346752757e+03 4.403316923336636137e+03 5.436139999999999418e+03 0.000000000000000000e+00 4.342413752077763256e+00 2.400000000000000050e-02
4.620213700000000000e+07 1.000000000000000000e+00 6.500000000000000000e+01 5.259661896346752656e+03 4.411626923336635627e+03 5.437690000000000509e+03 0.000000000000000000e+00 5.645373620531380254e+00 9.199999999999999845e-02
4.620214200000000000e+07 1.000000000000000000e+00 6.600000000000000000e+01 5.261493896346752990e+03 4.412096923336634973e+03 5.437250000000000000e+03 0.000000000000000000e+00 5.008448462662931533e+00 4.169999999999999818e-01
4.620214200000000000e+07 1.000000000000000000e+00 6.600000000000000000e+01 5.261493896346752990e+03 4.412096923336634973e+03 5.437250000000000000e+03 0.000000000000000000e+00 5.008448462662931533e+00 7.113809999999999967e+00
4.620231200000000000e+07 1.000000000000000000e+00 6.500000000000000000e+01 5.269753896346753208e+03 4.403346923336634973e+03 5.436979999999999563e+03 0.000000000000000000e+00 7.392231450659982883e+00 2.400000000000000050e-02
4.620231200000000000e+07 1.000000000000000000e+00 6.500000000000000000e+01 5.269753896346753208e+03 4.403346923336634973e+03 5.436979999999999563e+03 0.000000000000000000e+00 7.392231450659982883e+00 7.377239999999999576e+00
1.829124300000000000e+07 1.000000000000000000e+00 6.500000000000000000e+01 4.071981896346752364e+03 6.216911923336635482e+03 2.122400000000000546e+03 0.000000000000000000e+00 7.619680172600977741e+00 2.039999999999999869e-01
1.829124300000000000e+07 1.000000000000000000e+00 6.500000000000000000e+01 4.071457896346752023e+03 6.225729923336635693e+03 2.120769999999999527e+03 0.000000000000000000e+00 9.702705526102173295e+00 6.099999999999999867e-02
1.829033400000000000e+07 1.000000000000000000e+00 6.500000000000000000e+01 4.062838896346752335e+03 6.230130923336635533e+03 2.123119999999999891e+03 0.000000000000000000e+00 7.624965678239448152e+00 2.400000000000000050e-02
1.829124700000000000e+07 1.000000000000000000e+00 6.600000000000000000e+01 4.062760896346751906e+03 6.225858923336635598e+03 2.122300000000000182e+03 0.000000000000000000e+00 6.861259124907496343e+00 9.199999999999999845e-02
1.829124600000000000e+07 1.000000000000000000e+00 6.600000000000000000e+01 4.059864896346752175e+03 6.223762923336635140e+03 2.133760000000000218e+03 0.000000000000000000e+00 1.537658215773112902e+00 2.400000000000000050e-02
1.829124600000000000e+07 1.000000000000000000e+00 6.600000000000000000e+01 4.058917896346752059e+03 6.220955923336635351e+03 2.137239999999999782e+03 0.000000000000000000e+00 1.076130593719096806e+00 2.400000000000000050e-02
1.829124400000000000e+07 0.000000000000000000e+00 6.600000000000000000e+01 4.058810896346752088e+03 6.215551923336635809e+03 2.142319999999999709e+03 0.000000000000000000e+00 6.869388515580544530e-01 9.199999999999999845e-02
1.829033800000000000e+07 1.000000000000000000e+00 6.600000000000000000e+01 4.057231896346752364e+03 6.246581923336635555e+03 2.131800000000000182e+03 0.000000000000000000e+00 8.480799181156516653e+00 2.039999999999999869e-01
1.829033700000000000e+07 1.000000000000000000e+00 6.600000000000000000e+01 4.055263896346752517e+03 6.247798923336635198e+03 2.136689999999999600e+03 0.000000000000000000e+00 9.700066446104568030e+00 2.039999999999999869e-01
1.263139400000000000e+07 1.000000000000000000e+00 6.600000000000000000e+01 4.151932896346752386e+03 6.459410523336635379e+03 1.506310000000000400e+03 0.000000000000000000e+00 6.234868650599267426e+00 2.039999999999999869e-01
1.263139400000000000e+07 1.000000000000000000e+00 6.600000000000000000e+01 4.144660896346752452e+03 6.459995723336635820e+03 1.513130000000000109e+03 0.000000000000000000e+00 4.546717389329047343e+00 9.199999999999999845e-02
1.263139400000000000e+07 1.000000000000000000e+00 6.600000000000000000e+01 4.142633896346752408e+03 6.458660923336635278e+03 1.513369999999999891e+03 0.000000000000000000e+00 4.701882220831291370e+00 2.039999999999999869e-01
1.263139500000000000e+07 1.000000000000000000e+00 6.600000000000000000e+01 4.136973896346752554e+03 6.460642423336635147e+03 1.521829999999999018e+03 0.000000000000000000e+00 7.435773978311800647e+00 2.400000000000000050e-02
1.263139000000000000e+07 1.000000000000000000e+00 6.500000000000000000e+01 4.132845896346751942e+03 6.468100323336635483e+03 1.522510000000000218e+03 0.000000000000000000e+00 4.685753354042189400e+00 6.099999999999999867e-02
1.263139000000000000e+07 1.000000000000000000e+00 6.500000000000000000e+01 4.130513896346752517e+03 6.465988423336635606e+03 1.526939999999999600e+03 0.000000000000000000e+00 5.521347405695780530e+00 2.039999999999999869e-01
1.263147400000000000e+07 1.000000000000000000e+00 6.500000000000000000e+01 4.111329896346752321e+03 6.469970623336635072e+03 1.529390000000000327e+03 0.000000000000000000e+00 5.436343036437728315e+00 4.169999999999999818e-01
1.263138700000000000e+07 1.000000000000000000e+00 6.600000000000000000e+01 4.118224896346752757e+03 6.477700023336635240e+03 1.524479999999999563e+03 0.000000000000000000e+00 6.313431525408909728e+00 9.199999999999999845e-02
1.263138700000000000e+07 1.000000000000000000e+00 6.600000000000000000e+01 4.115720896346751942e+03 6.483446723336635841e+03 1.520670000000000073e+03 0.000000000000000000e+00 7.833586416755814241e+00 9.199999999999999845e-02
1.263138200000000000e+07 1.000000000000000000e+00 6.500000000000000000e+01 4.108947896346752714e+03 6.489089323336635061e+03 1.526710000000000036e+03 0.000000000000000000e+00 8.204412134605398421e+00 9.199999999999999845e-02
1.263138100000000000e+07 1.000000000000000000e+00 6.500000000000000000e+01 4.109745896346752488e+03 6.492956623336635857e+03 1.540480000000000473e+03 0.000000000000000000e+00 2.188528369382843231e+00 9.199999999999999845e-02
1.263138100000000000e+07 1.000000000000000000e+00 6.500000000000000000e+01 4.112961896346751928e+03 6.490072023336635539e+03 1.542439999999999600e+03 0.000000000000000000e+00 5.272918585772687905e+00 6.099999999999999867e-02
1.263146700000000000e+07 1.000000000000000000e+00 6.500000000000000000e+01 4.110216896346752037e+03 6.485077423336635547e+03 1.546270000000000437e+03 0.000000000000000000e+00 2.362359017053837995e+00 6.099999999999999867e-02
1.263146700000000000e+07 1.000000000000000000e+00 6.500000000000000000e+01 4.110587896346752132e+03 6.484042123336635086e+03 1.545119999999999891e+03 0.000000000000000000e+00 2.497951917853539427e+00 9.199999999999999845e-02
1.263146800000000000e+07 1.000000000000000000e+00 6.500000000000000000e+01 4.111902896346752641e+03 6.481138623336635646e+03 1.560960000000000036e+03 0.000000000000000000e+00 9.506271596865747853e+00 6.099999999999999867e-02
1.263046200000000000e+07 1.000000000000000000e+00 6.600000000000000000e+01 4.091774896346752030e+03 6.484025323336635665e+03 1.573510000000000218e+03 0.000000000000000000e+00 7.557802456741634423e+00 9.199999999999999845e-02
1.263146500000000000e+07 1.000000000000000000e+00 6.600000000000000000e+01 4.083505896346751797e+03 6.489279823336635673e+03 1.575289999999999964e+03 0.000000000000000000e+00 7.540357856475066178e+00 6.099999999999999867e-02
1.263045800000000000e+07 1.000000000000000000e+00 6.500000000000000000e+01 4.075301896346752073e+03 6.489203423336635751e+03 1.570510000000000218e+03 0.000000000000000000e+00 2.602746427386412709e+00 2.039999999999999869e-01
1.263046000000000000e+07 1.000000000000000000e+00 6.500000000000000000e+01 4.066746896346752692e+03 6.478962023336635866e+03 1.570789999999999054e+03 0.000000000000000000e+00 5.376616792680450452e+00 6.099999999999999867e-02
1.263046000000000000e+07 1.000000000000000000e+00 6.500000000000000000e+01 4.066793896346752263e+03 6.478927523336635204e+03 1.570960000000000036e+03 0.000000000000000000e+00 5.507756941959873309e+00 4.169999999999999818e-01
1.263046000000000000e+07 1.000000000000000000e+00 6.500000000000000000e+01 4.066793896346752263e+03 6.478927523336635204e+03 1.570960000000000036e+03 0.000000000000000000e+00 5.507756941959873309e+00 7.062940000000000218e+00
1.263147700000000000e+07 0.000000000000000000e+00 6.500000000000000000e+01 4.106788896346752153e+03 6.454565923336635933e+03 1.527940000000000509e+03 0.000000000000000000e+00 1.921051157429859435e+00 2.400000000000000050e-02
1.263147400000000000e+07 1.000000000000000000e+00 6.500000000000000000e+01 4.100142896346752423e+03 6.459707423336635657e+03 1.533339999999999236e+03 0.000000000000000000e+00 3.853845646313395878e+00 9.199999999999999845e-02
1.263047800000000000e+07 1.000000000000000000e+00 6.600000000000000000e+01 4.100585896346752634e+03 6.450203923336635853e+03 1.532179999999999382e+03 0.000000000000000000e+00 2.645026826111887885e+00 8.349999999999999645e-01
1.263047600000000000e+07 1.000000000000000000e+00 6.600000000000000000e+01 4.095904896346752139e+03 6.439679923336635511e+03 1.539159999999999854e+03 0.000000000000000000e+00 1.727505849523329529e+00 9.199999999999999845e-02
1.263047100000000000e+07 0.000000000000000000e+00 6.600000000000000000e+01 4.094927896346752277e+03 6.453063923336635526e+03 1.550920000000000073e+03 0.000000000000000000e+00 1.632704390477338174e+00 9.199999999999999845e-02
1.263047000000000000e+07 0.000000000000000000e+00 6.600000000000000000e+01 4.095724896346751848e+03 6.454982923336635395e+03 1.553260000000000218e+03 0.000000000000000000e+00 1.731108664099842764e+00 2.400000000000000050e-02
1.263046900000000000e+07 0.000000000000000000e+00 6.600000000000000000e+01 4.095039896346752357e+03 6.461236823336635098e+03 1.556870000000000800e+03 0.000000000000000000e+00 3.570345745964955686e+00 9.199999999999999845e-02
1.263047000000000000e+07 1.000000000000000000e+00 6.600000000000000000e+01 4.101993896346752081e+03 6.460004623336635632e+03 1.552110000000000582e+03 0.000000000000000000e+00 2.850555750917412201e+00 9.199999999999999845e-02
1.263047100000000000e+07 1.000000000000000000e+00 6.600000000000000000e+01 4.106227896346752459e+03 6.462376423336635526e+03 1.553439999999999600e+03 0.000000000000000000e+00 4.942778215252243257e+00 9.199999999999999845e-02
1.263147300000000000e+07 1.000000000000000000e+00 6.600000000000000000e+01 4.115744896346752284e+03 6.470431123336635210e+03 1.548139999999999418e+03 0.000000000000000000e+00 7.397212530681893661e+00 9.199999999999999845e-02
1.263147100000000000e+07 0.000000000000000000e+00 6.600000000000000000e+01 4.114608896346751862e+03 6.472132823336635738e+03 1.545809999999999491e+03 0.000000000000000000e+00 6.215004829119458840e+00 2.400000000000000050e-02
1.263147200000000000e+07 1.000000000000000000e+00 6.600000000000000000e+01 4.117747896346751986e+03 6.473432423336635111e+03 1.537989999999999782e+03 0.000000000000000000e+00 2.822648546632422484e+00 4.169999999999999818e-01
1.262939300000000000e+07 0.000000000000000000e+00 6.500000000000000000e+01 4.167125896346752597e+03 6.507812523336635422e+03 1.506349999999999454e+03 1.000000000000000000e+00 4.608280009748044193e-01 3.240000000000000000e+02
1.262939300000000000e+07 1.000000000000000000e+00 6.600000000000000000e+01 4.155871896346752692e+03 6.501193823336635432e+03 1.506380000000000109e+03 1.000000000000000000e+00 6.684684640550482282e-01 3.240000000000000000e+02
1.262841000000000000e+07 0.000000000000000000e+00 6.500000000000000000e+01 4.221490896346752379e+03 6.626334123336635457e+03 1.475690000000000509e+03 1.000000000000000000e+00 1.970924877967600075e+00 3.240000000000000000e+02
1.263039600000000000e+07 0.000000000000000000e+00 6.500000000000000000e+01 4.147513896346752517e+03 6.502259923336635438e+03 1.498800000000000182e+03 1.000000000000000000e+00 1.954773021723350768e+00 3.240000000000000000e+02
5.206300800000000000e+07 0.000000000000000000e+00 6.600000000000000000e+01 3.151328963467522044e+02 6.677322923336635540e+03 6.087829999999999927e+03 1.000000000000000000e+00 2.846507988718890658e+00 3.240000000000000000e+02
5.206415400000000000e+07 0.000000000000000000e+00 6.500000000000000000e+01 3.116128963467517679e+02 6.587048723336635703e+03 6.033550000000000182e+03 1.000000000000000000e+00 1.532048242107126645e+00 3.240000000000000000e+02
5.206404400000000000e+07 0.000000000000000000e+00 6.600000000000000000e+01 2.547428963467518770e+02 6.542362723336635099e+03 6.012649999999999636e+03 1.000000000000000000e+00 1.166449781920621209e+00 3.240000000000000000e+02
