9.499700900000000000e+07 1.000000000000000000e+00 6.500000000000000000e+01 1.642269999999999527e+03 8.128229686573817162e+03 1.113362008369605792e+04 0.000000000000000000e+00 6.338651476939801910e+00 3.229999999999999716e+01
9.499826600000000000e+07 1.000000000000000000e+00 6.600000000000000000e+01 1.680710000000000036e+03 8.145480686573816456e+03 1.108854008369605799e+04 0.000000000000000000e+00 9.251046202735279778e+00 1.605000000000000071e+01
6.081306800000000000e+07 0.000000000000000000e+00 6.600000000000000000e+01 7.211847999999999956e+03 8.190310686573817293e+03 7.079670083696058100e+03 0.000000000000000000e+00 4.753032385167776042e+00 1.605000000000000071e+01
6.081569200000000000e+07 1.000000000000000000e+00 6.600000000000000000e+01 7.231393000000000029e+03 8.197940686573816492e+03 7.073470083696058282e+03 0.000000000000000000e+00 2.441212070803964629e+00 3.229999999999999716e+01
6.081422800000000000e+07 1.000000000000000000e+00 6.600000000000000000e+01 7.303426000000000386e+03 8.227994686573816580e+03 7.047340083696058173e+03 0.000000000000000000e+00 4.516109964552316391e+00 3.229999999999999716e+01
5.845928300000000000e+07 1.000000000000000000e+00 6.600000000000000000e+01 8.101725000000000364e+03 8.577751686573816187e+03 6.747910083696058791e+03 0.000000000000000000e+00 3.207794396709271911e+00 1.078999999999999915e+01
5.270274300000000000e+07 1.000000000000000000e+00 6.600000000000000000e+01 1.033354000000000087e+04 9.592966686573816332e+03 6.143210083696058973e+03 0.000000000000000000e+00 2.446361630364226603e+00 1.339000000000000057e+01
4.915811300000000000e+07 1.000000000000000000e+00 6.600000000000000000e+01 1.164095000000000073e+04 1.047169668657381771e+04 5.813840083696058173e+03 0.000000000000000000e+00 3.992728812770274249e+00 1.339000000000000057e+01
4.813559300000000000e+07 1.000000000000000000e+00 6.500000000000000000e+01 1.318786000000000058e+04 1.184047668657381655e+04 5.822020083696058464e+03 0.000000000000000000e+00 9.536406575950486797e+00 1.339000000000000057e+01
4.813560700000000000e+07 0.000000000000000000e+00 6.600000000000000000e+01 1.320940000000000146e+04 1.187469668657381771e+04 5.802560083696058427e+03 0.000000000000000000e+00 3.335118016517076622e+00 3.229999999999999716e+01
4.813468600000000000e+07 1.000000000000000000e+00 6.500000000000000000e+01 1.321238999999999942e+04 1.188268668657381568e+04 5.829530083696058682e+03 0.000000000000000000e+00 2.079501731947927645e+00 1.605000000000000071e+01
4.813568300000000000e+07 1.000000000000000000e+00 6.500000000000000000e+01 1.321445999999999913e+04 1.188715668657381684e+04 5.835990083696057809e+03 0.000000000000000000e+00 1.409427414599107697e+00 1.339000000000000057e+01
4.813568300000000000e+07 1.000000000000000000e+00 6.500000000000000000e+01 1.321509000000000015e+04 1.189005668657381648e+04 5.838660083696057882e+03 0.000000000000000000e+00 4.667737546376203306e-01 1.078999999999999915e+01
4.813568400000000000e+07 1.000000000000000000e+00 6.500000000000000000e+01 1.321526000000000022e+04 1.189694668657381771e+04 5.841770083696058464e+03 0.000000000000000000e+00 2.963809353724461193e+00 1.339000000000000057e+01
4.813667700000000000e+07 1.000000000000000000e+00 6.600000000000000000e+01 1.321334000000000015e+04 1.191894668657381771e+04 5.849700083696058755e+03 0.000000000000000000e+00 4.898556159746168426e+00 9.199999999999999845e-02
4.813667700000000000e+07 1.000000000000000000e+00 6.600000000000000000e+01 1.321325000000000000e+04 1.191923668657381677e+04 5.849670083696059010e+03 0.000000000000000000e+00 5.029494968804589128e+00 9.199999999999999845e-02
4.813668000000000000e+07 1.000000000000000000e+00 6.500000000000000000e+01 1.321127999999999884e+04 1.192512668657381801e+04 5.849120083696057918e+03 0.000000000000000000e+00 7.481390328773098730e+00 9.199999999999999845e-02
4.813668100000000000e+07 1.000000000000000000e+00 6.500000000000000000e+01 1.321007999999999993e+04 1.192872668657381655e+04 5.848790083696057991e+03 0.000000000000000000e+00 6.321421622213696523e+00 4.169999999999999818e-01
4.813668100000000000e+07 1.000000000000000000e+00 6.500000000000000000e+01 1.320977000000000044e+04 1.192963668657381641e+04 5.848710083696058064e+03 0.000000000000000000e+00 5.830382791787649843e+00 1.078999999999999915e+01
4.813667100000000000e+07 1.000000000000000000e+00 6.500000000000000000e+01 1.322587000000000080e+04 1.192803668657381786e+04 5.863860083696057700e+03 0.000000000000000000e+00 5.169739353907429447e+00 9.199999999999999845e-02
4.813476200000000000e+07 0.000000000000000000e+00 6.600000000000000000e+01 1.324068999999999869e+04 1.190880668657381648e+04 5.852530083696058682e+03 0.000000000000000000e+00 1.748403035624649160e+00 6.099999999999999867e-02
4.813568900000000000e+07 1.000000000000000000e+00 6.500000000000000000e+01 1.323782999999999993e+04 1.190019668657381771e+04 5.841060083696059337e+03 0.000000000000000000e+00 1.076410496332526057e+00 9.199999999999999845e-02
4.813666600000000000e+07 1.000000000000000000e+00 6.600000000000000000e+01 1.324129999999999927e+04 1.192477668657381582e+04 5.862210083696058064e+03 0.000000000000000000e+00 6.825952255089450027e+00 9.199999999999999845e-02
4.813666600000000000e+07 1.000000000000000000e+00 6.600000000000000000e+01 1.324020999999999913e+04 1.192854668657381626e+04 5.865590083696058173e+03 0.000000000000000000e+00 6.266648764746038935e+00 9.199999999999999845e-02
4.813476100000000000e+07 1.000000000000000000e+00 6.600000000000000000e+01 1.323296999999999935e+04 1.192021668657381815e+04 5.853990083696058718e+03 0.000000000000000000e+00 5.609475020858587513e+00 9.199999999999999845e-02
4.813675600000000000e+07 1.000000000000000000e+00 6.600000000000000000e+01 1.323402999999999884e+04 1.195603668657381786e+04 5.884740083696057809e+03 0.000000000000000000e+00 3.945252851672306438e+00 6.099999999999999867e-02
4.813575700000000000e+07 0.000000000000000000e+00 6.500000000000000000e+01 1.322043000000000029e+04 1.196454668657381626e+04 5.898730083696058500e+03 0.000000000000000000e+00 8.923533906035515662e-01 9.199999999999999845e-02
4.813675600000000000e+07 1.000000000000000000e+00 6.500000000000000000e+01 1.322181999999999971e+04 1.193511668657381597e+04 5.901670083696058100e+03 0.000000000000000000e+00 8.831282294074918937e+00 6.099999999999999867e-02
4.813668100000000000e+07 1.000000000000000000e+00 6.500000000000000000e+01 1.320992000000000007e+04 1.193171668657381815e+04 5.848510083696058246e+03 0.000000000000000000e+00 6.056209224211611897e+00 9.199999999999999845e-02
4.813668100000000000e+07 1.000000000000000000e+00 6.500000000000000000e+01 1.320990999999999985e+04 1.193184668657381553e+04 5.848510083696058246e+03 0.000000000000000000e+00 6.073184722747130060e+00 9.199999999999999845e-02
4.813668100000000000e+07 1.000000000000000000e+00 6.500000000000000000e+01 1.320835000000000036e+04 1.193641668657381706e+04 5.849940083696058537e+03 0.000000000000000000e+00 7.275025452328919506e+00 9.199999999999999845e-02
4.813668500000000000e+07 1.000000000000000000e+00 6.600000000000000000e+01 1.320056999999999971e+04 1.193463668657381641e+04 5.848730083696058500e+03 0.000000000000000000e+00 2.441375583549485917e+00 9.199999999999999845e-02
4.813668500000000000e+07 1.000000000000000000e+00 6.600000000000000000e+01 1.320482999999999993e+04 1.193801668657381742e+04 5.852620083696058828e+03 0.000000000000000000e+00 4.553773856704150802e+00 9.199999999999999845e-02
4.813668500000000000e+07 1.000000000000000000e+00 6.600000000000000000e+01 1.320497000000000116e+04 1.193706668657381670e+04 5.846060083696058427e+03 0.000000000000000000e+00 5.852625506177680847e+00 9.199999999999999845e-02
4.813668600000000000e+07 1.000000000000000000e+00 6.600000000000000000e+01 1.320803000000000065e+04 1.193772668657381655e+04 5.841230083696058500e+03 0.000000000000000000e+00 9.058882226199189702e+00 9.199999999999999845e-02
4.813579700000000000e+07 1.000000000000000000e+00 6.600000000000000000e+01 1.322929000000000087e+04 1.193682668657381691e+04 5.830960083696058064e+03 0.000000000000000000e+00 8.087007439675502951e+00 2.400000000000000050e-02
4.813579700000000000e+07 1.000000000000000000e+00 6.600000000000000000e+01 1.322988999999999942e+04 1.193761668657381597e+04 5.831380083696058136e+03 0.000000000000000000e+00 7.935911064314081997e+00 9.199999999999999845e-02
4.813676300000000000e+07 1.000000000000000000e+00 6.500000000000000000e+01 1.320861000000000058e+04 1.194704668657381626e+04 5.862790083696058900e+03 0.000000000000000000e+00 1.644433939718085824e+00 9.199999999999999845e-02
4.813576900000000000e+07 0.000000000000000000e+00 6.600000000000000000e+01 1.319468999999999869e+04 1.195644668657381771e+04 5.858800083696058209e+03 0.000000000000000000e+00 3.764660006072291232e+00 2.400000000000000050e-02
4.813577200000000000e+07 0.000000000000000000e+00 6.500000000000000000e+01 1.318884000000000015e+04 1.195794668657381771e+04 5.852270083696058464e+03 0.000000000000000000e+00 1.418324131941320898e+00 6.099999999999999867e-02
4.813577400000000000e+07 1.000000000000000000e+00 6.500000000000000000e+01 1.317993000000000029e+04 1.194869668657381771e+04 5.844780083696058682e+03 0.000000000000000000e+00 2.088726269707187999e+00 9.199999999999999845e-02
4.813669700000000000e+07 0.000000000000000000e+00 6.600000000000000000e+01 1.319055999999999949e+04 1.194691668657381706e+04 5.810820083696058646e+03 0.000000000000000000e+00 4.461336152483729167e-01 1.124000000000000021e+01
4.813669700000000000e+07 0.000000000000000000e+00 6.600000000000000000e+01 1.319055999999999949e+04 1.194691668657381706e+04 5.810820083696058646e+03 0.000000000000000000e+00 4.461336152483729167e-01 1.140269999999999895e+00
4.813568400000000000e+07 1.000000000000000000e+00 6.500000000000000000e+01 1.321526000000000022e+04 1.189694668657381771e+04 5.841770083696058464e+03 0.000000000000000000e+00 2.963809353724461193e+00 1.235510000000000108e+00
4.813568300000000000e+07 1.000000000000000000e+00 6.500000000000000000e+01 1.321434000000000015e+04 1.188737668657381801e+04 5.833470083696058282e+03 0.000000000000000000e+00 1.064848417365050759e+00 4.169999999999999818e-01
4.813568300000000000e+07 1.000000000000000000e+00 6.500000000000000000e+01 1.321434000000000015e+04 1.188737668657381801e+04 5.833470083696058282e+03 0.000000000000000000e+00 1.064848417365050759e+00 7.208149999999999835e+00
4.813568800000000000e+07 1.000000000000000000e+00 6.600000000000000000e+01 1.322331000000000131e+04 1.189834668657381553e+04 5.826960083696058064e+03 0.000000000000000000e+00 2.505867599719794558e+00 2.400000000000000050e-02
4.813568800000000000e+07 1.000000000000000000e+00 6.600000000000000000e+01 1.322054999999999927e+04 1.189637668657381801e+04 5.826050083696059119e+03 0.000000000000000000e+00 3.294805898159569590e-01 9.199999999999999845e-02
4.813476900000000000e+07 1.000000000000000000e+00 6.600000000000000000e+01 1.322011000000000058e+04 1.189782668657381691e+04 5.823980083696058500e+03 0.000000000000000000e+00 7.819977938137870899e-01 6.099999999999999867e-02
4.813659600000000000e+07 1.000000000000000000e+00 6.500000000000000000e+01 1.322004999999999927e+04 1.191548668657381677e+04 5.803710083696058064e+03 0.000000000000000000e+00 7.067991071493505473e+00 2.400000000000000050e-02
4.813659600000000000e+07 1.000000000000000000e+00 6.500000000000000000e+01 1.321406999999999971e+04 1.191809668657381553e+04 5.806310083696058427e+03 0.000000000000000000e+00 9.768730996631152408e+00 9.199999999999999845e-02
4.813579000000000000e+07 1.000000000000000000e+00 6.600000000000000000e+01 1.320570999999999913e+04 1.191914668657381662e+04 5.805820083696057736e+03 0.000000000000000000e+00 9.358737588637525917e+00 2.400000000000000050e-02
4.813579100000000000e+07 1.000000000000000000e+00 6.600000000000000000e+01 1.320984999999999854e+04 1.192482668657381691e+04 5.798150083696058573e+03 0.000000000000000000e+00 7.999437742973437793e+00 9.199999999999999845e-02
4.813659500000000000e+07 1.000000000000000000e+00 6.500000000000000000e+01 1.321647000000000116e+04 1.191595668657381611e+04 5.792850083696058391e+03 0.000000000000000000e+00 8.899388104591504645e-01 6.099999999999999867e-02
4.813659600000000000e+07 1.000000000000000000e+00 6.500000000000000000e+01 1.321650000000000000e+04 1.192066668657381706e+04 5.796660083696057882e+03 0.000000000000000000e+00 1.795803394309915868e+00 2.400000000000000050e-02
4.813659500000000000e+07 1.000000000000000000e+00 6.500000000000000000e+01 1.321398999999999978e+04 1.191815668657381684e+04 5.795050083696059119e+03 0.000000000000000000e+00 3.177514345936134355e+00 2.400000000000000050e-02
4.813659500000000000e+07 1.000000000000000000e+00 6.500000000000000000e+01 1.321402000000000044e+04 1.191800668657381721e+04 5.794980083696058500e+03 0.000000000000000000e+00 3.018571140297091393e+00 9.199999999999999845e-02
4.813659500000000000e+07 0.000000000000000000e+00 6.600000000000000000e+01 1.321859000000000015e+04 1.191071668657381815e+04 5.781930083696058318e+03 0.000000000000000000e+00 1.170376419692776393e+00 2.400000000000000050e-02
4.813659400000000000e+07 0.000000000000000000e+00 6.600000000000000000e+01 1.321847999999999956e+04 1.190934668657381735e+04 5.786830083696057955e+03 0.000000000000000000e+00 1.643453890640883985e+00 6.099999999999999867e-02
4.813659400000000000e+07 0.000000000000000000e+00 6.600000000000000000e+01 1.322134999999999854e+04 1.190989668657381662e+04 5.789610083696058609e+03 0.000000000000000000e+00 6.691666478031114140e-01 4.169999999999999818e-01
4.813659400000000000e+07 0.000000000000000000e+00 6.600000000000000000e+01 1.322154999999999927e+04 1.191004668657381626e+04 5.789740083696058718e+03 0.000000000000000000e+00 6.939320828807169494e-01 2.400000000000000050e-02
4.813486200000000000e+07 1.000000000000000000e+00 6.500000000000000000e+01 1.322504000000000087e+04 1.192607668657381691e+04 5.770510083696058246e+03 0.000000000000000000e+00 6.427177300523419845e+00 9.199999999999999845e-02
4.813486200000000000e+07 1.000000000000000000e+00 6.500000000000000000e+01 1.322377999999999884e+04 1.192634668657381735e+04 5.769900083696058573e+03 0.000000000000000000e+00 5.983190176907211111e+00 6.099999999999999867e-02
4.813486200000000000e+07 1.000000000000000000e+00 6.500000000000000000e+01 1.322370999999999913e+04 1.192635668657381757e+04 5.769870083696057918e+03 0.000000000000000000e+00 5.972969060922975082e+00 9.199999999999999845e-02
4.813486300000000000e+07 1.000000000000000000e+00 6.500000000000000000e+01 1.321429999999999927e+04 1.192767668657381728e+04 5.761150083696058573e+03 0.000000000000000000e+00 6.258624079291488229e-01 9.199999999999999845e-02
4.813486300000000000e+07 1.000000000000000000e+00 6.500000000000000000e+01 1.321411000000000058e+04 1.192807668657381691e+04 5.760000083696058937e+03 0.000000000000000000e+00 5.031982976871368640e-01 4.169999999999999818e-01
4.813486300000000000e+07 0.000000000000000000e+00 6.500000000000000000e+01 1.321640999999999985e+04 1.193124668657381699e+04 5.758960083696058973e+03 0.000000000000000000e+00 1.388364002290273236e+00 9.199999999999999845e-02
4.813652500000000000e+07 0.000000000000000000e+00 6.600000000000000000e+01 1.321593000000000029e+04 1.193371668657381815e+04 5.757660083696058791e+03 0.000000000000000000e+00 1.427350587411221117e+00 4.169999999999999818e-01
4.813652600000000000e+07 0.000000000000000000e+00 6.600000000000000000e+01 1.321584000000000015e+04 1.193418668657381568e+04 5.757420083696058100e+03 0.000000000000000000e+00 1.419486221173795748e+00 2.400000000000000050e-02
4.813652600000000000e+07 0.000000000000000000e+00 6.600000000000000000e+01 1.321529999999999927e+04 1.193416668657381706e+04 5.755830083696057955e+03 0.000000000000000000e+00 8.993948694558264734e-01 9.199999999999999845e-02
4.813660700000000000e+07 1.000000000000000000e+00 6.500000000000000000e+01 1.321740999999999985e+04 1.193540668657381684e+04 5.750530083696057773e+03 0.000000000000000000e+00 3.706582028985255239e-01 9.199999999999999845e-02
4.813660700000000000e+07 1.000000000000000000e+00 6.500000000000000000e+01 1.321740999999999985e+04 1.193540668657381684e+04 5.750530083696057773e+03 0.000000000000000000e+00 3.706582028985255239e-01 7.348399999999999821e+00
4.813468600000000000e+07 1.000000000000000000e+00 6.500000000000000000e+01 1.321097999999999956e+04 1.188150668657381539e+04 5.826550083696058209e+03 0.000000000000000000e+00 8.681787637854215811e-01 1.376999999999999957e+01
4.813468500000000000e+07 1.000000000000000000e+00 6.500000000000000000e+01 1.320403000000000065e+04 1.188237668657381801e+04 5.827600083696058391e+03 0.000000000000000000e+00 3.810299339489344739e+00 9.199999999999999845e-02
4.813468500000000000e+07 1.000000000000000000e+00 6.500000000000000000e+01 1.319773999999999978e+04 1.188008668657381713e+04 5.820480083696057591e+03 0.000000000000000000e+00 8.508057493105546598e+00 6.099999999999999867e-02
4.813568400000000000e+07 1.000000000000000000e+00 6.500000000000000000e+01 1.321095000000000073e+04 1.189545668657381611e+04 5.828730083696058500e+03 0.000000000000000000e+00 4.830402183225163348e+00 2.400000000000000050e-02
4.813476800000000000e+07 1.000000000000000000e+00 6.600000000000000000e+01 1.322473999999999978e+04 1.188863668657381641e+04 5.827720083696058282e+03 0.000000000000000000e+00 3.993300982811283095e+00 6.099999999999999867e-02
4.813568800000000000e+07 1.000000000000000000e+00 6.600000000000000000e+01 1.321543000000000029e+04 1.189454668657381626e+04 5.826060083696058427e+03 0.000000000000000000e+00 3.418217072945956225e+00 9.199999999999999845e-02
4.813477000000000000e+07 1.000000000000000000e+00 6.600000000000000000e+01 1.322759999999999854e+04 1.189423668657381677e+04 5.821610083696058609e+03 0.000000000000000000e+00 2.923368229148041841e+00 2.039999999999999869e-01
4.813477000000000000e+07 0.000000000000000000e+00 6.500000000000000000e+01 1.323479000000000087e+04 1.189701668657381742e+04 5.824890083696058355e+03 0.000000000000000000e+00 1.647812053633576301e+00 9.199999999999999845e-02
4.813477100000000000e+07 0.000000000000000000e+00 6.500000000000000000e+01 1.323814999999999964e+04 1.189623668657381677e+04 5.824840083696058173e+03 0.000000000000000000e+00 8.415545764999243783e-01 9.199999999999999845e-02
4.813553900000000000e+07 1.000000000000000000e+00 6.500000000000000000e+01 1.324665000000000146e+04 1.190536668657381597e+04 5.829880083696058136e+03 0.000000000000000000e+00 2.253185494535258737e+00 2.039999999999999869e-01
4.813477400000000000e+07 1.000000000000000000e+00 6.600000000000000000e+01 1.325247999999999956e+04 1.189787668657381801e+04 5.832000083696058027e+03 0.000000000000000000e+00 5.468180384322287146e+00 6.099999999999999867e-02
4.813561700000000000e+07 1.000000000000000000e+00 6.500000000000000000e+01 1.325822999999999956e+04 1.190538668657381641e+04 5.824040083696058900e+03 0.000000000000000000e+00 8.725449376733092066e+00 2.400000000000000050e-02
4.813587400000000000e+07 1.000000000000000000e+00 6.600000000000000000e+01 1.325890999999999985e+04 1.190698668657381677e+04 5.827900083696058573e+03 0.000000000000000000e+00 8.916772923088002401e+00 9.199999999999999845e-02
4.813587400000000000e+07 1.000000000000000000e+00 6.600000000000000000e+01 1.325890999999999985e+04 1.190698668657381677e+04 5.827900083696058573e+03 0.000000000000000000e+00 8.916772923088002401e+00 7.375750000000000028e+00
4.813560700000000000e+07 0.000000000000000000e+00 6.600000000000000000e+01 1.320765999999999985e+04 1.187342668657381728e+04 5.805190083696057627e+03 0.000000000000000000e+00 4.061124047338411813e+00 9.199999999999999845e-02
4.813560000000000000e+07 1.000000000000000000e+00 6.500000000000000000e+01 1.320704000000000087e+04 1.185432668657381691e+04 5.817470083696058282e+03 0.000000000000000000e+00 2.315089505668049163e+00 1.078999999999999915e+01
4.813560000000000000e+07 1.000000000000000000e+00 6.500000000000000000e+01 1.320556999999999971e+04 1.185412668657381619e+04 5.817520083696057554e+03 0.000000000000000000e+00 2.210316076794484275e+00 9.199999999999999845e-02
4.813560200000000000e+07 1.000000000000000000e+00 6.500000000000000000e+01 1.319954000000000087e+04 1.185297668657381655e+04 5.805570083696058646e+03 0.000000000000000000e+00 4.779577529471358943e+00 9.199999999999999845e-02
4.813560200000000000e+07 1.000000000000000000e+00 6.500000000000000000e+01 1.320039999999999964e+04 1.185160668657381757e+04 5.804160083696057882e+03 0.000000000000000000e+00 6.198667286205855831e+00 2.400000000000000050e-02
4.813560200000000000e+07 1.000000000000000000e+00 6.500000000000000000e+01 1.320362000000000080e+04 1.185230668657381648e+04 5.802950083696058755e+03 0.000000000000000000e+00 6.490964549585079624e+00 6.099999999999999867e-02
4.813560200000000000e+07 1.000000000000000000e+00 6.500000000000000000e+01 1.320404999999999927e+04 1.185236668657381597e+04 5.802840083696059082e+03 0.000000000000000000e+00 6.669153826362846260e+00 9.199999999999999845e-02
4.813469300000000000e+07 1.000000000000000000e+00 6.500000000000000000e+01 1.320603999999999905e+04 1.185267668657381728e+04 5.802310083696058427e+03 0.000000000000000000e+00 7.345932328079786799e+00 6.099999999999999867e-02
4.813560300000000000e+07 0.000000000000000000e+00 6.500000000000000000e+01 1.320342000000000007e+04 1.186531668657381670e+04 5.809350083696058391e+03 0.000000000000000000e+00 1.349201548903394610e+00 9.199999999999999845e-02
4.813560300000000000e+07 0.000000000000000000e+00 6.500000000000000000e+01 1.320338999999999942e+04 1.186531668657381670e+04 5.809350083696058391e+03 0.000000000000000000e+00 1.344831892677699647e+00 2.400000000000000050e-02
4.813560300000000000e+07 1.000000000000000000e+00 6.500000000000000000e+01 1.320061999999999898e+04 1.186581668657381670e+04 5.809380083696059046e+03 0.000000000000000000e+00 8.040230978002060880e-01 2.039999999999999869e-01
4.813560500000000000e+07 0.000000000000000000e+00 6.600000000000000000e+01 1.321079000000000087e+04 1.186576668657381742e+04 5.809870083696058828e+03 0.000000000000000000e+00 2.242954724840298120e+00 9.199999999999999845e-02
4.813560600000000000e+07 1.000000000000000000e+00 6.600000000000000000e+01 1.320984000000000015e+04 1.186514668657381662e+04 5.809240083696058718e+03 0.000000000000000000e+00 2.691261953608811375e+00 2.400000000000000050e-02
4.813469300000000000e+07 1.000000000000000000e+00 6.500000000000000000e+01 1.321164999999999964e+04 1.185750668657381539e+04 5.807460083696058973e+03 0.000000000000000000e+00 1.476355613386104659e+00 2.400000000000000050e-02
4.813469300000000000e+07 1.000000000000000000e+00 6.500000000000000000e+01 1.321520000000000073e+04 1.185510668657381757e+04 5.808660083696058791e+03 0.000000000000000000e+00 3.352023450604673993e+00 2.400000000000000050e-02
4.813469700000000000e+07 0.000000000000000000e+00 6.600000000000000000e+01 1.322104000000000087e+04 1.185418668657381568e+04 5.807180083696059228e+03 0.000000000000000000e+00 4.792015940917434769e+00 6.099999999999999867e-02
4.813469500000000000e+07 0.000000000000000000e+00 6.500000000000000000e+01 1.322256999999999971e+04 1.185657668657381691e+04 5.812190083696058537e+03 0.000000000000000000e+00 2.420678335472830067e+00 9.199999999999999845e-02
4.813469700000000000e+07 1.000000000000000000e+00 6.600000000000000000e+01 1.322068000000000029e+04 1.185090668657381684e+04 5.813120083696057918e+03 0.000000000000000000e+00 2.310307516846711540e+00 2.400000000000000050e-02
4.813469700000000000e+07 1.000000000000000000e+00 6.600000000000000000e+01 1.321993000000000029e+04 1.184873668657381677e+04 5.813170083696059010e+03 0.000000000000000000e+00 1.741527204621007741e+00 9.199999999999999845e-02
4.813469700000000000e+07 1.000000000000000000e+00 6.600000000000000000e+01 1.321340000000000146e+04 1.184480668657381648e+04 5.810420083696059010e+03 0.000000000000000000e+00 7.468782109948972625e+00 9.199999999999999845e-02
4.813469300000000000e+07 1.000000000000000000e+00 6.500000000000000000e+01 1.320700999999999840e+04 1.184502668657381582e+04 5.811200083696057845e+03 0.000000000000000000e+00 8.945143559791116417e+00 4.169999999999999818e-01
4.813559700000000000e+07 1.000000000000000000e+00 6.600000000000000000e+01 1.320280999999999949e+04 1.184058668657381713e+04 5.815770083696058464e+03 0.000000000000000000e+00 8.905166503738088934e+00 8.349999999999999645e-01
4.813559800000000000e+07 1.000000000000000000e+00 6.500000000000000000e+01 1.321267000000000007e+04 1.186283668657381713e+04 5.831060083696058427e+03 0.000000000000000000e+00 1.241943945430256102e+00 9.199999999999999845e-02
4.813469200000000000e+07 0.000000000000000000e+00 6.600000000000000000e+01 1.322327000000000044e+04 1.186604668657381626e+04 5.820090083696058173e+03 0.000000000000000000e+00 1.792402350034296044e+00 9.199999999999999845e-02
4.813469600000000000e+07 1.000000000000000000e+00 6.600000000000000000e+01 1.322070000000000073e+04 1.185561668657381597e+04 5.816840083696058173e+03 0.000000000000000000e+00 3.319828049623649857e+00 9.199999999999999845e-02
4.813469600000000000e+07 1.000000000000000000e+00 6.600000000000000000e+01 1.322293999999999869e+04 1.184710668657381757e+04 5.823720083696058282e+03 0.000000000000000000e+00 7.818746046363525437e+00 9.199999999999999845e-02
4.813469600000000000e+07 1.000000000000000000e+00 6.600000000000000000e+01 1.322150000000000000e+04 1.185169668657381771e+04 5.824320083696058646e+03 0.000000000000000000e+00 5.903273576622328989e+00 2.400000000000000050e-02
4.813469600000000000e+07 1.000000000000000000e+00 6.600000000000000000e+01 1.323382999999999993e+04 1.185586668657381597e+04 5.824670083696059010e+03 0.000000000000000000e+00 6.559712493540378553e+00 2.039999999999999869e-01
4.813470000000000000e+07 1.000000000000000000e+00 6.500000000000000000e+01 1.323845999999999913e+04 1.185734668657381553e+04 5.826700083696058755e+03 0.000000000000000000e+00 7.034772253332382874e+00 6.099999999999999867e-02
4.813470000000000000e+07 1.000000000000000000e+00 6.500000000000000000e+01 1.323997999999999956e+04 1.185923668657381677e+04 5.827360083696058609e+03 0.000000000000000000e+00 7.234023526646455871e+00 9.199999999999999845e-02
4.813469400000000000e+07 1.000000000000000000e+00 6.600000000000000000e+01 1.322993999999999869e+04 1.186331668657381670e+04 5.830590083696059082e+03 0.000000000000000000e+00 6.878500183105463961e+00 8.349999999999999645e-01
4.813469500000000000e+07 1.000000000000000000e+00 6.600000000000000000e+01 1.323055999999999949e+04 1.185462668657381801e+04 5.829720083696058282e+03 0.000000000000000000e+00 8.927765272735797453e+00 9.199999999999999845e-02
4.813469500000000000e+07 1.000000000000000000e+00 6.600000000000000000e+01 1.323168999999999869e+04 1.186065668657381684e+04 5.819270083696058464e+03 0.000000000000000000e+00 2.012883703748680642e+00 5.000000000000000000e-01
4.813469500000000000e+07 1.000000000000000000e+00 6.600000000000000000e+01 1.323168999999999869e+04 1.186065668657381684e+04 5.819270083696058464e+03 0.000000000000000000e+00 2.012883703748680642e+00 7.078090000000000437e+00
4.813468300000000000e+07 1.000000000000000000e+00 6.500000000000000000e+01 1.320266999999999825e+04 1.187266668657381706e+04 5.836930083696059228e+03 0.000000000000000000e+00 1.798825009199630731e+00 9.199999999999999845e-02
4.813468400000000000e+07 1.000000000000000000e+00 6.500000000000000000e+01 1.320518000000000029e+04 1.187805668657381648e+04 5.833930083696058318e+03 0.000000000000000000e+00 1.662050718463375931e+00 4.169999999999999818e-01
4.813468700000000000e+07 1.000000000000000000e+00 6.600000000000000000e+01 1.320150999999999840e+04 1.186432668657381691e+04 5.831580083696057955e+03 0.000000000000000000e+00 2.879840405387426028e+00 6.099999999999999867e-02
4.813559600000000000e+07 0.000000000000000000e+00 6.500000000000000000e+01 1.320242000000000007e+04 1.185992668657381728e+04 5.833000083696058937e+03 0.000000000000000000e+00 2.343019689019811835e+00 9.199999999999999845e-02
4.813468700000000000e+07 1.000000000000000000e+00 6.600000000000000000e+01 1.319689999999999964e+04 1.186218668657381568e+04 5.830980083696058500e+03 0.000000000000000000e+00 4.308335591589253610e+00 4.169999999999999818e-01
4.813560100000000000e+07 1.000000000000000000e+00 6.600000000000000000e+01 1.320068999999999869e+04 1.187129668657381626e+04 5.821370083696057918e+03 0.000000000000000000e+00 1.886607987278029475e+00 9.199999999999999845e-02
4.813560100000000000e+07 1.000000000000000000e+00 6.600000000000000000e+01 1.320068999999999869e+04 1.187129668657381626e+04 5.821370083696057918e+03 0.000000000000000000e+00 1.886607987278029475e+00 7.348559999999999981e+00
4.916088900000000000e+07 1.000000000000000000e+00 6.500000000000000000e+01 1.174340999999999985e+04 1.055214668657381662e+04 5.786870083696058828e+03 0.000000000000000000e+00 9.769285789357610383e+00 4.169999999999999818e-01
4.916088900000000000e+07 1.000000000000000000e+00 6.500000000000000000e+01 1.174340999999999985e+04 1.055214668657381662e+04 5.786870083696058828e+03 0.000000000000000000e+00 9.769285789357610383e+00 7.345010000000000261e+00
4.915811200000000000e+07 1.000000000000000000e+00 6.600000000000000000e+01 1.163977000000000044e+04 1.046668668657381568e+04 5.808200083696058755e+03 0.000000000000000000e+00 2.123958056129105820e+00 4.169999999999999818e-01
5.270441500000000000e+07 1.000000000000000000e+00 6.600000000000000000e+01 1.045495000000000073e+04 9.681246686573816987e+03 6.111460083696058973e+03 0.000000000000000000e+00 9.632640706693694099e+00 6.099999999999999867e-02
5.270441500000000000e+07 1.000000000000000000e+00 6.600000000000000000e+01 1.044887999999999920e+04 9.687206686573816114e+03 6.107890083696059264e+03 0.000000000000000000e+00 5.676770617401102115e+00 1.078999999999999915e+01
5.270441600000000000e+07 1.000000000000000000e+00 6.600000000000000000e+01 1.044418999999999869e+04 9.683646686573816623e+03 6.126620083696058828e+03 0.000000000000000000e+00 9.716589650498807629e+00 4.169999999999999818e-01
5.270441500000000000e+07 1.000000000000000000e+00 6.600000000000000000e+01 1.044887999999999920e+04 9.687206686573816114e+03 6.107890083696059264e+03 0.000000000000000000e+00 5.676770617401102115e+00 1.671470000000000011e+00
5.270274300000000000e+07 1.000000000000000000e+00 6.600000000000000000e+01 1.033354000000000087e+04 9.592966686573816332e+03 6.143210083696058973e+03 0.000000000000000000e+00 2.446361630364226603e+00 5.938460000000000072e+00
5.845928300000000000e+07 1.000000000000000000e+00 6.600000000000000000e+01 8.101725000000000364e+03 8.577751686573816187e+03 6.747910083696058791e+03 0.000000000000000000e+00 3.207794396709271911e+00 7.172450000000000436e+00
6.081549400000000000e+07 1.000000000000000000e+00 6.600000000000000000e+01 7.306405999999999949e+03 8.230706686573816114e+03 7.045410083696057882e+03 0.000000000000000000e+00 2.909901181480421428e+00 2.400000000000000050e-02
6.081549700000000000e+07 0.000000000000000000e+00 6.500000000000000000e+01 7.312649999999999636e+03 8.241095686573817147e+03 7.042510083696059155e+03 0.000000000000000000e+00 3.134038629680111487e-01 4.169999999999999818e-01
6.081549700000000000e+07 1.000000000000000000e+00 6.500000000000000000e+01 7.312877000000000407e+03 8.248396686573816623e+03 7.042850083696058391e+03 0.000000000000000000e+00 4.512562566866008318e+00 2.400000000000000050e-02
6.081549700000000000e+07 1.000000000000000000e+00 6.500000000000000000e+01 7.311502000000000407e+03 8.243206686573816114e+03 7.045260083696059155e+03 0.000000000000000000e+00 7.854595470272620616e-01 9.199999999999999845e-02
6.081549600000000000e+07 0.000000000000000000e+00 6.500000000000000000e+01 7.311765999999999622e+03 8.239721686573815532e+03 7.045530083696058682e+03 0.000000000000000000e+00 1.982700333178248231e+00 9.199999999999999845e-02
6.081549600000000000e+07 0.000000000000000000e+00 6.500000000000000000e+01 7.311810000000000400e+03 8.239141686573817424e+03 7.045580083696058864e+03 0.000000000000000000e+00 2.060260312475033384e+00 8.349999999999999645e-01
6.081549600000000000e+07 0.000000000000000000e+00 6.500000000000000000e+01 7.311810000000000400e+03 8.239141686573817424e+03 7.045580083696058864e+03 0.000000000000000000e+00 2.060260312475033384e+00 7.264470000000000205e+00
6.081569200000000000e+07 1.000000000000000000e+00 6.600000000000000000e+01 7.232792000000000371e+03 8.197117686573816172e+03 7.075240083696057809e+03 0.000000000000000000e+00 1.001445661375364837e+00 9.199999999999999845e-02
6.081306300000000000e+07 0.000000000000000000e+00 6.600000000000000000e+01 7.229918999999999869e+03 8.193573686573818122e+03 7.079020083696058464e+03 0.000000000000000000e+00 2.178615705796005386e+00 6.099999999999999867e-02
6.081306500000000000e+07 0.000000000000000000e+00 6.500000000000000000e+01 7.223425000000000182e+03 8.196771686573816623e+03 7.079140083696059264e+03 0.000000000000000000e+00 1.391853385631186102e+00 9.199999999999999845e-02
6.081306200000000000e+07 0.000000000000000000e+00 6.600000000000000000e+01 7.233807999999999993e+03 8.198639686573817016e+03 7.079840083696058173e+03 0.000000000000000000e+00 8.882874656122384804e-01 8.220000000000000639e+00
6.081306200000000000e+07 0.000000000000000000e+00 6.600000000000000000e+01 7.232859999999999673e+03 8.198691686573816696e+03 7.080580083696058864e+03 0.000000000000000000e+00 5.624393966592844407e-01 4.169999999999999818e-01
6.081306300000000000e+07 0.000000000000000000e+00 6.600000000000000000e+01 7.230809000000000196e+03 8.198827686573817118e+03 7.080260083696058246e+03 0.000000000000000000e+00 1.297311501061585437e+00 9.199999999999999845e-02
6.081306400000000000e+07 0.000000000000000000e+00 6.600000000000000000e+01 7.226801000000000386e+03 8.196389686573817016e+03 7.078490083696058718e+03 0.000000000000000000e+00 1.847711022905164757e+00 9.199999999999999845e-02
6.081306400000000000e+07 0.000000000000000000e+00 6.600000000000000000e+01 7.226592999999999847e+03 8.196092686573816536e+03 7.078170083696059010e+03 0.000000000000000000e+00 2.109608502505313954e+00 5.000000000000000000e-01
6.081306400000000000e+07 0.000000000000000000e+00 6.600000000000000000e+01 7.226592999999999847e+03 8.196092686573816536e+03 7.078170083696059010e+03 0.000000000000000000e+00 2.109608502505313954e+00 7.109479999999999578e+00
6.081306400000000000e+07 1.000000000000000000e+00 6.500000000000000000e+01 7.215466000000000349e+03 8.187359686573817271e+03 7.084140083696058355e+03 0.000000000000000000e+00 2.860186108913714609e+00 1.605000000000000071e+01
6.081465000000000000e+07 0.000000000000000000e+00 6.500000000000000000e+01 7.222173999999999978e+03 8.180233686573817067e+03 7.097800083696059119e+03 0.000000000000000000e+00 8.789246903728766824e-01 1.078999999999999915e+01
6.081579300000000000e+07 1.000000000000000000e+00 6.600000000000000000e+01 7.230105999999999767e+03 8.167302686573816572e+03 7.130930083696059228e+03 0.000000000000000000e+00 6.738070141212694431e+00 1.078999999999999915e+01
6.081579300000000000e+07 1.000000000000000000e+00 6.600000000000000000e+01 7.232766999999999825e+03 8.169296686573817169e+03 7.126470083696058282e+03 0.000000000000000000e+00 1.791120854501310422e+00 6.099999999999999867e-02
6.081579300000000000e+07 1.000000000000000000e+00 6.600000000000000000e+01 7.233390999999999622e+03 8.168473686573816849e+03 7.127910083696057882e+03 0.000000000000000000e+00 2.959452090409817160e+00 8.220000000000000639e+00
6.081579300000000000e+07 1.000000000000000000e+00 6.600000000000000000e+01 7.233761999999999716e+03 8.167984686573817271e+03 7.128760083696058246e+03 0.000000000000000000e+00 3.426945825299036574e+00 9.199999999999999845e-02
6.081490900000000000e+07 1.000000000000000000e+00 6.500000000000000000e+01 7.237952999999999520e+03 8.169393686573816922e+03 7.137830083696057955e+03 0.000000000000000000e+00 1.522805252295491130e+00 1.339000000000000057e+01
6.081384200000000000e+07 1.000000000000000000e+00 6.600000000000000000e+01 7.235233000000000175e+03 8.175300686573817075e+03 7.139220083696058282e+03 0.000000000000000000e+00 1.954955015978343758e+00 9.199999999999999845e-02
6.081490600000000000e+07 1.000000000000000000e+00 6.600000000000000000e+01 7.232926000000000386e+03 8.174948686573817213e+03 7.142210083696058973e+03 0.000000000000000000e+00 1.756827173694263777e+00 8.349999999999999645e-01
6.081490900000000000e+07 1.000000000000000000e+00 6.500000000000000000e+01 7.241643000000000029e+03 8.168832686573817227e+03 7.137690083696057627e+03 0.000000000000000000e+00 8.593770817909759385e-01 9.199999999999999845e-02
6.081297000000000000e+07 1.000000000000000000e+00 6.600000000000000000e+01 7.256640999999999622e+03 8.179383686573816703e+03 7.126760083696058246e+03 0.000000000000000000e+00 8.005886126779513390e+00 9.199999999999999845e-02
6.081409900000000000e+07 1.000000000000000000e+00 6.600000000000000000e+01 7.256712999999999738e+03 8.185771686573816623e+03 7.118220083696058282e+03 0.000000000000000000e+00 1.291655330538638680e+00 6.099999999999999867e-02
6.081409900000000000e+07 1.000000000000000000e+00 6.600000000000000000e+01 7.257314999999999600e+03 8.185579686573816616e+03 7.117310083696058427e+03 0.000000000000000000e+00 1.054981298617700292e+00 2.400000000000000050e-02
6.081297000000000000e+07 0.000000000000000000e+00 6.600000000000000000e+01 7.249774000000000342e+03 8.186502686573816391e+03 7.119090083696058173e+03 0.000000000000000000e+00 2.053998772762823499e+00 2.400000000000000050e-02
6.081297200000000000e+07 0.000000000000000000e+00 6.600000000000000000e+01 7.245590000000000146e+03 8.179242686573817082e+03 7.113270083696058464e+03 0.000000000000000000e+00 1.489067501034830654e+00 4.169999999999999818e-01
6.081409600000000000e+07 1.000000000000000000e+00 6.500000000000000000e+01 7.242210000000000036e+03 8.179857686573816864e+03 7.112950083696058755e+03 0.000000000000000000e+00 1.577253262694899627e+00 9.199999999999999845e-02
6.081578700000000000e+07 1.000000000000000000e+00 6.600000000000000000e+01 7.241128999999999905e+03 8.180110686573816565e+03 7.112930083696058318e+03 0.000000000000000000e+00 1.633136057390039753e+00 9.199999999999999845e-02
6.081297300000000000e+07 0.000000000000000000e+00 6.500000000000000000e+01 7.238939000000000306e+03 8.180622686573817191e+03 7.112880083696059046e+03 0.000000000000000000e+00 9.174258010669855690e-01 2.039999999999999869e-01
6.081297300000000000e+07 0.000000000000000000e+00 6.500000000000000000e+01 7.238939000000000306e+03 8.180622686573817191e+03 7.112880083696059046e+03 0.000000000000000000e+00 9.174258010669855690e-01 7.200020000000000309e+00
6.081490900000000000e+07 1.000000000000000000e+00 6.500000000000000000e+01 7.237952999999999520e+03 8.169393686573816922e+03 7.137830083696057955e+03 0.000000000000000000e+00 1.522805252295491130e+00 5.860319999999999752e+00
6.081579300000000000e+07 1.000000000000000000e+00 6.600000000000000000e+01 7.229186999999999898e+03 8.166804686573816980e+03 7.131200083696058755e+03 0.000000000000000000e+00 7.472319224728286358e+00 1.339000000000000057e+01
6.081579300000000000e+07 1.000000000000000000e+00 6.600000000000000000e+01 7.229186999999999898e+03 8.166804686573816980e+03 7.131200083696058755e+03 0.000000000000000000e+00 7.472319224728286358e+00 4.673250000000000348e+00
6.081579300000000000e+07 1.000000000000000000e+00 6.600000000000000000e+01 7.229186999999999898e+03 8.166804686573816980e+03 7.131200083696058755e+03 0.000000000000000000e+00 7.472319224728286358e+00 8.405040000000000289e-01
6.081465000000000000e+07 0.000000000000000000e+00 6.500000000000000000e+01 7.222173999999999978e+03 8.180233686573817067e+03 7.097800083696059119e+03 0.000000000000000000e+00 8.789246903728766824e-01 1.597299999999999942e+00
6.081298500000000000e+07 1.000000000000000000e+00 6.600000000000000000e+01 7.209421000000000276e+03 8.181907686573817045e+03 7.089470083696059191e+03 0.000000000000000000e+00 9.884962619291229879e-01 1.078999999999999915e+01
6.081464600000000000e+07 1.000000000000000000e+00 6.600000000000000000e+01 7.208006999999999607e+03 8.166768686573816922e+03 7.085660083696058791e+03 0.000000000000000000e+00 9.505812025921269726e-01 4.169999999999999818e-01
6.081306800000000000e+07 0.000000000000000000e+00 6.600000000000000000e+01 7.212328999999999724e+03 8.193396686573816623e+03 7.080200083696057845e+03 0.000000000000000000e+00 3.123778722297052557e+00 4.169999999999999818e-01
6.081306700000000000e+07 0.000000000000000000e+00 6.500000000000000000e+01 7.214935999999999694e+03 8.195191686573816696e+03 7.077690083696058537e+03 0.000000000000000000e+00 7.525326989080717288e-01 6.099999999999999867e-02
6.081458000000000000e+07 1.000000000000000000e+00 6.600000000000000000e+01 7.221095999999999549e+03 8.203582686573816318e+03 7.072020083696058464e+03 0.000000000000000000e+00 2.844821479471770775e+00 9.199999999999999845e-02
6.081427200000000000e+07 1.000000000000000000e+00 6.500000000000000000e+01 7.219192000000000007e+03 8.203263686573816813e+03 7.053980083696058500e+03 0.000000000000000000e+00 1.704153187803760350e+00 2.400000000000000050e-02
6.081427500000000000e+07 0.000000000000000000e+00 6.600000000000000000e+01 7.227297999999999774e+03 8.209265686573817220e+03 7.064520083696058464e+03 0.000000000000000000e+00 1.686418595300251289e+00 2.039999999999999869e-01
6.081458100000000000e+07 0.000000000000000000e+00 6.600000000000000000e+01 7.207121000000000095e+03 8.208394686573818035e+03 7.069020083696058464e+03 0.000000000000000000e+00 3.144848357204543809e+00 2.400000000000000050e-02
6.081307100000000000e+07 0.000000000000000000e+00 6.500000000000000000e+01 7.203739999999999782e+03 8.201780686573816638e+03 7.080200083696057845e+03 0.000000000000000000e+00 3.423696231460251926e+00 6.099999999999999867e-02
6.081307100000000000e+07 0.000000000000000000e+00 6.500000000000000000e+01 7.203574999999999818e+03 8.201397686573816827e+03 7.078280083696058682e+03 0.000000000000000000e+00 2.317363841505145405e+00 9.199999999999999845e-02
6.081307000000000000e+07 0.000000000000000000e+00 6.600000000000000000e+01 7.204931999999999789e+03 8.200425686573817075e+03 7.077360083696057700e+03 0.000000000000000000e+00 1.959010122259882136e+00 4.169999999999999818e-01
6.081307500000000000e+07 0.000000000000000000e+00 6.500000000000000000e+01 7.189810000000000400e+03 8.205297686573816463e+03 7.079820083696058646e+03 0.000000000000000000e+00 2.215063811484308420e+00 2.400000000000000050e-02
6.081307300000000000e+07 1.000000000000000000e+00 6.500000000000000000e+01 7.196579999999999927e+03 8.195513686573816813e+03 7.082580083696058864e+03 0.000000000000000000e+00 5.073893315584658836e+00 4.169999999999999818e-01
6.081299000000000000e+07 1.000000000000000000e+00 6.500000000000000000e+01 7.190993999999999687e+03 8.191292686573817264e+03 7.086100083696059301e+03 0.000000000000000000e+00 4.612107206284161265e+00 6.099999999999999867e-02
6.081299300000000000e+07 0.000000000000000000e+00 6.600000000000000000e+01 7.183573000000000320e+03 8.193198686573818122e+03 7.088360083696058609e+03 0.000000000000000000e+00 1.635841758295214277e+00 9.199999999999999845e-02
6.081299400000000000e+07 1.000000000000000000e+00 6.600000000000000000e+01 7.182934000000000196e+03 8.191395686573816420e+03 7.086790083696058900e+03 0.000000000000000000e+00 1.228344297383494377e+00 6.099999999999999867e-02
6.081299800000000000e+07 1.000000000000000000e+00 6.500000000000000000e+01 7.176226999999999862e+03 8.204301686573817278e+03 7.088930083696058318e+03 0.000000000000000000e+00 3.814884206304448355e+00 9.199999999999999845e-02
6.081299800000000000e+07 1.000000000000000000e+00 6.500000000000000000e+01 7.174926000000000386e+03 8.204772686573816827e+03 7.092450083696057845e+03 0.000000000000000000e+00 1.651130367686422185e+00 6.099999999999999867e-02
6.081308000000000000e+07 1.000000000000000000e+00 6.600000000000000000e+01 7.172657000000000153e+03 8.213503686573816594e+03 7.085080083696057955e+03 0.000000000000000000e+00 3.433605856914252019e+00 9.199999999999999845e-02
6.081300000000000000e+07 1.000000000000000000e+00 6.500000000000000000e+01 7.177525999999999840e+03 8.221595686573817147e+03 7.102910083696057882e+03 0.000000000000000000e+00 4.217771150537210190e+00 2.400000000000000050e-02
6.081300000000000000e+07 1.000000000000000000e+00 6.500000000000000000e+01 7.179889000000000124e+03 8.221179686573817889e+03 7.100400083696058573e+03 0.000000000000000000e+00 2.823390035875575688e+00 2.400000000000000050e-02
6.081300000000000000e+07 1.000000000000000000e+00 6.500000000000000000e+01 7.185481999999999971e+03 8.220630686573817002e+03 7.096770083696058464e+03 0.000000000000000000e+00 7.934204182099168889e+00 4.169999999999999818e-01
6.081307800000000000e+07 1.000000000000000000e+00 6.600000000000000000e+01 7.188733000000000175e+03 8.222406686573816842e+03 7.094430083696059228e+03 0.000000000000000000e+00 8.129838252310563007e+00 2.400000000000000050e-02
6.081307800000000000e+07 1.000000000000000000e+00 6.600000000000000000e+01 7.189791000000000167e+03 8.223212686573817336e+03 7.093140083696058355e+03 0.000000000000000000e+00 7.023866259396138290e+00 9.199999999999999845e-02
6.081293400000000000e+07 0.000000000000000000e+00 6.600000000000000000e+01 7.180297999999999774e+03 8.225195686573817511e+03 7.088960083696058064e+03 0.000000000000000000e+00 3.966659703764558564e+00 9.199999999999999845e-02
6.081293000000000000e+07 1.000000000000000000e+00 6.500000000000000000e+01 7.176418999999999869e+03 8.226000686573817802e+03 7.093040083696058900e+03 0.000000000000000000e+00 3.986196009151794062e+00 8.349999999999999645e-01
6.081293300000000000e+07 0.000000000000000000e+00 6.600000000000000000e+01 7.175467999999999847e+03 8.228804686573817889e+03 7.092200083696058755e+03 0.000000000000000000e+00 2.957922026190301423e+00 9.199999999999999845e-02
6.081293300000000000e+07 0.000000000000000000e+00 6.600000000000000000e+01 7.175467999999999847e+03 8.228804686573817889e+03 7.092200083696058755e+03 0.000000000000000000e+00 2.957922026190301423e+00 7.375539999999999985e+00
6.081298500000000000e+07 1.000000000000000000e+00 6.600000000000000000e+01 7.209421000000000276e+03 8.181907686573817045e+03 7.089470083696059191e+03 0.000000000000000000e+00 9.884962619291229879e-01 5.803779999999999717e+00
9.499701000000000000e+07 1.000000000000000000e+00 6.500000000000000000e+01 1.644979999999999563e+03 8.121309686573817089e+03 1.113481008369605843e+04 0.000000000000000000e+00 2.618462737601023882e+00 2.400000000000000050e-02
9.499700900000000000e+07 1.000000000000000000e+00 6.500000000000000000e+01 1.645080000000000837e+03 8.121864686573816471e+03 1.113497008369605828e+04 0.000000000000000000e+00 2.505576156514955688e+00 9.199999999999999845e-02
9.499700800000000000e+07 1.000000000000000000e+00 6.600000000000000000e+01 1.652289999999999964e+03 8.117860686573816565e+03 1.114540008369605857e+04 0.000000000000000000e+00 3.429817737670473932e+00 2.039999999999999869e-01
9.499700800000000000e+07 1.000000000000000000e+00 6.600000000000000000e+01 1.657239999999999782e+03 8.115549686573816871e+03 1.115524008369605872e+04 0.000000000000000000e+00 6.854704157001496156e+00 1.124000000000000021e+01
9.499807600000000000e+07 1.000000000000000000e+00 6.500000000000000000e+01 1.656049999999999272e+03 8.102510686573817111e+03 1.114970008369605785e+04 0.000000000000000000e+00 4.382191223364572785e+00 9.199999999999999845e-02
9.499692400000000000e+07 1.000000000000000000e+00 6.500000000000000000e+01 1.649909999999999854e+03 8.102269686573817125e+03 1.116655008369605821e+04 0.000000000000000000e+00 7.384193592267580541e+00 9.199999999999999845e-02
9.499880800000000000e+07 1.000000000000000000e+00 6.600000000000000000e+01 1.644880000000000109e+03 8.093614686573816471e+03 1.116796008369605806e+04 0.000000000000000000e+00 8.595706505048269719e+00 2.400000000000000050e-02
9.499880900000000000e+07 1.000000000000000000e+00 6.600000000000000000e+01 1.644149999999999636e+03 8.098802686573816572e+03 1.117492008369605901e+04 0.000000000000000000e+00 8.659540061162342539e+00 6.099999999999999867e-02
9.499880900000000000e+07 1.000000000000000000e+00 6.600000000000000000e+01 1.643750000000000000e+03 8.095160686573816747e+03 1.117302008369605755e+04 0.000000000000000000e+00 6.303985709230411238e+00 9.199999999999999845e-02
9.499799700000000000e+07 1.000000000000000000e+00 6.500000000000000000e+01 1.655419999999999163e+03 8.091875686573816893e+03 1.116253008369605959e+04 0.000000000000000000e+00 7.580297901026494145e+00 2.039999999999999869e-01
9.499799700000000000e+07 1.000000000000000000e+00 6.500000000000000000e+01 1.656589999999999236e+03 8.091175686573817075e+03 1.116257008369605865e+04 0.000000000000000000e+00 6.923797351212287232e+00 9.199999999999999845e-02
9.499807600000000000e+07 1.000000000000000000e+00 6.500000000000000000e+01 1.655760000000000218e+03 8.104338686573816631e+03 1.115114008369605835e+04 0.000000000000000000e+00 5.726710563372934715e+00 4.169999999999999818e-01
9.499807300000000000e+07 1.000000000000000000e+00 6.600000000000000000e+01 1.651350000000000364e+03 8.099067686573816900e+03 1.113906008369605843e+04 0.000000000000000000e+00 2.199399541733603858e+00 9.199999999999999845e-02
9.499807300000000000e+07 1.000000000000000000e+00 6.600000000000000000e+01 1.651089999999999236e+03 8.095762686573816609e+03 1.113339008369605835e+04 0.000000000000000000e+00 2.093314827860496052e+00 6.099999999999999867e-02
9.499974200000000000e+07 1.000000000000000000e+00 6.600000000000000000e+01 1.650720000000000255e+03 8.095143686573816922e+03 1.113028008369605959e+04 0.000000000000000000e+00 1.579935359527511851e+00 9.199999999999999845e-02
9.499974200000000000e+07 0.000000000000000000e+00 6.600000000000000000e+01 1.643739999999999782e+03 8.084787686573817155e+03 1.112144008369605945e+04 0.000000000000000000e+00 1.990462116048133057e+00 9.199999999999999845e-02
9.499973700000000000e+07 0.000000000000000000e+00 6.600000000000000000e+01 1.652809999999999491e+03 8.084333686573816522e+03 1.111286008369605770e+04 0.000000000000000000e+00 9.179166683074696520e-01 4.169999999999999818e-01
9.499944600000000000e+07 1.000000000000000000e+00 6.500000000000000000e+01 1.668409999999999854e+03 8.097843686573816740e+03 1.111477008369605755e+04 0.000000000000000000e+00 4.935732692210742734e+00 6.099999999999999867e-02
9.499944300000000000e+07 1.000000000000000000e+00 6.600000000000000000e+01 1.672590000000000146e+03 8.093592686573816536e+03 1.110982008369605865e+04 0.000000000000000000e+00 1.532236658183138145e+00 2.039999999999999869e-01
9.499944600000000000e+07 1.000000000000000000e+00 6.500000000000000000e+01 1.671210000000000036e+03 8.099501686573817096e+03 1.111445008369605785e+04 0.000000000000000000e+00 3.006055675810872518e+00 2.400000000000000050e-02
9.499944700000000000e+07 1.000000000000000000e+00 6.500000000000000000e+01 1.667159999999999854e+03 8.104743686573816376e+03 1.111739008369605835e+04 0.000000000000000000e+00 4.608407737002882421e+00 2.400000000000000050e-02
9.499974000000000000e+07 1.000000000000000000e+00 6.600000000000000000e+01 1.652520000000000437e+03 8.097170686573816965e+03 1.111853008369605959e+04 0.000000000000000000e+00 3.397320090573998197e+00 2.400000000000000050e-02
9.499701800000000000e+07 0.000000000000000000e+00 6.500000000000000000e+01 1.650340000000000146e+03 8.099770686573816420e+03 1.111572008369605828e+04 0.000000000000000000e+00 3.339191451251712905e+00 9.199999999999999845e-02
9.499702200000000000e+07 1.000000000000000000e+00 6.600000000000000000e+01 1.646949999999999818e+03 8.097119686573816580e+03 1.110622008369605828e+04 0.000000000000000000e+00 1.253162729130791631e+00 4.169999999999999818e-01
9.499832800000000000e+07 1.000000000000000000e+00 6.600000000000000000e+01 1.656449999999999818e+03 8.095936686573816587e+03 1.111218008369605741e+04 0.000000000000000000e+00 3.719504329174430080e+00 9.199999999999999845e-02
9.499832800000000000e+07 1.000000000000000000e+00 6.600000000000000000e+01 1.656289999999999964e+03 8.095811686573816587e+03 1.111212008369605792e+04 0.000000000000000000e+00 3.774266255547869875e+00 9.199999999999999845e-02
9.499832800000000000e+07 1.000000000000000000e+00 6.600000000000000000e+01 1.653319999999999709e+03 8.099401686573816733e+03 1.110545008369605785e+04 0.000000000000000000e+00 8.805036229887938104e-01 6.099999999999999867e-02
9.499832700000000000e+07 0.000000000000000000e+00 6.600000000000000000e+01 1.652489999999999782e+03 8.098014686573817016e+03 1.110293008369605741e+04 0.000000000000000000e+00 1.040282171848271764e+00 9.199999999999999845e-02
9.499832800000000000e+07 0.000000000000000000e+00 6.500000000000000000e+01 1.646279999999999745e+03 8.096484686573816361e+03 1.109829008369605799e+04 0.000000000000000000e+00 1.483840875917318058e+00 6.099999999999999867e-02
9.499951700000000000e+07 1.000000000000000000e+00 6.600000000000000000e+01 1.651789999999999964e+03 8.079556686573816478e+03 1.109271008369605806e+04 0.000000000000000000e+00 4.950994761304942315e+00 9.199999999999999845e-02
9.499973200000000000e+07 1.000000000000000000e+00 6.500000000000000000e+01 1.655060000000000400e+03 8.075277686573816936e+03 1.110042008369605901e+04 0.000000000000000000e+00 4.745713205588882211e+00 9.199999999999999845e-02
9.499973800000000000e+07 1.000000000000000000e+00 6.500000000000000000e+01 1.654739999999999782e+03 8.073418686573816558e+03 1.112551008369605916e+04 0.000000000000000000e+00 5.816841177596193901e+00 9.199999999999999845e-02
9.499973500000000000e+07 1.000000000000000000e+00 6.600000000000000000e+01 1.657470000000000255e+03 8.072411686573816951e+03 1.112442008369605901e+04 0.000000000000000000e+00 4.813199249154163972e+00 2.400000000000000050e-02
9.499973400000000000e+07 1.000000000000000000e+00 6.600000000000000000e+01 1.660960000000000036e+03 8.065866686573816878e+03 1.111992008369605901e+04 0.000000000000000000e+00 2.520703623680685457e+00 2.400000000000000050e-02
9.499973400000000000e+07 1.000000000000000000e+00 6.600000000000000000e+01 1.660270000000000437e+03 8.064347686573816645e+03 1.111947008369605828e+04 0.000000000000000000e+00 4.232941934486005309e+00 2.400000000000000050e-02
9.499973400000000000e+07 1.000000000000000000e+00 6.600000000000000000e+01 1.659810000000000400e+03 8.063263686573816813e+03 1.111889008369605835e+04 0.000000000000000000e+00 5.515472839318979581e+00 9.199999999999999845e-02
9.499973000000000000e+07 1.000000000000000000e+00 6.500000000000000000e+01 1.660189999999999600e+03 8.058178686573816776e+03 1.111448008369605850e+04 0.000000000000000000e+00 4.028818488636445316e+00 2.039999999999999869e-01
9.499972500000000000e+07 1.000000000000000000e+00 6.600000000000000000e+01 1.663409999999999854e+03 8.051703686573816412e+03 1.111576008369605916e+04 0.000000000000000000e+00 5.683973484049001712e+00 9.199999999999999845e-02
9.499972500000000000e+07 1.000000000000000000e+00 6.600000000000000000e+01 1.662690000000000509e+03 8.051724686573817053e+03 1.111553008369605959e+04 0.000000000000000000e+00 6.228796826296615130e+00 6.099999999999999867e-02
9.499973500000000000e+07 1.000000000000000000e+00 6.600000000000000000e+01 1.651830000000000837e+03 8.065193686573817104e+03 1.111748008369605850e+04 0.000000000000000000e+00 6.877689682558052020e+00 4.169999999999999818e-01
9.499807000000000000e+07 1.000000000000000000e+00 6.500000000000000000e+01 1.644880000000000109e+03 8.077988686573817176e+03 1.112566008369605879e+04 0.000000000000000000e+00 3.022243426920773413e+00 9.199999999999999845e-02
9.499807000000000000e+07 1.000000000000000000e+00 6.500000000000000000e+01 1.650100000000000364e+03 8.083018686573816922e+03 1.113001008369605916e+04 0.000000000000000000e+00 1.783752353306747862e+00 4.169999999999999818e-01
9.499807000000000000e+07 1.000000000000000000e+00 6.500000000000000000e+01 1.650100000000000364e+03 8.083018686573816922e+03 1.113001008369605916e+04 0.000000000000000000e+00 1.783752353306747862e+00 7.061480000000000423e+00
8.289490200000000000e+07 1.000000000000000000e+00 6.600000000000000000e+01 6.891652000000000044e+03 9.459336686573817133e+03 9.786300083696058209e+03 1.000000000000000000e+00 3.899229972034775060e-01 2.420000000000000000e+02
9.481773900000000000e+07 0.000000000000000000e+00 6.600000000000000000e+01 4.013640000000000327e+03 7.930654686573816434e+03 1.125014008369605835e+04 1.000000000000000000e+00 2.313449252709355974e+00 2.420000000000000000e+02
8.845418400000000000e+07 1.000000000000000000e+00 6.500000000000000000e+01 5.516880000000000109e+03 8.614384686573815998e+03 1.050878008369605959e+04 1.000000000000000000e+00 6.733901983638855837e-01 2.420000000000000000e+02
7.170443500000000000e+07 1.000000000000000000e+00 6.600000000000000000e+01 9.782950000000000728e+03 1.048990668657381684e+04 8.490520083696057554e+03 1.000000000000000000e+00 8.036555737834486512e-01 2.420000000000000000e+02
8.845399600000000000e+07 1.000000000000000000e+00 6.600000000000000000e+01 5.511220000000000255e+03 8.646395686573816420e+03 1.043588008369605814e+04 1.000000000000000000e+00 7.852612352048792266e-01 2.420000000000000000e+02
9.187435900000000000e+07 0.000000000000000000e+00 6.600000000000000000e+01 5.143220000000000255e+03 8.326817686573816900e+03 1.074971008369605806e+04 1.000000000000000000e+00 1.939817484044945806e+00 2.420000000000000000e+02
