2.551019400000000000e+07 0.000000000000000000e+00 6.500000000000000000e+01 1.332057982816689037e+04 1.190715100743551920e+04 3.104630000000000109e+03 0.000000000000000000e+00 1.624955931075601656e+00 3.229999999999999716e+01
2.551002700000000000e+07 1.000000000000000000e+00 6.500000000000000000e+01 1.331625982816688884e+04 1.188430100743551884e+04 3.101720000000000255e+03 0.000000000000000000e+00 5.176083219080008568e+00 1.605000000000000071e+01
2.550891800000000000e+07 0.000000000000000000e+00 6.600000000000000000e+01 1.331133982816688876e+04 1.184786100743552015e+04 3.093659999999999854e+03 0.000000000000000000e+00 1.339889008409872018e+00 1.339000000000000057e+01
2.655284600000000000e+07 1.000000000000000000e+00 6.500000000000000000e+01 1.306897982816688818e+04 1.094942100743551964e+04 3.017489999999999782e+03 0.000000000000000000e+00 3.873529639262434543e+00 6.099999999999999867e-02
2.655403500000000000e+07 1.000000000000000000e+00 6.500000000000000000e+01 1.307427982816688927e+04 1.094653100743551840e+04 3.030760000000000218e+03 0.000000000000000000e+00 3.036210198080276257e+00 2.400000000000000050e-02
2.655403900000000000e+07 1.000000000000000000e+00 6.600000000000000000e+01 1.307116982816689051e+04 1.093716100743551942e+04 3.030989999999999782e+03 0.000000000000000000e+00 4.285927609490857826e+00 4.169999999999999818e-01
2.655277000000000000e+07 1.000000000000000000e+00 6.600000000000000000e+01 1.307116982816689051e+04 1.093831100743551906e+04 3.031920000000000073e+03 0.000000000000000000e+00 3.907665155551463432e+00 2.400000000000000050e-02
2.655277000000000000e+07 1.000000000000000000e+00 6.600000000000000000e+01 1.306986982816688942e+04 1.093979100743551862e+04 3.032119999999999891e+03 0.000000000000000000e+00 2.869543472946907592e+00 9.199999999999999845e-02
2.655276900000000000e+07 0.000000000000000000e+00 6.600000000000000000e+01 1.306332982816689037e+04 1.093914100743551899e+04 3.033519999999999527e+03 0.000000000000000000e+00 1.184125601173915632e+00 9.199999999999999845e-02
2.655277100000000000e+07 1.000000000000000000e+00 6.600000000000000000e+01 1.306672982816688818e+04 1.093888100743551877e+04 3.043219999999999345e+03 0.000000000000000000e+00 1.803513530977632673e+00 9.199999999999999845e-02
2.655277200000000000e+07 1.000000000000000000e+00 6.600000000000000000e+01 1.306924982816688862e+04 1.093882100743551928e+04 3.048609999999999673e+03 0.000000000000000000e+00 3.913027806243282392e+00 9.199999999999999845e-02
2.655277100000000000e+07 1.000000000000000000e+00 6.500000000000000000e+01 1.305060982816688920e+04 1.094755100743551884e+04 3.045170000000000073e+03 0.000000000000000000e+00 5.930339795744343334e+00 2.400000000000000050e-02
2.655277100000000000e+07 1.000000000000000000e+00 6.500000000000000000e+01 1.304807982816689037e+04 1.094889100743551899e+04 3.041329999999999927e+03 0.000000000000000000e+00 9.045267242912711225e+00 9.199999999999999845e-02
2.550891800000000000e+07 0.000000000000000000e+00 6.600000000000000000e+01 1.331133982816688876e+04 1.184786100743552015e+04 3.093659999999999854e+03 0.000000000000000000e+00 1.339889008409872018e+00 7.771280000000000410e-01
2.550759400000000000e+07 1.000000000000000000e+00 6.500000000000000000e+01 1.330725982816688884e+04 1.188616100743551942e+04 3.119979999999999563e+03 0.000000000000000000e+00 4.429048711005073358e+00 1.078999999999999915e+01
2.550865700000000000e+07 0.000000000000000000e+00 6.500000000000000000e+01 1.330403982816688949e+04 1.189231100743551906e+04 3.130380000000000109e+03 0.000000000000000000e+00 8.954988295160144496e-01 9.199999999999999845e-02
2.550865600000000000e+07 1.000000000000000000e+00 6.500000000000000000e+01 1.330584982816688898e+04 1.188521100743551870e+04 3.128439999999999600e+03 0.000000000000000000e+00 1.646444178180261009e+00 1.078999999999999915e+01
2.550865700000000000e+07 1.000000000000000000e+00 6.500000000000000000e+01 1.331035982816688920e+04 1.188929100743551862e+04 3.126069999999999709e+03 0.000000000000000000e+00 3.155271894434866553e+00 2.400000000000000050e-02
2.550865800000000000e+07 1.000000000000000000e+00 6.500000000000000000e+01 1.331542982816688891e+04 1.189528100743551840e+04 3.121779999999999745e+03 0.000000000000000000e+00 7.192010046907276966e+00 1.078999999999999915e+01
2.550865800000000000e+07 1.000000000000000000e+00 6.500000000000000000e+01 1.331578982816688949e+04 1.189608100743551950e+04 3.121960000000000036e+03 0.000000000000000000e+00 7.135479850143567226e+00 8.349999999999999645e-01
2.550865800000000000e+07 1.000000000000000000e+00 6.500000000000000000e+01 1.331578982816688949e+04 1.189608100743551950e+04 3.121960000000000036e+03 0.000000000000000000e+00 7.135479850143567226e+00 7.310419999999999696e+00
2.550865800000000000e+07 1.000000000000000000e+00 6.500000000000000000e+01 1.331542982816688891e+04 1.189528100743551840e+04 3.121779999999999745e+03 0.000000000000000000e+00 7.192010046907276966e+00 4.930430000000000312e+00
2.550865600000000000e+07 1.000000000000000000e+00 6.500000000000000000e+01 1.330584982816688898e+04 1.188521100743551870e+04 3.128439999999999600e+03 0.000000000000000000e+00 1.646444178180261009e+00 2.684979999999999922e+00
2.550759400000000000e+07 1.000000000000000000e+00 6.500000000000000000e+01 1.330725982816688884e+04 1.188616100743551942e+04 3.119979999999999563e+03 0.000000000000000000e+00 4.429048711005073358e+00 3.572909999999999808e+00
2.551010800000000000e+07 0.000000000000000000e+00 6.500000000000000000e+01 1.332696982816688978e+04 1.191387100743551855e+04 3.081059999999999491e+03 0.000000000000000000e+00 3.663988264217670210e+00 8.349999999999999645e-01
2.551010900000000000e+07 1.000000000000000000e+00 6.500000000000000000e+01 1.332470982816688957e+04 1.191731100743551906e+04 3.074170000000000073e+03 0.000000000000000000e+00 4.933672492971700407e+00 2.400000000000000050e-02
2.551011200000000000e+07 1.000000000000000000e+00 6.600000000000000000e+01 1.333365982816688847e+04 1.191043100743551986e+04 3.079039999999999964e+03 0.000000000000000000e+00 1.478382780277878839e+00 9.199999999999999845e-02
2.551011200000000000e+07 1.000000000000000000e+00 6.600000000000000000e+01 1.333365982816688847e+04 1.191043100743551986e+04 3.079039999999999964e+03 0.000000000000000000e+00 1.478382780277878839e+00 7.351729999999999876e+00
2.550868300000000000e+07 1.000000000000000000e+00 6.600000000000000000e+01 1.331084982816688898e+04 1.197912100743551855e+04 3.121289999999999964e+03 0.000000000000000000e+00 8.023050412352207061e+00 9.199999999999999845e-02
