7.916532200000000000e+07 1.000000000000000000e+00 6.500000000000000000e+01 1.736135814950157510e+03 6.898505406929616584e+02 9.019659999999999854e+03 0.000000000000000000e+00 6.238664777109730331e+00 1.078999999999999915e+01
1.186352930000000000e+08 1.000000000000000000e+00 6.600000000000000000e+01 2.763025814950156928e+03 5.003505406929616584e+02 1.385819000000000051e+04 0.000000000000000000e+00 4.063197018194010468e+00 1.078999999999999915e+01
1.186352930000000000e+08 1.000000000000000000e+00 6.600000000000000000e+01 2.762665814950156346e+03 5.002695406929624369e+02 1.385845999999999913e+04 0.000000000000000000e+00 3.721304697587747068e+00 9.199999999999999845e-02
1.186352950000000000e+08 0.000000000000000000e+00 6.500000000000000000e+01 2.763855814950156855e+03 4.906625406929624660e+02 1.385322000000000116e+04 0.000000000000000000e+00 1.919328959995186157e+00 5.000000000000000000e-01
1.186352970000000000e+08 1.000000000000000000e+00 6.500000000000000000e+01 2.763965814950157437e+03 4.922875406929624660e+02 1.384395000000000073e+04 0.000000000000000000e+00 3.014377907037371518e+00 1.000000000000000000e+01
1.186352970000000000e+08 1.000000000000000000e+00 6.500000000000000000e+01 2.763965814950157437e+03 4.922875406929624660e+02 1.384395000000000073e+04 0.000000000000000000e+00 3.014377907037371518e+00 1.463829999999999965e+00
7.916532200000000000e+07 1.000000000000000000e+00 6.500000000000000000e+01 1.736135814950157510e+03 6.898505406929616584e+02 9.019659999999999854e+03 0.000000000000000000e+00 6.238664777109730331e+00 3.104900000000000215e+00
2.256605600000000000e+07 1.000000000000000000e+00 6.500000000000000000e+01 6.013465249501578000e+02 1.224088240692962245e+03 2.367760000000000218e+03 0.000000000000000000e+00 3.382233326396906659e+00 2.400000000000000050e-02
2.256605600000000000e+07 1.000000000000000000e+00 6.500000000000000000e+01 5.956836449501570314e+02 1.223960740692961735e+03 2.370650000000000546e+03 0.000000000000000000e+00 4.827646029697737262e+00 1.078999999999999915e+01
2.256605600000000000e+07 1.000000000000000000e+00 6.500000000000000000e+01 5.956836449501570314e+02 1.223960740692961735e+03 2.370650000000000546e+03 0.000000000000000000e+00 4.827646029697737262e+00 1.134749999999999925e+00
2.256605600000000000e+07 1.000000000000000000e+00 6.500000000000000000e+01 5.956836449501570314e+02 1.223960740692961735e+03 2.370650000000000546e+03 0.000000000000000000e+00 4.827646029697737262e+00 1.130740000000000078e+00
2.256467800000000000e+07 0.000000000000000000e+00 6.500000000000000000e+01 5.966168869501570953e+02 1.212379681692962549e+03 2.397289999999999964e+03 1.000000000000000000e+00 2.375293525355005819e+00 3.300000000000000000e+01
