1.101751790000000000e+08 1.000000000000000000e+00 6.500000000000000000e+01 9.871866353788092965e+03 1.146209064295166900e+04 1.275165999999999985e+04 0.000000000000000000e+00 5.595334654365187177e+00 1.078999999999999915e+01
1.101750360000000000e+08 1.000000000000000000e+00 6.500000000000000000e+01 9.875895153788093012e+03 1.145638864295166786e+04 1.274342000000000007e+04 0.000000000000000000e+00 2.405228207016592901e+00 9.199999999999999845e-02
1.101750360000000000e+08 1.000000000000000000e+00 6.500000000000000000e+01 9.873484053788091842e+03 1.145522064295167002e+04 1.274225000000000000e+04 0.000000000000000000e+00 1.194131753137641860e+00 4.169999999999999818e-01
1.101750330000000000e+08 1.000000000000000000e+00 6.600000000000000000e+01 9.871853653788091833e+03 1.146686464295167025e+04 1.273851000000000022e+04 0.000000000000000000e+00 7.521976173692668688e+00 9.199999999999999845e-02
1.101751810000000000e+08 0.000000000000000000e+00 6.600000000000000000e+01 9.877501253788092072e+03 1.146805864295166975e+04 1.274516999999999825e+04 0.000000000000000000e+00 4.365706987478173318e+00 9.199999999999999845e-02
1.101737680000000000e+08 1.000000000000000000e+00 6.500000000000000000e+01 9.872842553788092118e+03 1.147282764295166999e+04 1.274223999999999978e+04 0.000000000000000000e+00 4.669998978995500316e+00 2.400000000000000050e-02
1.101751810000000000e+08 1.000000000000000000e+00 6.600000000000000000e+01 9.887979853788092441e+03 1.147295064295166958e+04 1.273377999999999884e+04 0.000000000000000000e+00 3.648950688845436385e+00 2.400000000000000050e-02
1.101751810000000000e+08 1.000000000000000000e+00 6.600000000000000000e+01 9.887769353788091394e+03 1.147369164295166775e+04 1.273069000000000051e+04 0.000000000000000000e+00 6.326036973429792987e+00 2.400000000000000050e-02
1.101751850000000000e+08 1.000000000000000000e+00 6.500000000000000000e+01 9.883428453788092156e+03 1.148389164295166847e+04 1.273748999999999978e+04 0.000000000000000000e+00 4.395500608900156259e+00 9.199999999999999845e-02
1.101740660000000000e+08 0.000000000000000000e+00 6.500000000000000000e+01 9.886605753788091533e+03 1.149680464295166894e+04 1.273781999999999971e+04 0.000000000000000000e+00 1.926242059470299584e+00 9.199999999999999845e-02
1.101740650000000000e+08 0.000000000000000000e+00 6.600000000000000000e+01 9.886167253788091330e+03 1.150229364295166852e+04 1.274267000000000007e+04 0.000000000000000000e+00 1.306431674967056811e+00 2.400000000000000050e-02
1.101724790000000000e+08 1.000000000000000000e+00 6.500000000000000000e+01 9.890665853788092136e+03 1.151585964295166923e+04 1.275275000000000000e+04 0.000000000000000000e+00 5.502854932309440450e+00 4.169999999999999818e-01
1.101724790000000000e+08 1.000000000000000000e+00 6.500000000000000000e+01 9.888197953788092491e+03 1.151243164295166935e+04 1.275404000000000087e+04 0.000000000000000000e+00 5.655526306103067391e+00 9.199999999999999845e-02
1.101724800000000000e+08 1.000000000000000000e+00 6.500000000000000000e+01 9.882466353788091510e+03 1.151190864295166830e+04 1.275593999999999869e+04 0.000000000000000000e+00 4.782328755030961887e+00 9.199999999999999845e-02
1.101724800000000000e+08 1.000000000000000000e+00 6.500000000000000000e+01 9.883901453788092113e+03 1.151148164295166862e+04 1.275938000000000102e+04 0.000000000000000000e+00 3.052626752456706338e+00 2.039999999999999869e-01
1.101724800000000000e+08 1.000000000000000000e+00 6.500000000000000000e+01 9.884264953788093408e+03 1.151320464295166857e+04 1.276160000000000036e+04 0.000000000000000000e+00 1.014632867205216948e+00 9.199999999999999845e-02
1.101724800000000000e+08 1.000000000000000000e+00 6.500000000000000000e+01 9.877768753788091999e+03 1.151126364295166786e+04 1.276288000000000102e+04 0.000000000000000000e+00 2.827756105887294868e+00 4.169999999999999818e-01
1.101740690000000000e+08 0.000000000000000000e+00 6.600000000000000000e+01 9.877230953788091938e+03 1.150019064295166936e+04 1.273572000000000116e+04 0.000000000000000000e+00 1.702588653033124455e+00 6.099999999999999867e-02
1.101740700000000000e+08 1.000000000000000000e+00 6.600000000000000000e+01 9.878040453788093146e+03 1.150089564295166929e+04 1.273356999999999971e+04 0.000000000000000000e+00 1.080032896687898036e+00 9.199999999999999845e-02
1.101740700000000000e+08 1.000000000000000000e+00 6.600000000000000000e+01 9.880453453788091792e+03 1.150027564295166849e+04 1.272936000000000058e+04 0.000000000000000000e+00 4.411417728938009652e+00 9.199999999999999845e-02
1.101740650000000000e+08 1.000000000000000000e+00 6.500000000000000000e+01 9.887300953788093466e+03 1.149836264295166984e+04 1.272972000000000116e+04 0.000000000000000000e+00 5.796138717528567241e+00 2.039999999999999869e-01
1.101742130000000000e+08 1.000000000000000000e+00 6.600000000000000000e+01 9.894276853788091103e+03 1.151402964295166930e+04 1.273786999999999898e+04 0.000000000000000000e+00 4.307201932043041026e+00 8.349999999999999645e-01
1.101742130000000000e+08 1.000000000000000000e+00 6.600000000000000000e+01 9.894276853788091103e+03 1.151402964295166930e+04 1.273786999999999898e+04 0.000000000000000000e+00 4.307201932043041026e+00 6.894569999999999865e+00
1.104147750000000000e+08 0.000000000000000000e+00 6.600000000000000000e+01 9.810996053788092468e+03 1.150390564295166769e+04 1.325343000000000029e+04 1.000000000000000000e+00 2.887167478821117683e+00 1.000000000000000000e+01
