1.692804900000000000e+07 1.000000000000000000e+00 6.500000000000000000e+01 6.858783476181806691e+02 2.684401700728274591e+03 1.676219999999999345e+03 0.000000000000000000e+00 4.247337073545555342e+00 1.339000000000000057e+01
1.692805300000000000e+07 0.000000000000000000e+00 6.600000000000000000e+01 6.779723476181807200e+02 2.678615700728274533e+03 1.688149999999999636e+03 0.000000000000000000e+00 2.367546416023168732e+00 1.078999999999999915e+01
1.700155200000000000e+07 0.000000000000000000e+00 6.500000000000000000e+01 2.012803476181807127e+02 2.376038700728274307e+03 2.196279999999999745e+03 0.000000000000000000e+00 1.292188346135139110e+00 1.078999999999999915e+01
1.699963900000000000e+07 1.000000000000000000e+00 6.600000000000000000e+01 1.773903476181812948e+02 2.362738700728274125e+03 2.215279999999999745e+03 0.000000000000000000e+00 6.836051061551303043e+00 1.339000000000000057e+01
2.835883300000000000e+07 1.000000000000000000e+00 6.500000000000000000e+01 1.400835347618181004e+03 2.967870072827417971e+01 3.406680000000000291e+03 0.000000000000000000e+00 1.297870639501777168e+00 1.339000000000000057e+01
2.835933100000000000e+07 1.000000000000000000e+00 6.500000000000000000e+01 1.374270047618180797e+03 5.934870072827379772e+01 3.411210000000000036e+03 0.000000000000000000e+00 9.858375620567009889e+00 1.605000000000000071e+01
2.835912400000000000e+07 1.000000000000000000e+00 6.600000000000000000e+01 1.332703347618181397e+03 1.197887007282743070e+02 3.396460000000000036e+03 0.000000000000000000e+00 5.205855571164618389e+00 1.078999999999999915e+01
2.835911800000000000e+07 1.000000000000000000e+00 6.600000000000000000e+01 1.314442547618181379e+03 1.398687007282742343e+02 3.391819999999999709e+03 0.000000000000000000e+00 3.103964044842003389e+00 1.078999999999999915e+01
2.821103600000000000e+07 1.000000000000000000e+00 6.500000000000000000e+01 7.910253476181815131e+02 4.102987007282745253e+02 3.215550000000000182e+03 0.000000000000000000e+00 2.256030476566430298e+00 1.078999999999999915e+01
2.827520500000000000e+07 0.000000000000000000e+00 6.600000000000000000e+01 1.065811347618180662e+03 3.610487007282745253e+02 3.079409999999999854e+03 0.000000000000000000e+00 5.235513738677293194e-01 1.078999999999999915e+01
2.827630200000000000e+07 1.000000000000000000e+00 6.600000000000000000e+01 1.133422347618181448e+03 2.093787007282744526e+02 3.057210000000000036e+03 0.000000000000000000e+00 8.935364076041180326e+00 6.099999999999999867e-02
2.827630200000000000e+07 1.000000000000000000e+00 6.600000000000000000e+01 1.133019347618181200e+03 2.110187007282743252e+02 3.057529999999999745e+03 0.000000000000000000e+00 8.718965992587177638e+00 9.199999999999999845e-02
2.827630200000000000e+07 1.000000000000000000e+00 6.600000000000000000e+01 1.132779347618181419e+03 2.119987007282743434e+02 3.057710000000000036e+03 0.000000000000000000e+00 8.755772184712382611e+00 2.400000000000000050e-02
2.827627900000000000e+07 1.000000000000000000e+00 6.500000000000000000e+01 1.120659347618181528e+03 2.699687007282745981e+02 3.055859999999999673e+03 0.000000000000000000e+00 2.098086051158083887e+00 8.220000000000000639e+00
2.827627900000000000e+07 1.000000000000000000e+00 6.500000000000000000e+01 1.120659347618181528e+03 2.699687007282745981e+02 3.055859999999999673e+03 0.000000000000000000e+00 2.098086051158083887e+00 6.026709999999999567e+00
2.827520600000000000e+07 0.000000000000000000e+00 6.600000000000000000e+01 1.067527347618181011e+03 3.575687007282749619e+02 3.080539999999999964e+03 0.000000000000000000e+00 1.286048893643750857e+00 9.199999999999999845e-02
2.827520600000000000e+07 0.000000000000000000e+00 6.600000000000000000e+01 1.066694347618181382e+03 3.580287007282740888e+02 3.076329999999999927e+03 0.000000000000000000e+00 1.503457063303500707e+00 9.199999999999999845e-02
2.827520600000000000e+07 0.000000000000000000e+00 6.600000000000000000e+01 1.066368347618181360e+03 3.582587007282745617e+02 3.075289999999999964e+03 0.000000000000000000e+00 1.926244436500792689e+00 6.099999999999999867e-02
2.827520000000000000e+07 0.000000000000000000e+00 6.600000000000000000e+01 1.064080347618180895e+03 3.723187007282740524e+02 3.068939999999999600e+03 0.000000000000000000e+00 1.996615607616964772e+00 4.600000000000000200e-01
2.827520000000000000e+07 0.000000000000000000e+00 6.600000000000000000e+01 1.064080347618180895e+03 3.723187007282740524e+02 3.068939999999999600e+03 0.000000000000000000e+00 1.996615607616964772e+00 7.223480000000000345e+00
2.821103700000000000e+07 1.000000000000000000e+00 6.500000000000000000e+01 8.006243476181807637e+02 4.074087007282741979e+02 3.203220000000000255e+03 0.000000000000000000e+00 2.928924638640164169e+00 2.400000000000000050e-02
2.821103900000000000e+07 0.000000000000000000e+00 6.500000000000000000e+01 8.038503476181813312e+02 4.065987007282737977e+02 3.204260000000000218e+03 0.000000000000000000e+00 2.810427048896406710e+00 6.099999999999999867e-02
2.821103800000000000e+07 0.000000000000000000e+00 6.600000000000000000e+01 8.046743476181809456e+02 4.073087007282747436e+02 3.210760000000000218e+03 0.000000000000000000e+00 1.211991187857571761e+00 9.199999999999999845e-02
2.821104200000000000e+07 1.000000000000000000e+00 6.600000000000000000e+01 7.932183476181808146e+02 4.132887007282743070e+02 3.195090000000000146e+03 0.000000000000000000e+00 9.593390476218983665e+00 6.099999999999999867e-02
2.821012300000000000e+07 1.000000000000000000e+00 6.500000000000000000e+01 7.827013476181809892e+02 4.160687007282749619e+02 3.204430000000000291e+03 0.000000000000000000e+00 9.829415126495781863e+00 6.099999999999999867e-02
2.821012400000000000e+07 0.000000000000000000e+00 6.500000000000000000e+01 7.789223476181814476e+02 4.029387007282739432e+02 3.202939999999999600e+03 0.000000000000000000e+00 4.256814988108882147e+00 9.199999999999999845e-02
2.821012400000000000e+07 0.000000000000000000e+00 6.500000000000000000e+01 7.781673476181813385e+02 3.987487007282743434e+02 3.203119999999999891e+03 0.000000000000000000e+00 3.202751760064740605e+00 9.199999999999999845e-02
2.821012600000000000e+07 1.000000000000000000e+00 6.600000000000000000e+01 7.911663476181811347e+02 3.907587007282745617e+02 3.200340000000000146e+03 0.000000000000000000e+00 4.814309033170012242e+00 9.199999999999999845e-02
2.821012600000000000e+07 1.000000000000000000e+00 6.600000000000000000e+01 7.896043476181812366e+02 3.864987007282734339e+02 3.199880000000000109e+03 0.000000000000000000e+00 6.353097614768522305e+00 6.099999999999999867e-02
2.821012600000000000e+07 1.000000000000000000e+00 6.600000000000000000e+01 7.887733476181811056e+02 3.921887007282739432e+02 3.197560000000000400e+03 0.000000000000000000e+00 1.136220862821537114e+00 6.099999999999999867e-02
2.821012600000000000e+07 1.000000000000000000e+00 6.600000000000000000e+01 7.842833476181813239e+02 3.859787007282748164e+02 3.190500000000000000e+03 0.000000000000000000e+00 4.277095109122554639e+00 6.099999999999999867e-02
2.821093100000000000e+07 1.000000000000000000e+00 6.600000000000000000e+01 7.680343476181815277e+02 3.737987007282745253e+02 3.189079999999999927e+03 0.000000000000000000e+00 5.380954870427137493e+00 6.099999999999999867e-02
2.821093200000000000e+07 1.000000000000000000e+00 6.600000000000000000e+01 7.718873476181806836e+02 3.723787007282744526e+02 3.190889999999999418e+03 0.000000000000000000e+00 5.204350080357240671e+00 9.199999999999999845e-02
2.821093200000000000e+07 1.000000000000000000e+00 6.600000000000000000e+01 7.732413476181809528e+02 3.702087007282743798e+02 3.186979999999999563e+03 0.000000000000000000e+00 3.014498138887321765e+00 2.039999999999999869e-01
2.821093200000000000e+07 1.000000000000000000e+00 6.600000000000000000e+01 7.732413476181809528e+02 3.702087007282743798e+02 3.186979999999999563e+03 0.000000000000000000e+00 3.014498138887321765e+00 7.284939999999999749e+00
2.821012300000000000e+07 1.000000000000000000e+00 6.500000000000000000e+01 7.717163476181813166e+02 4.156987007282741615e+02 3.211770000000000437e+03 0.000000000000000000e+00 7.773669389239417526e+00 9.199999999999999845e-02
2.821012000000000000e+07 1.000000000000000000e+00 6.600000000000000000e+01 7.651473476181809019e+02 4.158687007282742343e+02 3.216970000000000255e+03 0.000000000000000000e+00 5.910984099065831998e+00 9.199999999999999845e-02
2.821012000000000000e+07 1.000000000000000000e+00 6.600000000000000000e+01 7.648033476181808510e+02 4.154887007282741251e+02 3.217100000000000364e+03 0.000000000000000000e+00 5.451348540004709697e+00 4.169999999999999818e-01
2.821012100000000000e+07 1.000000000000000000e+00 6.500000000000000000e+01 7.706953476181806764e+02 4.053187007282749619e+02 3.217659999999999854e+03 0.000000000000000000e+00 5.168648738161911282e+00 9.199999999999999845e-02
2.821103100000000000e+07 1.000000000000000000e+00 6.600000000000000000e+01 7.794623476181814112e+02 4.037287007282748164e+02 3.226039999999999964e+03 0.000000000000000000e+00 2.621844983788979899e+00 4.169999999999999818e-01
2.821103100000000000e+07 1.000000000000000000e+00 6.600000000000000000e+01 7.794623476181814112e+02 4.037287007282748164e+02 3.226039999999999964e+03 0.000000000000000000e+00 2.621844983788979899e+00 7.206710000000000171e+00
2.835911800000000000e+07 1.000000000000000000e+00 6.600000000000000000e+01 1.314264147618180687e+03 1.395287007282745435e+02 3.393159999999999854e+03 0.000000000000000000e+00 4.387782942019568644e+00 1.000000000000000021e-02
2.835774400000000000e+07 1.000000000000000000e+00 6.600000000000000000e+01 1.316267847618180895e+03 1.410187007282738705e+02 3.405140000000000327e+03 0.000000000000000000e+00 1.416955440426041823e+00 2.039999999999999869e-01
2.835774400000000000e+07 1.000000000000000000e+00 6.600000000000000000e+01 1.317019847618181302e+03 1.418287007282742707e+02 3.406790000000000418e+03 0.000000000000000000e+00 2.918825982771852789e+00 2.400000000000000050e-02
2.835912300000000000e+07 1.000000000000000000e+00 6.500000000000000000e+01 1.326864347618181455e+03 1.447487007282743434e+02 3.402840000000000146e+03 0.000000000000000000e+00 1.391818715686633512e+00 6.099999999999999867e-02
2.835779700000000000e+07 0.000000000000000000e+00 6.600000000000000000e+01 1.343208447618180799e+03 1.600187007282743252e+02 3.396949999999999818e+03 0.000000000000000000e+00 4.114059472329862466e+00 6.099999999999999867e-02
2.835779600000000000e+07 1.000000000000000000e+00 6.600000000000000000e+01 1.344918347618180633e+03 1.733087007282738341e+02 3.393899999999999636e+03 0.000000000000000000e+00 2.302525855227278484e+00 1.078999999999999915e+01
2.835779600000000000e+07 1.000000000000000000e+00 6.600000000000000000e+01 1.344918347618180633e+03 1.733087007282738341e+02 3.393899999999999636e+03 0.000000000000000000e+00 2.302525855227278484e+00 2.085799999999999876e+00
2.835779600000000000e+07 1.000000000000000000e+00 6.600000000000000000e+01 1.344918347618180633e+03 1.733087007282738341e+02 3.393899999999999636e+03 0.000000000000000000e+00 2.302525855227278484e+00 7.505929999999999547e-01
2.835774400000000000e+07 1.000000000000000000e+00 6.600000000000000000e+01 1.318459347618180800e+03 1.362987007282740706e+02 3.412370000000000346e+03 0.000000000000000000e+00 3.301052946931191112e+00 4.169999999999999818e-01
2.835774300000000000e+07 1.000000000000000000e+00 6.600000000000000000e+01 1.325134747618180882e+03 1.340387007282743070e+02 3.405739999999999782e+03 0.000000000000000000e+00 4.895632538507136644e+00 2.039999999999999869e-01
2.835912500000000000e+07 1.000000000000000000e+00 6.600000000000000000e+01 1.326933947618181264e+03 1.321087007282740160e+02 3.406410000000000309e+03 0.000000000000000000e+00 5.345714918704342900e+00 1.000000000000000000e+01
2.835912500000000000e+07 1.000000000000000000e+00 6.600000000000000000e+01 1.326933947618181264e+03 1.321087007282740160e+02 3.406410000000000309e+03 0.000000000000000000e+00 5.345714918704342900e+00 2.718469999999999942e+00
2.835912400000000000e+07 1.000000000000000000e+00 6.600000000000000000e+01 1.336154947618180813e+03 1.212387007282741251e+02 3.397449999999999818e+03 0.000000000000000000e+00 6.987052191748101215e+00 1.078999999999999915e+01
2.835912400000000000e+07 1.000000000000000000e+00 6.600000000000000000e+01 1.335854747618181136e+03 1.199687007282745981e+02 3.397630000000000109e+03 0.000000000000000000e+00 7.688993867239003244e+00 4.169999999999999818e-01
2.835912400000000000e+07 1.000000000000000000e+00 6.600000000000000000e+01 1.337444147618180978e+03 1.190387007282743070e+02 3.396819999999999709e+03 0.000000000000000000e+00 9.228050800928818020e+00 1.124000000000000021e+01
2.835773200000000000e+07 1.000000000000000000e+00 6.600000000000000000e+01 1.339713147618181210e+03 1.095187007282738705e+02 3.393460000000000036e+03 0.000000000000000000e+00 9.692378044831457373e+00 6.099999999999999867e-02
2.835887600000000000e+07 1.000000000000000000e+00 6.600000000000000000e+01 1.351693147618180774e+03 1.190187007282738705e+02 3.398140000000000327e+03 0.000000000000000000e+00 8.547140488746247655e+00 2.039999999999999869e-01
2.835887200000000000e+07 1.000000000000000000e+00 6.500000000000000000e+01 1.357870647618181465e+03 1.132187007282741433e+02 3.393810000000000400e+03 0.000000000000000000e+00 3.691290056513071516e+00 2.400000000000000050e-02
2.835887200000000000e+07 1.000000000000000000e+00 6.500000000000000000e+01 1.361036447618181228e+03 1.091887007282743980e+02 3.397590000000000146e+03 0.000000000000000000e+00 1.690210520374921810e+00 9.199999999999999845e-02
2.835887100000000000e+07 1.000000000000000000e+00 6.500000000000000000e+01 1.362866847618181055e+03 1.127387007282745799e+02 3.402340000000000146e+03 0.000000000000000000e+00 7.324410911842550442e-01 9.199999999999999845e-02
2.835887100000000000e+07 1.000000000000000000e+00 6.500000000000000000e+01 1.358865547618181154e+03 1.117587007282741070e+02 3.405149999999999636e+03 0.000000000000000000e+00 4.957284308581739296e+00 4.169999999999999818e-01
2.835887100000000000e+07 0.000000000000000000e+00 6.500000000000000000e+01 1.367871647618180759e+03 1.091287007282744526e+02 3.400949999999999818e+03 0.000000000000000000e+00 1.184682753158140089e+00 6.099999999999999867e-02
2.835887100000000000e+07 0.000000000000000000e+00 6.600000000000000000e+01 1.371075347618180786e+03 1.076587007282741979e+02 3.400069999999999709e+03 0.000000000000000000e+00 2.207732001360679597e+00 9.199999999999999845e-02
2.835886700000000000e+07 1.000000000000000000e+00 6.600000000000000000e+01 1.361922547618180943e+03 9.918870072827394324e+01 3.411850000000000364e+03 0.000000000000000000e+00 4.383974336974583608e+00 6.099999999999999867e-02
2.835772400000000000e+07 1.000000000000000000e+00 6.500000000000000000e+01 1.353793747618181442e+03 8.774870072827434342e+01 3.418180000000000291e+03 0.000000000000000000e+00 1.496801276003948633e+00 9.199999999999999845e-02
2.835772400000000000e+07 1.000000000000000000e+00 6.500000000000000000e+01 1.355487847618181149e+03 9.071870072827414333e+01 3.419399999999999636e+03 0.000000000000000000e+00 6.589141333881430862e-01 4.169999999999999818e-01
2.835934100000000000e+07 1.000000000000000000e+00 6.500000000000000000e+01 1.341200147618181290e+03 7.500870072827456170e+01 3.427839999999999691e+03 0.000000000000000000e+00 1.910104504239593659e+00 2.400000000000000050e-02
2.835934100000000000e+07 1.000000000000000000e+00 6.500000000000000000e+01 1.337482847618181040e+03 7.788870072827421609e+01 3.425429999999999836e+03 0.000000000000000000e+00 4.662698101069846501e+00 9.199999999999999845e-02
2.835764500000000000e+07 1.000000000000000000e+00 6.500000000000000000e+01 1.333249247618181471e+03 7.874870072827434342e+01 3.426259999999999764e+03 0.000000000000000000e+00 5.806594717806643047e+00 6.099999999999999867e-02
2.835764500000000000e+07 1.000000000000000000e+00 6.500000000000000000e+01 1.329659847618180720e+03 8.006870072827450713e+01 3.426550000000000182e+03 0.000000000000000000e+00 3.592256218326324468e+00 9.199999999999999845e-02
2.835764600000000000e+07 0.000000000000000000e+00 6.500000000000000000e+01 1.322849547618180623e+03 7.911870072827423428e+01 3.423889999999999873e+03 0.000000000000000000e+00 1.299398949621298316e+00 2.400000000000000050e-02
2.835764600000000000e+07 0.000000000000000000e+00 6.600000000000000000e+01 1.320195647618181283e+03 8.451870072827387048e+01 3.428039999999999964e+03 0.000000000000000000e+00 1.219453348710402230e+00 4.169999999999999818e-01
2.835764600000000000e+07 0.000000000000000000e+00 6.600000000000000000e+01 1.320195647618181283e+03 8.451870072827387048e+01 3.428039999999999964e+03 0.000000000000000000e+00 1.219453348710402230e+00 7.053759999999999586e+00
2.835912500000000000e+07 1.000000000000000000e+00 6.600000000000000000e+01 1.337636947618180784e+03 1.222687007282743252e+02 3.399210000000000036e+03 0.000000000000000000e+00 6.703949726712052026e+00 9.199999999999999845e-02
2.835912500000000000e+07 1.000000000000000000e+00 6.600000000000000000e+01 1.338859947618180740e+03 1.235787007282742707e+02 3.402599999999999454e+03 0.000000000000000000e+00 6.178848721277346634e+00 9.199999999999999845e-02
2.835912700000000000e+07 1.000000000000000000e+00 6.500000000000000000e+01 1.340280947618181017e+03 1.272287007282743616e+02 3.403070000000000618e+03 0.000000000000000000e+00 4.079510560571235622e+00 1.000000000000000000e+01
2.835912700000000000e+07 1.000000000000000000e+00 6.500000000000000000e+01 1.340280947618181017e+03 1.272287007282743616e+02 3.403070000000000618e+03 0.000000000000000000e+00 4.079510560571235622e+00 7.209970000000000212e+00
2.835933100000000000e+07 1.000000000000000000e+00 6.500000000000000000e+01 1.369070547618181081e+03 5.741870072827441618e+01 3.418600000000000364e+03 0.000000000000000000e+00 4.906610951928700004e+00 1.605000000000000071e+01
2.835933100000000000e+07 1.000000000000000000e+00 6.500000000000000000e+01 1.367953647618181094e+03 5.658870072827448894e+01 3.421010000000000218e+03 0.000000000000000000e+00 5.534995261529985555e+00 1.078999999999999915e+01
2.835933300000000000e+07 1.000000000000000000e+00 6.600000000000000000e+01 1.363190847618180669e+03 5.194870072827416152e+01 3.430550000000000182e+03 0.000000000000000000e+00 3.569179980635307725e+00 1.339000000000000057e+01
2.835857400000000000e+07 1.000000000000000000e+00 6.600000000000000000e+01 1.358805647618180956e+03 3.950870072827456170e+01 3.480069999999999709e+03 0.000000000000000000e+00 2.191538121944058837e+00 1.339000000000000057e+01
2.835857300000000000e+07 1.000000000000000000e+00 6.600000000000000000e+01 1.361205147618181400e+03 3.755870072827383410e+01 3.479460000000000036e+03 0.000000000000000000e+00 1.891066657663352579e+00 2.400000000000000050e-02
2.835857600000000000e+07 1.000000000000000000e+00 6.500000000000000000e+01 1.361481047618181037e+03 3.830870072827428885e+01 3.466889999999999873e+03 0.000000000000000000e+00 6.752442382136312204e+00 1.078999999999999915e+01
2.835875800000000000e+07 1.000000000000000000e+00 6.600000000000000000e+01 1.382352647618181436e+03 3.674870072827434342e+01 3.431289999999999964e+03 0.000000000000000000e+00 2.963583061397116136e+00 1.078999999999999915e+01
2.835874600000000000e+07 1.000000000000000000e+00 6.600000000000000000e+01 1.406628347618180669e+03 1.587870072827399781e+01 3.422250000000000000e+03 0.000000000000000000e+00 3.285549001028600369e+00 9.199999999999999845e-02
2.835874600000000000e+07 1.000000000000000000e+00 6.600000000000000000e+01 1.405322347618181084e+03 2.090870072827419790e+01 3.425300000000000182e+03 0.000000000000000000e+00 8.749558548058871565e+00 9.199999999999999845e-02
2.835874600000000000e+07 1.000000000000000000e+00 6.600000000000000000e+01 1.407731347618180735e+03 1.917870072827417971e+01 3.421210000000000036e+03 0.000000000000000000e+00 6.330464302914686314e+00 2.400000000000000050e-02
2.835875100000000000e+07 1.000000000000000000e+00 6.500000000000000000e+01 1.399373347618181469e+03 2.607870072827427066e+01 3.425789999999999964e+03 0.000000000000000000e+00 5.013214945479941065e+00 9.199999999999999845e-02
2.835931900000000000e+07 1.000000000000000000e+00 6.600000000000000000e+01 1.397319447618180675e+03 2.473870072827457989e+01 3.433190000000000055e+03 0.000000000000000000e+00 5.234098604414979761e+00 6.099999999999999867e-02
2.835931900000000000e+07 1.000000000000000000e+00 6.600000000000000000e+01 1.397065247618181274e+03 2.301870072827432523e+01 3.435740000000000236e+03 0.000000000000000000e+00 3.413251534969371281e+00 9.199999999999999845e-02
2.835931900000000000e+07 1.000000000000000000e+00 6.600000000000000000e+01 1.389863747618181151e+03 2.051870072827387048e+01 3.438010000000000218e+03 0.000000000000000000e+00 4.724195685895877794e+00 9.199999999999999845e-02
2.835940300000000000e+07 1.000000000000000000e+00 6.600000000000000000e+01 1.392759647618180679e+03 1.007870072827381591e+01 3.440190000000000055e+03 0.000000000000000000e+00 1.115504668103145081e+00 6.099999999999999867e-02
2.835940200000000000e+07 1.000000000000000000e+00 6.600000000000000000e+01 1.390819947618180777e+03 1.087870072827399781e+01 3.436710000000000036e+03 0.000000000000000000e+00 6.482414236361061510e-01 6.099999999999999867e-02
2.835940200000000000e+07 1.000000000000000000e+00 6.600000000000000000e+01 1.390433347618180960e+03 1.138870072827421609e+01 3.435599999999999909e+03 0.000000000000000000e+00 9.471426228147437065e-01 9.199999999999999845e-02
2.835932000000000000e+07 1.000000000000000000e+00 6.600000000000000000e+01 1.387270747618181304e+03 2.644870072827416152e+01 3.436449999999999818e+03 0.000000000000000000e+00 1.945342198667878941e+00 9.199999999999999845e-02
2.835932100000000000e+07 1.000000000000000000e+00 6.600000000000000000e+01 1.378375147618181472e+03 2.880870072827383410e+01 3.435379999999999654e+03 0.000000000000000000e+00 4.323438802756693455e+00 5.000000000000000000e-01
2.835932100000000000e+07 1.000000000000000000e+00 6.600000000000000000e+01 1.374180547618180753e+03 2.932870072827381591e+01 3.439760000000000218e+03 0.000000000000000000e+00 9.625182894332581895e+00 2.039999999999999869e-01
2.835932100000000000e+07 1.000000000000000000e+00 6.600000000000000000e+01 1.374180547618180753e+03 2.932870072827381591e+01 3.439760000000000218e+03 0.000000000000000000e+00 9.625182894332581895e+00 7.233039999999999914e+00
2.835875800000000000e+07 1.000000000000000000e+00 6.600000000000000000e+01 1.383585347618181004e+03 3.843870072827439799e+01 3.429070000000000164e+03 0.000000000000000000e+00 9.554418968835594050e-01 9.199999999999999845e-02
2.835932500000000000e+07 0.000000000000000000e+00 6.500000000000000000e+01 1.384605547618180935e+03 3.948870072827412514e+01 3.428550000000000182e+03 0.000000000000000000e+00 3.322138381850268107e-01 9.199999999999999845e-02
2.835932300000000000e+07 1.000000000000000000e+00 6.500000000000000000e+01 1.392969047618181321e+03 3.686870072827423428e+01 3.436420000000000073e+03 0.000000000000000000e+00 1.156774269837990365e+00 6.099999999999999867e-02
2.835932300000000000e+07 1.000000000000000000e+00 6.500000000000000000e+01 1.397106647618181341e+03 3.609870072827425247e+01 3.434969999999999800e+03 0.000000000000000000e+00 3.134574092796176714e+00 2.400000000000000050e-02
2.835932300000000000e+07 1.000000000000000000e+00 6.500000000000000000e+01 1.395143747618180896e+03 3.240870072827419790e+01 3.432519999999999982e+03 0.000000000000000000e+00 3.403113281214257935e+00 9.199999999999999845e-02
2.835932000000000000e+07 1.000000000000000000e+00 6.600000000000000000e+01 1.398392347618180793e+03 2.895870072827437980e+01 3.438929999999999836e+03 0.000000000000000000e+00 7.373508125081023934e+00 5.000000000000000000e-01
2.835874600000000000e+07 1.000000000000000000e+00 6.600000000000000000e+01 1.408477347618180829e+03 2.197870072827436161e+01 3.423099999999999909e+03 0.000000000000000000e+00 8.926672045904988195e+00 6.099999999999999867e-02
2.835857600000000000e+07 1.000000000000000000e+00 6.500000000000000000e+01 1.361481047618181037e+03 3.830870072827428885e+01 3.466889999999999873e+03 0.000000000000000000e+00 6.752442382136312204e+00 3.666570000000000107e+00
2.835857400000000000e+07 1.000000000000000000e+00 6.600000000000000000e+01 1.357516847618180691e+03 4.132870072827427066e+01 3.480819999999999709e+03 0.000000000000000000e+00 1.500006897426055863e+00 1.260999999999999943e+01
2.835857700000000000e+07 0.000000000000000000e+00 6.600000000000000000e+01 1.340779847618181520e+03 4.348870072827412514e+01 3.468030000000000200e+03 0.000000000000000000e+00 2.901997020579796249e+00 9.199999999999999845e-02
2.835857700000000000e+07 0.000000000000000000e+00 6.600000000000000000e+01 1.341083447618180799e+03 4.332870072827427066e+01 3.467820000000000164e+03 0.000000000000000000e+00 2.997230392907355601e+00 2.400000000000000050e-02
2.835936600000000000e+07 1.000000000000000000e+00 6.500000000000000000e+01 1.326272847618181004e+03 4.393870072827439799e+01 3.454160000000000309e+03 0.000000000000000000e+00 9.375115762228222849e+00 9.199999999999999845e-02
2.835936200000000000e+07 1.000000000000000000e+00 6.600000000000000000e+01 1.314156647618181523e+03 4.675870072827410695e+01 3.449259999999999764e+03 0.000000000000000000e+00 8.338538669494289790e-01 9.199999999999999845e-02
2.835936200000000000e+07 1.000000000000000000e+00 6.600000000000000000e+01 1.313514347618181091e+03 4.900870072827456170e+01 3.452190000000000055e+03 0.000000000000000000e+00 3.204801686274175498e+00 9.199999999999999845e-02
2.835936500000000000e+07 1.000000000000000000e+00 6.500000000000000000e+01 1.315155347618180713e+03 4.365870072827419790e+01 3.450750000000000000e+03 0.000000000000000000e+00 2.341718328690239659e+00 9.199999999999999845e-02
2.835936500000000000e+07 1.000000000000000000e+00 6.500000000000000000e+01 1.315821447618181082e+03 4.342870072827417971e+01 3.449920000000000073e+03 0.000000000000000000e+00 2.666338193639163912e+00 2.039999999999999869e-01
2.835935700000000000e+07 1.000000000000000000e+00 6.500000000000000000e+01 1.320317047618181277e+03 5.091870072827396143e+01 3.435969999999999800e+03 0.000000000000000000e+00 6.065673838522375405e+00 4.600000000000000200e-01
2.835935700000000000e+07 1.000000000000000000e+00 6.500000000000000000e+01 1.319099747618181027e+03 5.178870072827430704e+01 3.437010000000000218e+03 0.000000000000000000e+00 4.475528142579573654e+00 9.199999999999999845e-02
2.835935300000000000e+07 1.000000000000000000e+00 6.600000000000000000e+01 1.321112747618180947e+03 5.989870072827397962e+01 3.437780000000000200e+03 0.000000000000000000e+00 1.245119007585407056e+00 2.400000000000000050e-02
2.835934800000000000e+07 0.000000000000000000e+00 6.500000000000000000e+01 1.327960147618181509e+03 6.617870072827417971e+01 3.437900000000000091e+03 0.000000000000000000e+00 3.128274727950033807e+00 6.099999999999999867e-02
2.835934800000000000e+07 1.000000000000000000e+00 6.500000000000000000e+01 1.327330247618180692e+03 6.312870072827445256e+01 3.432479999999999563e+03 0.000000000000000000e+00 6.183243251406405072e-01 6.099999999999999867e-02
2.835934500000000000e+07 1.000000000000000000e+00 6.600000000000000000e+01 1.333722547618181125e+03 6.522870072827436161e+01 3.428000000000000000e+03 0.000000000000000000e+00 2.188500892181040491e+00 9.199999999999999845e-02
2.835934400000000000e+07 1.000000000000000000e+00 6.600000000000000000e+01 1.337110747618181449e+03 6.731870072827405238e+01 3.427629999999999654e+03 0.000000000000000000e+00 2.388960794168720092e+00 6.099999999999999867e-02
2.835934500000000000e+07 1.000000000000000000e+00 6.600000000000000000e+01 1.333768647618180694e+03 6.856870072827450713e+01 3.425210000000000036e+03 0.000000000000000000e+00 1.626139621394292689e+00 9.199999999999999845e-02
2.835934300000000000e+07 0.000000000000000000e+00 6.500000000000000000e+01 1.341830847618180997e+03 7.594870072827416152e+01 3.435829999999999927e+03 0.000000000000000000e+00 1.540134212970721617e+00 4.169999999999999818e-01
2.835934300000000000e+07 0.000000000000000000e+00 6.600000000000000000e+01 1.340562947618181170e+03 6.835870072827447075e+01 3.430860000000000127e+03 0.000000000000000000e+00 2.063266039162346299e+00 9.199999999999999845e-02
2.835934300000000000e+07 1.000000000000000000e+00 6.600000000000000000e+01 1.343449847618180684e+03 6.491870072827441618e+01 3.432139999999999873e+03 0.000000000000000000e+00 1.702772208544375943e+00 6.099999999999999867e-02
2.835934300000000000e+07 1.000000000000000000e+00 6.600000000000000000e+01 1.344435747618181267e+03 6.756870072827450713e+01 3.432400000000000091e+03 0.000000000000000000e+00 2.463075823535982867e+00 4.169999999999999818e-01
2.835934300000000000e+07 1.000000000000000000e+00 6.600000000000000000e+01 1.344208947618180900e+03 6.734870072827425247e+01 3.432079999999999927e+03 0.000000000000000000e+00 2.488398323700037107e+00 2.400000000000000050e-02
2.835934300000000000e+07 1.000000000000000000e+00 6.600000000000000000e+01 1.344205847618180997e+03 6.657870072827381591e+01 3.428170000000000073e+03 0.000000000000000000e+00 4.061722690035663774e+00 2.400000000000000050e-02
2.835925900000000000e+07 1.000000000000000000e+00 6.600000000000000000e+01 1.340196747618180780e+03 6.617870072827417971e+01 3.409960000000000036e+03 0.000000000000000000e+00 2.012950331267380655e+00 9.199999999999999845e-02
2.835925800000000000e+07 1.000000000000000000e+00 6.600000000000000000e+01 1.348529847618181520e+03 6.320870072827392505e+01 3.404789999999999964e+03 0.000000000000000000e+00 6.506008353937920319e+00 2.400000000000000050e-02
2.835934100000000000e+07 1.000000000000000000e+00 6.500000000000000000e+01 1.343820847618180778e+03 7.341870072827441618e+01 3.423190000000000055e+03 0.000000000000000000e+00 2.440451214727699547e+00 9.199999999999999845e-02
2.835764100000000000e+07 1.000000000000000000e+00 6.600000000000000000e+01 1.339480547618180935e+03 7.532870072827427066e+01 3.433190000000000055e+03 0.000000000000000000e+00 1.257372462661114021e+00 8.220000000000000639e+00
2.835764100000000000e+07 1.000000000000000000e+00 6.600000000000000000e+01 1.339480547618180935e+03 7.532870072827427066e+01 3.433190000000000055e+03 0.000000000000000000e+00 1.257372462661114021e+00 1.113909999999999956e+00
2.835942300000000000e+07 1.000000000000000000e+00 6.500000000000000000e+01 1.380647747618180802e+03 2.777870072827408876e+01 3.458460000000000036e+03 0.000000000000000000e+00 1.711478641403691991e+00 1.078999999999999915e+01
2.835957200000000000e+07 0.000000000000000000e+00 6.600000000000000000e+01 1.388309947618181468e+03 1.937870072827399781e+01 3.458690000000000055e+03 0.000000000000000000e+00 2.981287393917957385e+00 9.199999999999999845e-02
2.835957200000000000e+07 1.000000000000000000e+00 6.600000000000000000e+01 1.388065547618180972e+03 1.846870072827414333e+01 3.458150000000000091e+03 0.000000000000000000e+00 2.571655680675414057e+00 2.400000000000000050e-02
2.835957100000000000e+07 1.000000000000000000e+00 6.600000000000000000e+01 1.387388347618180887e+03 2.069870072827416152e+01 3.457640000000000327e+03 0.000000000000000000e+00 2.633575713698860454e+00 2.039999999999999869e-01
2.835942400000000000e+07 1.000000000000000000e+00 6.500000000000000000e+01 1.381796847618181346e+03 3.189870072827443437e+01 3.466070000000000164e+03 0.000000000000000000e+00 2.946331302889718451e+00 9.199999999999999845e-02
2.835938500000000000e+07 1.000000000000000000e+00 6.500000000000000000e+01 1.362274847618181411e+03 1.249870072827434342e+01 3.463250000000000000e+03 0.000000000000000000e+00 2.534976481813700389e+00 9.199999999999999845e-02
2.835938500000000000e+07 1.000000000000000000e+00 6.500000000000000000e+01 1.358426847618181455e+03 1.412870072827445256e+01 3.462619999999999891e+03 0.000000000000000000e+00 4.230191829817422366e+00 9.199999999999999845e-02
2.835938400000000000e+07 0.000000000000000000e+00 6.500000000000000000e+01 1.358179647618180752e+03 4.708700728273925051e+00 3.451920000000000073e+03 0.000000000000000000e+00 1.480244664287973633e+00 6.099999999999999867e-02
2.835938400000000000e+07 0.000000000000000000e+00 6.500000000000000000e+01 1.358179647618180752e+03 4.708700728273925051e+00 3.451920000000000073e+03 0.000000000000000000e+00 1.480244664287973633e+00 7.399140000000000050e+00
2.835942300000000000e+07 1.000000000000000000e+00 6.500000000000000000e+01 1.380647747618180802e+03 2.777870072827408876e+01 3.458460000000000036e+03 0.000000000000000000e+00 1.711478641403691991e+00 2.776250000000000107e+00
2.835933300000000000e+07 1.000000000000000000e+00 6.600000000000000000e+01 1.366397547618181306e+03 5.269870072827461627e+01 3.427450000000000273e+03 0.000000000000000000e+00 1.435781609988860508e+00 9.199999999999999845e-02
2.835933300000000000e+07 1.000000000000000000e+00 6.600000000000000000e+01 1.365043847618180735e+03 5.040870072827419790e+01 3.427369999999999891e+03 0.000000000000000000e+00 1.403501080702841630e+00 9.199999999999999845e-02
2.835933300000000000e+07 1.000000000000000000e+00 6.600000000000000000e+01 1.364339347618180909e+03 5.141870072827441618e+01 3.424949999999999818e+03 0.000000000000000000e+00 1.371233718456490225e+00 2.400000000000000050e-02
2.835933300000000000e+07 1.000000000000000000e+00 6.600000000000000000e+01 1.358451347618180989e+03 4.884870072827379772e+01 3.430289999999999964e+03 0.000000000000000000e+00 7.737790086039020743e+00 1.078999999999999915e+01
2.835933300000000000e+07 1.000000000000000000e+00 6.600000000000000000e+01 1.358451347618180989e+03 4.884870072827379772e+01 3.430289999999999964e+03 0.000000000000000000e+00 7.737790086039020743e+00 3.291279999999999983e+00
2.835933100000000000e+07 1.000000000000000000e+00 6.500000000000000000e+01 1.367953647618181094e+03 5.658870072827448894e+01 3.421010000000000218e+03 0.000000000000000000e+00 5.534995261529985555e+00 3.498959999999999848e+00
2.835933100000000000e+07 1.000000000000000000e+00 6.500000000000000000e+01 1.370439947618180668e+03 6.203870072827385229e+01 3.412670000000000073e+03 0.000000000000000000e+00 9.940983656535928858e+00 1.124000000000000021e+01
2.835933100000000000e+07 1.000000000000000000e+00 6.500000000000000000e+01 1.369730647618181138e+03 6.282870072827381591e+01 3.414670000000000073e+03 0.000000000000000000e+00 9.136658955495287060e+00 1.078999999999999915e+01
2.835933500000000000e+07 1.000000000000000000e+00 6.600000000000000000e+01 1.363265247618181093e+03 5.931870072827405238e+01 3.414079999999999927e+03 0.000000000000000000e+00 5.127616362539827222e+00 2.400000000000000050e-02
2.835933500000000000e+07 1.000000000000000000e+00 6.600000000000000000e+01 1.361395847618181506e+03 5.947870072827436161e+01 3.416129999999999654e+03 0.000000000000000000e+00 3.194065234083332872e+00 2.039999999999999869e-01
2.835933500000000000e+07 1.000000000000000000e+00 6.600000000000000000e+01 1.360294947618181141e+03 6.022870072827436161e+01 3.419670000000000073e+03 0.000000000000000000e+00 2.139138304916328615e+00 9.199999999999999845e-02
2.835933500000000000e+07 1.000000000000000000e+00 6.600000000000000000e+01 1.359838447618180908e+03 5.860870072827447075e+01 3.423130000000000109e+03 0.000000000000000000e+00 6.984050073455971841e-01 2.400000000000000050e-02
2.835933500000000000e+07 1.000000000000000000e+00 6.600000000000000000e+01 1.360398447618181308e+03 5.877870072827408876e+01 3.423440000000000055e+03 0.000000000000000000e+00 7.533771527343842145e-01 2.039999999999999869e-01
2.835933500000000000e+07 1.000000000000000000e+00 6.600000000000000000e+01 1.361004147618181378e+03 5.940870072827419790e+01 3.424620000000000346e+03 0.000000000000000000e+00 1.432194598037253686e+00 9.199999999999999845e-02
2.835933500000000000e+07 1.000000000000000000e+00 6.600000000000000000e+01 1.361330947618181199e+03 5.983870072827403419e+01 3.423469999999999800e+03 0.000000000000000000e+00 1.006837025642719929e+00 9.199999999999999845e-02
2.835933400000000000e+07 1.000000000000000000e+00 6.600000000000000000e+01 1.357344547618181423e+03 5.653870072827430704e+01 3.430349999999999909e+03 0.000000000000000000e+00 5.297820026620509104e+00 9.199999999999999845e-02
2.835933400000000000e+07 1.000000000000000000e+00 6.600000000000000000e+01 1.360835747618180903e+03 5.734870072827470722e+01 3.427240000000000236e+03 0.000000000000000000e+00 1.515430681409690727e+00 6.099999999999999867e-02
2.835933600000000000e+07 1.000000000000000000e+00 6.600000000000000000e+01 1.356176947618180748e+03 6.070870072827437980e+01 3.422730000000000018e+03 0.000000000000000000e+00 3.716602398510887362e+00 2.039999999999999869e-01
2.835933600000000000e+07 1.000000000000000000e+00 6.600000000000000000e+01 1.356176947618180748e+03 6.070870072827437980e+01 3.422730000000000018e+03 0.000000000000000000e+00 3.716602398510887362e+00 7.397129999999999761e+00
2.835933500000000000e+07 1.000000000000000000e+00 6.600000000000000000e+01 1.366310847618181469e+03 6.022870072827436161e+01 3.410640000000000327e+03 0.000000000000000000e+00 9.553337003304584130e+00 9.199999999999999845e-02
2.835884200000000000e+07 1.000000000000000000e+00 6.600000000000000000e+01 1.389693247618180976e+03 6.486870072827423428e+01 3.402289999999999964e+03 0.000000000000000000e+00 2.752160694392648654e+00 9.199999999999999845e-02
2.835884200000000000e+07 1.000000000000000000e+00 6.600000000000000000e+01 1.389693247618180976e+03 6.486870072827423428e+01 3.402289999999999964e+03 0.000000000000000000e+00 2.752160694392648654e+00 7.361970000000000347e+00
2.835883200000000000e+07 0.000000000000000000e+00 6.500000000000000000e+01 1.405425347618181149e+03 3.120870072827437980e+01 3.403550000000000182e+03 0.000000000000000000e+00 2.676538031386309413e+00 1.078999999999999915e+01
2.835883500000000000e+07 1.000000000000000000e+00 6.500000000000000000e+01 1.395755947618181381e+03 3.927870072827408876e+01 3.396569999999999709e+03 0.000000000000000000e+00 3.853830534993870849e+00 2.400000000000000050e-02
2.836021100000000000e+07 1.000000000000000000e+00 6.500000000000000000e+01 1.405302347618180647e+03 3.379870072827452532e+01 3.386460000000000036e+03 0.000000000000000000e+00 4.694891510839251048e+00 8.349999999999999645e-01
2.836021000000000000e+07 1.000000000000000000e+00 6.500000000000000000e+01 1.405099347618181127e+03 2.669870072827416152e+01 3.382520000000000437e+03 0.000000000000000000e+00 8.935867975118632955e+00 9.199999999999999845e-02
2.836021100000000000e+07 1.000000000000000000e+00 6.500000000000000000e+01 1.407557347618180756e+03 2.612870072827399781e+01 3.383050000000000182e+03 0.000000000000000000e+00 7.276450206959558464e+00 2.400000000000000050e-02
2.835883100000000000e+07 1.000000000000000000e+00 6.600000000000000000e+01 1.397236547618181248e+03 1.901870072827432523e+01 3.398710000000000036e+03 0.000000000000000000e+00 6.973101816493874061e+00 9.199999999999999845e-02
2.835883100000000000e+07 1.000000000000000000e+00 6.600000000000000000e+01 1.397475047618180724e+03 2.150870072827456170e+01 3.395300000000000182e+03 0.000000000000000000e+00 6.232577788304469735e+00 9.199999999999999845e-02
2.835883200000000000e+07 1.000000000000000000e+00 6.600000000000000000e+01 1.397922047618180841e+03 2.518870072827439799e+01 3.392010000000000218e+03 0.000000000000000000e+00 6.520940509645323679e+00 9.199999999999999845e-02
2.835883200000000000e+07 1.000000000000000000e+00 6.600000000000000000e+01 1.394775047618180906e+03 2.396870072827414333e+01 3.394689999999999600e+03 0.000000000000000000e+00 7.892119895472891500e+00 1.124000000000000021e+01
2.835883200000000000e+07 1.000000000000000000e+00 6.600000000000000000e+01 1.394775047618180906e+03 2.396870072827414333e+01 3.394689999999999600e+03 0.000000000000000000e+00 7.892119895472891500e+00 3.257929999999999993e+00
2.836021200000000000e+07 1.000000000000000000e+00 6.500000000000000000e+01 1.406623347618181469e+03 3.873870072827412514e+01 3.389420000000000073e+03 0.000000000000000000e+00 4.786702284797493157e+00 1.078999999999999915e+01
2.836021200000000000e+07 1.000000000000000000e+00 6.500000000000000000e+01 1.406623347618181469e+03 3.873870072827412514e+01 3.389420000000000073e+03 0.000000000000000000e+00 4.786702284797493157e+00 3.556529999999999969e+00
2.836021200000000000e+07 1.000000000000000000e+00 6.500000000000000000e+01 1.406623347618181469e+03 3.873870072827412514e+01 3.389420000000000073e+03 0.000000000000000000e+00 4.786702284797493157e+00 2.940050000000000163e-01
1.699964000000000000e+07 1.000000000000000000e+00 6.600000000000000000e+01 1.823003476181811493e+02 2.362418700728274416e+03 2.214039999999999964e+03 0.000000000000000000e+00 6.633540578974121971e+00 4.169999999999999818e-01
1.699964000000000000e+07 1.000000000000000000e+00 6.600000000000000000e+01 1.851803476181812584e+02 2.363238700728274125e+03 2.213770000000000437e+03 0.000000000000000000e+00 7.041800770256293696e+00 9.199999999999999845e-02
1.699964400000000000e+07 1.000000000000000000e+00 6.500000000000000000e+01 1.906203476181808583e+02 2.359058700728273834e+03 2.212369999999999891e+03 0.000000000000000000e+00 5.915927058825452889e+00 9.199999999999999845e-02
1.699964400000000000e+07 1.000000000000000000e+00 6.500000000000000000e+01 1.956403476181812948e+02 2.357438700728273943e+03 2.212680000000000291e+03 0.000000000000000000e+00 3.960085187501525716e+00 4.600000000000000200e-01
1.699964500000000000e+07 1.000000000000000000e+00 6.500000000000000000e+01 1.961303476181810765e+02 2.355918700728274416e+03 2.213210000000000036e+03 0.000000000000000000e+00 4.630026369898734728e+00 2.039999999999999869e-01
1.699964200000000000e+07 1.000000000000000000e+00 6.600000000000000000e+01 1.968903476181812948e+02 2.353558700728274744e+03 2.214039999999999964e+03 0.000000000000000000e+00 3.370604262123467976e+00 4.169999999999999818e-01
1.699964300000000000e+07 1.000000000000000000e+00 6.600000000000000000e+01 2.042703476181814040e+02 2.346938700728273943e+03 2.217750000000000000e+03 0.000000000000000000e+00 5.093110430732158633e+00 9.199999999999999845e-02
1.699956200000000000e+07 1.000000000000000000e+00 6.500000000000000000e+01 2.057203476181812221e+02 2.342978700728274816e+03 2.218219999999999345e+03 0.000000000000000000e+00 7.832482021350621437e+00 6.099999999999999867e-02
1.699956200000000000e+07 1.000000000000000000e+00 6.500000000000000000e+01 2.073203476181815859e+02 2.343328700728274271e+03 2.217519999999999527e+03 0.000000000000000000e+00 7.106199230442778791e+00 9.199999999999999845e-02
1.699964600000000000e+07 1.000000000000000000e+00 6.500000000000000000e+01 2.062903476181809310e+02 2.348318700728274052e+03 2.204170000000000073e+03 0.000000000000000000e+00 5.492387850432126406e+00 2.400000000000000050e-02
1.699964700000000000e+07 1.000000000000000000e+00 6.500000000000000000e+01 2.092203476181812221e+02 2.341548700728274525e+03 2.204099999999999454e+03 0.000000000000000000e+00 9.501005582748023315e+00 8.349999999999999645e-01
1.699964700000000000e+07 1.000000000000000000e+00 6.500000000000000000e+01 2.092203476181812221e+02 2.341548700728274525e+03 2.204099999999999454e+03 0.000000000000000000e+00 9.501005582748023315e+00 6.644759999999999778e+00
1.700154300000000000e+07 1.000000000000000000e+00 6.500000000000000000e+01 1.873803476181810765e+02 2.391538700728274307e+03 2.174880000000000109e+03 0.000000000000000000e+00 7.149043288942181107e+00 6.099999999999999867e-02
1.700154300000000000e+07 1.000000000000000000e+00 6.500000000000000000e+01 1.870403476181809310e+02 2.393978700728273907e+03 2.171370000000000800e+03 0.000000000000000000e+00 8.417850861162794018e+00 6.099999999999999867e-02
1.699981100000000000e+07 1.000000000000000000e+00 6.500000000000000000e+01 1.588303476181808946e+02 2.410628700728274453e+03 2.144069999999999709e+03 0.000000000000000000e+00 4.063172756653151474e+00 6.099999999999999867e-02
1.699981100000000000e+07 1.000000000000000000e+00 6.500000000000000000e+01 1.604903476181807491e+02 2.409378700728274453e+03 2.143050000000000182e+03 0.000000000000000000e+00 3.721616796953182593e+00 9.199999999999999845e-02
1.699981100000000000e+07 1.000000000000000000e+00 6.500000000000000000e+01 1.604103476181808219e+02 2.409378700728274453e+03 2.143109999999999673e+03 0.000000000000000000e+00 3.794870217076367958e+00 9.199999999999999845e-02
1.700133500000000000e+07 1.000000000000000000e+00 6.500000000000000000e+01 1.378103476181813676e+02 2.385188700728273943e+03 2.128549999999999272e+03 0.000000000000000000e+00 9.859673857409111619e+00 9.199999999999999845e-02
1.700133400000000000e+07 1.000000000000000000e+00 6.500000000000000000e+01 1.285103476181811857e+02 2.380158700728274198e+03 2.127059999999999491e+03 0.000000000000000000e+00 5.794117153221150396e+00 6.099999999999999867e-02
1.700133500000000000e+07 1.000000000000000000e+00 6.500000000000000000e+01 1.377603476181811857e+02 2.377308700728273834e+03 2.128260000000000218e+03 0.000000000000000000e+00 2.249761395140141396e+00 9.199999999999999845e-02
1.700133100000000000e+07 1.000000000000000000e+00 6.600000000000000000e+01 1.410103476181811857e+02 2.382178700728273725e+03 2.119879999999999200e+03 0.000000000000000000e+00 6.273445926761097802e+00 2.400000000000000050e-02
1.700133100000000000e+07 1.000000000000000000e+00 6.600000000000000000e+01 1.412103476181810038e+02 2.385048700728274525e+03 2.120930000000000291e+03 0.000000000000000000e+00 8.759397297964072848e+00 9.199999999999999845e-02
1.699980200000000000e+07 1.000000000000000000e+00 6.600000000000000000e+01 1.532703476181804945e+02 2.386378700728274453e+03 2.124130000000000109e+03 0.000000000000000000e+00 8.778470985983286567e+00 6.099999999999999867e-02
1.700115000000000000e+07 1.000000000000000000e+00 6.500000000000000000e+01 1.627003476181807855e+02 2.395828700728274271e+03 2.098980000000000473e+03 0.000000000000000000e+00 6.444450126430404602e+00 2.039999999999999869e-01
1.700115000000000000e+07 1.000000000000000000e+00 6.500000000000000000e+01 1.617403476181807491e+02 2.395488700728274125e+03 2.097859999999999673e+03 0.000000000000000000e+00 5.539797605500317523e+00 9.199999999999999845e-02
1.700239900000000000e+07 1.000000000000000000e+00 6.600000000000000000e+01 1.600103476181811857e+02 2.415258700728274562e+03 2.070350000000000364e+03 0.000000000000000000e+00 8.208159306974676994e+00 4.169999999999999818e-01
1.700239900000000000e+07 1.000000000000000000e+00 6.600000000000000000e+01 1.600103476181811857e+02 2.415258700728274562e+03 2.070350000000000364e+03 0.000000000000000000e+00 8.208159306974676994e+00 7.258259999999999934e+00
1.692805400000000000e+07 0.000000000000000000e+00 6.600000000000000000e+01 6.787953476181810402e+02 2.680904700728274292e+03 1.690300000000000182e+03 0.000000000000000000e+00 1.425360691970148919e+00 1.339000000000000057e+01
1.692805500000000000e+07 1.000000000000000000e+00 6.600000000000000000e+01 6.833593476181813458e+02 2.684265700728274169e+03 1.692609999999999673e+03 0.000000000000000000e+00 1.315420570753534246e+00 9.199999999999999845e-02
1.692806000000000000e+07 1.000000000000000000e+00 6.500000000000000000e+01 6.950833476181805963e+02 2.693327700728274067e+03 1.699190000000000509e+03 0.000000000000000000e+00 9.595938863578064471e+00 2.039999999999999869e-01
1.692805300000000000e+07 1.000000000000000000e+00 6.600000000000000000e+01 6.744923476181811566e+02 2.688613700728274125e+03 1.685700000000000728e+03 0.000000000000000000e+00 4.009643246895395308e+00 9.199999999999999845e-02
1.692804800000000000e+07 1.000000000000000000e+00 6.500000000000000000e+01 6.742563476181812803e+02 2.691329700728274474e+03 1.686139999999999418e+03 0.000000000000000000e+00 3.773571585562950137e+00 6.099999999999999867e-02
1.692804900000000000e+07 1.000000000000000000e+00 6.500000000000000000e+01 6.801123476181810474e+02 2.694455700728273769e+03 1.684000000000000000e+03 0.000000000000000000e+00 4.765398548255662448e+00 5.000000000000000000e-01
1.692804900000000000e+07 1.000000000000000000e+00 6.500000000000000000e+01 6.819633476181816150e+02 2.696479700728274111e+03 1.684390000000000327e+03 0.000000000000000000e+00 7.298909066037495563e+00 9.199999999999999845e-02
1.692804800000000000e+07 1.000000000000000000e+00 6.500000000000000000e+01 6.764523476181811930e+02 2.701995700728274642e+03 1.685250000000000000e+03 0.000000000000000000e+00 9.871328542094730096e+00 4.169999999999999818e-01
1.692804800000000000e+07 1.000000000000000000e+00 6.500000000000000000e+01 6.765873476181814112e+02 2.700968700728274598e+03 1.682920000000000073e+03 0.000000000000000000e+00 8.929345426570071353e+00 9.199999999999999845e-02
1.692804400000000000e+07 1.000000000000000000e+00 6.600000000000000000e+01 6.802093476181808001e+02 2.699514700728273965e+03 1.677930000000000291e+03 0.000000000000000000e+00 5.591576651145745203e+00 2.400000000000000050e-02
1.692804400000000000e+07 1.000000000000000000e+00 6.600000000000000000e+01 6.804313476181814622e+02 2.696534700728274402e+03 1.677289999999999964e+03 0.000000000000000000e+00 5.314595247767826436e+00 9.199999999999999845e-02
1.692804400000000000e+07 1.000000000000000000e+00 6.600000000000000000e+01 6.800423476181813385e+02 2.696964700728273783e+03 1.674909999999999854e+03 0.000000000000000000e+00 3.107043196830014509e+00 2.400000000000000050e-02
1.692686200000000000e+07 1.000000000000000000e+00 6.600000000000000000e+01 6.564163476181811347e+02 2.687690700728274351e+03 1.672719999999999345e+03 0.000000000000000000e+00 1.611912655444010856e+00 6.099999999999999867e-02
1.692686100000000000e+07 1.000000000000000000e+00 6.600000000000000000e+01 6.565243476181813094e+02 2.688067700728273849e+03 1.672060000000000400e+03 0.000000000000000000e+00 2.073801742449679519e+00 9.199999999999999845e-02
1.692686100000000000e+07 1.000000000000000000e+00 6.600000000000000000e+01 6.517013476181809892e+02 2.689276700728274591e+03 1.670960000000000036e+03 0.000000000000000000e+00 2.776222385440915374e+00 2.400000000000000050e-02
1.692805400000000000e+07 0.000000000000000000e+00 6.600000000000000000e+01 6.844993476181807637e+02 2.677537700728274103e+03 1.683420000000000073e+03 0.000000000000000000e+00 3.137015791039433843e+00 9.199999999999999845e-02
1.692805000000000000e+07 1.000000000000000000e+00 6.500000000000000000e+01 6.841653476181809310e+02 2.684412700728274103e+03 1.680219999999999345e+03 0.000000000000000000e+00 1.489248205604781328e+00 9.199999999999999845e-02
1.692805400000000000e+07 0.000000000000000000e+00 6.600000000000000000e+01 6.838713476181810620e+02 2.679784700728274402e+03 1.688110000000000582e+03 0.000000000000000000e+00 7.667931895774322548e-01 9.199999999999999845e-02
1.692805000000000000e+07 1.000000000000000000e+00 6.500000000000000000e+01 6.870663476181807710e+02 2.680611700728274627e+03 1.681640000000000327e+03 0.000000000000000000e+00 2.968884613052737986e+00 1.000000000000000021e-02
1.692805400000000000e+07 0.000000000000000000e+00 6.600000000000000000e+01 6.843543476181812366e+02 2.679991700728273827e+03 1.686899999999999636e+03 0.000000000000000000e+00 1.086800005843322703e+00 4.169999999999999818e-01
1.692676100000000000e+07 1.000000000000000000e+00 6.600000000000000000e+01 6.977203476181812221e+02 2.690786700728273900e+03 1.677640000000000327e+03 0.000000000000000000e+00 9.970978494600579722e+00 9.199999999999999845e-02
1.692676400000000000e+07 1.000000000000000000e+00 6.500000000000000000e+01 6.997413476181809528e+02 2.689270700728274278e+03 1.673599999999999454e+03 0.000000000000000000e+00 6.779521350334266394e+00 9.199999999999999845e-02
1.692676400000000000e+07 1.000000000000000000e+00 6.500000000000000000e+01 6.990533476181808510e+02 2.689955700728273769e+03 1.671660000000000764e+03 0.000000000000000000e+00 4.953284649075919255e+00 6.099999999999999867e-02
1.692676400000000000e+07 1.000000000000000000e+00 6.500000000000000000e+01 6.989303476181812584e+02 2.689934700728274038e+03 1.671699999999999818e+03 0.000000000000000000e+00 5.021958170883256578e+00 9.199999999999999845e-02
1.692676100000000000e+07 1.000000000000000000e+00 6.600000000000000000e+01 6.964023476181810111e+02 2.694997700728274140e+03 1.673230000000000473e+03 0.000000000000000000e+00 8.096653836726888542e+00 6.099999999999999867e-02
1.692675900000000000e+07 1.000000000000000000e+00 6.600000000000000000e+01 7.024033476181812148e+02 2.705049700728274729e+03 1.675699999999999818e+03 0.000000000000000000e+00 1.167658392677282553e+00 2.400000000000000050e-02
1.692684200000000000e+07 1.000000000000000000e+00 6.600000000000000000e+01 6.968543476181812366e+02 2.716471700728274300e+03 1.676730000000000473e+03 0.000000000000000000e+00 4.986186757018510107e+00 9.199999999999999845e-02
1.692683700000000000e+07 1.000000000000000000e+00 6.500000000000000000e+01 6.948943476181812002e+02 2.719161700728273900e+03 1.680439999999999600e+03 0.000000000000000000e+00 4.378546749816227823e+00 9.199999999999999845e-02
1.692683700000000000e+07 1.000000000000000000e+00 6.500000000000000000e+01 6.937063476181810984e+02 2.718915700728274714e+03 1.682579999999999927e+03 0.000000000000000000e+00 5.249703738422764943e+00 9.199999999999999845e-02
1.692684100000000000e+07 1.000000000000000000e+00 6.600000000000000000e+01 6.917133476181807055e+02 2.720720700728274096e+03 1.679939999999999600e+03 0.000000000000000000e+00 4.355078454330220339e+00 2.400000000000000050e-02
1.692683700000000000e+07 1.000000000000000000e+00 6.500000000000000000e+01 7.009353476181813676e+02 2.724490700728274533e+03 1.683550000000000182e+03 0.000000000000000000e+00 5.365541369932532056e+00 2.400000000000000050e-02
1.692683700000000000e+07 1.000000000000000000e+00 6.500000000000000000e+01 6.979093476181815277e+02 2.726434700728274038e+03 1.683789999999999964e+03 0.000000000000000000e+00 3.094142165361660979e+00 6.099999999999999867e-02
1.692683700000000000e+07 1.000000000000000000e+00 6.500000000000000000e+01 6.979093476181815277e+02 2.726434700728274038e+03 1.683789999999999964e+03 0.000000000000000000e+00 3.094142165361660979e+00 7.377290000000000347e+00
1.692804900000000000e+07 1.000000000000000000e+00 6.500000000000000000e+01 6.858783476181806691e+02 2.684401700728274591e+03 1.676219999999999345e+03 0.000000000000000000e+00 4.247337073545555342e+00 6.491679999999999673e+00
2.208061000000000000e+06 0.000000000000000000e+00 6.500000000000000000e+01 2.690403476181809310e+02 9.268398700728273980e+03 6.534999999999945430e+01 1.000000000000000000e+00 8.811829897913125986e-01 1.920000000000000000e+02
2.210468000000000000e+06 0.000000000000000000e+00 6.600000000000000000e+01 1.700703476181815859e+02 8.991368700728275144e+03 1.376399999999994179e+02 1.000000000000000000e+00 2.068529589142294789e+00 1.920000000000000000e+02
2.207020000000000000e+06 0.000000000000000000e+00 6.500000000000000000e+01 2.476403476181812948e+02 9.298558700728273834e+03 8.819999999999981810e+01 1.000000000000000000e+00 6.348378360149269373e-01 1.920000000000000000e+02
2.207022000000000000e+06 0.000000000000000000e+00 6.500000000000000000e+01 2.453103476181813676e+02 9.304238700728274125e+03 8.646999999999934516e+01 1.000000000000000000e+00 1.086177841230482333e+00 1.920000000000000000e+02
2.206635000000000000e+06 1.000000000000000000e+00 6.600000000000000000e+01 2.535303476181807127e+02 9.286148700728273980e+03 5.134000000000014552e+01 1.000000000000000000e+00 4.338358233075292336e-01 1.920000000000000000e+02
2.206634000000000000e+06 0.000000000000000000e+00 6.600000000000000000e+01 2.547803476181807127e+02 9.284898700728273980e+03 4.847999999999956344e+01 1.000000000000000000e+00 2.627042645638703711e+00 1.920000000000000000e+02
2.207086000000000000e+06 0.000000000000000000e+00 6.600000000000000000e+01 2.651803476181812584e+02 9.262288700728273398e+03 6.456000000000040018e+01 1.000000000000000000e+00 2.763936331950793690e+00 1.920000000000000000e+02
2.206995000000000000e+06 0.000000000000000000e+00 6.500000000000000000e+01 3.130303476181807127e+02 9.265568700728275871e+03 7.111999999999989086e+01 1.000000000000000000e+00 1.709510855381776162e+00 1.920000000000000000e+02
2.206997000000000000e+06 0.000000000000000000e+00 6.600000000000000000e+01 3.121533476181812148e+02 9.259198700728276890e+03 6.880000000000018190e+01 1.000000000000000000e+00 1.784315396288305600e+00 1.920000000000000000e+02
2.207200000000000000e+06 0.000000000000000000e+00 6.500000000000000000e+01 2.172003476181807855e+02 9.269068700728275871e+03 1.642299999999995634e+02 1.000000000000000000e+00 1.751557450207402722e+00 1.920000000000000000e+02
2.207898000000000000e+06 0.000000000000000000e+00 6.500000000000000000e+01 2.270903476181811129e+02 9.284798700728275435e+03 3.019000000000050932e+01 1.000000000000000000e+00 1.945999138914908055e+00 1.920000000000000000e+02
2.208371000000000000e+06 0.000000000000000000e+00 6.500000000000000000e+01 2.017703476181804945e+02 9.143908700728276017e+03 1.304300000000002910e+02 1.000000000000000000e+00 1.957730732666481455e+00 1.920000000000000000e+02
2.205322000000000000e+06 0.000000000000000000e+00 6.500000000000000000e+01 2.310203476181804945e+02 9.284428700728272815e+03 1.283200000000006185e+02 1.000000000000000000e+00 2.617478693369404308e+00 1.920000000000000000e+02
2.207082000000000000e+06 1.000000000000000000e+00 6.500000000000000000e+01 2.692403476181816586e+02 9.265938700728274853e+03 5.093000000000029104e+01 1.000000000000000000e+00 8.343712119001217564e-01 1.920000000000000000e+02
2.206713000000000000e+06 0.000000000000000000e+00 6.500000000000000000e+01 2.416403476181812948e+02 9.321588700728276308e+03 3.356000000000040018e+01 1.000000000000000000e+00 1.364858958894860530e+00 1.920000000000000000e+02
2.206323000000000000e+06 0.000000000000000000e+00 6.600000000000000000e+01 2.174903476181807491e+02 9.237158700728276017e+03 2.092699999999995271e+02 1.000000000000000000e+00 2.152536607117720102e+00 1.920000000000000000e+02
2.208232000000000000e+06 1.000000000000000000e+00 6.600000000000000000e+01 2.249303476181812584e+02 9.234628700728273543e+03 1.903500000000003638e+02 1.000000000000000000e+00 5.731570098993358231e-01 1.920000000000000000e+02
1.808285900000000000e+07 0.000000000000000000e+00 6.600000000000000000e+01 1.203116147618181458e+03 4.108666700728274009e+03 2.129990000000000691e+03 1.000000000000000000e+00 2.823326063543380116e+00 1.920000000000000000e+02
