1.121437700000000000e+07 1.000000000000000000e+00 6.600000000000000000e+01 3.166929999999999382e+03 1.381033583109667234e+03 1.118458010171022579e+03 0.000000000000000000e+00 4.192579779554411523e+00 3.229999999999999716e+01
5.881889000000000000e+06 1.000000000000000000e+00 6.500000000000000000e+01 5.043199999999999818e+03 1.440746783109667376e+03 8.841060101710218078e+02 0.000000000000000000e+00 3.731727774201195391e+00 1.339000000000000057e+01
1.121437200000000000e+07 1.000000000000000000e+00 6.500000000000000000e+01 3.153649999999999636e+03 1.376409283109667740e+03 1.118542010171022412e+03 0.000000000000000000e+00 7.876503344542421736e+00 6.099999999999999867e-02
1.121437200000000000e+07 1.000000000000000000e+00 6.500000000000000000e+01 3.152150000000000546e+03 1.374763283109667100e+03 1.120988010171022324e+03 0.000000000000000000e+00 7.874059937299757728e+00 9.199999999999999845e-02
1.121437200000000000e+07 1.000000000000000000e+00 6.500000000000000000e+01 3.151569999999999709e+03 1.374136283109667602e+03 1.121920010171022113e+03 0.000000000000000000e+00 8.235626766401122012e+00 9.199999999999999845e-02
1.121444500000000000e+07 1.000000000000000000e+00 6.500000000000000000e+01 3.146960000000000036e+03 1.370122683109667378e+03 1.127069010171022455e+03 0.000000000000000000e+00 6.385510223566766008e+00 9.199999999999999845e-02
1.121425700000000000e+07 1.000000000000000000e+00 6.500000000000000000e+01 3.132130000000000109e+03 1.370263983109667606e+03 1.129701010171022062e+03 0.000000000000000000e+00 9.920853040838256476e+00 9.199999999999999845e-02
1.121430100000000000e+07 1.000000000000000000e+00 6.500000000000000000e+01 3.147279999999999745e+03 1.388960483109667621e+03 1.139714010171021982e+03 0.000000000000000000e+00 2.523827602077302945e+00 6.099999999999999867e-02
1.121430600000000000e+07 1.000000000000000000e+00 6.600000000000000000e+01 3.146670000000000073e+03 1.396304483109667672e+03 1.139229010171022310e+03 0.000000000000000000e+00 3.393839763138130294e+00 6.099999999999999867e-02
1.121431000000000000e+07 0.000000000000000000e+00 6.500000000000000000e+01 3.145550000000000182e+03 1.411242083109667874e+03 1.144763010171021961e+03 0.000000000000000000e+00 1.093489770960494489e+00 9.199999999999999845e-02
1.121431400000000000e+07 1.000000000000000000e+00 6.600000000000000000e+01 3.144010000000000218e+03 1.428563083109667787e+03 1.146603010171022106e+03 0.000000000000000000e+00 2.495745971220430626e+00 9.199999999999999845e-02
1.121439500000000000e+07 1.000000000000000000e+00 6.500000000000000000e+01 3.150369999999999891e+03 1.436214583109667728e+03 1.142226010171021699e+03 0.000000000000000000e+00 6.070741312067396755e+00 9.199999999999999845e-02
1.121440000000000000e+07 1.000000000000000000e+00 6.600000000000000000e+01 3.148090000000000146e+03 1.437202783109667507e+03 1.139525010171022586e+03 0.000000000000000000e+00 7.588115977688891789e+00 4.169999999999999818e-01
1.121439900000000000e+07 1.000000000000000000e+00 6.600000000000000000e+01 3.140440000000000509e+03 1.432830483109667512e+03 1.136251010171022244e+03 0.000000000000000000e+00 4.810268290447654138e+00 9.199999999999999845e-02
1.121431500000000000e+07 1.000000000000000000e+00 6.600000000000000000e+01 3.141739999999999782e+03 1.426809283109667376e+03 1.138641010171022572e+03 0.000000000000000000e+00 2.063187902071785818e+00 6.099999999999999867e-02
1.121431500000000000e+07 1.000000000000000000e+00 6.500000000000000000e+01 3.138670000000000073e+03 1.427972183109667640e+03 1.152361010171021917e+03 0.000000000000000000e+00 5.508819205716026346e+00 1.000000000000000000e+01
1.121431500000000000e+07 1.000000000000000000e+00 6.500000000000000000e+01 3.138670000000000073e+03 1.427972183109667640e+03 1.152361010171021917e+03 0.000000000000000000e+00 5.508819205716026346e+00 8.255010000000000125e-02
