8.584232900000000000e+07 1.000000000000000000e+00 6.500000000000000000e+01 2.240630000000000109e+03 4.583401134594691030e+03 1.021224048742472587e+04 0.000000000000000000e+00 1.513048877281102378e+00 3.229999999999999716e+01
1.064856550000000000e+08 1.000000000000000000e+00 6.600000000000000000e+01 3.240600000000000364e+03 4.380282134594691342e+03 1.253194948742472661e+04 0.000000000000000000e+00 1.713329538374954275e+00 1.605000000000000071e+01
1.064856640000000000e+08 1.000000000000000000e+00 6.500000000000000000e+01 3.254309999999999491e+03 4.356503134594691801e+03 1.257017948742472618e+04 0.000000000000000000e+00 5.669607111653177434e+00 1.605000000000000071e+01
1.141602100000000000e+08 1.000000000000000000e+00 6.600000000000000000e+01 3.462910000000000309e+03 3.831042134594691561e+03 1.349976948742472632e+04 0.000000000000000000e+00 1.670943837964753209e+00 3.229999999999999716e+01
1.141601780000000000e+08 1.000000000000000000e+00 6.600000000000000000e+01 3.467930000000000291e+03 3.803161134594691248e+03 1.355137948742472690e+04 0.000000000000000000e+00 3.114224498644052375e+00 1.078999999999999915e+01
1.141591710000000000e+08 1.000000000000000000e+00 6.600000000000000000e+01 3.470110000000000127e+03 3.794303134594691073e+03 1.356840948742472574e+04 0.000000000000000000e+00 2.878751313874112316e+00 1.339000000000000057e+01
1.254607450000000000e+08 1.000000000000000000e+00 6.500000000000000000e+01 3.390119999999999891e+03 2.937522134594691124e+03 1.471023948742472567e+04 0.000000000000000000e+00 2.615991678381843766e+00 1.078999999999999915e+01
1.254596070000000000e+08 1.000000000000000000e+00 6.500000000000000000e+01 3.356039999999999964e+03 2.863952134594691415e+03 1.477017948742472618e+04 0.000000000000000000e+00 2.319491601111367096e+00 1.078999999999999915e+01
1.246008560000000000e+08 1.000000000000000000e+00 6.600000000000000000e+01 3.278210000000000036e+03 2.689112134594691270e+03 1.491404948742472516e+04 0.000000000000000000e+00 7.811778534305302557e+00 1.078999999999999915e+01
1.246008560000000000e+08 1.000000000000000000e+00 6.600000000000000000e+01 3.276840000000000146e+03 2.689582134594691524e+03 1.491697948742472545e+04 0.000000000000000000e+00 9.515966093725632291e+00 9.199999999999999845e-02
1.246008560000000000e+08 1.000000000000000000e+00 6.600000000000000000e+01 3.278649999999999636e+03 2.698892134594691015e+03 1.491513948742472530e+04 0.000000000000000000e+00 6.584086875697972019e+00 2.400000000000000050e-02
1.246008550000000000e+08 1.000000000000000000e+00 6.600000000000000000e+01 3.278159999999999854e+03 2.697342134594691743e+03 1.491332948742472581e+04 0.000000000000000000e+00 5.688204430015701085e+00 2.400000000000000050e-02
1.246008550000000000e+08 1.000000000000000000e+00 6.600000000000000000e+01 3.277920000000000073e+03 2.698282134594691342e+03 1.491227948742472472e+04 0.000000000000000000e+00 5.245947110268395441e+00 2.039999999999999869e-01
1.246008550000000000e+08 1.000000000000000000e+00 6.600000000000000000e+01 3.278260000000000218e+03 2.699842134594691743e+03 1.491133948742472603e+04 0.000000000000000000e+00 5.297226506455572803e+00 1.078999999999999915e+01
1.246008550000000000e+08 1.000000000000000000e+00 6.600000000000000000e+01 3.278260000000000218e+03 2.699912134594691452e+03 1.491127948742472654e+04 0.000000000000000000e+00 5.312730278584248289e+00 9.199999999999999845e-02
1.246008550000000000e+08 1.000000000000000000e+00 6.600000000000000000e+01 3.278130000000000109e+03 2.701772134594691124e+03 1.490968948742472639e+04 0.000000000000000000e+00 5.361638951778306073e+00 1.078999999999999915e+01
1.246008550000000000e+08 1.000000000000000000e+00 6.600000000000000000e+01 3.278130000000000109e+03 2.701772134594691124e+03 1.490968948742472639e+04 0.000000000000000000e+00 5.361638951778306073e+00 7.182260000000000311e+00
1.246008550000000000e+08 1.000000000000000000e+00 6.600000000000000000e+01 3.278130000000000109e+03 2.701772134594691124e+03 1.490968948742472639e+04 0.000000000000000000e+00 5.361638951778306073e+00 4.530439999999999579e+00
1.246008550000000000e+08 1.000000000000000000e+00 6.600000000000000000e+01 3.278260000000000218e+03 2.699842134594691743e+03 1.491133948742472603e+04 0.000000000000000000e+00 5.297226506455572803e+00 3.090780000000000083e+00
1.254596070000000000e+08 1.000000000000000000e+00 6.500000000000000000e+01 3.355869999999999891e+03 2.863992134594691379e+03 1.477044948742472661e+04 0.000000000000000000e+00 2.497365264544946228e+00 9.199999999999999845e-02
1.254619320000000000e+08 1.000000000000000000e+00 6.600000000000000000e+01 3.394789999999999964e+03 2.935082134594691524e+03 1.471169948742472661e+04 0.000000000000000000e+00 4.914437628584887641e+00 2.400000000000000050e-02
1.254619320000000000e+08 1.000000000000000000e+00 6.600000000000000000e+01 3.395679999999999382e+03 2.932912134594691452e+03 1.471207948742472581e+04 0.000000000000000000e+00 4.959095835642546746e+00 2.400000000000000050e-02
1.254607490000000000e+08 0.000000000000000000e+00 6.600000000000000000e+01 3.387590000000000146e+03 2.936002134594691597e+03 1.471594948742472661e+04 0.000000000000000000e+00 3.947369823248763510e+00 9.199999999999999845e-02
1.254607510000000000e+08 0.000000000000000000e+00 6.600000000000000000e+01 3.382619999999999891e+03 2.941762134594690906e+03 1.472254948742472516e+04 0.000000000000000000e+00 2.994714180823200955e+00 6.099999999999999867e-02
1.254607530000000000e+08 1.000000000000000000e+00 6.600000000000000000e+01 3.383789999999999964e+03 2.947142134594691015e+03 1.472750948742472610e+04 0.000000000000000000e+00 2.972260139430980441e+00 2.039999999999999869e-01
1.254607510000000000e+08 0.000000000000000000e+00 6.500000000000000000e+01 3.374239999999999782e+03 2.936412134594691452e+03 1.472058948742472603e+04 0.000000000000000000e+00 1.100384250275904252e+00 8.349999999999999645e-01
1.254607510000000000e+08 1.000000000000000000e+00 6.500000000000000000e+01 3.374150000000000546e+03 2.935422134594691670e+03 1.471970948742472501e+04 0.000000000000000000e+00 1.397755380441911166e+00 2.400000000000000050e-02
1.254607510000000000e+08 1.000000000000000000e+00 6.500000000000000000e+01 3.371800000000000182e+03 2.930662134594691452e+03 1.471661948742472487e+04 0.000000000000000000e+00 3.909700731240757676e+00 2.039999999999999869e-01
1.254595410000000000e+08 1.000000000000000000e+00 6.600000000000000000e+01 3.371949999999999818e+03 2.923342134594690833e+03 1.471426948742472632e+04 0.000000000000000000e+00 3.694554164243871064e+00 6.099999999999999867e-02
1.254595430000000000e+08 1.000000000000000000e+00 6.500000000000000000e+01 3.365109999999999673e+03 2.915192134594691197e+03 1.471165948742472574e+04 0.000000000000000000e+00 2.863686096408832871e+00 9.199999999999999845e-02
1.254595430000000000e+08 1.000000000000000000e+00 6.500000000000000000e+01 3.361399999999999636e+03 2.912502134594691597e+03 1.471220948742472501e+04 0.000000000000000000e+00 4.093709958702230090e+00 1.078999999999999915e+01
1.254595430000000000e+08 1.000000000000000000e+00 6.500000000000000000e+01 3.361399999999999636e+03 2.912502134594691597e+03 1.471220948742472501e+04 0.000000000000000000e+00 4.093709958702230090e+00 3.813660000000000050e+00
1.254595430000000000e+08 1.000000000000000000e+00 6.500000000000000000e+01 3.361399999999999636e+03 2.912502134594691597e+03 1.471220948742472501e+04 0.000000000000000000e+00 4.093709958702230090e+00 1.928530000000000078e+00
1.141601750000000000e+08 1.000000000000000000e+00 6.600000000000000000e+01 3.465320000000000164e+03 3.790997134594691488e+03 1.356515948742472574e+04 0.000000000000000000e+00 1.497941766854075984e+00 9.199999999999999845e-02
1.141601730000000000e+08 1.000000000000000000e+00 6.600000000000000000e+01 3.470849999999999909e+03 3.776777134594691233e+03 1.356725948742472610e+04 0.000000000000000000e+00 5.291127244311661038e+00 2.400000000000000050e-02
1.141601730000000000e+08 1.000000000000000000e+00 6.600000000000000000e+01 3.470079999999999927e+03 3.776770134594691626e+03 1.356703948742472676e+04 0.000000000000000000e+00 5.679818162959977990e+00 6.099999999999999867e-02
1.141601740000000000e+08 1.000000000000000000e+00 6.500000000000000000e+01 3.473440000000000055e+03 3.786816134594690993e+03 1.355442948742472618e+04 0.000000000000000000e+00 1.742966432909490271e+00 9.199999999999999845e-02
1.141601750000000000e+08 1.000000000000000000e+00 6.500000000000000000e+01 3.476389999999999873e+03 3.787492134594691379e+03 1.354515948742472574e+04 0.000000000000000000e+00 6.463452717679324167e+00 9.199999999999999845e-02
1.141601730000000000e+08 0.000000000000000000e+00 6.600000000000000000e+01 3.474340000000000146e+03 3.785960134594691226e+03 1.355887948742472690e+04 0.000000000000000000e+00 2.139449829761216559e+00 9.199999999999999845e-02
1.141601780000000000e+08 1.000000000000000000e+00 6.600000000000000000e+01 3.467930000000000291e+03 3.803161134594691248e+03 1.355137948742472690e+04 0.000000000000000000e+00 3.114224498644052375e+00 4.509890000000000398e+00
1.141602100000000000e+08 1.000000000000000000e+00 6.600000000000000000e+01 3.462740000000000236e+03 3.831029134594691641e+03 1.349873948742472567e+04 0.000000000000000000e+00 1.009475762578305735e+00 1.339000000000000057e+01
1.141602100000000000e+08 1.000000000000000000e+00 6.600000000000000000e+01 3.462360000000000127e+03 3.829612134594691270e+03 1.349523948742472567e+04 0.000000000000000000e+00 2.003216927510920176e+00 1.078999999999999915e+01
1.141602100000000000e+08 1.000000000000000000e+00 6.600000000000000000e+01 3.462360000000000127e+03 3.829612134594691270e+03 1.349523948742472567e+04 0.000000000000000000e+00 2.003216927510920176e+00 7.373940000000000161e+00
1.141602100000000000e+08 1.000000000000000000e+00 6.600000000000000000e+01 3.462360000000000127e+03 3.829612134594691270e+03 1.349523948742472567e+04 0.000000000000000000e+00 2.003216927510920176e+00 4.291889999999999872e-01
1.141602100000000000e+08 1.000000000000000000e+00 6.600000000000000000e+01 3.462740000000000236e+03 3.831029134594691641e+03 1.349873948742472567e+04 0.000000000000000000e+00 1.009475762578305735e+00 4.043129999999999669e+00
1.064856630000000000e+08 1.000000000000000000e+00 6.500000000000000000e+01 3.254340000000000146e+03 4.363805134594691481e+03 1.256895948742472501e+04 0.000000000000000000e+00 5.227299608915775053e+00 1.000000000000000021e-02
1.064856630000000000e+08 1.000000000000000000e+00 6.500000000000000000e+01 3.258010000000000218e+03 4.363966134594691539e+03 1.257149948742472588e+04 0.000000000000000000e+00 7.923847415143868922e+00 4.169999999999999818e-01
1.064856640000000000e+08 1.000000000000000000e+00 6.500000000000000000e+01 3.260479999999999563e+03 4.353800134594691372e+03 1.256613948742472530e+04 0.000000000000000000e+00 2.240489136575415152e+00 2.039999999999999869e-01
1.064856640000000000e+08 1.000000000000000000e+00 6.500000000000000000e+01 3.260479999999999563e+03 4.353800134594691372e+03 1.256613948742472530e+04 0.000000000000000000e+00 2.240489136575415152e+00 7.227330000000000254e+00
1.064856160000000000e+08 1.000000000000000000e+00 6.500000000000000000e+01 3.235470000000000255e+03 4.385717134594691743e+03 1.252201948742472632e+04 0.000000000000000000e+00 5.960263666443793795e+00 2.400000000000000050e-02
1.064856150000000000e+08 1.000000000000000000e+00 6.500000000000000000e+01 3.234460000000000036e+03 4.386624134594690986e+03 1.252125948742472610e+04 0.000000000000000000e+00 6.213347227930056782e+00 2.400000000000000050e-02
1.064856150000000000e+08 1.000000000000000000e+00 6.500000000000000000e+01 3.226210000000000036e+03 4.383424134594691168e+03 1.252748948742472567e+04 0.000000000000000000e+00 6.493933760125431220e+00 9.199999999999999845e-02
1.064856550000000000e+08 1.000000000000000000e+00 6.600000000000000000e+01 3.234550000000000182e+03 4.380589134594691131e+03 1.253165948742472574e+04 0.000000000000000000e+00 4.736197176374258078e+00 9.199999999999999845e-02
1.064856560000000000e+08 1.000000000000000000e+00 6.600000000000000000e+01 3.244029999999999745e+03 4.380220134594691444e+03 1.253034948742472625e+04 0.000000000000000000e+00 3.006427690919120543e+00 2.400000000000000050e-02
1.064856560000000000e+08 1.000000000000000000e+00 6.600000000000000000e+01 3.244130000000000109e+03 4.379582134594691524e+03 1.253224948742472588e+04 0.000000000000000000e+00 1.528052987256116602e+00 5.000000000000000000e-01
1.064856560000000000e+08 1.000000000000000000e+00 6.600000000000000000e+01 3.241310000000000400e+03 4.376150134594690826e+03 1.253402948742472654e+04 0.000000000000000000e+00 2.292667622718703502e+00 9.199999999999999845e-02
1.064856550000000000e+08 0.000000000000000000e+00 6.600000000000000000e+01 3.248979999999999563e+03 4.376481134594690957e+03 1.253301948742472632e+04 0.000000000000000000e+00 2.087843541261916069e+00 2.400000000000000050e-02
1.064856570000000000e+08 0.000000000000000000e+00 6.600000000000000000e+01 3.248819999999999709e+03 4.371004134594691095e+03 1.254000948742472610e+04 0.000000000000000000e+00 2.593872099461413949e+00 9.199999999999999845e-02
1.064856570000000000e+08 0.000000000000000000e+00 6.600000000000000000e+01 3.248819999999999709e+03 4.371004134594691095e+03 1.254000948742472610e+04 0.000000000000000000e+00 2.593872099461413949e+00 7.350780000000000314e+00
9.718550900000000000e+07 1.000000000000000000e+00 6.600000000000000000e+01 3.644180000000000291e+03 4.889506134594691503e+03 1.136268948742472639e+04 0.000000000000000000e+00 6.252855545539793169e+00 9.199999999999999845e-02
9.718551000000000000e+07 1.000000000000000000e+00 6.600000000000000000e+01 3.647839999999999691e+03 4.885079134594690913e+03 1.137503948742472676e+04 0.000000000000000000e+00 3.323721664841936096e+00 4.600000000000000200e-01
9.718587500000000000e+07 1.000000000000000000e+00 6.500000000000000000e+01 3.603739999999999782e+03 4.930762134594690906e+03 1.140720948742472683e+04 0.000000000000000000e+00 9.605757228594777430e+00 4.169999999999999818e-01
9.718587500000000000e+07 1.000000000000000000e+00 6.500000000000000000e+01 3.603739999999999782e+03 4.930762134594690906e+03 1.140720948742472683e+04 0.000000000000000000e+00 9.605757228594777430e+00 7.078479999999999883e+00
9.718582000000000000e+07 1.000000000000000000e+00 6.600000000000000000e+01 3.634880000000000109e+03 4.908396134594690920e+03 1.139092948742472618e+04 0.000000000000000000e+00 6.064717083394643105e+00 6.099999999999999867e-02
9.718441900000000000e+07 1.000000000000000000e+00 6.500000000000000000e+01 3.657329999999999927e+03 4.958270134594691626e+03 1.137925948742472610e+04 0.000000000000000000e+00 5.085119076701498209e+00 4.169999999999999818e-01
9.718441900000000000e+07 1.000000000000000000e+00 6.500000000000000000e+01 3.657329999999999927e+03 4.958270134594691626e+03 1.137925948742472610e+04 0.000000000000000000e+00 5.085119076701498209e+00 7.076710000000000278e+00
8.584232900000000000e+07 1.000000000000000000e+00 6.500000000000000000e+01 2.240630000000000109e+03 4.583401134594691030e+03 1.021224048742472587e+04 0.000000000000000000e+00 1.513048877281102378e+00 7.336549999999999905e+00
6.369658500000000000e+07 1.000000000000000000e+00 6.600000000000000000e+01 8.341726000000000568e+03 6.766782134594690433e+03 7.523639487424726212e+03 1.000000000000000000e+00 6.445392156792039140e-01 3.910000000000000000e+02
6.369658400000000000e+07 1.000000000000000000e+00 6.500000000000000000e+01 8.350304000000000087e+03 6.760012134594691815e+03 7.533759487424726103e+03 1.000000000000000000e+00 8.274507167166665900e-01 3.910000000000000000e+02
6.720512600000000000e+07 0.000000000000000000e+00 6.600000000000000000e+01 1.132753000000000065e+04 4.943457134594691524e+03 7.801379487424725994e+03 1.000000000000000000e+00 1.496290342924004646e+00 3.910000000000000000e+02
6.656705000000000000e+07 0.000000000000000000e+00 6.500000000000000000e+01 5.223960000000000036e+03 6.820182134594691888e+03 7.738559487424725376e+03 1.000000000000000000e+00 4.335877636718767358e-01 3.910000000000000000e+02
6.369696700000000000e+07 1.000000000000000000e+00 6.600000000000000000e+01 8.202506999999999607e+03 6.706492134594691379e+03 7.425139487424726212e+03 1.000000000000000000e+00 7.668248753222784986e-01 3.910000000000000000e+02
6.720618400000000000e+07 0.000000000000000000e+00 6.500000000000000000e+01 1.131785000000000036e+04 4.930787134594691452e+03 7.794789487424725849e+03 1.000000000000000000e+00 2.670374507431968691e+00 3.910000000000000000e+02
6.720607900000000000e+07 1.000000000000000000e+00 6.500000000000000000e+01 1.133350000000000000e+04 4.975861134594691066e+03 7.732499487424725885e+03 1.000000000000000000e+00 5.902215027461178432e-01 3.910000000000000000e+02
7.752872000000000000e+07 1.000000000000000000e+00 6.500000000000000000e+01 1.174484000000000015e+04 5.825372134594690579e+03 9.171685487424725579e+03 1.000000000000000000e+00 5.470932455176056308e-01 3.910000000000000000e+02
6.369667200000000000e+07 1.000000000000000000e+00 6.500000000000000000e+01 8.311655000000000655e+03 6.753992134594691379e+03 7.538639487424726212e+03 1.000000000000000000e+00 5.191411235298476479e-01 3.910000000000000000e+02
