8.070336600000000000e+07 1.000000000000000000e+00 6.600000000000000000e+01 9.401551659918824953e+03 7.520360729539039312e+03 9.514619999999998981e+03 0.000000000000000000e+00 5.122735754327820246e+00 1.339000000000000057e+01
8.336887800000000000e+07 1.000000000000000000e+00 6.500000000000000000e+01 9.389707659918825811e+03 7.626520729539039166e+03 9.788430000000000291e+03 0.000000000000000000e+00 6.254557099689477262e+00 1.605000000000000071e+01
1.037243820000000000e+08 1.000000000000000000e+00 6.600000000000000000e+01 9.274843659918824414e+03 8.617710729539037857e+03 1.202440000000000146e+04 0.000000000000000000e+00 2.893638756683860169e+00 1.339000000000000057e+01
1.037243820000000000e+08 1.000000000000000000e+00 6.600000000000000000e+01 9.273494659918824254e+03 8.621720729539038075e+03 1.202556000000000131e+04 0.000000000000000000e+00 4.801216897442246889e+00 1.078999999999999915e+01
1.037255830000000000e+08 0.000000000000000000e+00 6.500000000000000000e+01 9.292753659918824269e+03 8.622410729539038584e+03 1.204938000000000102e+04 0.000000000000000000e+00 9.895685001094997046e-01 1.078999999999999915e+01
1.037255830000000000e+08 0.000000000000000000e+00 6.500000000000000000e+01 9.293003659918824269e+03 8.621760729539037129e+03 1.205086999999999898e+04 0.000000000000000000e+00 1.405508938097547178e+00 2.039999999999999869e-01
1.037254380000000000e+08 1.000000000000000000e+00 6.500000000000000000e+01 9.301061659918825171e+03 8.623370729539037711e+03 1.206500000000000000e+04 0.000000000000000000e+00 3.527005031438686267e+00 9.199999999999999845e-02
1.037254360000000000e+08 1.000000000000000000e+00 6.500000000000000000e+01 9.296656659918824516e+03 8.621530729539037566e+03 1.208122999999999956e+04 0.000000000000000000e+00 1.780209047241652520e+00 9.199999999999999845e-02
1.037254350000000000e+08 1.000000000000000000e+00 6.500000000000000000e+01 9.296019659918823891e+03 8.621540729539037784e+03 1.208210000000000036e+04 0.000000000000000000e+00 2.116430857946495436e+00 2.400000000000000050e-02
1.037254330000000000e+08 1.000000000000000000e+00 6.500000000000000000e+01 9.303113659918824851e+03 8.616530729539037566e+03 1.209436000000000058e+04 0.000000000000000000e+00 1.304444369430158623e+00 6.099999999999999867e-02
1.037255100000000000e+08 1.000000000000000000e+00 6.600000000000000000e+01 9.301133659918825288e+03 8.626060729539038221e+03 1.208289999999999964e+04 0.000000000000000000e+00 4.863898374010645620e-01 2.039999999999999869e-01
1.037254340000000000e+08 1.000000000000000000e+00 6.600000000000000000e+01 9.305068659918824778e+03 8.627660729539038584e+03 1.208431999999999971e+04 0.000000000000000000e+00 1.136678981225321294e+00 4.169999999999999818e-01
1.037254340000000000e+08 1.000000000000000000e+00 6.600000000000000000e+01 9.307296659918825753e+03 8.628020729539039166e+03 1.208367000000000007e+04 0.000000000000000000e+00 1.141287068170421914e+00 2.400000000000000050e-02
1.037254340000000000e+08 1.000000000000000000e+00 6.600000000000000000e+01 9.307758659918825288e+03 8.627610729539037493e+03 1.208389999999999964e+04 0.000000000000000000e+00 1.129085521543467197e+00 2.400000000000000050e-02
1.037254350000000000e+08 0.000000000000000000e+00 6.600000000000000000e+01 9.308198659918823978e+03 8.619890729539038148e+03 1.208272000000000116e+04 0.000000000000000000e+00 1.208100187714931550e+00 9.199999999999999845e-02
1.037254310000000000e+08 0.000000000000000000e+00 6.600000000000000000e+01 9.303772659918824502e+03 8.625050729539038002e+03 1.209568000000000029e+04 0.000000000000000000e+00 8.910678579029600588e-01 6.099999999999999867e-02
1.037254340000000000e+08 0.000000000000000000e+00 6.600000000000000000e+01 9.309606659918823425e+03 8.624230729539038293e+03 1.208503000000000065e+04 0.000000000000000000e+00 1.822729179683326928e+00 9.199999999999999845e-02
1.037254330000000000e+08 1.000000000000000000e+00 6.500000000000000000e+01 9.301665659918824531e+03 8.618700729539037638e+03 1.209463999999999942e+04 0.000000000000000000e+00 2.891360779524303037e+00 9.199999999999999845e-02
1.037256060000000000e+08 1.000000000000000000e+00 6.600000000000000000e+01 9.292068659918824778e+03 8.611560729539038221e+03 1.209522999999999956e+04 0.000000000000000000e+00 6.650929357495288130e+00 6.099999999999999867e-02
1.037254350000000000e+08 1.000000000000000000e+00 6.500000000000000000e+01 9.291837659918825011e+03 8.616210729539037857e+03 1.208907999999999993e+04 0.000000000000000000e+00 5.261520781457972973e+00 2.400000000000000050e-02
1.037254350000000000e+08 1.000000000000000000e+00 6.500000000000000000e+01 9.292555659918823949e+03 8.619470729539038075e+03 1.208673999999999978e+04 0.000000000000000000e+00 4.155136511721584824e+00 6.099999999999999867e-02
1.037254350000000000e+08 1.000000000000000000e+00 6.500000000000000000e+01 9.293718659918824414e+03 8.615390729539038148e+03 1.208968999999999869e+04 0.000000000000000000e+00 3.841264357820181718e+00 9.199999999999999845e-02
1.037254360000000000e+08 1.000000000000000000e+00 6.500000000000000000e+01 9.291710659918824604e+03 8.614950729539037638e+03 1.208031000000000131e+04 0.000000000000000000e+00 3.127236640538930690e+00 2.400000000000000050e-02
1.037258930000000000e+08 0.000000000000000000e+00 6.500000000000000000e+01 9.289770659918824094e+03 8.631360729539039312e+03 1.211343999999999869e+04 0.000000000000000000e+00 3.753859285653687650e+00 9.199999999999999845e-02
1.037258910000000000e+08 1.000000000000000000e+00 6.500000000000000000e+01 9.287529659918824109e+03 8.629700729539039457e+03 1.211435000000000036e+04 0.000000000000000000e+00 4.598207752923415548e+00 2.400000000000000050e-02
1.037258920000000000e+08 1.000000000000000000e+00 6.500000000000000000e+01 9.277416659918824735e+03 8.633710729539037857e+03 1.210629000000000087e+04 0.000000000000000000e+00 6.708993018426909316e+00 9.199999999999999845e-02
1.037258980000000000e+08 1.000000000000000000e+00 6.600000000000000000e+01 9.280858659918823832e+03 8.620810729539038221e+03 1.211510000000000036e+04 0.000000000000000000e+00 5.307334849234875307e+00 2.400000000000000050e-02
1.037258980000000000e+08 1.000000000000000000e+00 6.600000000000000000e+01 9.278411659918823716e+03 8.620200729539039457e+03 1.211509000000000015e+04 0.000000000000000000e+00 6.741633075268710584e+00 9.199999999999999845e-02
1.037259070000000000e+08 1.000000000000000000e+00 6.600000000000000000e+01 9.270187659918825375e+03 8.608720729539038075e+03 1.212042000000000007e+04 0.000000000000000000e+00 8.508665405990113229e+00 4.169999999999999818e-01
1.037259060000000000e+08 1.000000000000000000e+00 6.600000000000000000e+01 9.272702659918824793e+03 8.601800729539038002e+03 1.212493000000000029e+04 0.000000000000000000e+00 5.096625918016343348e+00 6.099999999999999867e-02
1.037242430000000000e+08 1.000000000000000000e+00 6.500000000000000000e+01 9.263096659918825026e+03 8.597350729539037275e+03 1.213204999999999927e+04 0.000000000000000000e+00 3.405366531819951081e+00 9.199999999999999845e-02
1.037242400000000000e+08 1.000000000000000000e+00 6.600000000000000000e+01 9.260550659918824749e+03 8.606340729539038875e+03 1.213170999999999913e+04 0.000000000000000000e+00 8.007764963506636136e+00 9.199999999999999845e-02
1.037242450000000000e+08 1.000000000000000000e+00 6.500000000000000000e+01 9.262114659918825055e+03 8.592260729539037129e+03 1.214280999999999949e+04 0.000000000000000000e+00 6.951733553740674365e-01 9.199999999999999845e-02
1.037242450000000000e+08 1.000000000000000000e+00 6.500000000000000000e+01 9.263694659918824982e+03 8.593310729539038221e+03 1.214205999999999949e+04 0.000000000000000000e+00 8.376326594285272709e-01 9.199999999999999845e-02
1.037242440000000000e+08 1.000000000000000000e+00 6.500000000000000000e+01 9.265152659918825520e+03 8.597890729539038148e+03 1.213989999999999964e+04 0.000000000000000000e+00 3.678708869716147412e+00 9.199999999999999845e-02
1.037242460000000000e+08 0.000000000000000000e+00 6.500000000000000000e+01 9.266854659918824836e+03 8.588010729539038948e+03 1.214053000000000065e+04 0.000000000000000000e+00 3.217375013266041694e+00 9.199999999999999845e-02
1.037242440000000000e+08 0.000000000000000000e+00 6.500000000000000000e+01 9.263542659918824938e+03 8.588530729539037566e+03 1.213663000000000102e+04 0.000000000000000000e+00 1.898482923899526442e+00 9.199999999999999845e-02
1.037243220000000000e+08 0.000000000000000000e+00 6.600000000000000000e+01 9.254567659918824575e+03 8.591220729539038075e+03 1.213948999999999978e+04 0.000000000000000000e+00 1.848870692677952343e+00 9.199999999999999845e-02
1.037243210000000000e+08 0.000000000000000000e+00 6.500000000000000000e+01 9.253113659918824851e+03 8.590040729539039603e+03 1.214335000000000036e+04 0.000000000000000000e+00 1.380421556580271547e+00 9.199999999999999845e-02
1.037243180000000000e+08 0.000000000000000000e+00 6.600000000000000000e+01 9.251191659918824371e+03 8.594110729539037493e+03 1.215010000000000036e+04 0.000000000000000000e+00 5.814661224123415240e-01 2.400000000000000050e-02
1.037243170000000000e+08 0.000000000000000000e+00 6.600000000000000000e+01 9.252031659918824516e+03 8.596310729539038221e+03 1.215188000000000102e+04 0.000000000000000000e+00 1.729026486515836902e+00 4.169999999999999818e-01
1.037249720000000000e+08 1.000000000000000000e+00 6.600000000000000000e+01 9.255126659918823862e+03 8.613540729539037784e+03 1.215247999999999956e+04 0.000000000000000000e+00 5.174448485293690503e+00 4.169999999999999818e-01
1.037249720000000000e+08 1.000000000000000000e+00 6.600000000000000000e+01 9.253310659918824967e+03 8.616880729539037929e+03 1.215564999999999964e+04 0.000000000000000000e+00 1.100175450810755962e+00 4.169999999999999818e-01
1.037249720000000000e+08 1.000000000000000000e+00 6.600000000000000000e+01 9.253130659918824676e+03 8.616920729539038803e+03 1.215609999999999854e+04 0.000000000000000000e+00 9.825379457878362643e-01 4.169999999999999818e-01
1.037249720000000000e+08 1.000000000000000000e+00 6.600000000000000000e+01 9.253130659918824676e+03 8.616920729539038803e+03 1.215609999999999854e+04 0.000000000000000000e+00 9.825379457878362643e-01 7.071310000000000429e+00
1.037255830000000000e+08 0.000000000000000000e+00 6.500000000000000000e+01 9.292753659918824269e+03 8.622410729539038584e+03 1.204938000000000102e+04 0.000000000000000000e+00 9.895685001094997046e-01 3.819960000000000022e+00
1.037255780000000000e+08 1.000000000000000000e+00 6.600000000000000000e+01 9.281072659918823774e+03 8.626110729539039312e+03 1.202770000000000073e+04 0.000000000000000000e+00 6.301913961382197726e+00 4.169999999999999818e-01
1.037243820000000000e+08 1.000000000000000000e+00 6.600000000000000000e+01 9.274843659918824414e+03 8.617710729539037857e+03 1.202440000000000146e+04 0.000000000000000000e+00 2.893638756683860169e+00 4.529690000000000438e+00
8.336888300000000000e+07 1.000000000000000000e+00 6.600000000000000000e+01 9.390321659918823570e+03 7.625130729539037929e+03 9.788489999999999782e+03 0.000000000000000000e+00 7.411449006742701684e+00 9.199999999999999845e-02
8.070336600000000000e+07 1.000000000000000000e+00 6.600000000000000000e+01 9.401551659918824953e+03 7.520360729539039312e+03 9.514619999999998981e+03 0.000000000000000000e+00 5.122735754327820246e+00 6.629739999999999966e+00
4.376537100000000000e+07 1.000000000000000000e+00 6.500000000000000000e+01 9.230252659918824065e+03 5.769209729539038563e+03 5.182940000000000509e+03 0.000000000000000000e+00 2.710369742320776432e+00 3.229999999999999716e+01
4.376435400000000000e+07 1.000000000000000000e+00 6.600000000000000000e+01 9.187740659918825259e+03 5.734839729539038672e+03 5.174380000000000109e+03 0.000000000000000000e+00 1.798751907283125506e+00 1.339000000000000057e+01
4.376435700000000000e+07 1.000000000000000000e+00 6.500000000000000000e+01 9.181333659918824196e+03 5.726150729539038366e+03 5.173159999999999854e+03 0.000000000000000000e+00 8.937788504087990304e+00 3.229999999999999716e+01
4.376435700000000000e+07 1.000000000000000000e+00 6.500000000000000000e+01 9.179636659918824080e+03 5.725539729539038490e+03 5.173020000000000437e+03 0.000000000000000000e+00 8.974579078361436757e+00 1.078999999999999915e+01
4.376435700000000000e+07 1.000000000000000000e+00 6.500000000000000000e+01 9.177023659918824706e+03 5.724827729539038046e+03 5.172899999999999636e+03 0.000000000000000000e+00 9.137849710216491061e+00 1.078999999999999915e+01
4.376343900000000000e+07 1.000000000000000000e+00 6.500000000000000000e+01 9.161631659918824880e+03 5.719951729539037842e+03 5.172039999999999964e+03 0.000000000000000000e+00 2.182889442841994043e+00 8.220000000000000639e+00
4.376245300000000000e+07 1.000000000000000000e+00 6.600000000000000000e+01 9.109270659918824094e+03 5.697499729539038526e+03 5.164399999999999636e+03 0.000000000000000000e+00 7.025240160162409708e+00 1.339000000000000057e+01
4.376244900000000000e+07 1.000000000000000000e+00 6.500000000000000000e+01 9.108193659918824778e+03 5.696891729539038352e+03 5.164050000000000182e+03 0.000000000000000000e+00 8.158023013798663570e+00 1.339000000000000057e+01
4.376244900000000000e+07 1.000000000000000000e+00 6.500000000000000000e+01 9.104026659918825317e+03 5.693815729539038330e+03 5.162699999999999818e+03 0.000000000000000000e+00 8.168094870042530431e+00 1.078999999999999915e+01
4.376137600000000000e+07 1.000000000000000000e+00 6.500000000000000000e+01 9.093433659918824560e+03 5.685361729539038606e+03 5.157300000000000182e+03 0.000000000000000000e+00 9.423078501033378629e+00 1.078999999999999915e+01
4.376137500000000000e+07 1.000000000000000000e+00 6.600000000000000000e+01 9.074490659918825259e+03 5.677971729539038279e+03 5.146510000000000218e+03 0.000000000000000000e+00 1.204253047889898065e+00 1.339000000000000057e+01
4.376137400000000000e+07 1.000000000000000000e+00 6.600000000000000000e+01 9.068208659918824196e+03 5.674694729539038235e+03 5.143469999999999345e+03 0.000000000000000000e+00 4.828556402684061055e+00 1.078999999999999915e+01
4.376145200000000000e+07 1.000000000000000000e+00 6.500000000000000000e+01 9.055886659918825899e+03 5.669082729539038155e+03 5.136680000000000291e+03 0.000000000000000000e+00 7.100472960192041327e+00 1.078999999999999915e+01
4.376145200000000000e+07 1.000000000000000000e+00 6.500000000000000000e+01 9.055811659918825171e+03 5.669053729539038613e+03 5.136649999999999636e+03 0.000000000000000000e+00 7.143707283850856626e+00 1.605000000000000071e+01
4.376144600000000000e+07 1.000000000000000000e+00 6.600000000000000000e+01 9.041501659918823862e+03 5.660717729539038373e+03 5.129670000000000073e+03 0.000000000000000000e+00 6.780319434187206618e+00 1.078999999999999915e+01
4.376297700000000000e+07 1.000000000000000000e+00 6.600000000000000000e+01 9.030927659918823338e+03 5.652748729539038322e+03 5.125639999999999418e+03 0.000000000000000000e+00 5.831031970753017823e+00 1.078999999999999915e+01
4.376037100000000000e+07 1.000000000000000000e+00 6.600000000000000000e+01 8.999179659918823745e+03 5.635677729539038410e+03 5.119630000000000109e+03 0.000000000000000000e+00 7.878711170248459794e+00 1.078999999999999915e+01
4.376036800000000000e+07 1.000000000000000000e+00 6.500000000000000000e+01 8.980183659918824560e+03 5.642875729539038730e+03 5.119760000000000218e+03 0.000000000000000000e+00 5.755285645131732686e+00 6.099999999999999867e-02
4.376036900000000000e+07 1.000000000000000000e+00 6.500000000000000000e+01 8.978772659918824502e+03 5.648048729539038504e+03 5.114780000000000655e+03 0.000000000000000000e+00 9.065214048976635297e+00 1.078999999999999915e+01
4.376036800000000000e+07 1.000000000000000000e+00 6.500000000000000000e+01 8.981988659918824851e+03 5.643373729539038322e+03 5.122399999999999636e+03 0.000000000000000000e+00 3.422004439637391648e+00 1.078999999999999915e+01
4.376199500000000000e+07 1.000000000000000000e+00 6.500000000000000000e+01 8.961002659918824065e+03 5.660891729539038352e+03 5.124399999999999636e+03 0.000000000000000000e+00 9.232104050944105467e+00 1.339000000000000057e+01
4.376199500000000000e+07 1.000000000000000000e+00 6.500000000000000000e+01 8.960872659918824866e+03 5.661277729539037864e+03 5.124440000000000509e+03 0.000000000000000000e+00 9.240658484800809092e+00 1.078999999999999915e+01
4.376199500000000000e+07 1.000000000000000000e+00 6.500000000000000000e+01 8.960872659918824866e+03 5.661277729539037864e+03 5.124440000000000509e+03 0.000000000000000000e+00 9.240658484800809092e+00 5.755930000000000213e+00
4.376199500000000000e+07 1.000000000000000000e+00 6.500000000000000000e+01 8.960872659918824866e+03 5.661277729539037864e+03 5.124440000000000509e+03 0.000000000000000000e+00 9.240658484800809092e+00 1.393359999999999932e+00
4.376037500000000000e+07 1.000000000000000000e+00 6.600000000000000000e+01 8.983109659918824036e+03 5.666103729539037886e+03 5.114000000000000000e+03 0.000000000000000000e+00 5.471571751861503685e+00 2.400000000000000050e-02
4.376037000000000000e+07 1.000000000000000000e+00 6.500000000000000000e+01 8.980433659918824560e+03 5.662073729539038141e+03 5.128979999999999563e+03 0.000000000000000000e+00 6.483538320267753896e+00 6.099999999999999867e-02
4.376037000000000000e+07 1.000000000000000000e+00 6.500000000000000000e+01 8.979617659918825666e+03 5.657132729539038337e+03 5.125750000000000000e+03 0.000000000000000000e+00 3.859901130760614141e+00 9.199999999999999845e-02
4.376037000000000000e+07 1.000000000000000000e+00 6.500000000000000000e+01 8.979723659918825433e+03 5.659842729539038373e+03 5.121880000000000109e+03 0.000000000000000000e+00 4.379689373342929848e+00 2.039999999999999869e-01
4.376036800000000000e+07 1.000000000000000000e+00 6.500000000000000000e+01 8.981988659918824851e+03 5.643373729539038322e+03 5.122399999999999636e+03 0.000000000000000000e+00 3.422004439637391648e+00 5.879430000000000156e+00
4.376199500000000000e+07 1.000000000000000000e+00 6.500000000000000000e+01 8.952593659918824414e+03 5.661922729539038301e+03 5.125449999999999818e+03 0.000000000000000000e+00 7.796926881930621889e+00 9.199999999999999845e-02
4.376199500000000000e+07 1.000000000000000000e+00 6.500000000000000000e+01 8.955960659918824604e+03 5.666490729539038512e+03 5.121399999999999636e+03 0.000000000000000000e+00 7.111937317127529745e+00 2.400000000000000050e-02
4.376199400000000000e+07 1.000000000000000000e+00 6.500000000000000000e+01 8.967451659918824589e+03 5.659412729539038082e+03 5.119989999999999782e+03 0.000000000000000000e+00 9.835981105299891780e+00 9.199999999999999845e-02
4.376036000000000000e+07 1.000000000000000000e+00 6.500000000000000000e+01 8.960849659918825637e+03 5.655640729539038148e+03 5.136930000000000291e+03 0.000000000000000000e+00 8.951213325235489293e+00 9.199999999999999845e-02
4.376036500000000000e+07 1.000000000000000000e+00 6.600000000000000000e+01 8.966564659918825782e+03 5.650859729539038199e+03 5.133460000000000036e+03 0.000000000000000000e+00 5.016111722582688337e+00 8.349999999999999645e-01
4.376036500000000000e+07 1.000000000000000000e+00 6.600000000000000000e+01 8.968394659918823891e+03 5.650514729539037944e+03 5.132989999999999782e+03 0.000000000000000000e+00 3.601265157470225464e+00 9.199999999999999845e-02
4.376036500000000000e+07 1.000000000000000000e+00 6.600000000000000000e+01 8.968394659918823891e+03 5.650514729539037944e+03 5.132989999999999782e+03 0.000000000000000000e+00 3.601265157470225464e+00 7.341510000000000424e+00
4.376037100000000000e+07 1.000000000000000000e+00 6.600000000000000000e+01 8.999179659918823745e+03 5.635677729539038410e+03 5.119630000000000109e+03 0.000000000000000000e+00 7.878711170248459794e+00 6.027149999999999785e+00
4.376298500000000000e+07 1.000000000000000000e+00 6.500000000000000000e+01 9.004977659918824429e+03 5.620966729539038170e+03 5.139950000000000728e+03 0.000000000000000000e+00 8.305061689221867383e+00 9.199999999999999845e-02
4.376298500000000000e+07 1.000000000000000000e+00 6.500000000000000000e+01 9.002568659918824778e+03 5.626342729539038373e+03 5.144270000000000437e+03 0.000000000000000000e+00 5.681817453651714089e+00 9.199999999999999845e-02
4.376298500000000000e+07 1.000000000000000000e+00 6.500000000000000000e+01 9.003764659918824691e+03 5.626670729539037893e+03 5.145000000000000000e+03 0.000000000000000000e+00 4.411240764236340262e+00 4.169999999999999818e-01
4.376298500000000000e+07 1.000000000000000000e+00 6.500000000000000000e+01 9.003764659918824691e+03 5.626670729539037893e+03 5.145000000000000000e+03 0.000000000000000000e+00 4.411240764236340262e+00 7.208910000000000373e+00
4.376297900000000000e+07 1.000000000000000000e+00 6.600000000000000000e+01 9.013296659918825753e+03 5.640257729539038337e+03 5.113579999999999927e+03 0.000000000000000000e+00 7.395076439283656988e+00 9.199999999999999845e-02
4.376297900000000000e+07 1.000000000000000000e+00 6.600000000000000000e+01 9.013274659918824909e+03 5.640083729539038359e+03 5.113760000000000218e+03 0.000000000000000000e+00 7.244120003619242354e+00 2.039999999999999869e-01
4.376297900000000000e+07 1.000000000000000000e+00 6.600000000000000000e+01 9.013034659918823309e+03 5.638135729539038039e+03 5.115780000000000655e+03 0.000000000000000000e+00 6.022608038193684621e+00 6.099999999999999867e-02
4.376297700000000000e+07 1.000000000000000000e+00 6.600000000000000000e+01 9.030927659918823338e+03 5.652748729539038322e+03 5.125639999999999418e+03 0.000000000000000000e+00 5.831031970753017823e+00 2.255609999999999893e+00
4.376144600000000000e+07 1.000000000000000000e+00 6.600000000000000000e+01 9.041501659918823862e+03 5.660717729539038373e+03 5.129670000000000073e+03 0.000000000000000000e+00 6.780319434187206618e+00 5.591680000000000206e+00
4.376145200000000000e+07 1.000000000000000000e+00 6.500000000000000000e+01 9.055773659918824706e+03 5.669067729539037828e+03 5.136659999999999854e+03 0.000000000000000000e+00 7.179807158315857585e+00 4.169999999999999818e-01
4.376309200000000000e+07 1.000000000000000000e+00 6.600000000000000000e+01 9.041155659918824313e+03 5.676423729539038504e+03 5.124119999999999891e+03 0.000000000000000000e+00 8.008390924860217197e+00 4.169999999999999818e-01
4.376309200000000000e+07 1.000000000000000000e+00 6.600000000000000000e+01 9.038309659918824764e+03 5.671603729539037886e+03 5.123569999999999709e+03 0.000000000000000000e+00 4.366119992751240630e+00 6.099999999999999867e-02
4.376144800000000000e+07 1.000000000000000000e+00 6.600000000000000000e+01 9.048436659918825171e+03 5.667052729539038410e+03 5.141869999999999891e+03 0.000000000000000000e+00 5.399087656871430774e+00 9.199999999999999845e-02
4.376144800000000000e+07 1.000000000000000000e+00 6.600000000000000000e+01 9.050554659918823745e+03 5.665783729539038177e+03 5.141600000000000364e+03 0.000000000000000000e+00 5.540149901394284093e+00 9.199999999999999845e-02
4.376144800000000000e+07 1.000000000000000000e+00 6.600000000000000000e+01 9.049354659918824836e+03 5.662936729539038424e+03 5.139760000000000218e+03 0.000000000000000000e+00 3.325667394076064820e+00 4.169999999999999818e-01
4.376145100000000000e+07 1.000000000000000000e+00 6.500000000000000000e+01 9.053736659918824444e+03 5.657352729539038592e+03 5.139469999999999345e+03 0.000000000000000000e+00 2.987018844766437642e+00 2.039999999999999869e-01
4.376145100000000000e+07 1.000000000000000000e+00 6.500000000000000000e+01 9.055128659918824269e+03 5.660331729539037951e+03 5.142430000000000291e+03 0.000000000000000000e+00 2.725005718206093164e+00 9.199999999999999845e-02
4.376144900000000000e+07 1.000000000000000000e+00 6.600000000000000000e+01 9.049412659918823920e+03 5.660864729539038308e+03 5.149020000000000437e+03 0.000000000000000000e+00 1.285645404623684041e+00 6.099999999999999867e-02
4.376144900000000000e+07 1.000000000000000000e+00 6.600000000000000000e+01 9.045056659918824153e+03 5.659701729539037842e+03 5.152699999999999818e+03 0.000000000000000000e+00 4.754163212179655318e+00 2.039999999999999869e-01
4.376144500000000000e+07 1.000000000000000000e+00 6.500000000000000000e+01 9.042769659918823891e+03 5.659153729539038068e+03 5.155969999999999345e+03 0.000000000000000000e+00 6.837721774171769518e+00 6.099999999999999867e-02
4.376144400000000000e+07 1.000000000000000000e+00 6.500000000000000000e+01 9.038020659918824094e+03 5.657510729539038039e+03 5.151880000000000109e+03 0.000000000000000000e+00 2.107515349255081549e+00 5.000000000000000000e-01
4.376144400000000000e+07 0.000000000000000000e+00 6.500000000000000000e+01 9.037552659918823338e+03 5.657126729539038024e+03 5.144180000000000291e+03 0.000000000000000000e+00 2.022166535954209365e+00 4.169999999999999818e-01
4.376144400000000000e+07 0.000000000000000000e+00 6.500000000000000000e+01 9.037552659918823338e+03 5.657126729539038024e+03 5.144180000000000291e+03 0.000000000000000000e+00 2.022166535954209365e+00 7.020179999999999865e+00
4.376145700000000000e+07 1.000000000000000000e+00 6.600000000000000000e+01 9.066133659918825288e+03 5.669025729539038366e+03 5.129550000000000182e+03 0.000000000000000000e+00 5.987868024062027672e+00 2.400000000000000050e-02
4.376145700000000000e+07 1.000000000000000000e+00 6.600000000000000000e+01 9.067708659918824196e+03 5.669542729539038191e+03 5.129579999999999927e+03 0.000000000000000000e+00 5.777203143498794269e+00 2.400000000000000050e-02
4.376145700000000000e+07 1.000000000000000000e+00 6.600000000000000000e+01 9.065586659918824807e+03 5.666799729539038708e+03 5.129690000000000509e+03 0.000000000000000000e+00 6.131878587724090224e+00 9.199999999999999845e-02
4.376145600000000000e+07 1.000000000000000000e+00 6.600000000000000000e+01 9.064161659918823716e+03 5.664721729539038279e+03 5.128850000000000364e+03 0.000000000000000000e+00 6.397581314577649003e+00 6.099999999999999867e-02
4.376144900000000000e+07 1.000000000000000000e+00 6.500000000000000000e+01 9.052207659918825811e+03 5.644308729539037813e+03 5.134479999999999563e+03 0.000000000000000000e+00 5.368427528865963971e+00 6.099999999999999867e-02
4.376144900000000000e+07 1.000000000000000000e+00 6.500000000000000000e+01 9.053212659918825011e+03 5.644137729539038446e+03 5.135110000000000582e+03 0.000000000000000000e+00 4.802618771791299146e+00 9.199999999999999845e-02
4.376144900000000000e+07 1.000000000000000000e+00 6.500000000000000000e+01 9.058365659918825259e+03 5.641024729539038162e+03 5.138969999999999345e+03 0.000000000000000000e+00 2.703809858780722220e+00 9.199999999999999845e-02
4.376144900000000000e+07 1.000000000000000000e+00 6.500000000000000000e+01 9.058165659918824531e+03 5.642313729539037922e+03 5.138829999999999927e+03 0.000000000000000000e+00 3.384588562372794485e+00 2.400000000000000050e-02
4.376145000000000000e+07 0.000000000000000000e+00 6.600000000000000000e+01 9.053129659918824473e+03 5.646168729539038395e+03 5.152860000000000582e+03 0.000000000000000000e+00 5.635731849475228650e+00 2.039999999999999869e-01
4.376145000000000000e+07 1.000000000000000000e+00 6.600000000000000000e+01 9.049287659918823920e+03 5.649215729539037966e+03 5.157850000000000364e+03 0.000000000000000000e+00 6.895725255747457538e+00 2.400000000000000050e-02
4.376144600000000000e+07 1.000000000000000000e+00 6.500000000000000000e+01 9.045818659918824778e+03 5.646885729539038039e+03 5.154500000000000000e+03 0.000000000000000000e+00 3.125267916942180868e+00 4.169999999999999818e-01
4.376144600000000000e+07 1.000000000000000000e+00 6.500000000000000000e+01 9.041406659918824516e+03 5.645900729539038366e+03 5.151639999999999418e+03 0.000000000000000000e+00 2.082941198474280053e+00 4.169999999999999818e-01
4.376144700000000000e+07 1.000000000000000000e+00 6.500000000000000000e+01 9.044531659918824516e+03 5.637600729539038184e+03 5.148719999999999345e+03 0.000000000000000000e+00 3.009188357481740628e+00 2.400000000000000050e-02
4.376298600000000000e+07 1.000000000000000000e+00 6.600000000000000000e+01 9.022936659918825171e+03 5.638902729539037864e+03 5.160569999999999709e+03 0.000000000000000000e+00 7.771986407297425181e+00 9.199999999999999845e-02
4.376137400000000000e+07 1.000000000000000000e+00 6.600000000000000000e+01 9.068208659918824196e+03 5.674694729539038235e+03 5.143469999999999345e+03 0.000000000000000000e+00 4.828556402684061055e+00 5.097990000000000244e+00
4.376137600000000000e+07 1.000000000000000000e+00 6.600000000000000000e+01 9.072684659918824764e+03 5.686030729539038475e+03 5.143329999999999927e+03 0.000000000000000000e+00 4.261944639389378398e-01 6.099999999999999867e-02
4.376137700000000000e+07 0.000000000000000000e+00 6.600000000000000000e+01 9.074238659918824851e+03 5.689965729539037966e+03 5.145319999999999709e+03 0.000000000000000000e+00 1.462262868273763283e+00 4.169999999999999818e-01
4.376137600000000000e+07 0.000000000000000000e+00 6.600000000000000000e+01 9.075210659918824604e+03 5.687113729539038104e+03 5.145100000000000364e+03 0.000000000000000000e+00 2.346565962409014716e+00 9.199999999999999845e-02
4.376137600000000000e+07 1.000000000000000000e+00 6.600000000000000000e+01 9.074161659918823716e+03 5.682783729539038177e+03 5.142619999999999891e+03 0.000000000000000000e+00 3.503710989048964386e+00 6.099999999999999867e-02
4.376137300000000000e+07 0.000000000000000000e+00 6.500000000000000000e+01 9.065462659918825011e+03 5.682837729539038264e+03 5.152199999999999818e+03 0.000000000000000000e+00 1.424374143513779778e+00 9.199999999999999845e-02
4.376137200000000000e+07 0.000000000000000000e+00 6.600000000000000000e+01 9.066946659918823570e+03 5.679878729539038432e+03 5.157850000000000364e+03 0.000000000000000000e+00 4.490991578413457974e-01 9.199999999999999845e-02
4.376137200000000000e+07 0.000000000000000000e+00 6.600000000000000000e+01 9.066418659918825142e+03 5.681204729539038453e+03 5.160510000000000218e+03 0.000000000000000000e+00 2.842088161339353380e+00 9.199999999999999845e-02
4.376137200000000000e+07 1.000000000000000000e+00 6.600000000000000000e+01 9.067854659918824836e+03 5.677655729539038475e+03 5.159799999999999272e+03 0.000000000000000000e+00 1.081469288937415563e+00 9.199999999999999845e-02
4.376137400000000000e+07 1.000000000000000000e+00 6.600000000000000000e+01 9.075337659918823192e+03 5.672843729539038577e+03 5.151670000000000073e+03 0.000000000000000000e+00 2.113606705601116964e+00 9.199999999999999845e-02
4.376145400000000000e+07 1.000000000000000000e+00 6.500000000000000000e+01 9.073167659918824938e+03 5.669538729539038286e+03 5.146880000000000109e+03 0.000000000000000000e+00 4.627729034381022011e+00 2.039999999999999869e-01
4.376145900000000000e+07 1.000000000000000000e+00 6.600000000000000000e+01 9.077694659918824982e+03 5.675527729539037864e+03 5.138809999999999491e+03 0.000000000000000000e+00 3.579388892153371415e+00 2.400000000000000050e-02
4.376145900000000000e+07 1.000000000000000000e+00 6.600000000000000000e+01 9.079148659918824706e+03 5.676656729539038679e+03 5.136899999999999636e+03 0.000000000000000000e+00 3.998125128860621214e+00 4.169999999999999818e-01
4.376145900000000000e+07 1.000000000000000000e+00 6.600000000000000000e+01 9.079148659918824706e+03 5.676656729539038679e+03 5.136899999999999636e+03 0.000000000000000000e+00 3.998125128860621214e+00 7.025780000000000136e+00
4.376137600000000000e+07 1.000000000000000000e+00 6.500000000000000000e+01 9.093433659918824560e+03 5.685361729539038606e+03 5.157300000000000182e+03 0.000000000000000000e+00 9.423078501033378629e+00 2.983319999999999972e+00
4.376137600000000000e+07 1.000000000000000000e+00 6.500000000000000000e+01 9.079730659918825040e+03 5.681362729539037900e+03 5.150840000000000146e+03 0.000000000000000000e+00 2.847005892605687816e+00 1.000000000000000000e+01
4.376137600000000000e+07 1.000000000000000000e+00 6.500000000000000000e+01 9.079730659918825040e+03 5.681362729539037900e+03 5.150840000000000146e+03 0.000000000000000000e+00 2.847005892605687816e+00 1.714120000000000088e+00
4.376244900000000000e+07 1.000000000000000000e+00 6.500000000000000000e+01 9.104026659918825317e+03 5.693815729539038330e+03 5.162699999999999818e+03 0.000000000000000000e+00 8.168094870042530431e+00 3.951290000000000191e+00
4.376325800000000000e+07 1.000000000000000000e+00 6.500000000000000000e+01 9.107520659918824094e+03 5.697616729539038715e+03 5.164680000000000291e+03 0.000000000000000000e+00 8.362737353715466782e+00 9.199999999999999845e-02
4.376245300000000000e+07 1.000000000000000000e+00 6.600000000000000000e+01 9.113597659918825229e+03 5.693619729539038417e+03 5.165309999999999491e+03 0.000000000000000000e+00 7.424311552091508837e+00 6.099999999999999867e-02
4.376326400000000000e+07 1.000000000000000000e+00 6.600000000000000000e+01 9.109689659918825782e+03 5.684711729539038060e+03 5.185940000000000509e+03 0.000000000000000000e+00 8.625438735708881310e+00 4.169999999999999818e-01
4.376326400000000000e+07 1.000000000000000000e+00 6.600000000000000000e+01 9.109130659918824676e+03 5.682815729539038330e+03 5.189569999999999709e+03 0.000000000000000000e+00 9.878241917576668030e+00 6.099999999999999867e-02
4.376326400000000000e+07 1.000000000000000000e+00 6.600000000000000000e+01 9.108869659918824254e+03 5.682689729539038126e+03 5.189270000000000437e+03 0.000000000000000000e+00 9.764636791028468821e+00 6.099999999999999867e-02
4.376326600000000000e+07 1.000000000000000000e+00 6.500000000000000000e+01 9.103186659918825171e+03 5.681487729539037900e+03 5.183420000000000073e+03 0.000000000000000000e+00 9.463836728442107216e+00 4.169999999999999818e-01
4.376326600000000000e+07 1.000000000000000000e+00 6.500000000000000000e+01 9.099092659918824211e+03 5.688733729539037995e+03 5.189090000000000146e+03 0.000000000000000000e+00 3.686728670108684991e+00 9.199999999999999845e-02
4.376326400000000000e+07 1.000000000000000000e+00 6.600000000000000000e+01 9.101092659918824211e+03 5.694040729539038693e+03 5.186229999999999563e+03 0.000000000000000000e+00 9.607108075794131841e-01 4.169999999999999818e-01
4.376326100000000000e+07 0.000000000000000000e+00 6.600000000000000000e+01 9.101562659918825375e+03 5.702444729539038235e+03 5.174710000000000036e+03 0.000000000000000000e+00 3.829961491565167631e+00 2.400000000000000050e-02
4.376326000000000000e+07 1.000000000000000000e+00 6.600000000000000000e+01 9.084284659918823309e+03 5.703301729539038206e+03 5.162530000000000655e+03 0.000000000000000000e+00 5.989389599484691296e+00 9.199999999999999845e-02
4.376326000000000000e+07 1.000000000000000000e+00 6.600000000000000000e+01 9.087752659918824065e+03 5.704277729539038774e+03 5.163620000000000800e+03 0.000000000000000000e+00 3.138051916647181638e+00 6.099999999999999867e-02
4.376326100000000000e+07 1.000000000000000000e+00 6.600000000000000000e+01 9.087479659918824836e+03 5.704995729539038621e+03 5.166489999999999782e+03 0.000000000000000000e+00 3.653017687906890298e+00 9.199999999999999845e-02
4.376326100000000000e+07 1.000000000000000000e+00 6.600000000000000000e+01 9.091395659918824094e+03 5.698332729539038155e+03 5.160960000000000036e+03 0.000000000000000000e+00 5.806715965054381812e+00 6.099999999999999867e-02
4.376326100000000000e+07 1.000000000000000000e+00 6.600000000000000000e+01 9.091723659918825433e+03 5.697870729539038621e+03 5.160819999999999709e+03 0.000000000000000000e+00 6.109096527835736978e+00 2.039999999999999869e-01
4.376138100000000000e+07 1.000000000000000000e+00 6.600000000000000000e+01 9.091629659918824473e+03 5.695444729539038235e+03 5.153360000000000582e+03 0.000000000000000000e+00 8.595325961223798217e+00 9.199999999999999845e-02
4.376138100000000000e+07 1.000000000000000000e+00 6.600000000000000000e+01 9.091307659918824356e+03 5.694770729539038257e+03 5.148550000000000182e+03 0.000000000000000000e+00 4.967774348069420753e+00 4.169999999999999818e-01
4.376138000000000000e+07 0.000000000000000000e+00 6.600000000000000000e+01 9.088998659918823250e+03 5.694122729539038119e+03 5.146430000000000291e+03 0.000000000000000000e+00 5.468324445311494308e+00 9.199999999999999845e-02
4.376137900000000000e+07 0.000000000000000000e+00 6.500000000000000000e+01 9.084236659918824444e+03 5.692277729539037864e+03 5.141220000000000255e+03 0.000000000000000000e+00 2.620715011045687604e+00 9.199999999999999845e-02
4.376137900000000000e+07 0.000000000000000000e+00 6.500000000000000000e+01 9.081760659918825695e+03 5.693665729539038693e+03 5.143720000000000255e+03 0.000000000000000000e+00 6.298900114735722644e-01 9.199999999999999845e-02
4.376138000000000000e+07 0.000000000000000000e+00 6.500000000000000000e+01 9.084358659918823832e+03 5.692314729539038126e+03 5.136409999999999854e+03 0.000000000000000000e+00 3.983099900142179628e+00 2.400000000000000050e-02
4.376138100000000000e+07 1.000000000000000000e+00 6.500000000000000000e+01 9.073856659918823425e+03 5.696088729539038468e+03 5.131489999999999782e+03 0.000000000000000000e+00 4.946217084769678252e+00 6.099999999999999867e-02
4.376137600000000000e+07 1.000000000000000000e+00 6.600000000000000000e+01 9.066888659918824487e+03 5.689306729539038315e+03 5.133789999999999964e+03 0.000000000000000000e+00 9.968220036797474037e+00 4.169999999999999818e-01
4.376137900000000000e+07 1.000000000000000000e+00 6.500000000000000000e+01 9.076537659918823920e+03 5.686937729539038628e+03 5.135870000000000800e+03 0.000000000000000000e+00 4.272933263864462816e+00 6.099999999999999867e-02
4.376137900000000000e+07 1.000000000000000000e+00 6.500000000000000000e+01 9.076231659918823425e+03 5.691059729539038017e+03 5.141510000000000218e+03 0.000000000000000000e+00 3.476612133522524850e+00 2.400000000000000050e-02
4.376137900000000000e+07 0.000000000000000000e+00 6.600000000000000000e+01 9.079082659918823992e+03 5.697026729539038570e+03 5.143569999999999709e+03 0.000000000000000000e+00 1.890292031332646117e+00 2.400000000000000050e-02
4.376137800000000000e+07 1.000000000000000000e+00 6.600000000000000000e+01 9.074898659918824706e+03 5.697778729539038068e+03 5.141869999999999891e+03 0.000000000000000000e+00 2.947474286367532503e+00 2.400000000000000050e-02
4.376137800000000000e+07 1.000000000000000000e+00 6.600000000000000000e+01 9.076347659918825229e+03 5.698694729539038235e+03 5.142489999999999782e+03 0.000000000000000000e+00 2.428446958257580945e+00 2.400000000000000050e-02
4.376137800000000000e+07 0.000000000000000000e+00 6.600000000000000000e+01 9.080130659918824676e+03 5.694303729539038613e+03 5.149569999999999709e+03 0.000000000000000000e+00 3.051427180962376973e+00 2.400000000000000050e-02
4.376137700000000000e+07 0.000000000000000000e+00 6.500000000000000000e+01 9.080584659918824400e+03 5.694029729539038271e+03 5.150079999999999927e+03 0.000000000000000000e+00 3.508283299998697480e+00 9.199999999999999845e-02
4.376137800000000000e+07 0.000000000000000000e+00 6.500000000000000000e+01 9.080457659918825811e+03 5.690134729539038744e+03 5.146880000000000109e+03 0.000000000000000000e+00 1.480264609007464705e+00 2.400000000000000050e-02
4.376137700000000000e+07 0.000000000000000000e+00 6.500000000000000000e+01 9.079784659918823309e+03 5.687788729539038286e+03 5.148470000000000255e+03 0.000000000000000000e+00 5.663078527071350177e-01 9.199999999999999845e-02
4.376137500000000000e+07 1.000000000000000000e+00 6.500000000000000000e+01 9.079214659918823600e+03 5.687144729539038053e+03 5.154949999999999818e+03 0.000000000000000000e+00 1.575590344488190242e+00 9.199999999999999845e-02
4.376137100000000000e+07 1.000000000000000000e+00 6.600000000000000000e+01 9.069652659918825520e+03 5.681113729539038104e+03 5.165479999999999563e+03 0.000000000000000000e+00 5.509061097058029155e+00 9.199999999999999845e-02
4.376234800000000000e+07 1.000000000000000000e+00 6.500000000000000000e+01 9.074297659918824138e+03 5.676747729539038119e+03 5.172020000000000437e+03 0.000000000000000000e+00 8.141955523685329155e+00 6.099999999999999867e-02
4.376137200000000000e+07 1.000000000000000000e+00 6.600000000000000000e+01 9.071504659918824473e+03 5.679751729539038024e+03 5.162520000000000437e+03 0.000000000000000000e+00 3.556788568114939153e+00 9.199999999999999845e-02
4.376137200000000000e+07 1.000000000000000000e+00 6.600000000000000000e+01 9.071651659918825317e+03 5.679588729539038468e+03 5.162460000000000036e+03 0.000000000000000000e+00 3.493227147593761739e+00 2.400000000000000050e-02
4.376137200000000000e+07 1.000000000000000000e+00 6.600000000000000000e+01 9.072959659918824400e+03 5.678142729539038555e+03 5.161930000000000291e+03 0.000000000000000000e+00 3.576275999615794454e+00 8.349999999999999645e-01
4.376137200000000000e+07 1.000000000000000000e+00 6.600000000000000000e+01 9.072959659918824400e+03 5.678142729539038555e+03 5.161930000000000291e+03 0.000000000000000000e+00 3.576275999615794454e+00 6.708969999999999878e+00
4.376245300000000000e+07 1.000000000000000000e+00 6.600000000000000000e+01 9.111194659918824982e+03 5.698918729539038395e+03 5.166700000000000728e+03 0.000000000000000000e+00 5.339643687305428266e+00 9.199999999999999845e-02
4.376245300000000000e+07 1.000000000000000000e+00 6.600000000000000000e+01 9.117710659918824604e+03 5.696595729539038075e+03 5.171289999999999964e+03 0.000000000000000000e+00 8.538716304640278310e+00 9.199999999999999845e-02
4.376325900000000000e+07 1.000000000000000000e+00 6.500000000000000000e+01 9.115051659918824953e+03 5.699753729539038432e+03 5.181380000000000109e+03 0.000000000000000000e+00 9.143955580913811332e+00 2.400000000000000050e-02
4.376325900000000000e+07 1.000000000000000000e+00 6.500000000000000000e+01 9.116340659918823803e+03 5.702018729539038759e+03 5.180949999999999818e+03 0.000000000000000000e+00 9.279133361919020828e+00 9.199999999999999845e-02
4.376435700000000000e+07 1.000000000000000000e+00 6.500000000000000000e+01 9.177023659918824706e+03 5.724827729539038046e+03 5.172899999999999636e+03 0.000000000000000000e+00 9.137849710216491061e+00 4.369919999999999582e+00
4.376435700000000000e+07 1.000000000000000000e+00 6.500000000000000000e+01 9.179636659918824080e+03 5.725539729539038490e+03 5.173020000000000437e+03 0.000000000000000000e+00 8.974579078361436757e+00 3.672979999999999912e+00
4.376435700000000000e+07 1.000000000000000000e+00 6.500000000000000000e+01 9.181509659918825491e+03 5.725670729539037893e+03 5.173119999999999891e+03 0.000000000000000000e+00 9.159945506266019777e+00 1.124000000000000021e+01
4.376517500000000000e+07 1.000000000000000000e+00 6.500000000000000000e+01 9.199323659918823978e+03 5.700874729539038526e+03 5.163090000000000146e+03 0.000000000000000000e+00 1.134553419436565624e+00 1.339000000000000057e+01
4.376517500000000000e+07 1.000000000000000000e+00 6.500000000000000000e+01 9.200594659918824618e+03 5.698725729539038184e+03 5.162850000000000364e+03 0.000000000000000000e+00 2.318457766796926389e+00 6.099999999999999867e-02
4.376517500000000000e+07 1.000000000000000000e+00 6.500000000000000000e+01 9.200961659918824807e+03 5.698105729539038293e+03 5.162779999999999745e+03 0.000000000000000000e+00 2.872511589705742274e+00 1.078999999999999915e+01
4.376517400000000000e+07 0.000000000000000000e+00 6.600000000000000000e+01 9.202170659918825550e+03 5.695295729539038803e+03 5.162440000000000509e+03 0.000000000000000000e+00 1.841054721565528851e+00 1.339000000000000057e+01
4.376517400000000000e+07 0.000000000000000000e+00 6.600000000000000000e+01 9.202778659918825724e+03 5.694383729539038541e+03 5.162500000000000000e+03 0.000000000000000000e+00 1.354344195766592929e+00 1.078999999999999915e+01
4.376517300000000000e+07 0.000000000000000000e+00 6.500000000000000000e+01 9.207959659918824400e+03 5.699407729539037973e+03 5.160520000000000437e+03 0.000000000000000000e+00 1.665197708995633796e+00 1.078999999999999915e+01
4.376516900000000000e+07 1.000000000000000000e+00 6.500000000000000000e+01 9.202096659918825026e+03 5.693669729539038599e+03 5.146630000000000109e+03 0.000000000000000000e+00 1.715459031450865313e+00 1.078999999999999915e+01
4.376517100000000000e+07 1.000000000000000000e+00 6.600000000000000000e+01 9.208687659918825375e+03 5.708226729539038388e+03 5.158129999999999200e+03 0.000000000000000000e+00 4.790169797982881228e+00 2.400000000000000050e-02
4.376517200000000000e+07 0.000000000000000000e+00 6.600000000000000000e+01 9.203206659918825608e+03 5.702706729539037951e+03 5.158889999999999418e+03 0.000000000000000000e+00 3.901937380744052053e+00 2.400000000000000050e-02
4.376517100000000000e+07 1.000000000000000000e+00 6.600000000000000000e+01 9.202769659918823891e+03 5.710193729539038031e+03 5.150229999999999563e+03 0.000000000000000000e+00 2.937436149735344060e+00 2.400000000000000050e-02
4.376517300000000000e+07 1.000000000000000000e+00 6.500000000000000000e+01 9.210915659918824531e+03 5.706481729539038497e+03 5.165139999999999418e+03 0.000000000000000000e+00 5.086224453700726400e+00 4.169999999999999818e-01
4.376517300000000000e+07 1.000000000000000000e+00 6.500000000000000000e+01 9.219091659918824007e+03 5.703855729539038293e+03 5.169159999999999854e+03 0.000000000000000000e+00 8.166259203478068329e+00 5.000000000000000000e-01
4.376517300000000000e+07 1.000000000000000000e+00 6.500000000000000000e+01 9.219114659918825055e+03 5.703582729539038155e+03 5.168460000000000036e+03 0.000000000000000000e+00 7.932047592289814375e+00 4.169999999999999818e-01
4.376517300000000000e+07 1.000000000000000000e+00 6.500000000000000000e+01 9.219192659918824575e+03 5.703491729539038715e+03 5.168139999999999418e+03 0.000000000000000000e+00 7.915806211472387943e+00 9.199999999999999845e-02
4.376517300000000000e+07 1.000000000000000000e+00 6.500000000000000000e+01 9.216770659918824094e+03 5.702320729539038439e+03 5.168510000000000218e+03 0.000000000000000000e+00 5.570381634175852525e+00 2.400000000000000050e-02
4.376517300000000000e+07 1.000000000000000000e+00 6.500000000000000000e+01 9.212773659918824706e+03 5.706098729539038686e+03 5.165639999999999418e+03 0.000000000000000000e+00 5.606689399714730904e+00 9.199999999999999845e-02
4.376517300000000000e+07 1.000000000000000000e+00 6.500000000000000000e+01 9.216980659918823221e+03 5.706417729539038191e+03 5.164430000000000291e+03 0.000000000000000000e+00 8.313470496720013259e+00 2.400000000000000050e-02
4.376516900000000000e+07 1.000000000000000000e+00 6.600000000000000000e+01 9.223822659918823774e+03 5.705298729539038504e+03 5.157860000000000582e+03 0.000000000000000000e+00 9.634141364808815666e+00 9.199999999999999845e-02
4.376517000000000000e+07 1.000000000000000000e+00 6.600000000000000000e+01 9.214090659918823803e+03 5.707219729539037871e+03 5.155149999999999636e+03 0.000000000000000000e+00 2.760041244560836660e+00 4.169999999999999818e-01
4.376517000000000000e+07 1.000000000000000000e+00 6.600000000000000000e+01 9.212664659918824327e+03 5.704385729539038039e+03 5.154530000000000655e+03 0.000000000000000000e+00 2.494442413832641314e+00 9.199999999999999845e-02
4.376516900000000000e+07 1.000000000000000000e+00 6.600000000000000000e+01 9.213801659918824953e+03 5.703719729539037871e+03 5.153550000000000182e+03 0.000000000000000000e+00 2.477493705292533210e+00 9.199999999999999845e-02
4.376516800000000000e+07 1.000000000000000000e+00 6.600000000000000000e+01 9.218545659918825550e+03 5.704797729539038301e+03 5.150020000000000437e+03 0.000000000000000000e+00 1.864868505080501837e+00 4.169999999999999818e-01
4.376516800000000000e+07 1.000000000000000000e+00 6.600000000000000000e+01 9.218545659918825550e+03 5.704797729539038301e+03 5.150020000000000437e+03 0.000000000000000000e+00 1.864868505080501837e+00 7.156399999999999650e+00
4.376516900000000000e+07 1.000000000000000000e+00 6.500000000000000000e+01 9.202096659918825026e+03 5.693669729539038599e+03 5.146630000000000109e+03 0.000000000000000000e+00 1.715459031450865313e+00 2.464290000000000092e+00
4.376517300000000000e+07 0.000000000000000000e+00 6.500000000000000000e+01 9.207959659918824400e+03 5.699407729539037973e+03 5.160520000000000437e+03 0.000000000000000000e+00 1.665197708995633796e+00 1.726110000000000033e+00
4.376517400000000000e+07 0.000000000000000000e+00 6.600000000000000000e+01 9.202778659918825724e+03 5.694383729539038541e+03 5.162500000000000000e+03 0.000000000000000000e+00 1.354344195766592929e+00 7.061790000000000234e+00
4.376517400000000000e+07 0.000000000000000000e+00 6.600000000000000000e+01 9.202170659918825550e+03 5.695295729539038803e+03 5.162440000000000509e+03 0.000000000000000000e+00 1.841054721565528851e+00 3.412770000000000081e+00
4.376517500000000000e+07 1.000000000000000000e+00 6.500000000000000000e+01 9.202490659918825259e+03 5.699809729539038017e+03 5.162720000000000255e+03 0.000000000000000000e+00 2.466273379693822321e+00 2.039999999999999869e-01
4.376517400000000000e+07 1.000000000000000000e+00 6.500000000000000000e+01 9.214417659918824938e+03 5.704937729539038628e+03 5.168789999999999964e+03 0.000000000000000000e+00 6.479711414648111401e+00 4.169999999999999818e-01
4.376517400000000000e+07 1.000000000000000000e+00 6.500000000000000000e+01 9.207627659918824065e+03 5.709748729539038322e+03 5.173479999999999563e+03 0.000000000000000000e+00 9.591237501472276605e+00 9.199999999999999845e-02
4.376517500000000000e+07 1.000000000000000000e+00 6.500000000000000000e+01 9.199323659918823978e+03 5.700874729539038526e+03 5.163090000000000146e+03 0.000000000000000000e+00 1.134553419436565624e+00 7.208940000000000126e+00
4.376344100000000000e+07 1.000000000000000000e+00 6.500000000000000000e+01 9.177334659918824400e+03 5.722360729539038402e+03 5.180619999999999891e+03 0.000000000000000000e+00 4.272720172222482127e+00 9.199999999999999845e-02
4.376344100000000000e+07 1.000000000000000000e+00 6.500000000000000000e+01 9.174080659918825404e+03 5.724383729539038541e+03 5.181010000000000218e+03 0.000000000000000000e+00 2.902402769825600526e+00 9.199999999999999845e-02
4.376344400000000000e+07 1.000000000000000000e+00 6.600000000000000000e+01 9.165542659918824938e+03 5.708117729539038010e+03 5.193809999999999491e+03 0.000000000000000000e+00 6.221289930816206848e+00 9.199999999999999845e-02
4.376237500000000000e+07 1.000000000000000000e+00 6.600000000000000000e+01 9.125612659918824647e+03 5.701743729539038213e+03 5.222030000000000655e+03 0.000000000000000000e+00 8.991833514888432077e+00 2.400000000000000050e-02
4.376344000000000000e+07 1.000000000000000000e+00 6.500000000000000000e+01 9.173286659918823716e+03 5.717264729539037944e+03 5.170970000000000255e+03 0.000000000000000000e+00 8.287003196095888313e+00 9.199999999999999845e-02
4.376435000000000000e+07 1.000000000000000000e+00 6.600000000000000000e+01 9.160521659918824298e+03 5.757953729539038250e+03 5.156420000000000073e+03 0.000000000000000000e+00 4.713055133279694608e+00 9.199999999999999845e-02
4.376335200000000000e+07 1.000000000000000000e+00 6.500000000000000000e+01 9.158397659918824502e+03 5.759609729539038199e+03 5.154639999999999418e+03 0.000000000000000000e+00 4.665150083075205956e+00 1.078999999999999915e+01
4.376343400000000000e+07 1.000000000000000000e+00 6.500000000000000000e+01 9.145552659918823338e+03 5.748317729539037828e+03 5.165289999999999964e+03 0.000000000000000000e+00 1.438888459398908415e+00 2.400000000000000050e-02
4.376427900000000000e+07 1.000000000000000000e+00 6.600000000000000000e+01 9.139317659918824575e+03 5.743480729539038293e+03 5.172670000000000073e+03 0.000000000000000000e+00 3.127877028036394336e+00 4.169999999999999818e-01
4.376350600000000000e+07 1.000000000000000000e+00 6.500000000000000000e+01 9.138397659918824502e+03 5.750644729539038053e+03 5.170639999999999418e+03 0.000000000000000000e+00 5.910546389759537611e+00 9.199999999999999845e-02
4.376350500000000000e+07 1.000000000000000000e+00 6.500000000000000000e+01 9.137053659918823541e+03 5.757746729539037915e+03 5.174149999999999636e+03 0.000000000000000000e+00 8.494392514335380895e+00 8.349999999999999645e-01
4.376335200000000000e+07 1.000000000000000000e+00 6.500000000000000000e+01 9.158397659918824502e+03 5.759609729539038199e+03 5.154639999999999418e+03 0.000000000000000000e+00 4.665150083075205956e+00 9.251239999999999464e-01
4.376537600000000000e+07 1.000000000000000000e+00 6.600000000000000000e+01 9.228937659918825375e+03 5.771594729539037871e+03 5.191840000000000146e+03 0.000000000000000000e+00 4.971168701151937874e+00 1.078999999999999915e+01
4.376537600000000000e+07 1.000000000000000000e+00 6.600000000000000000e+01 9.230261659918824080e+03 5.769125729539038730e+03 5.195739999999999782e+03 0.000000000000000000e+00 2.927879467231221611e+00 1.078999999999999915e+01
4.376453500000000000e+07 1.000000000000000000e+00 6.600000000000000000e+01 9.238023659918824706e+03 5.765269729539038053e+03 5.194819999999999709e+03 0.000000000000000000e+00 7.404269316974944282e+00 9.199999999999999845e-02
4.376453500000000000e+07 1.000000000000000000e+00 6.600000000000000000e+01 9.243948659918823978e+03 5.760100729539038184e+03 5.190389999999999418e+03 0.000000000000000000e+00 6.646495593900139554e+00 6.099999999999999867e-02
4.376537600000000000e+07 1.000000000000000000e+00 6.600000000000000000e+01 9.230261659918824080e+03 5.769125729539038730e+03 5.195739999999999782e+03 0.000000000000000000e+00 2.927879467231221611e+00 5.065240000000000187e+00
4.376537600000000000e+07 1.000000000000000000e+00 6.600000000000000000e+01 9.228937659918825375e+03 5.771594729539037871e+03 5.191840000000000146e+03 0.000000000000000000e+00 4.971168701151937874e+00 5.585639999999999716e+00
