1.336497300000000000e+07 1.000000000000000000e+00 6.600000000000000000e+01 3.989306958957903589e+03 1.073429409331219722e+04 1.446929999999999382e+03 0.000000000000000000e+00 2.293837919250294455e+00 1.078999999999999915e+01
2.621379800000000000e+07 1.000000000000000000e+00 6.500000000000000000e+01 4.094865188957903229e+03 1.077707595331219636e+04 3.133710000000000036e+03 0.000000000000000000e+00 1.134102467134042502e+00 1.078999999999999915e+01
3.599138300000000000e+07 1.000000000000000000e+00 6.600000000000000000e+01 4.087468188957903294e+03 1.076831035331219755e+04 4.076659999999999854e+03 0.000000000000000000e+00 5.384063437404600805e+00 1.078999999999999915e+01
1.211234250000000000e+08 1.000000000000000000e+00 6.500000000000000000e+01 1.143076188957903469e+03 1.162465365331219800e+04 1.406188999999999942e+04 0.000000000000000000e+00 4.176660919276957706e+00 1.339000000000000057e+01
1.211234300000000000e+08 1.000000000000000000e+00 6.600000000000000000e+01 1.148086188957903687e+03 1.162216165331219781e+04 1.406175999999999840e+04 0.000000000000000000e+00 8.378562693457846322e+00 9.199999999999999845e-02
1.211235150000000000e+08 1.000000000000000000e+00 6.600000000000000000e+01 1.181796188957903723e+03 1.161764765331219678e+04 1.407554999999999927e+04 0.000000000000000000e+00 7.200172929727965077e+00 4.169999999999999818e-01
1.211235150000000000e+08 1.000000000000000000e+00 6.600000000000000000e+01 1.181866188957903432e+03 1.161779265331219722e+04 1.407554999999999927e+04 0.000000000000000000e+00 7.252046065258990204e+00 4.169999999999999818e-01
1.211235150000000000e+08 1.000000000000000000e+00 6.600000000000000000e+01 1.181866188957903432e+03 1.161779265331219722e+04 1.407554999999999927e+04 0.000000000000000000e+00 7.252046065258990204e+00 6.984840000000000160e+00
1.041940010000000000e+08 1.000000000000000000e+00 6.500000000000000000e+01 2.127056188957903032e+03 1.140943665331219745e+04 1.209568999999999869e+04 0.000000000000000000e+00 9.125665827324393575e+00 1.078999999999999915e+01
1.041951960000000000e+08 1.000000000000000000e+00 6.500000000000000000e+01 2.145406188957903396e+03 1.138410465331219712e+04 1.205576000000000022e+04 0.000000000000000000e+00 9.303082726183957263e+00 1.078999999999999915e+01
1.041963880000000000e+08 1.000000000000000000e+00 6.500000000000000000e+01 2.176826188957903469e+03 1.134730365331219764e+04 1.203904000000000087e+04 0.000000000000000000e+00 7.292865051959407374e+00 9.199999999999999845e-02
1.041952790000000000e+08 1.000000000000000000e+00 6.600000000000000000e+01 2.138766188957903978e+03 1.138423965331219733e+04 1.206957999999999993e+04 0.000000000000000000e+00 2.216562009482025974e+00 9.199999999999999845e-02
1.041952800000000000e+08 0.000000000000000000e+00 6.500000000000000000e+01 2.129866188957903432e+03 1.138809265331219649e+04 1.207288999999999942e+04 0.000000000000000000e+00 1.685228996205664131e+00 6.099999999999999867e-02
1.041952780000000000e+08 1.000000000000000000e+00 6.500000000000000000e+01 2.122226188957903105e+03 1.139638165331219716e+04 1.208517000000000007e+04 0.000000000000000000e+00 9.457014731313206468e+00 2.039999999999999869e-01
1.041952770000000000e+08 1.000000000000000000e+00 6.500000000000000000e+01 2.119186188957903141e+03 1.137999965331219755e+04 1.208993000000000029e+04 0.000000000000000000e+00 3.025552813839508914e+00 2.400000000000000050e-02
1.041952760000000000e+08 1.000000000000000000e+00 6.500000000000000000e+01 2.129396188957903178e+03 1.137597265331219751e+04 1.209215000000000146e+04 0.000000000000000000e+00 2.322876215498110408e+00 9.199999999999999845e-02
1.041952750000000000e+08 1.000000000000000000e+00 6.500000000000000000e+01 2.134886188957902959e+03 1.137610965331219813e+04 1.209310000000000036e+04 0.000000000000000000e+00 2.105149278405360036e+00 5.000000000000000000e-01
1.041952740000000000e+08 1.000000000000000000e+00 6.600000000000000000e+01 2.133966188957903796e+03 1.138651265331219838e+04 1.209142000000000007e+04 0.000000000000000000e+00 2.644124294072388803e+00 4.169999999999999818e-01
1.041952730000000000e+08 1.000000000000000000e+00 6.600000000000000000e+01 2.136756188957903760e+03 1.139477665331219760e+04 1.209695000000000073e+04 0.000000000000000000e+00 9.677501856151600634e+00 8.349999999999999645e-01
1.041953530000000000e+08 1.000000000000000000e+00 6.600000000000000000e+01 2.147806188957903032e+03 1.140272265331219751e+04 1.214157999999999993e+04 0.000000000000000000e+00 6.471803273100932508e+00 9.199999999999999845e-02
1.041953510000000000e+08 1.000000000000000000e+00 6.600000000000000000e+01 2.162826188957903469e+03 1.141635365331219873e+04 1.213759000000000015e+04 0.000000000000000000e+00 8.139681994674755616e-01 9.199999999999999845e-02
1.041953520000000000e+08 1.000000000000000000e+00 6.600000000000000000e+01 2.148766188957903978e+03 1.141072065331219710e+04 1.213656000000000131e+04 0.000000000000000000e+00 5.727877222784341527e+00 4.169999999999999818e-01
1.041953520000000000e+08 1.000000000000000000e+00 6.600000000000000000e+01 2.148766188957903978e+03 1.141072065331219710e+04 1.213656000000000131e+04 0.000000000000000000e+00 5.727877222784341527e+00 7.096110000000000362e+00
1.041940020000000000e+08 1.000000000000000000e+00 6.500000000000000000e+01 2.128176188957903832e+03 1.140720565331219768e+04 1.208715999999999985e+04 0.000000000000000000e+00 4.608036196128187711e+00 4.169999999999999818e-01
1.041940010000000000e+08 1.000000000000000000e+00 6.500000000000000000e+01 2.133716188957902887e+03 1.141248265331219773e+04 1.209036000000000058e+04 0.000000000000000000e+00 3.527603221619370455e+00 9.199999999999999845e-02
1.041939980000000000e+08 1.000000000000000000e+00 6.600000000000000000e+01 2.125236188957903323e+03 1.141889565331219637e+04 1.209632999999999993e+04 0.000000000000000000e+00 7.707434791430648247e+00 4.169999999999999818e-01
1.041939980000000000e+08 1.000000000000000000e+00 6.600000000000000000e+01 2.128356188957904124e+03 1.141821465331219770e+04 1.209361000000000058e+04 0.000000000000000000e+00 4.997494707375225609e+00 9.199999999999999845e-02
1.041939980000000000e+08 1.000000000000000000e+00 6.600000000000000000e+01 2.128356188957904124e+03 1.141821465331219770e+04 1.209361000000000058e+04 0.000000000000000000e+00 4.997494707375225609e+00 7.396429999999999616e+00
1.041939950000000000e+08 1.000000000000000000e+00 6.600000000000000000e+01 2.140626188957903651e+03 1.142298565331219652e+04 1.211747000000000116e+04 0.000000000000000000e+00 9.377319854625199014e+00 9.199999999999999845e-02
1.041953510000000000e+08 1.000000000000000000e+00 6.600000000000000000e+01 2.164796188957903723e+03 1.141538365331219757e+04 1.214000000000000000e+04 0.000000000000000000e+00 3.031821119100818418e+00 9.199999999999999845e-02
1.041953500000000000e+08 1.000000000000000000e+00 6.600000000000000000e+01 2.166986188957903323e+03 1.141414665331219658e+04 1.213993000000000029e+04 0.000000000000000000e+00 3.297662971280321820e+00 4.169999999999999818e-01
1.041953480000000000e+08 1.000000000000000000e+00 6.600000000000000000e+01 2.179086188957903687e+03 1.141027465331219719e+04 1.213402999999999884e+04 0.000000000000000000e+00 3.456253830686236039e+00 2.039999999999999869e-01
1.041951730000000000e+08 1.000000000000000000e+00 6.600000000000000000e+01 2.187946188957903360e+03 1.141375565331219696e+04 1.212147000000000116e+04 0.000000000000000000e+00 5.713884480958384415e+00 9.199999999999999845e-02
1.041953490000000000e+08 1.000000000000000000e+00 6.600000000000000000e+01 2.175126188957903651e+03 1.142118165331219643e+04 1.213150000000000000e+04 0.000000000000000000e+00 6.392649471062149757e+00 6.099999999999999867e-02
1.041953480000000000e+08 0.000000000000000000e+00 6.600000000000000000e+01 2.167296188957903723e+03 1.141196665331219810e+04 1.212981999999999971e+04 0.000000000000000000e+00 3.148829681104018618e+00 9.199999999999999845e-02
1.041953500000000000e+08 1.000000000000000000e+00 6.600000000000000000e+01 2.167196188957903360e+03 1.141739365331219778e+04 1.212785000000000036e+04 0.000000000000000000e+00 3.217163439247354706e+00 9.199999999999999845e-02
1.041951780000000000e+08 1.000000000000000000e+00 6.500000000000000000e+01 2.163846188957903905e+03 1.142254065331219681e+04 1.212379999999999927e+04 0.000000000000000000e+00 4.900176143632717363e+00 2.400000000000000050e-02
1.041954680000000000e+08 1.000000000000000000e+00 6.500000000000000000e+01 2.177646188957903178e+03 1.142390465331219821e+04 1.213322000000000116e+04 0.000000000000000000e+00 3.721705411706059063e+00 4.169999999999999818e-01
1.041954680000000000e+08 1.000000000000000000e+00 6.500000000000000000e+01 2.177436188957903141e+03 1.142352765331219780e+04 1.213295999999999913e+04 0.000000000000000000e+00 4.047509507314904553e+00 9.199999999999999845e-02
1.041951730000000000e+08 1.000000000000000000e+00 6.600000000000000000e+01 2.180806188957903032e+03 1.141099165331219774e+04 1.211752000000000044e+04 0.000000000000000000e+00 1.843295785190260272e+00 6.099999999999999867e-02
1.041951740000000000e+08 1.000000000000000000e+00 6.600000000000000000e+01 2.181026188957903287e+03 1.141962965331219675e+04 1.211565999999999985e+04 0.000000000000000000e+00 2.995690494801704240e+00 6.099999999999999867e-02
1.041939100000000000e+08 1.000000000000000000e+00 6.500000000000000000e+01 2.180276188957903287e+03 1.142691465331219842e+04 1.211440999999999985e+04 0.000000000000000000e+00 4.025786440766645491e+00 9.199999999999999845e-02
1.041954670000000000e+08 1.000000000000000000e+00 6.500000000000000000e+01 2.178976188957903105e+03 1.143087465331219755e+04 1.211907999999999993e+04 0.000000000000000000e+00 7.876626089999807512e+00 6.099999999999999867e-02
1.041927520000000000e+08 1.000000000000000000e+00 6.600000000000000000e+01 2.184836188957903687e+03 1.143724565331219674e+04 1.211389999999999964e+04 0.000000000000000000e+00 5.133796791270937909e+00 6.099999999999999867e-02
1.041954690000000000e+08 0.000000000000000000e+00 6.600000000000000000e+01 2.185566188957903250e+03 1.143824365331219815e+04 1.211426000000000022e+04 0.000000000000000000e+00 4.355339101950965741e+00 8.349999999999999645e-01
1.041954690000000000e+08 0.000000000000000000e+00 6.600000000000000000e+01 2.190746188957903541e+03 1.144008065331219768e+04 1.211602000000000044e+04 0.000000000000000000e+00 1.318904952936084785e+00 2.400000000000000050e-02
1.041954700000000000e+08 1.000000000000000000e+00 6.600000000000000000e+01 2.187316188957903250e+03 1.144258665331219709e+04 1.211320000000000073e+04 0.000000000000000000e+00 1.937081161451106537e+00 4.169999999999999818e-01
1.041954690000000000e+08 1.000000000000000000e+00 6.600000000000000000e+01 2.193636188957902959e+03 1.144356165331219745e+04 1.211354000000000087e+04 0.000000000000000000e+00 1.919711098270167948e+00 4.169999999999999818e-01
1.041954700000000000e+08 0.000000000000000000e+00 6.600000000000000000e+01 2.188316188957903250e+03 1.144279565331219783e+04 1.211595999999999913e+04 0.000000000000000000e+00 8.700834517014328640e-01 9.199999999999999845e-02
1.041954720000000000e+08 0.000000000000000000e+00 6.500000000000000000e+01 2.192906188957903396e+03 1.144618265331219845e+04 1.211706999999999971e+04 0.000000000000000000e+00 1.360381496218742159e+00 2.400000000000000050e-02
1.041954710000000000e+08 1.000000000000000000e+00 6.500000000000000000e+01 2.196496188957903541e+03 1.144343465331219704e+04 1.211656999999999971e+04 0.000000000000000000e+00 1.551427629372114980e+00 6.099999999999999867e-02
1.041954710000000000e+08 1.000000000000000000e+00 6.500000000000000000e+01 2.196496188957903541e+03 1.144343465331219704e+04 1.211656999999999971e+04 0.000000000000000000e+00 1.551427629372114980e+00 7.379909999999999748e+00
1.041939960000000000e+08 1.000000000000000000e+00 6.600000000000000000e+01 2.131586188957903687e+03 1.142370165331219687e+04 1.211063999999999942e+04 0.000000000000000000e+00 6.115113456171612505e+00 4.169999999999999818e-01
1.041939920000000000e+08 1.000000000000000000e+00 6.500000000000000000e+01 2.137656188957903396e+03 1.142883265331219809e+04 1.210763999999999942e+04 0.000000000000000000e+00 4.042608539856194838e+00 1.000000000000000000e+01
1.041953280000000000e+08 1.000000000000000000e+00 6.500000000000000000e+01 2.139156188957903396e+03 1.143217965331219784e+04 1.210898999999999978e+04 0.000000000000000000e+00 1.522762176548206003e+00 9.199999999999999845e-02
1.041927440000000000e+08 1.000000000000000000e+00 6.600000000000000000e+01 2.154526188957903287e+03 1.143149265331219794e+04 1.212681999999999971e+04 0.000000000000000000e+00 9.720136864213731798e+00 2.400000000000000050e-02
1.041927450000000000e+08 1.000000000000000000e+00 6.600000000000000000e+01 2.151696188957903360e+03 1.143544565331219746e+04 1.212472000000000116e+04 0.000000000000000000e+00 8.644946979434962486e+00 6.099999999999999867e-02
1.041927440000000000e+08 1.000000000000000000e+00 6.600000000000000000e+01 2.144866188957903432e+03 1.143552565331219739e+04 1.212661999999999898e+04 0.000000000000000000e+00 8.925736733514254340e+00 9.199999999999999845e-02
1.041927440000000000e+08 1.000000000000000000e+00 6.600000000000000000e+01 2.146386188957902959e+03 1.144074465331219835e+04 1.212842000000000007e+04 0.000000000000000000e+00 6.067457345904028188e+00 8.349999999999999645e-01
1.041927440000000000e+08 1.000000000000000000e+00 6.600000000000000000e+01 2.146386188957902959e+03 1.144074465331219835e+04 1.212842000000000007e+04 0.000000000000000000e+00 6.067457345904028188e+00 7.187389999999999723e+00
1.041940010000000000e+08 1.000000000000000000e+00 6.500000000000000000e+01 2.127056188957903032e+03 1.140943665331219745e+04 1.209568999999999869e+04 0.000000000000000000e+00 9.125665827324393575e+00 3.794409999999999727e-01
1.041952830000000000e+08 0.000000000000000000e+00 6.500000000000000000e+01 2.130666188957903614e+03 1.139165765331219882e+04 1.205847000000000116e+04 0.000000000000000000e+00 1.852692359513853360e+00 9.199999999999999845e-02
1.041952840000000000e+08 1.000000000000000000e+00 6.500000000000000000e+01 2.121776188957903287e+03 1.139090065331219739e+04 1.205443000000000029e+04 0.000000000000000000e+00 3.302463917548716488e+00 9.199999999999999845e-02
1.041952860000000000e+08 1.000000000000000000e+00 6.500000000000000000e+01 2.112856188957903214e+03 1.139618365331219684e+04 1.205492000000000007e+04 0.000000000000000000e+00 5.603018258720634748e+00 1.260999999999999943e+01
1.041952860000000000e+08 1.000000000000000000e+00 6.500000000000000000e+01 2.112856188957903214e+03 1.139618365331219684e+04 1.205492000000000007e+04 0.000000000000000000e+00 5.603018258720634748e+00 2.704190000000000094e+00
3.599138300000000000e+07 1.000000000000000000e+00 6.600000000000000000e+01 4.087468188957903294e+03 1.076831035331219755e+04 4.076659999999999854e+03 0.000000000000000000e+00 5.384063437404600805e+00 6.906699999999999839e+00
2.621287500000000000e+07 1.000000000000000000e+00 6.600000000000000000e+01 4.096711188957903687e+03 1.078087705331219695e+04 3.153909999999999854e+03 0.000000000000000000e+00 4.824306849111712481e+00 1.339000000000000057e+01
2.621287500000000000e+07 1.000000000000000000e+00 6.600000000000000000e+01 4.096711188957903687e+03 1.078087705331219695e+04 3.153909999999999854e+03 0.000000000000000000e+00 4.824306849111712481e+00 4.086929999999999730e+00
2.621287500000000000e+07 1.000000000000000000e+00 6.600000000000000000e+01 4.096711188957903687e+03 1.078087705331219695e+04 3.153909999999999854e+03 0.000000000000000000e+00 4.824306849111712481e+00 8.767559999999999798e-01
2.621279300000000000e+07 1.000000000000000000e+00 6.600000000000000000e+01 4.098479188957903716e+03 1.077160415331219701e+04 3.153649999999999636e+03 0.000000000000000000e+00 7.531552540652584504e+00 6.099999999999999867e-02
2.621279300000000000e+07 1.000000000000000000e+00 6.600000000000000000e+01 4.100925188957903629e+03 1.076995815331219637e+04 3.152150000000000546e+03 0.000000000000000000e+00 4.381709957416331847e+00 9.199999999999999845e-02
2.621279300000000000e+07 1.000000000000000000e+00 6.600000000000000000e+01 4.101857188957903418e+03 1.076933115331219778e+04 3.151569999999999709e+03 0.000000000000000000e+00 3.264793824266262412e+00 9.199999999999999845e-02
2.621279200000000000e+07 1.000000000000000000e+00 6.600000000000000000e+01 4.107006188957903760e+03 1.076531755331219756e+04 3.146960000000000036e+03 0.000000000000000000e+00 1.275865381682025346e+00 9.199999999999999845e-02
2.621371100000000000e+07 1.000000000000000000e+00 6.500000000000000000e+01 4.109638188957903367e+03 1.076545885331219688e+04 3.132130000000000109e+03 0.000000000000000000e+00 5.174394839290478165e-01 9.199999999999999845e-02
2.621287200000000000e+07 1.000000000000000000e+00 6.500000000000000000e+01 4.107170188957903520e+03 1.077740435331219851e+04 3.147750000000000000e+03 0.000000000000000000e+00 8.408464557742644230e-01 9.199999999999999845e-02
2.621287000000000000e+07 1.000000000000000000e+00 6.600000000000000000e+01 4.119651188957903287e+03 1.078415535331219871e+04 3.147279999999999745e+03 0.000000000000000000e+00 4.523192073382345413e+00 6.099999999999999867e-02
2.621287000000000000e+07 1.000000000000000000e+00 6.600000000000000000e+01 4.119166188957903614e+03 1.079149935331219785e+04 3.146670000000000073e+03 0.000000000000000000e+00 4.464280900032967736e+00 6.099999999999999867e-02
2.621389400000000000e+07 1.000000000000000000e+00 6.500000000000000000e+01 4.124700188957903265e+03 1.080643695331219715e+04 3.145550000000000182e+03 0.000000000000000000e+00 9.575518119594446986e+00 9.199999999999999845e-02
2.621389400000000000e+07 0.000000000000000000e+00 6.500000000000000000e+01 4.126540188957903410e+03 1.082375795331219706e+04 3.144010000000000218e+03 0.000000000000000000e+00 2.756973676000068263e+00 9.199999999999999845e-02
2.621389700000000000e+07 1.000000000000000000e+00 6.600000000000000000e+01 4.122163188957903003e+03 1.083140945331219700e+04 3.150369999999999891e+03 0.000000000000000000e+00 1.868088307301113860e+00 9.199999999999999845e-02
2.621389700000000000e+07 0.000000000000000000e+00 6.600000000000000000e+01 4.119462188957903891e+03 1.083239765331219678e+04 3.148090000000000146e+03 0.000000000000000000e+00 1.066415733011080169e+00 4.169999999999999818e-01
2.621381500000000000e+07 1.000000000000000000e+00 6.600000000000000000e+01 4.116188188957903549e+03 1.082802535331219769e+04 3.140440000000000509e+03 0.000000000000000000e+00 1.484589011625566890e+00 9.199999999999999845e-02
2.621381400000000000e+07 1.000000000000000000e+00 6.600000000000000000e+01 4.118578188957903876e+03 1.082200415331219847e+04 3.141739999999999782e+03 0.000000000000000000e+00 6.782100506972533749e-01 6.099999999999999867e-02
2.621389300000000000e+07 0.000000000000000000e+00 6.500000000000000000e+01 4.132298188957903221e+03 1.082316705331219782e+04 3.138670000000000073e+03 0.000000000000000000e+00 1.716496511125426450e+00 1.000000000000000000e+01
2.621389300000000000e+07 0.000000000000000000e+00 6.500000000000000000e+01 4.132298188957903221e+03 1.082316705331219782e+04 3.138670000000000073e+03 0.000000000000000000e+00 1.716496511125426450e+00 8.255010000000000125e-02
1.336497300000000000e+07 1.000000000000000000e+00 6.600000000000000000e+01 3.988300058957903275e+03 1.073391635331219732e+04 1.446739999999999782e+03 0.000000000000000000e+00 1.755103317889542325e+00 1.339000000000000057e+01
1.336497400000000000e+07 1.000000000000000000e+00 6.600000000000000000e+01 3.982939677957903768e+03 1.072724812331219800e+04 1.440770000000000437e+03 0.000000000000000000e+00 4.629546259904126160e+00 4.169999999999999818e-01
1.336497300000000000e+07 1.000000000000000000e+00 6.600000000000000000e+01 3.987423308957903828e+03 1.073466221331219640e+04 1.447250000000000909e+03 0.000000000000000000e+00 2.378326874665824597e+00 9.199999999999999845e-02
1.336497400000000000e+07 1.000000000000000000e+00 6.600000000000000000e+01 3.987001218957903802e+03 1.073441649331219742e+04 1.447590000000000146e+03 0.000000000000000000e+00 1.989286910047935564e+00 6.099999999999999867e-02
1.336344300000000000e+07 1.000000000000000000e+00 6.500000000000000000e+01 3.984357378957903165e+03 1.075832635331219717e+04 1.472240000000000691e+03 0.000000000000000000e+00 1.502537107088889767e+00 5.000000000000000000e-01
1.336343600000000000e+07 1.000000000000000000e+00 6.500000000000000000e+01 3.991723618957903454e+03 1.074257205331219666e+04 1.456349999999999454e+03 0.000000000000000000e+00 4.663746489600478107e+00 8.220000000000000639e+00
1.336343600000000000e+07 1.000000000000000000e+00 6.500000000000000000e+01 3.991723618957903454e+03 1.074257205331219666e+04 1.456349999999999454e+03 0.000000000000000000e+00 4.663746489600478107e+00 1.688169999999999948e+00
1.336497300000000000e+07 1.000000000000000000e+00 6.600000000000000000e+01 3.988333738957903734e+03 1.073492544331219688e+04 1.447390000000000327e+03 0.000000000000000000e+00 2.206549087684251287e+00 4.600000000000000200e-01
1.336497400000000000e+07 1.000000000000000000e+00 6.600000000000000000e+01 3.987641308957903675e+03 1.073301032331219722e+04 1.447590000000000146e+03 0.000000000000000000e+00 2.495075625986443058e+00 4.169999999999999818e-01
1.336497300000000000e+07 1.000000000000000000e+00 6.600000000000000000e+01 3.994793688957903214e+03 1.073158208831219781e+04 1.446280000000000655e+03 0.000000000000000000e+00 6.307097405392610767e+00 9.199999999999999845e-02
1.336497800000000000e+07 1.000000000000000000e+00 6.500000000000000000e+01 3.982563413957903322e+03 1.072212275331219644e+04 1.454639999999999418e+03 0.000000000000000000e+00 8.231141378081266780e+00 9.199999999999999845e-02
1.336497500000000000e+07 1.000000000000000000e+00 6.600000000000000000e+01 3.983275200957903508e+03 1.072341602331219838e+04 1.452289999999999964e+03 0.000000000000000000e+00 6.763480645333630470e+00 9.199999999999999845e-02
1.336509200000000000e+07 1.000000000000000000e+00 6.500000000000000000e+01 4.003046788957903118e+03 1.073088610931219773e+04 1.445240000000000691e+03 0.000000000000000000e+00 2.584068503859869192e+00 9.199999999999999845e-02
1.336509300000000000e+07 1.000000000000000000e+00 6.500000000000000000e+01 4.003122288957903038e+03 1.072700037331219755e+04 1.448199999999999818e+03 0.000000000000000000e+00 2.179011694709164892e+00 2.400000000000000050e-02
1.336509300000000000e+07 1.000000000000000000e+00 6.500000000000000000e+01 4.003122288957903038e+03 1.072700037331219755e+04 1.448199999999999818e+03 0.000000000000000000e+00 2.179011694709164892e+00 7.376870000000000260e+00
1.336343400000000000e+07 0.000000000000000000e+00 6.500000000000000000e+01 3.999721488957903603e+03 1.072265508331219826e+04 1.465239999999999782e+03 1.000000000000000000e+00 2.713871086140872801e+00 3.200000000000000000e+01
1.336343600000000000e+07 1.000000000000000000e+00 6.500000000000000000e+01 3.992668588957903921e+03 1.073633456331219713e+04 1.459319999999999709e+03 1.000000000000000000e+00 5.567141892361885391e-01 3.200000000000000000e+01
