4.980130600000000000e+07 1.000000000000000000e+00 6.600000000000000000e+01 1.959517306059160546e+02 3.754609999999999673e+03 5.813069683053780864e+03 0.000000000000000000e+00 3.689708303313878890e+00 1.260999999999999943e+01
4.980130400000000000e+07 1.000000000000000000e+00 6.600000000000000000e+01 1.934095306059161885e+02 3.769349999999999909e+03 5.822123303053780546e+03 0.000000000000000000e+00 8.454228398176763193e+00 1.124000000000000021e+01
4.980130500000000000e+07 1.000000000000000000e+00 6.600000000000000000e+01 1.971863306059158276e+02 3.761750000000000000e+03 5.814472773053780656e+03 0.000000000000000000e+00 1.771817781570649730e+00 1.078999999999999915e+01
4.980130500000000000e+07 1.000000000000000000e+00 6.600000000000000000e+01 1.971863306059158276e+02 3.761750000000000000e+03 5.814472773053780656e+03 0.000000000000000000e+00 1.771817781570649730e+00 1.523789999999999978e+00
4.980130500000000000e+07 1.000000000000000000e+00 6.600000000000000000e+01 1.971863306059158276e+02 3.761750000000000000e+03 5.814472773053780656e+03 0.000000000000000000e+00 1.771817781570649730e+00 3.665760000000000129e-01
4.980130500000000000e+07 1.000000000000000000e+00 6.600000000000000000e+01 1.937174306059159790e+02 3.756690000000000055e+03 5.821921403053780523e+03 0.000000000000000000e+00 8.341552323715003325e+00 1.124000000000000021e+01
4.980130500000000000e+07 1.000000000000000000e+00 6.600000000000000000e+01 1.963007306059162147e+02 3.759180000000000291e+03 5.816383503053780260e+03 0.000000000000000000e+00 2.786331278712681492e+00 9.199999999999999845e-02
4.980130500000000000e+07 1.000000000000000000e+00 6.600000000000000000e+01 1.905782306059163602e+02 3.763269999999999982e+03 5.812067063053780657e+03 0.000000000000000000e+00 6.784313871172011012e+00 2.039999999999999869e-01
4.980130500000000000e+07 1.000000000000000000e+00 6.600000000000000000e+01 1.924733306059160896e+02 3.766230000000000018e+03 5.812466033053780848e+03 0.000000000000000000e+00 5.382639774233264340e+00 4.169999999999999818e-01
4.980131100000000000e+07 1.000000000000000000e+00 6.500000000000000000e+01 1.932148306059161769e+02 3.743470000000000255e+03 5.796237733053781085e+03 0.000000000000000000e+00 2.946654596547339633e+00 6.099999999999999867e-02
4.980131400000000000e+07 1.000000000000000000e+00 6.600000000000000000e+01 1.880618306059159295e+02 3.728800000000000182e+03 5.803602233053780765e+03 0.000000000000000000e+00 3.374776844138411835e+00 4.169999999999999818e-01
4.980131400000000000e+07 1.000000000000000000e+00 6.600000000000000000e+01 1.861964306059162482e+02 3.732480000000000018e+03 5.805189012053780971e+03 0.000000000000000000e+00 7.040777870826021356e+00 9.199999999999999845e-02
4.980131400000000000e+07 1.000000000000000000e+00 6.600000000000000000e+01 1.852048306059159586e+02 3.732870000000000346e+03 5.806143022053780442e+03 0.000000000000000000e+00 8.399796411914774552e+00 9.199999999999999845e-02
4.980392800000000000e+07 1.000000000000000000e+00 6.500000000000000000e+01 1.852889306059159935e+02 3.730309999999999945e+03 5.809449383053780366e+03 0.000000000000000000e+00 9.508456433365864768e+00 2.039999999999999869e-01
4.980392800000000000e+07 1.000000000000000000e+00 6.500000000000000000e+01 1.852889306059159935e+02 3.730309999999999945e+03 5.809449383053780366e+03 0.000000000000000000e+00 9.508456433365864768e+00 7.282969999999999722e+00
