1.082914780000000000e+08 1.000000000000000000e+00 6.500000000000000000e+01 6.532345000000000255e+03 3.094683740628492160e+03 1.274405682251071812e+04 0.000000000000000000e+00 8.516022168289600458e+00 1.078999999999999915e+01
1.081298720000000000e+08 1.000000000000000000e+00 6.500000000000000000e+01 1.039035000000000036e+04 3.081279140628492314e+03 1.275250632451071942e+04 0.000000000000000000e+00 7.313614302471949102e+00 1.078999999999999915e+01
1.081298680000000000e+08 1.000000000000000000e+00 6.600000000000000000e+01 1.038942000000000007e+04 3.082005140628491972e+03 1.275293334451071860e+04 0.000000000000000000e+00 6.965186547225488134e+00 6.099999999999999867e-02
1.081282500000000000e+08 0.000000000000000000e+00 6.600000000000000000e+01 1.035770000000000073e+04 3.084810740628492567e+03 1.276576915451071909e+04 0.000000000000000000e+00 1.370640469091927827e+00 9.199999999999999845e-02
1.081282510000000000e+08 1.000000000000000000e+00 6.600000000000000000e+01 1.036038999999999942e+04 3.077115640628491747e+03 1.276513995451071969e+04 0.000000000000000000e+00 5.390126013637506652e+00 9.199999999999999845e-02
1.081282530000000000e+08 1.000000000000000000e+00 6.500000000000000000e+01 1.036152999999999884e+04 3.071408140628492220e+03 1.275858125451071828e+04 0.000000000000000000e+00 5.054291079709248180e+00 6.099999999999999867e-02
1.082746610000000000e+08 1.000000000000000000e+00 6.500000000000000000e+01 8.845579999999999927e+03 3.099238640628492249e+03 1.275034214451071966e+04 0.000000000000000000e+00 7.503065666066228268e+00 9.199999999999999845e-02
1.082746590000000000e+08 1.000000000000000000e+00 6.500000000000000000e+01 8.855059999999999491e+03 3.108148940628491800e+03 1.276674015451071864e+04 0.000000000000000000e+00 2.624106804105113877e+00 4.169999999999999818e-01
1.082746590000000000e+08 1.000000000000000000e+00 6.500000000000000000e+01 8.855059999999999491e+03 3.108148940628491800e+03 1.276674015451071864e+04 0.000000000000000000e+00 2.624106804105113877e+00 7.319799999999999862e+00
1.082914780000000000e+08 1.000000000000000000e+00 6.500000000000000000e+01 6.532315999999999804e+03 3.094781520628492217e+03 1.274408218651071729e+04 0.000000000000000000e+00 8.441810509726893841e+00 9.199999999999999845e-02
1.082914780000000000e+08 1.000000000000000000e+00 6.500000000000000000e+01 6.537800000000000182e+03 3.097227640628491827e+03 1.274978162451071876e+04 0.000000000000000000e+00 5.271031198736952916e+00 2.400000000000000050e-02
1.082914820000000000e+08 1.000000000000000000e+00 6.500000000000000000e+01 6.546529000000000451e+03 3.105022340628492202e+03 1.276391715451071832e+04 0.000000000000000000e+00 3.096156462825512268e+00 2.400000000000000050e-02
1.082914860000000000e+08 0.000000000000000000e+00 6.600000000000000000e+01 6.551097999999999956e+03 3.087952830628491938e+03 1.275872735451071821e+04 0.000000000000000000e+00 4.334771380321543077e+00 9.199999999999999845e-02
1.082914890000000000e+08 1.000000000000000000e+00 6.500000000000000000e+01 6.553516999999999825e+03 3.086311720628492367e+03 1.276166705451071903e+04 0.000000000000000000e+00 2.270471167886273900e+00 9.199999999999999845e-02
1.082914910000000000e+08 1.000000000000000000e+00 6.500000000000000000e+01 6.562368999999999687e+03 3.094008430628492533e+03 1.276153145451071759e+04 0.000000000000000000e+00 1.470944336468299918e+00 9.199999999999999845e-02
1.082914970000000000e+08 1.000000000000000000e+00 6.600000000000000000e+01 6.579064000000000306e+03 3.091481180628492439e+03 1.276981065451071845e+04 0.000000000000000000e+00 5.464737609181751665e+00 6.099999999999999867e-02
1.082915040000000000e+08 0.000000000000000000e+00 6.500000000000000000e+01 6.597472999999999956e+03 3.107273740628492305e+03 1.275993025451071844e+04 0.000000000000000000e+00 1.828865034852478866e+00 6.099999999999999867e-02
1.082915000000000000e+08 1.000000000000000000e+00 6.600000000000000000e+01 6.594474000000000160e+03 3.102951120628492390e+03 1.274867599451071874e+04 0.000000000000000000e+00 1.137695857650253384e+00 9.199999999999999845e-02
1.082914990000000000e+08 1.000000000000000000e+00 6.600000000000000000e+01 6.591252000000000407e+03 3.104112540628491843e+03 1.274836528451071717e+04 0.000000000000000000e+00 2.243755512122561857e+00 4.169999999999999818e-01
1.082914990000000000e+08 1.000000000000000000e+00 6.600000000000000000e+01 6.585390000000000327e+03 3.109136540628492185e+03 1.274689834451071874e+04 0.000000000000000000e+00 7.988451889766782443e+00 9.199999999999999845e-02
1.082914990000000000e+08 1.000000000000000000e+00 6.600000000000000000e+01 6.583600000000000364e+03 3.109785940628492426e+03 1.274642603451071773e+04 0.000000000000000000e+00 9.526760362253227754e+00 9.199999999999999845e-02
1.082916060000000000e+08 0.000000000000000000e+00 6.500000000000000000e+01 6.565609000000000378e+03 3.173254940628492477e+03 1.274521947451071901e+04 0.000000000000000000e+00 6.818987019037373587e-01 9.199999999999999845e-02
1.082916060000000000e+08 0.000000000000000000e+00 6.600000000000000000e+01 6.565877000000000407e+03 3.166656940628492521e+03 1.274816636451071827e+04 0.000000000000000000e+00 1.707546228927190324e+00 9.199999999999999845e-02
1.082916070000000000e+08 1.000000000000000000e+00 6.600000000000000000e+01 6.565730999999999767e+03 3.163519840628492602e+03 1.274866790451071938e+04 0.000000000000000000e+00 1.964535725477741357e+00 2.039999999999999869e-01
1.082916070000000000e+08 1.000000000000000000e+00 6.600000000000000000e+01 6.565806000000000495e+03 3.159960040628491697e+03 1.274898378451071767e+04 0.000000000000000000e+00 4.550761289077648541e+00 9.199999999999999845e-02
1.082914580000000000e+08 1.000000000000000000e+00 6.600000000000000000e+01 6.567157000000000153e+03 3.157535240628491920e+03 1.274776267451071908e+04 0.000000000000000000e+00 5.453029276972855222e+00 4.169999999999999818e-01
1.082913770000000000e+08 1.000000000000000000e+00 6.500000000000000000e+01 6.368489999999999782e+03 3.098371070628491907e+03 1.272423605451071853e+04 0.000000000000000000e+00 8.989301045887904351e+00 9.199999999999999845e-02
1.082913770000000000e+08 1.000000000000000000e+00 6.500000000000000000e+01 6.366319999999999709e+03 3.096196150628492433e+03 1.273326215451071766e+04 0.000000000000000000e+00 8.596683280733442345e+00 9.199999999999999845e-02
1.082913790000000000e+08 1.000000000000000000e+00 6.500000000000000000e+01 6.372500000000000000e+03 3.077170340628492340e+03 1.272962855451071846e+04 0.000000000000000000e+00 4.580265542590782779e+00 4.169999999999999818e-01
1.082913790000000000e+08 1.000000000000000000e+00 6.500000000000000000e+01 6.372500000000000000e+03 3.077170340628492340e+03 1.272962855451071846e+04 0.000000000000000000e+00 4.580265542590782779e+00 7.158330000000000304e+00
