6.947615300000000000e+07 0.000000000000000000e+00 6.600000000000000000e+01 1.100900153165284428e+04 7.143826520905265170e+03 8.034336999999999534e+03 0.000000000000000000e+00 1.168034040078059110e+00 3.229999999999999716e+01
6.947615300000000000e+07 1.000000000000000000e+00 6.600000000000000000e+01 1.100909573165284382e+04 7.143065120905264848e+03 8.033188000000000102e+03 0.000000000000000000e+00 1.063944688583074338e+00 1.078999999999999915e+01
6.947615300000000000e+07 0.000000000000000000e+00 6.600000000000000000e+01 1.100997823165284535e+04 7.144920520905264311e+03 8.035248999999999796e+03 0.000000000000000000e+00 5.993602794163411795e-01 6.099999999999999867e-02
6.947615300000000000e+07 1.000000000000000000e+00 6.600000000000000000e+01 1.101444913165284379e+04 7.142654920905264589e+03 8.033503999999999905e+03 0.000000000000000000e+00 2.070294880046608110e+00 2.400000000000000050e-02
6.947615200000000000e+07 1.000000000000000000e+00 6.600000000000000000e+01 1.101045883165284613e+04 7.135270120905264776e+03 8.032719000000000051e+03 0.000000000000000000e+00 4.099454446649075656e+00 1.000000000000000021e-02
6.947615200000000000e+07 1.000000000000000000e+00 6.600000000000000000e+01 1.101063903165284501e+04 7.133444720905265058e+03 8.029743000000000393e+03 0.000000000000000000e+00 7.548250298373026190e+00 9.199999999999999845e-02
6.947615200000000000e+07 1.000000000000000000e+00 6.600000000000000000e+01 1.101509583165284494e+04 7.128991620905264426e+03 8.034850999999999658e+03 0.000000000000000000e+00 8.587057178918314548e+00 9.199999999999999845e-02
6.947614700000000000e+07 1.000000000000000000e+00 6.500000000000000000e+01 1.101430993165284599e+04 7.125804420905265033e+03 8.045050000000000182e+03 0.000000000000000000e+00 9.424587291278269774e+00 9.199999999999999845e-02
1.002627380000000000e+08 1.000000000000000000e+00 6.500000000000000000e+01 1.097045583165284552e+04 7.180025420905264582e+03 1.169027000000000044e+04 1.000000000000000000e+00 7.914441524648370141e-01 3.700000000000000000e+01
8.644436600000000000e+07 0.000000000000000000e+00 6.600000000000000000e+01 1.099262173165284548e+04 7.170514420905265069e+03 1.016586000000000058e+04 1.000000000000000000e+00 2.258895065313356376e+00 3.700000000000000000e+01
8.644436600000000000e+07 0.000000000000000000e+00 6.500000000000000000e+01 1.098554533165284374e+04 7.180468720905264490e+03 1.016944000000000051e+04 1.000000000000000000e+00 2.722079823161447809e+00 3.700000000000000000e+01
