5.266911000000000000e+06 1.000000000000000000e+00 6.600000000000000000e+01 8.495048590447724564e+03 9.410657757159478933e+02 4.991499999999996362e+02 0.000000000000000000e+00 9.503683128428795257e+00 1.605000000000000071e+01
5.266080000000000000e+06 0.000000000000000000e+00 6.600000000000000000e+01 8.438965590447724026e+03 9.402337757159484681e+02 5.295299999999997453e+02 0.000000000000000000e+00 1.052096129810241365e+00 1.605000000000000071e+01
5.266081000000000000e+06 1.000000000000000000e+00 6.500000000000000000e+01 8.420389590447724913e+03 9.403007757159484754e+02 5.317899999999999636e+02 0.000000000000000000e+00 4.178480101214495868e+00 1.339000000000000057e+01
5.266799000000000000e+06 1.000000000000000000e+00 6.600000000000000000e+01 8.505176590447723356e+03 9.388667757159482790e+02 4.122500000000000000e+02 0.000000000000000000e+00 9.787180437152471768e+00 1.078999999999999915e+01
5.266081000000000000e+06 1.000000000000000000e+00 6.500000000000000000e+01 8.420389590447724913e+03 9.403007757159484754e+02 5.317899999999999636e+02 0.000000000000000000e+00 4.178480101214495868e+00 3.637710000000000221e+00
5.266080000000000000e+06 1.000000000000000000e+00 6.600000000000000000e+01 8.437777590447723924e+03 9.448837757159481043e+02 5.278599999999996726e+02 0.000000000000000000e+00 2.011563386481538096e+00 1.339000000000000057e+01
5.266080000000000000e+06 1.000000000000000000e+00 6.600000000000000000e+01 8.437983590447724055e+03 9.460247757159486355e+02 5.280000000000000000e+02 0.000000000000000000e+00 2.960166179276215281e+00 1.000000000000000021e-02
5.266081000000000000e+06 1.000000000000000000e+00 6.600000000000000000e+01 8.438639590447724913e+03 9.489577757159486282e+02 5.285900000000001455e+02 0.000000000000000000e+00 5.074788758832082358e+00 1.605000000000000071e+01
5.266085000000000000e+06 1.000000000000000000e+00 6.500000000000000000e+01 8.441456590447724011e+03 9.503707757159481844e+02 5.372700000000004366e+02 0.000000000000000000e+00 2.830249016505856918e+00 2.400000000000000050e-02
5.266085000000000000e+06 0.000000000000000000e+00 6.500000000000000000e+01 8.435666590447723138e+03 9.465987757159482499e+02 5.422300000000004729e+02 0.000000000000000000e+00 1.107900025402045685e+00 9.199999999999999845e-02
5.267007000000000000e+06 1.000000000000000000e+00 6.600000000000000000e+01 8.451461590447725030e+03 9.529717757159478424e+02 5.656999999999998181e+02 0.000000000000000000e+00 2.190568664013451183e+00 9.199999999999999845e-02
5.266094000000000000e+06 1.000000000000000000e+00 6.600000000000000000e+01 8.454106590447723647e+03 9.627027757159485191e+02 5.615000000000000000e+02 0.000000000000000000e+00 3.813768613288492482e+00 1.078999999999999915e+01
5.266094000000000000e+06 1.000000000000000000e+00 6.600000000000000000e+01 8.454106590447723647e+03 9.627027757159485191e+02 5.615000000000000000e+02 0.000000000000000000e+00 3.813768613288492482e+00 3.566199999999999815e+00
5.266094000000000000e+06 1.000000000000000000e+00 6.600000000000000000e+01 8.454106590447723647e+03 9.627027757159485191e+02 5.615000000000000000e+02 0.000000000000000000e+00 3.813768613288492482e+00 8.231589999999999741e-01
5.266991000000000000e+06 1.000000000000000000e+00 6.500000000000000000e+01 8.429357590447723851e+03 9.599027757159483372e+02 5.216999999999998181e+02 0.000000000000000000e+00 9.881183000877280520e+00 2.400000000000000050e-02
5.266081000000000000e+06 1.000000000000000000e+00 6.600000000000000000e+01 8.439261590447724302e+03 9.440257757159479297e+02 5.293299999999999272e+02 0.000000000000000000e+00 6.632566634581735787e-01 1.339000000000000057e+01
5.266081000000000000e+06 1.000000000000000000e+00 6.600000000000000000e+01 8.441036590447723938e+03 9.460977757159480461e+02 5.313800000000001091e+02 0.000000000000000000e+00 2.922478102215762874e+00 2.400000000000000050e-02
5.266080000000000000e+06 1.000000000000000000e+00 6.600000000000000000e+01 8.443363590447723254e+03 9.440407757159482571e+02 5.186000000000003638e+02 0.000000000000000000e+00 4.970261353928791870e+00 8.220000000000000639e+00
5.266080000000000000e+06 1.000000000000000000e+00 6.600000000000000000e+01 8.443363590447723254e+03 9.440407757159482571e+02 5.186000000000003638e+02 0.000000000000000000e+00 4.970261353928791870e+00 5.570059999999999789e+00
5.266081000000000000e+06 1.000000000000000000e+00 6.600000000000000000e+01 8.439261590447724302e+03 9.440257757159479297e+02 5.293299999999999272e+02 0.000000000000000000e+00 6.632566634581735787e-01 4.466179999999999595e+00
5.266910000000000000e+06 1.000000000000000000e+00 6.600000000000000000e+01 8.484866590447723866e+03 9.452437757159477769e+02 4.970600000000004002e+02 0.000000000000000000e+00 3.169752570569081662e+00 6.099999999999999867e-02
5.266910000000000000e+06 1.000000000000000000e+00 6.600000000000000000e+01 8.480968590447722818e+03 9.456027757159481553e+02 4.962200000000002547e+02 0.000000000000000000e+00 1.615988557849877161e+00 2.400000000000000050e-02
5.266908000000000000e+06 1.000000000000000000e+00 6.600000000000000000e+01 8.469898590447723109e+03 9.547407757159480752e+02 4.925000000000000000e+02 0.000000000000000000e+00 4.350392465039260692e+00 6.099999999999999867e-02
5.266903000000000000e+06 1.000000000000000000e+00 6.500000000000000000e+01 8.471460590447724826e+03 9.570477757159478642e+02 4.873400000000001455e+02 0.000000000000000000e+00 5.980003416636332503e+00 2.400000000000000050e-02
5.266985000000000000e+06 1.000000000000000000e+00 6.600000000000000000e+01 8.457093590447722818e+03 9.664317757159478788e+02 4.880699999999997090e+02 0.000000000000000000e+00 4.152880856836980605e+00 2.400000000000000050e-02
5.266985000000000000e+06 1.000000000000000000e+00 6.600000000000000000e+01 8.456125590447723880e+03 9.699557757159482207e+02 4.912600000000002183e+02 0.000000000000000000e+00 1.486694942206493009e+00 2.400000000000000050e-02
5.266985000000000000e+06 1.000000000000000000e+00 6.600000000000000000e+01 8.455817590447724797e+03 9.697647757159484172e+02 4.914499999999998181e+02 0.000000000000000000e+00 1.675031525641012431e+00 8.349999999999999645e-01
5.266985000000000000e+06 1.000000000000000000e+00 6.600000000000000000e+01 8.455817590447724797e+03 9.697647757159484172e+02 4.914499999999998181e+02 0.000000000000000000e+00 1.675031525641012431e+00 7.389529999999999710e+00
5.266911000000000000e+06 1.000000000000000000e+00 6.600000000000000000e+01 8.498621590447724884e+03 9.417467757159483881e+02 4.931599999999998545e+02 0.000000000000000000e+00 9.274942875576533297e+00 6.099999999999999867e-02
5.266911000000000000e+06 1.000000000000000000e+00 6.600000000000000000e+01 8.493727590447724651e+03 9.341907757159478933e+02 4.924799999999995634e+02 0.000000000000000000e+00 3.973341563915600450e+00 4.169999999999999818e-01
5.266911000000000000e+06 1.000000000000000000e+00 6.600000000000000000e+01 8.493652590447723924e+03 9.342407757159480752e+02 4.925700000000006185e+02 0.000000000000000000e+00 3.895373947128863978e+00 9.199999999999999845e-02
5.266915000000000000e+06 1.000000000000000000e+00 6.500000000000000000e+01 8.489742590447724069e+03 9.417027757159485191e+02 5.102399999999997817e+02 0.000000000000000000e+00 6.289574245630438654e+00 9.199999999999999845e-02
5.267011000000000000e+06 1.000000000000000000e+00 6.600000000000000000e+01 8.476393590447723909e+03 9.544627757159478278e+02 5.475499999999992724e+02 0.000000000000000000e+00 2.629164567044470768e+00 4.169999999999999818e-01
5.266105000000000000e+06 1.000000000000000000e+00 6.500000000000000000e+01 8.469292590447723342e+03 9.738977757159482280e+02 5.409200000000000728e+02 0.000000000000000000e+00 6.694661806722311148e+00 9.199999999999999845e-02
5.266102000000000000e+06 1.000000000000000000e+00 6.600000000000000000e+01 8.471521590447722701e+03 9.707027757159485191e+02 5.414600000000000364e+02 0.000000000000000000e+00 8.816588204781490745e+00 9.199999999999999845e-02
5.267000000000000000e+06 1.000000000000000000e+00 6.600000000000000000e+01 8.461227590447724651e+03 9.590987757159482499e+02 5.390099999999993088e+02 0.000000000000000000e+00 3.038713394760198305e+00 9.199999999999999845e-02
5.266097000000000000e+06 1.000000000000000000e+00 6.500000000000000000e+01 8.466574590447722585e+03 9.644507757159481116e+02 5.478800000000001091e+02 0.000000000000000000e+00 6.496071962004505096e+00 9.199999999999999845e-02
5.266102000000000000e+06 1.000000000000000000e+00 6.600000000000000000e+01 8.467499590447723676e+03 9.685037757159479952e+02 5.488199999999997090e+02 0.000000000000000000e+00 4.265209336019325725e+00 9.199999999999999845e-02
5.266102000000000000e+06 1.000000000000000000e+00 6.600000000000000000e+01 8.467499590447723676e+03 9.685037757159479952e+02 5.488199999999997090e+02 0.000000000000000000e+00 4.265209336019325725e+00 7.397509999999999586e+00
5.266962000000000000e+06 1.000000000000000000e+00 6.600000000000000000e+01 8.536734590447724258e+03 9.751367757159478060e+02 4.622399999999997817e+02 0.000000000000000000e+00 3.891259065514466986e+00 4.169999999999999818e-01
5.266962000000000000e+06 1.000000000000000000e+00 6.600000000000000000e+01 8.536267590447723705e+03 9.756987757159486137e+02 4.634400000000005093e+02 0.000000000000000000e+00 3.160252702158001359e+00 6.099999999999999867e-02
5.266962000000000000e+06 1.000000000000000000e+00 6.600000000000000000e+01 8.526329590447723604e+03 9.735267757159481334e+02 4.681700000000000728e+02 0.000000000000000000e+00 8.951271994438194213e+00 9.199999999999999845e-02
5.266125000000000000e+06 1.000000000000000000e+00 6.600000000000000000e+01 8.519218590447722818e+03 9.755907757159484390e+02 4.768100000000004002e+02 0.000000000000000000e+00 8.145922844803314078e+00 9.199999999999999845e-02
5.266965000000000000e+06 1.000000000000000000e+00 6.500000000000000000e+01 8.513976590447724448e+03 9.878897757159484172e+02 4.766599999999998545e+02 0.000000000000000000e+00 1.192166949498206341e+00 2.400000000000000050e-02
5.266965000000000000e+06 1.000000000000000000e+00 6.500000000000000000e+01 8.513273590447723109e+03 9.882367757159481698e+02 4.788699999999998909e+02 0.000000000000000000e+00 2.739856494936045106e+00 2.400000000000000050e-02
5.266964000000000000e+06 1.000000000000000000e+00 6.500000000000000000e+01 8.514141590447723502e+03 9.914717757159478424e+02 4.763000000000001819e+02 0.000000000000000000e+00 1.842850380458902482e+00 9.199999999999999845e-02
5.266966000000000000e+06 1.000000000000000000e+00 6.500000000000000000e+01 8.519836590447725030e+03 9.746357757159485118e+02 4.749600000000000364e+02 0.000000000000000000e+00 8.833904877491161045e+00 4.169999999999999818e-01
5.266042000000000000e+06 1.000000000000000000e+00 6.500000000000000000e+01 8.520543590447723545e+03 9.705197757159485263e+02 4.770000000000000000e+02 0.000000000000000000e+00 8.529941556307583994e+00 2.039999999999999869e-01
5.266128000000000000e+06 1.000000000000000000e+00 6.500000000000000000e+01 8.515762590447724506e+03 9.663897757159484172e+02 4.746200000000008004e+02 0.000000000000000000e+00 7.188252592443628686e+00 6.099999999999999867e-02
