1.243719760000000000e+08 1.000000000000000000e+00 6.600000000000000000e+01 6.811599999999998545e+02 3.912540125852619894e+02 1.441855712853673867e+04 0.000000000000000000e+00 2.098388552010646890e+00 1.078999999999999915e+01
1.243719600000000000e+08 1.000000000000000000e+00 6.500000000000000000e+01 6.985900000000001455e+02 3.588610125852619603e+02 1.442353102853673772e+04 0.000000000000000000e+00 4.966396952903690654e+00 1.000000000000000000e+01
1.243719600000000000e+08 1.000000000000000000e+00 6.500000000000000000e+01 6.990699999999997090e+02 3.612550125852621932e+02 1.442327232853673922e+04 0.000000000000000000e+00 4.314918731230714677e+00 2.039999999999999869e-01
1.243719560000000000e+08 1.000000000000000000e+00 6.500000000000000000e+01 7.171300000000001091e+02 3.498310125852622150e+02 1.443240382853673873e+04 0.000000000000000000e+00 5.659689346675189636e-01 9.199999999999999845e-02
1.243719560000000000e+08 1.000000000000000000e+00 6.500000000000000000e+01 7.185899999999992360e+02 3.502550125852621932e+02 1.443087522853673727e+04 0.000000000000000000e+00 1.384848889786997272e+00 2.039999999999999869e-01
1.243719560000000000e+08 0.000000000000000000e+00 6.500000000000000000e+01 7.160100000000002183e+02 3.529390125852623896e+02 1.442633842853673923e+04 0.000000000000000000e+00 1.875981813104426799e+00 9.199999999999999845e-02
1.243720350000000000e+08 1.000000000000000000e+00 6.500000000000000000e+01 7.251399999999994179e+02 3.701030125852621495e+02 1.442894512853673950e+04 0.000000000000000000e+00 4.851267397944305060e+00 8.349999999999999645e-01
1.243720350000000000e+08 1.000000000000000000e+00 6.500000000000000000e+01 7.255699999999997090e+02 3.711380125852620040e+02 1.442984372853673813e+04 0.000000000000000000e+00 3.485666063191633413e+00 4.169999999999999818e-01
1.243718720000000000e+08 1.000000000000000000e+00 6.500000000000000000e+01 7.217400000000006912e+02 3.598900125852624114e+02 1.443571082853673943e+04 0.000000000000000000e+00 7.017741395688009698e-01 9.199999999999999845e-02
1.243718710000000000e+08 0.000000000000000000e+00 6.500000000000000000e+01 7.201400000000003274e+02 3.554570125852624187e+02 1.444034762853673965e+04 0.000000000000000000e+00 1.379136252401125695e+00 9.199999999999999845e-02
1.243718720000000000e+08 0.000000000000000000e+00 6.600000000000000000e+01 7.151499999999996362e+02 3.508170125852620913e+02 1.444479572853673744e+04 0.000000000000000000e+00 1.661209173111890758e+00 9.199999999999999845e-02
1.243719570000000000e+08 0.000000000000000000e+00 6.500000000000000000e+01 7.143699999999998909e+02 3.530210125852618148e+02 1.443089132853673800e+04 0.000000000000000000e+00 7.824880284239915662e-01 4.169999999999999818e-01
1.243718740000000000e+08 0.000000000000000000e+00 6.500000000000000000e+01 7.144500000000007276e+02 3.557920125852624551e+02 1.443323342853673967e+04 0.000000000000000000e+00 1.397081532087190547e+00 4.169999999999999818e-01
1.243718710000000000e+08 0.000000000000000000e+00 6.600000000000000000e+01 7.134499999999998181e+02 3.567330125852622587e+02 1.444577112853673862e+04 0.000000000000000000e+00 1.084815276383775062e+00 2.400000000000000050e-02
1.243718700000000000e+08 1.000000000000000000e+00 6.600000000000000000e+01 7.143299999999999272e+02 3.626950125852617930e+02 1.444732292853673789e+04 0.000000000000000000e+00 2.084523549051837232e+00 2.400000000000000050e-02
1.243718730000000000e+08 0.000000000000000000e+00 6.500000000000000000e+01 7.190600000000004002e+02 3.528490125852622441e+02 1.443593232853673908e+04 0.000000000000000000e+00 1.649289666189217574e+00 9.199999999999999845e-02
1.243718730000000000e+08 0.000000000000000000e+00 6.500000000000000000e+01 7.190600000000004002e+02 3.528490125852622441e+02 1.443593232853673908e+04 0.000000000000000000e+00 1.649289666189217574e+00 7.318959999999999688e+00
1.243719600000000000e+08 1.000000000000000000e+00 6.500000000000000000e+01 6.959399999999995998e+02 3.595490125852620622e+02 1.442208842853673923e+04 0.000000000000000000e+00 6.206260781912624758e+00 8.349999999999999645e-01
1.243720670000000000e+08 1.000000000000000000e+00 6.500000000000000000e+01 6.920299999999997453e+02 3.549410125852618876e+02 1.441633872853673893e+04 0.000000000000000000e+00 9.531567209218536618e+00 4.169999999999999818e-01
1.243720670000000000e+08 1.000000000000000000e+00 6.500000000000000000e+01 6.897600000000002183e+02 3.511000125852624478e+02 1.441429532853673845e+04 0.000000000000000000e+00 4.672211793136878732e+00 9.199999999999999845e-02
1.243720740000000000e+08 1.000000000000000000e+00 6.500000000000000000e+01 6.763099999999994907e+02 3.300540125852621713e+02 1.439672754853673905e+04 0.000000000000000000e+00 2.572174537046208354e+00 4.169999999999999818e-01
1.243720800000000000e+08 1.000000000000000000e+00 6.600000000000000000e+01 6.736000000000003638e+02 3.281260125852622878e+02 1.438244292853673869e+04 0.000000000000000000e+00 2.413044602809582884e+00 6.099999999999999867e-02
1.243720800000000000e+08 1.000000000000000000e+00 6.600000000000000000e+01 6.695500000000001819e+02 3.252380125852623678e+02 1.438383425853673907e+04 0.000000000000000000e+00 1.703600386696286328e+00 4.169999999999999818e-01
1.243708140000000000e+08 1.000000000000000000e+00 6.500000000000000000e+01 6.727399999999997817e+02 3.162180125852619312e+02 1.438643997853673864e+04 0.000000000000000000e+00 1.817443365386301579e+00 4.169999999999999818e-01
1.243720810000000000e+08 1.000000000000000000e+00 6.600000000000000000e+01 6.698399999999992360e+02 3.347120125852625279e+02 1.437524162853673806e+04 0.000000000000000000e+00 4.159743878386121807e+00 9.199999999999999845e-02
1.243720810000000000e+08 1.000000000000000000e+00 6.600000000000000000e+01 6.693900000000003274e+02 3.357590125852620986e+02 1.437349812853673939e+04 0.000000000000000000e+00 6.230946896715357397e+00 9.199999999999999845e-02
1.243720810000000000e+08 1.000000000000000000e+00 6.600000000000000000e+01 6.735100000000002183e+02 3.316130125852623678e+02 1.437728062853673873e+04 0.000000000000000000e+00 3.788230761599802765e+00 6.099999999999999867e-02
1.243708130000000000e+08 1.000000000000000000e+00 6.500000000000000000e+01 6.800600000000004002e+02 3.213250125852619021e+02 1.439052170853673852e+04 0.000000000000000000e+00 6.872021242389211082e+00 6.099999999999999867e-02
1.243708120000000000e+08 1.000000000000000000e+00 6.500000000000000000e+01 6.773299999999999272e+02 3.186100125852617566e+02 1.439446303853673817e+04 0.000000000000000000e+00 5.407994731520944676e+00 2.400000000000000050e-02
1.243708130000000000e+08 1.000000000000000000e+00 6.500000000000000000e+01 6.774700000000002547e+02 3.179870125852621641e+02 1.439336050353673818e+04 0.000000000000000000e+00 5.045132148001034267e+00 9.199999999999999845e-02
1.243708130000000000e+08 1.000000000000000000e+00 6.500000000000000000e+01 6.774700000000002547e+02 3.179870125852621641e+02 1.439336050353673818e+04 0.000000000000000000e+00 5.045132148001034267e+00 7.371340000000000003e+00
1.243732940000000000e+08 1.000000000000000000e+00 6.500000000000000000e+01 7.168400000000001455e+02 3.782210125852625424e+02 1.440844002853673737e+04 0.000000000000000000e+00 7.407246865686241577e+00 6.099999999999999867e-02
1.243732890000000000e+08 1.000000000000000000e+00 6.600000000000000000e+01 7.134499999999998181e+02 3.701580125852624406e+02 1.440664822853673832e+04 0.000000000000000000e+00 6.454989585985462242e+00 9.199999999999999845e-02
1.243719620000000000e+08 1.000000000000000000e+00 6.500000000000000000e+01 7.085599999999994907e+02 3.704220125852625642e+02 1.442029012853673703e+04 0.000000000000000000e+00 7.251882562999028892e+00 4.169999999999999818e-01
1.243719600000000000e+08 1.000000000000000000e+00 6.500000000000000000e+01 7.065399999999990541e+02 3.655970125852618366e+02 1.442054852853673947e+04 0.000000000000000000e+00 5.955944175225740267e+00 4.169999999999999818e-01
1.243719580000000000e+08 1.000000000000000000e+00 6.600000000000000000e+01 7.134200000000000728e+02 3.671770125852617639e+02 1.442063442853673769e+04 0.000000000000000000e+00 6.524851494904520877e+00 9.199999999999999845e-02
1.243732950000000000e+08 1.000000000000000000e+00 6.500000000000000000e+01 7.131999999999998181e+02 3.808470125852618366e+02 1.441737742853673808e+04 0.000000000000000000e+00 7.392383816046816492e+00 1.000000000000000000e+01
1.243732950000000000e+08 1.000000000000000000e+00 6.500000000000000000e+01 7.131999999999998181e+02 3.808470125852618366e+02 1.441737742853673808e+04 0.000000000000000000e+00 7.392383816046816492e+00 1.052629999999999955e+00
1.243719760000000000e+08 1.000000000000000000e+00 6.600000000000000000e+01 6.761999999999998181e+02 3.884910125852620695e+02 1.441641612853673723e+04 0.000000000000000000e+00 6.175627252125666544e+00 1.078999999999999915e+01
1.243719790000000000e+08 0.000000000000000000e+00 6.500000000000000000e+01 6.679299999999993815e+02 4.008320125852624187e+02 1.441777302853673973e+04 0.000000000000000000e+00 2.646675393962637735e+00 2.039999999999999869e-01
1.243719800000000000e+08 0.000000000000000000e+00 6.500000000000000000e+01 6.710600000000004002e+02 4.025340125852617348e+02 1.441700162853673828e+04 0.000000000000000000e+00 2.225912583691212365e+00 1.000000000000000021e-02
1.243719780000000000e+08 0.000000000000000000e+00 6.600000000000000000e+01 6.795000000000000000e+02 4.013310125852622150e+02 1.442064702853673953e+04 0.000000000000000000e+00 1.542443006321021493e-01 1.260999999999999943e+01
1.243719790000000000e+08 0.000000000000000000e+00 6.600000000000000000e+01 6.804300000000002910e+02 4.013720125852623823e+02 1.441734122853673762e+04 0.000000000000000000e+00 1.163361941262345711e+00 2.400000000000000050e-02
1.243732630000000000e+08 0.000000000000000000e+00 6.500000000000000000e+01 6.760599999999994907e+02 3.997640125852622077e+02 1.439602981853673919e+04 0.000000000000000000e+00 2.266324627469358699e+00 9.199999999999999845e-02
1.243732640000000000e+08 1.000000000000000000e+00 6.500000000000000000e+01 6.801999999999998181e+02 3.970010125852622878e+02 1.439793897853673843e+04 0.000000000000000000e+00 2.767001668354519328e+00 9.199999999999999845e-02
1.243719800000000000e+08 1.000000000000000000e+00 6.500000000000000000e+01 6.652600000000002183e+02 3.901290125852619894e+02 1.440945032853673911e+04 0.000000000000000000e+00 8.954357263701696823e+00 9.199999999999999845e-02
1.243719760000000000e+08 1.000000000000000000e+00 6.600000000000000000e+01 6.738300000000008367e+02 3.894280125852619676e+02 1.441511872853673776e+04 0.000000000000000000e+00 7.482388231082585328e+00 9.199999999999999845e-02
1.243719760000000000e+08 1.000000000000000000e+00 6.600000000000000000e+01 6.740799999999999272e+02 3.903460125852625424e+02 1.441838752853673941e+04 0.000000000000000000e+00 4.206914445166610506e+00 2.400000000000000050e-02
1.243719760000000000e+08 1.000000000000000000e+00 6.600000000000000000e+01 6.741500000000005457e+02 3.906070125852620549e+02 1.441931692853673849e+04 0.000000000000000000e+00 3.323789698906088219e+00 4.169999999999999818e-01
1.243719760000000000e+08 1.000000000000000000e+00 6.600000000000000000e+01 6.748699999999998909e+02 3.916520125852621277e+02 1.442314852853673801e+04 0.000000000000000000e+00 1.198865871040404762e+00 4.169999999999999818e-01
1.243719760000000000e+08 1.000000000000000000e+00 6.600000000000000000e+01 6.748699999999998909e+02 3.916520125852621277e+02 1.442314852853673801e+04 0.000000000000000000e+00 1.198865871040404762e+00 7.277289999999999814e+00
1.243719760000000000e+08 1.000000000000000000e+00 6.600000000000000000e+01 6.761999999999998181e+02 3.884910125852620695e+02 1.441641612853673723e+04 0.000000000000000000e+00 6.175627252125666544e+00 2.871430000000000149e+00
