1.949131000000000000e+06 1.000000000000000000e+00 6.500000000000000000e+01 6.415219789974323248e+03 1.072397786863162764e+04 7.069000000000050932e+01 0.000000000000000000e+00 8.975085926288542737e+00 1.078999999999999915e+01
7.666523000000000000e+06 1.000000000000000000e+00 6.600000000000000000e+01 6.859136839974323266e+03 1.056725786863162648e+04 7.165200000000004366e+02 0.000000000000000000e+00 8.463753644153115374e+00 1.339000000000000057e+01
7.666523000000000000e+06 1.000000000000000000e+00 6.600000000000000000e+01 6.859017839974323579e+03 1.056663286863162648e+04 7.168600000000005821e+02 0.000000000000000000e+00 8.508306826007730805e+00 1.078999999999999915e+01
7.666935000000000000e+06 1.000000000000000000e+00 6.500000000000000000e+01 6.851211839974323084e+03 1.055977686863162671e+04 7.231599999999998545e+02 0.000000000000000000e+00 8.838787191925376874e+00 1.339000000000000057e+01
7.667263000000000000e+06 0.000000000000000000e+00 6.600000000000000000e+01 6.844000839974323753e+03 1.055757286863162517e+04 7.908000000000001819e+02 0.000000000000000000e+00 3.174557781667388667e+00 1.339000000000000057e+01
7.667200000000000000e+06 1.000000000000000000e+00 6.600000000000000000e+01 6.888339839974323695e+03 1.055431686863162759e+04 8.130600000000004002e+02 0.000000000000000000e+00 8.163939101592706749e+00 1.078999999999999915e+01
7.666391000000000000e+06 1.000000000000000000e+00 6.500000000000000000e+01 6.911806839974323339e+03 1.054808586863162782e+04 8.088199999999997090e+02 0.000000000000000000e+00 1.059035306050766900e+00 1.605000000000000071e+01
7.666472000000000000e+06 1.000000000000000000e+00 6.600000000000000000e+01 6.926307839974323542e+03 1.054128386863162632e+04 8.055100000000002183e+02 0.000000000000000000e+00 2.494125361310694178e+00 1.078999999999999915e+01
7.666472000000000000e+06 1.000000000000000000e+00 6.600000000000000000e+01 6.927585839974323790e+03 1.054051286863162750e+04 8.047500000000000000e+02 0.000000000000000000e+00 2.049615988142686529e+00 1.339000000000000057e+01
7.666472000000000000e+06 0.000000000000000000e+00 6.600000000000000000e+01 6.929551839974323229e+03 1.053846186863162620e+04 8.018100000000004002e+02 0.000000000000000000e+00 2.864416136115389033e+00 1.605000000000000071e+01
7.666472000000000000e+06 0.000000000000000000e+00 6.600000000000000000e+01 6.928779839974323295e+03 1.054311686863162686e+04 7.995299999999997453e+02 0.000000000000000000e+00 8.034557116640543839e-01 1.078999999999999915e+01
7.668014000000000000e+06 1.000000000000000000e+00 6.500000000000000000e+01 6.927031839974323702e+03 1.055887986863162587e+04 7.938199999999997090e+02 0.000000000000000000e+00 3.607266740400975280e+00 1.078999999999999915e+01
7.667740000000000000e+06 1.000000000000000000e+00 6.600000000000000000e+01 6.951202839974323069e+03 1.061296386863162661e+04 7.512800000000006548e+02 0.000000000000000000e+00 9.267070546955419985e+00 2.400000000000000050e-02
7.667739000000000000e+06 1.000000000000000000e+00 6.600000000000000000e+01 6.939012839974323470e+03 1.061965386863162712e+04 7.563699999999998909e+02 0.000000000000000000e+00 4.976889146486234594e+00 2.400000000000000050e-02
7.667817000000000000e+06 1.000000000000000000e+00 6.500000000000000000e+01 6.935755839974322953e+03 1.062327286863162590e+04 7.591400000000003274e+02 0.000000000000000000e+00 5.769988432646148802e+00 6.099999999999999867e-02
7.667821000000000000e+06 1.000000000000000000e+00 6.600000000000000000e+01 6.932767839974323579e+03 1.062053186863162773e+04 7.583699999999998909e+02 0.000000000000000000e+00 4.166267164800300016e+00 1.078999999999999915e+01
7.667738000000000000e+06 1.000000000000000000e+00 6.600000000000000000e+01 6.935097839974323506e+03 1.062256086863162636e+04 7.556800000000002910e+02 0.000000000000000000e+00 5.495909102877709174e+00 2.400000000000000050e-02
7.667739000000000000e+06 1.000000000000000000e+00 6.600000000000000000e+01 6.937951839974323775e+03 1.062018486863162616e+04 7.541800000000002910e+02 0.000000000000000000e+00 3.023535850240469891e+00 2.039999999999999869e-01
7.667822000000000000e+06 1.000000000000000000e+00 6.600000000000000000e+01 6.933429839974323841e+03 1.061148686863162584e+04 7.575099999999993088e+02 0.000000000000000000e+00 3.136259224100988341e+00 9.199999999999999845e-02
7.667824000000000000e+06 1.000000000000000000e+00 6.500000000000000000e+01 6.933050839974323026e+03 1.060358786863162641e+04 7.501000000000003638e+02 0.000000000000000000e+00 2.291245983558970689e+00 9.199999999999999845e-02
7.667824000000000000e+06 1.000000000000000000e+00 6.500000000000000000e+01 6.929215839974323899e+03 1.059971486863162681e+04 7.435299999999997453e+02 0.000000000000000000e+00 1.814835418726757243e+00 9.199999999999999845e-02
7.667828000000000000e+06 0.000000000000000000e+00 6.500000000000000000e+01 6.926429839974323841e+03 1.058897986863162623e+04 7.535199999999995271e+02 0.000000000000000000e+00 2.296945236654463152e+00 4.169999999999999818e-01
7.667828000000000000e+06 0.000000000000000000e+00 6.500000000000000000e+01 6.927563839974323855e+03 1.059039786863162590e+04 7.548500000000003638e+02 0.000000000000000000e+00 2.940076000914133125e+00 9.199999999999999845e-02
7.667826000000000000e+06 1.000000000000000000e+00 6.500000000000000000e+01 6.930446839974323666e+03 1.059224586863162767e+04 7.565999999999994543e+02 0.000000000000000000e+00 3.293443523284760754e+00 9.199999999999999845e-02
7.667826000000000000e+06 1.000000000000000000e+00 6.500000000000000000e+01 6.931827839974323069e+03 1.059288186863162628e+04 7.573599999999996726e+02 0.000000000000000000e+00 2.463564267417005738e+00 9.199999999999999845e-02
7.667826000000000000e+06 1.000000000000000000e+00 6.500000000000000000e+01 6.932707839974323178e+03 1.059328786863162532e+04 7.578399999999992360e+02 0.000000000000000000e+00 1.521388505078582476e+00 9.199999999999999845e-02
7.667826000000000000e+06 1.000000000000000000e+00 6.500000000000000000e+01 6.932707839974323178e+03 1.059328786863162532e+04 7.578399999999992360e+02 0.000000000000000000e+00 1.521388505078582476e+00 7.370589999999999975e+00
7.667741000000000000e+06 1.000000000000000000e+00 6.500000000000000000e+01 6.939654839974323295e+03 1.062744986863162558e+04 7.572800000000006548e+02 0.000000000000000000e+00 4.548433073561324314e+00 2.039999999999999869e-01
7.667741000000000000e+06 1.000000000000000000e+00 6.500000000000000000e+01 6.940246839974323848e+03 1.062659886863162683e+04 7.558900000000003274e+02 0.000000000000000000e+00 3.486793332451542327e+00 2.400000000000000050e-02
7.667741000000000000e+06 1.000000000000000000e+00 6.500000000000000000e+01 6.939666839974323011e+03 1.062528986863162572e+04 7.574299999999993815e+02 0.000000000000000000e+00 5.579322064141595483e+00 2.400000000000000050e-02
7.667741000000000000e+06 1.000000000000000000e+00 6.500000000000000000e+01 6.938632839974323360e+03 1.063001686863162649e+04 7.550600000000004002e+02 0.000000000000000000e+00 3.214672551838277492e+00 9.199999999999999845e-02
7.667741000000000000e+06 1.000000000000000000e+00 6.500000000000000000e+01 6.939235839974323426e+03 1.063253386863162632e+04 7.531800000000002910e+02 0.000000000000000000e+00 1.366104455920495786e+00 9.199999999999999845e-02
7.667745000000000000e+06 1.000000000000000000e+00 6.600000000000000000e+01 6.944424839974323731e+03 1.064041276863162784e+04 7.513800000000001091e+02 0.000000000000000000e+00 5.496243414700177077e+00 9.199999999999999845e-02
7.667748000000000000e+06 1.000000000000000000e+00 6.500000000000000000e+01 6.946034839974323404e+03 1.064732936863162649e+04 7.361199999999998909e+02 0.000000000000000000e+00 7.172658729943049316e+00 9.199999999999999845e-02
7.667748000000000000e+06 1.000000000000000000e+00 6.500000000000000000e+01 6.947019839974323986e+03 1.064728536863162662e+04 7.368200000000006185e+02 0.000000000000000000e+00 6.320997640092681280e+00 5.000000000000000000e-01
7.667748000000000000e+06 1.000000000000000000e+00 6.500000000000000000e+01 6.947019839974323986e+03 1.064728536863162662e+04 7.368200000000006185e+02 0.000000000000000000e+00 6.320997640092681280e+00 7.040289999999999715e+00
7.667825000000000000e+06 1.000000000000000000e+00 6.500000000000000000e+01 6.932143839974323782e+03 1.059843086863162534e+04 7.466999999999998181e+02 0.000000000000000000e+00 3.502092533883518044e+00 2.400000000000000050e-02
7.667825000000000000e+06 1.000000000000000000e+00 6.500000000000000000e+01 6.931419839974323622e+03 1.059825586863162607e+04 7.471899999999995998e+02 0.000000000000000000e+00 3.145180537265166443e+00 4.169999999999999818e-01
7.667825000000000000e+06 1.000000000000000000e+00 6.500000000000000000e+01 6.931066839974323557e+03 1.059818286863162575e+04 7.474200000000000728e+02 0.000000000000000000e+00 3.051867587216117172e+00 9.199999999999999845e-02
7.667826000000000000e+06 1.000000000000000000e+00 6.500000000000000000e+01 6.933331839974323884e+03 1.059399586863162767e+04 7.572600000000002183e+02 0.000000000000000000e+00 1.015980538060781369e+00 4.169999999999999818e-01
7.667827000000000000e+06 0.000000000000000000e+00 6.500000000000000000e+01 6.929387839974323470e+03 1.059407786863162619e+04 7.544400000000005093e+02 0.000000000000000000e+00 2.624144596715983102e+00 9.199999999999999845e-02
7.667827000000000000e+06 0.000000000000000000e+00 6.500000000000000000e+01 6.928467839974323397e+03 1.059486886863162727e+04 7.538400000000001455e+02 0.000000000000000000e+00 1.902677241928429019e+00 1.078999999999999915e+01
7.667830000000000000e+06 1.000000000000000000e+00 6.600000000000000000e+01 6.929914839974323513e+03 1.058339986863162630e+04 7.517099999999991269e+02 0.000000000000000000e+00 1.865715992527349432e+00 9.199999999999999845e-02
7.667827000000000000e+06 1.000000000000000000e+00 6.500000000000000000e+01 6.929122839974323142e+03 1.059061786863162706e+04 7.580300000000006548e+02 0.000000000000000000e+00 2.966836183506480484e+00 4.169999999999999818e-01
7.667827000000000000e+06 1.000000000000000000e+00 6.500000000000000000e+01 6.928455839974323681e+03 1.059228186863162773e+04 7.590700000000006185e+02 0.000000000000000000e+00 1.678176754716937058e+00 4.169999999999999818e-01
7.667828000000000000e+06 1.000000000000000000e+00 6.500000000000000000e+01 6.922522839974323688e+03 1.059265186863162671e+04 7.661799999999993815e+02 0.000000000000000000e+00 6.453225245597322690e+00 9.199999999999999845e-02
7.667827000000000000e+06 0.000000000000000000e+00 6.500000000000000000e+01 6.928467839974323397e+03 1.059486886863162727e+04 7.538400000000001455e+02 0.000000000000000000e+00 1.902677241928429019e+00 6.577020000000000088e-01
7.667826000000000000e+06 1.000000000000000000e+00 6.500000000000000000e+01 6.935881839974323157e+03 1.059919686863162678e+04 7.628099999999994907e+02 0.000000000000000000e+00 7.038900569616315828e+00 6.099999999999999867e-02
7.667826000000000000e+06 1.000000000000000000e+00 6.500000000000000000e+01 6.928879839974323659e+03 1.059886186863162584e+04 7.641799999999993815e+02 0.000000000000000000e+00 5.428796396953742054e+00 9.199999999999999845e-02
7.667826000000000000e+06 1.000000000000000000e+00 6.500000000000000000e+01 6.928757839974323360e+03 1.059827186863162569e+04 7.654000000000005457e+02 0.000000000000000000e+00 6.556043256457192214e+00 2.039999999999999869e-01
7.667826000000000000e+06 1.000000000000000000e+00 6.500000000000000000e+01 6.928635839974323062e+03 1.059767986863162696e+04 7.666300000000001091e+02 0.000000000000000000e+00 7.768530759863940816e+00 9.199999999999999845e-02
7.667826000000000000e+06 1.000000000000000000e+00 6.500000000000000000e+01 6.936729839974323113e+03 1.059716486863162572e+04 7.658999999999996362e+02 0.000000000000000000e+00 8.869768819222921152e+00 9.199999999999999845e-02
7.668007000000000000e+06 1.000000000000000000e+00 6.600000000000000000e+01 6.934879839974323659e+03 1.058213186863162628e+04 7.768299999999999272e+02 0.000000000000000000e+00 5.660992543697196844e+00 4.169999999999999818e-01
7.666488000000000000e+06 1.000000000000000000e+00 6.600000000000000000e+01 6.933404839974323295e+03 1.058329886863162756e+04 7.846200000000008004e+02 0.000000000000000000e+00 7.531971245209966526e+00 4.169999999999999818e-01
7.666488000000000000e+06 1.000000000000000000e+00 6.600000000000000000e+01 6.934086839974323084e+03 1.058152986863162732e+04 7.880699999999997090e+02 0.000000000000000000e+00 5.572712153427968218e+00 9.199999999999999845e-02
7.666483000000000000e+06 1.000000000000000000e+00 6.500000000000000000e+01 6.938020839974323280e+03 1.058036386863162625e+04 7.906899999999995998e+02 0.000000000000000000e+00 3.780186860559746620e+00 2.400000000000000050e-02
7.666482000000000000e+06 1.000000000000000000e+00 6.500000000000000000e+01 6.943785839974323608e+03 1.057649686863162606e+04 7.972999999999992724e+02 0.000000000000000000e+00 2.262157314801891417e+00 4.169999999999999818e-01
7.666477000000000000e+06 0.000000000000000000e+00 6.600000000000000000e+01 6.939576839974323775e+03 1.055953086863162753e+04 7.983599999999996726e+02 0.000000000000000000e+00 1.013093180041369834e+00 9.199999999999999845e-02
7.666477000000000000e+06 0.000000000000000000e+00 6.600000000000000000e+01 6.939576839974323775e+03 1.055953086863162753e+04 7.983599999999996726e+02 0.000000000000000000e+00 1.013093180041369834e+00 7.342749999999999666e+00
7.667823000000000000e+06 1.000000000000000000e+00 6.600000000000000000e+01 6.932745839974323644e+03 1.060411386863162625e+04 7.642500000000000000e+02 0.000000000000000000e+00 8.090749656681420987e+00 1.078999999999999915e+01
7.667826000000000000e+06 1.000000000000000000e+00 6.500000000000000000e+01 6.928902839974323797e+03 1.060213886863162770e+04 7.661000000000003638e+02 0.000000000000000000e+00 8.443477966460356754e+00 9.199999999999999845e-02
7.666497000000000000e+06 1.000000000000000000e+00 6.600000000000000000e+01 6.928389839974322967e+03 1.060030286863162655e+04 7.689800000000004729e+02 0.000000000000000000e+00 8.845701491813258599e+00 1.078999999999999915e+01
7.666493000000000000e+06 1.000000000000000000e+00 6.500000000000000000e+01 6.927800839974323026e+03 1.059550286863162546e+04 7.723099999999994907e+02 0.000000000000000000e+00 9.949960184507853356e+00 9.199999999999999845e-02
7.666489000000000000e+06 1.000000000000000000e+00 6.600000000000000000e+01 6.925909839974323404e+03 1.058585986863162543e+04 7.964400000000005093e+02 0.000000000000000000e+00 4.557518399772814810e+00 1.078999999999999915e+01
7.666489000000000000e+06 1.000000000000000000e+00 6.600000000000000000e+01 6.925909839974323404e+03 1.058585986863162543e+04 7.964400000000005093e+02 0.000000000000000000e+00 4.557518399772814810e+00 5.187280000000000335e+00
7.666489000000000000e+06 1.000000000000000000e+00 6.600000000000000000e+01 6.925909839974323404e+03 1.058585986863162543e+04 7.964400000000005093e+02 0.000000000000000000e+00 4.557518399772814810e+00 7.573739999999999917e-01
7.666497000000000000e+06 1.000000000000000000e+00 6.600000000000000000e+01 6.928389839974322967e+03 1.060030286863162655e+04 7.689800000000004729e+02 0.000000000000000000e+00 8.845701491813258599e+00 6.525909999999999656e+00
7.666492000000000000e+06 1.000000000000000000e+00 6.500000000000000000e+01 6.942888839974323673e+03 1.060280186863162635e+04 7.773499999999994543e+02 0.000000000000000000e+00 8.591823480239272115e+00 4.169999999999999818e-01
7.667833000000000000e+06 0.000000000000000000e+00 6.600000000000000000e+01 6.925162839974323106e+03 1.057231086863162636e+04 7.568899999999994179e+02 0.000000000000000000e+00 1.938535631696875150e+00 6.099999999999999867e-02
7.667915000000000000e+06 1.000000000000000000e+00 6.500000000000000000e+01 6.927319839974323259e+03 1.057240486863162732e+04 7.570500000000001819e+02 0.000000000000000000e+00 1.390876504791690005e+00 9.199999999999999845e-02
7.667915000000000000e+06 1.000000000000000000e+00 6.500000000000000000e+01 6.926725839974323208e+03 1.057340586863162753e+04 7.563599999999996726e+02 0.000000000000000000e+00 5.971391484427012175e-01 9.199999999999999845e-02
7.667828000000000000e+06 0.000000000000000000e+00 6.600000000000000000e+01 6.922183839974323746e+03 1.059111286863162604e+04 7.483599999999996726e+02 0.000000000000000000e+00 1.061988918586649566e+00 2.400000000000000050e-02
7.667828000000000000e+06 0.000000000000000000e+00 6.600000000000000000e+01 6.922236839974323630e+03 1.059103086863162753e+04 7.480900000000001455e+02 0.000000000000000000e+00 7.821663792918737146e-01 6.099999999999999867e-02
7.667824000000000000e+06 1.000000000000000000e+00 6.600000000000000000e+01 6.921628839974323455e+03 1.060019886863162537e+04 7.577299999999995634e+02 0.000000000000000000e+00 3.640850905853033392e+00 6.099999999999999867e-02
7.667823000000000000e+06 0.000000000000000000e+00 6.600000000000000000e+01 6.927600839974323208e+03 1.060824486863162747e+04 7.518100000000004002e+02 0.000000000000000000e+00 2.555845241612574537e+00 2.400000000000000050e-02
7.667734000000000000e+06 1.000000000000000000e+00 6.500000000000000000e+01 6.927625839974323753e+03 1.061120286863162619e+04 7.426100000000005821e+02 0.000000000000000000e+00 3.801399524213540548e+00 2.039999999999999869e-01
7.667734000000000000e+06 1.000000000000000000e+00 6.500000000000000000e+01 6.926130839974323862e+03 1.061303886863162552e+04 7.425399999999999636e+02 0.000000000000000000e+00 1.443789470385798301e+00 1.000000000000000021e-02
7.667819000000000000e+06 1.000000000000000000e+00 6.600000000000000000e+01 6.926678839974323637e+03 1.061729686863162715e+04 7.432799999999997453e+02 0.000000000000000000e+00 2.856954593159902078e+00 6.099999999999999867e-02
7.667819000000000000e+06 0.000000000000000000e+00 6.600000000000000000e+01 6.927806839974323339e+03 1.062180286863162655e+04 7.459700000000002547e+02 0.000000000000000000e+00 1.461430086332555778e+00 2.400000000000000050e-02
7.667819000000000000e+06 1.000000000000000000e+00 6.600000000000000000e+01 6.926897839974323688e+03 1.062058886863162661e+04 7.437100000000000364e+02 0.000000000000000000e+00 9.004464041598641000e-01 9.199999999999999845e-02
7.667819000000000000e+06 1.000000000000000000e+00 6.600000000000000000e+01 6.926385839974323062e+03 1.061944086863162738e+04 7.415999999999994543e+02 0.000000000000000000e+00 1.578246500069115488e+00 9.199999999999999845e-02
7.667821000000000000e+06 1.000000000000000000e+00 6.500000000000000000e+01 6.918469839974323804e+03 1.061250386863162566e+04 7.427899999999999636e+02 0.000000000000000000e+00 9.133044557129791352e-01 9.199999999999999845e-02
7.667653000000000000e+06 1.000000000000000000e+00 6.500000000000000000e+01 6.914380839974323862e+03 1.060974286863162706e+04 7.390699999999997090e+02 0.000000000000000000e+00 1.239711830222776090e+00 9.199999999999999845e-02
7.667654000000000000e+06 1.000000000000000000e+00 6.500000000000000000e+01 6.910200839974323571e+03 1.060397486863162703e+04 7.358999999999996362e+02 0.000000000000000000e+00 2.819317556768281108e+00 9.199999999999999845e-02
7.667654000000000000e+06 1.000000000000000000e+00 6.500000000000000000e+01 6.910331839974323884e+03 1.060355786863162575e+04 7.357200000000002547e+02 0.000000000000000000e+00 3.006307888491206892e+00 2.400000000000000050e-02
7.667912000000000000e+06 1.000000000000000000e+00 6.500000000000000000e+01 6.903445839974323462e+03 1.058484186863162540e+04 7.312100000000000364e+02 0.000000000000000000e+00 4.868755976546631281e+00 9.199999999999999845e-02
7.667993000000000000e+06 1.000000000000000000e+00 6.500000000000000000e+01 6.925061839974323448e+03 1.059347686863162744e+04 7.256100000000005821e+02 0.000000000000000000e+00 3.090937799090351046e+00 9.199999999999999845e-02
7.667991000000000000e+06 0.000000000000000000e+00 6.600000000000000000e+01 6.927519839974323986e+03 1.059062786863162546e+04 7.243700000000008004e+02 0.000000000000000000e+00 2.949170738267820724e+00 9.199999999999999845e-02
7.667995000000000000e+06 0.000000000000000000e+00 6.500000000000000000e+01 6.930474839974323913e+03 1.058638086863162607e+04 7.350100000000002183e+02 0.000000000000000000e+00 6.703874091293868798e-01 5.000000000000000000e-01
7.667995000000000000e+06 0.000000000000000000e+00 6.500000000000000000e+01 6.931888839974323673e+03 1.058488686863162729e+04 7.349899999999997817e+02 0.000000000000000000e+00 5.577799006609522880e-01 9.199999999999999845e-02
7.667995000000000000e+06 1.000000000000000000e+00 6.500000000000000000e+01 6.931432839974323542e+03 1.058317086863162694e+04 7.309399999999995998e+02 0.000000000000000000e+00 3.617468853636171211e+00 6.099999999999999867e-02
7.667993000000000000e+06 1.000000000000000000e+00 6.600000000000000000e+01 6.931460839974323790e+03 1.058295786863162721e+04 7.307700000000004366e+02 0.000000000000000000e+00 3.574306356767328108e+00 6.099999999999999867e-02
7.667995000000000000e+06 1.000000000000000000e+00 6.500000000000000000e+01 6.931240839974323535e+03 1.058012786863162546e+04 7.297500000000000000e+02 0.000000000000000000e+00 3.915352201885414107e+00 8.349999999999999645e-01
7.667995000000000000e+06 1.000000000000000000e+00 6.500000000000000000e+01 6.931240839974323535e+03 1.058012786863162546e+04 7.297500000000000000e+02 0.000000000000000000e+00 3.915352201885414107e+00 6.745129999999999626e+00
7.667826000000000000e+06 1.000000000000000000e+00 6.500000000000000000e+01 6.929607839974323724e+03 1.059803686863162693e+04 7.578399999999992360e+02 0.000000000000000000e+00 7.724980504169508544e-01 9.199999999999999845e-02
7.667823000000000000e+06 1.000000000000000000e+00 6.600000000000000000e+01 6.924861839974323630e+03 1.060725486863162587e+04 7.593699999999998909e+02 0.000000000000000000e+00 1.555490632161375286e+00 2.039999999999999869e-01
7.667826000000000000e+06 0.000000000000000000e+00 6.600000000000000000e+01 6.922439839974323149e+03 1.059857186863162678e+04 7.485499999999992724e+02 0.000000000000000000e+00 1.750754778924539012e+00 6.099999999999999867e-02
7.667827000000000000e+06 1.000000000000000000e+00 6.600000000000000000e+01 6.916555839974323135e+03 1.059932986863162660e+04 7.370599999999994907e+02 0.000000000000000000e+00 3.556721952111682850e+00 9.199999999999999845e-02
7.667657000000000000e+06 0.000000000000000000e+00 6.500000000000000000e+01 6.912851839974323411e+03 1.060889586863162549e+04 7.257899999999999636e+02 0.000000000000000000e+00 1.507527552775549395e+00 9.199999999999999845e-02
7.667659000000000000e+06 1.000000000000000000e+00 6.500000000000000000e+01 6.921764839974322967e+03 1.061560286863162764e+04 7.151300000000001091e+02 0.000000000000000000e+00 5.565517069625530056e+00 6.099999999999999867e-02
7.669064000000000000e+06 1.000000000000000000e+00 6.500000000000000000e+01 6.901353839974323819e+03 1.065021956863162632e+04 6.931499999999996362e+02 0.000000000000000000e+00 1.477588635736351241e+00 9.199999999999999845e-02
7.669065000000000000e+06 1.000000000000000000e+00 6.500000000000000000e+01 6.898123839974323346e+03 1.064859976863162592e+04 6.909099999999998545e+02 0.000000000000000000e+00 1.412995623111228172e+00 2.400000000000000050e-02
7.669065000000000000e+06 1.000000000000000000e+00 6.500000000000000000e+01 6.897530839974323499e+03 1.065166606863162633e+04 6.930400000000008731e+02 0.000000000000000000e+00 1.509651686193882680e+00 2.400000000000000050e-02
7.669066000000000000e+06 1.000000000000000000e+00 6.500000000000000000e+01 6.899353839974323819e+03 1.064735306863162623e+04 6.983100000000004002e+02 0.000000000000000000e+00 2.111074721430139522e+00 9.199999999999999845e-02
7.669069000000000000e+06 1.000000000000000000e+00 6.600000000000000000e+01 6.895095839974323098e+03 1.065870286863162619e+04 6.976999999999998181e+02 0.000000000000000000e+00 5.313179173545534262e+00 6.099999999999999867e-02
7.668988000000000000e+06 1.000000000000000000e+00 6.500000000000000000e+01 6.893671839974323120e+03 1.066806886863162617e+04 6.987899999999999636e+02 0.000000000000000000e+00 4.070088071843049882e+00 9.199999999999999845e-02
7.668986000000000000e+06 1.000000000000000000e+00 6.600000000000000000e+01 6.893359839974323222e+03 1.067333976863162752e+04 6.905799999999999272e+02 0.000000000000000000e+00 3.402655838101045216e+00 2.039999999999999869e-01
7.668984000000000000e+06 0.000000000000000000e+00 6.600000000000000000e+01 6.895017839974323579e+03 1.067216066863162632e+04 6.839599999999991269e+02 0.000000000000000000e+00 1.432420553471142055e+00 6.099999999999999867e-02
7.668981000000000000e+06 1.000000000000000000e+00 6.500000000000000000e+01 6.902757839974323360e+03 1.066926676863162720e+04 6.834700000000002547e+02 0.000000000000000000e+00 2.996780665846102920e+00 9.199999999999999845e-02
7.668985000000000000e+06 1.000000000000000000e+00 6.600000000000000000e+01 6.900013839974323673e+03 1.066880386863162676e+04 6.891100000000005821e+02 0.000000000000000000e+00 8.089218779297616679e-01 6.099999999999999867e-02
7.668985000000000000e+06 1.000000000000000000e+00 6.600000000000000000e+01 6.897469839974323804e+03 1.066794426863162516e+04 6.904099999999998545e+02 0.000000000000000000e+00 1.924862324155164561e+00 2.400000000000000050e-02
7.668992000000000000e+06 1.000000000000000000e+00 6.600000000000000000e+01 6.885312839974323651e+03 1.067346306863162681e+04 7.069099999999998545e+02 0.000000000000000000e+00 9.073195935023154135e+00 1.000000000000000021e-02
7.668992000000000000e+06 1.000000000000000000e+00 6.600000000000000000e+01 6.880842839974323397e+03 1.068184526863162682e+04 7.045000000000000000e+02 0.000000000000000000e+00 7.027722316150408766e+00 4.169999999999999818e-01
7.668992000000000000e+06 1.000000000000000000e+00 6.600000000000000000e+01 6.880385839974323062e+03 1.068213506863162547e+04 7.040500000000001819e+02 0.000000000000000000e+00 7.512209722530510447e+00 6.099999999999999867e-02
7.668991000000000000e+06 1.000000000000000000e+00 6.600000000000000000e+01 6.881525839974323389e+03 1.068957406863162760e+04 7.010100000000002183e+02 0.000000000000000000e+00 4.788508582067586339e+00 6.099999999999999867e-02
7.668991000000000000e+06 1.000000000000000000e+00 6.600000000000000000e+01 6.886495839974323644e+03 1.068992476863162665e+04 6.980099999999993088e+02 0.000000000000000000e+00 4.566412116996410586e-01 4.169999999999999818e-01
7.668991000000000000e+06 1.000000000000000000e+00 6.600000000000000000e+01 6.888337839974323288e+03 1.069009436863162773e+04 6.976599999999998545e+02 0.000000000000000000e+00 1.574822522369939026e+00 9.199999999999999845e-02
7.668991000000000000e+06 1.000000000000000000e+00 6.600000000000000000e+01 6.886292839974323215e+03 1.068974856863162677e+04 6.974200000000000728e+02 0.000000000000000000e+00 8.175993033644280983e-01 2.400000000000000050e-02
7.668993000000000000e+06 1.000000000000000000e+00 6.500000000000000000e+01 6.891336839974323084e+03 1.069413146863162547e+04 6.979399999999995998e+02 0.000000000000000000e+00 2.689795729552890258e+00 9.199999999999999845e-02
7.668993000000000000e+06 1.000000000000000000e+00 6.500000000000000000e+01 6.892351839974323411e+03 1.069513746863162669e+04 6.967200000000002547e+02 0.000000000000000000e+00 3.306818365351009703e+00 5.000000000000000000e-01
7.666479000000000000e+06 1.000000000000000000e+00 6.600000000000000000e+01 6.926499839974323550e+03 1.056409186863162540e+04 7.951599999999998545e+02 0.000000000000000000e+00 3.519100747165830434e+00 1.339000000000000057e+01
7.666479000000000000e+06 1.000000000000000000e+00 6.600000000000000000e+01 6.926499839974323550e+03 1.056409186863162540e+04 7.951599999999998545e+02 0.000000000000000000e+00 3.519100747165830434e+00 7.237630000000000230e+00
7.666479000000000000e+06 1.000000000000000000e+00 6.600000000000000000e+01 6.926499839974323550e+03 1.056409186863162540e+04 7.951599999999998545e+02 0.000000000000000000e+00 3.519100747165830434e+00 6.730380000000000251e+00
7.668011000000000000e+06 1.000000000000000000e+00 6.600000000000000000e+01 6.930667839974323215e+03 1.055350986863162689e+04 7.831199999999998909e+02 0.000000000000000000e+00 1.612212454426490194e+00 2.400000000000000050e-02
7.667990000000000000e+06 1.000000000000000000e+00 6.600000000000000000e+01 6.913510839974323062e+03 1.053814086863162629e+04 7.645100000000002183e+02 0.000000000000000000e+00 6.244827163146194238e+00 1.605000000000000071e+01
7.666534000000000000e+06 1.000000000000000000e+00 6.500000000000000000e+01 6.892793839974323419e+03 1.054672286863162662e+04 7.502100000000000364e+02 0.000000000000000000e+00 5.692667682932610163e+00 4.169999999999999818e-01
7.666533000000000000e+06 1.000000000000000000e+00 6.500000000000000000e+01 6.890912839974323106e+03 1.054487886863162566e+04 7.430900000000001455e+02 0.000000000000000000e+00 2.259095103109222347e+00 1.078999999999999915e+01
7.666533000000000000e+06 1.000000000000000000e+00 6.500000000000000000e+01 6.890912839974323106e+03 1.054487886863162566e+04 7.430900000000001455e+02 0.000000000000000000e+00 2.259095103109222347e+00 5.090160000000000018e+00
7.666533000000000000e+06 1.000000000000000000e+00 6.500000000000000000e+01 6.890912839974323106e+03 1.054487886863162566e+04 7.430900000000001455e+02 0.000000000000000000e+00 2.259095103109222347e+00 7.243960000000000399e-01
7.667990000000000000e+06 1.000000000000000000e+00 6.600000000000000000e+01 6.913510839974323062e+03 1.053814086863162629e+04 7.645100000000002183e+02 0.000000000000000000e+00 6.244827163146194238e+00 6.476759999999999629e+00
7.666472000000000000e+06 1.000000000000000000e+00 6.600000000000000000e+01 6.919789839974323513e+03 1.054480886863162596e+04 8.042899999999999636e+02 0.000000000000000000e+00 4.550971654125023136e+00 1.078999999999999915e+01
7.666472000000000000e+06 1.000000000000000000e+00 6.600000000000000000e+01 6.919789839974323513e+03 1.054480886863162596e+04 8.042899999999999636e+02 0.000000000000000000e+00 4.550971654125023136e+00 4.383079999999999643e+00
7.666472000000000000e+06 1.000000000000000000e+00 6.600000000000000000e+01 6.919789839974323513e+03 1.054480886863162596e+04 8.042899999999999636e+02 0.000000000000000000e+00 4.550971654125023136e+00 3.138320000000000221e+00
7.666469000000000000e+06 0.000000000000000000e+00 6.500000000000000000e+01 6.926630839974322953e+03 1.053430886863162596e+04 7.887100000000000364e+02 0.000000000000000000e+00 3.395636109107656786e+00 2.400000000000000050e-02
7.666465000000000000e+06 1.000000000000000000e+00 6.600000000000000000e+01 6.918311839974323448e+03 1.051852386863162610e+04 7.838299999999999272e+02 0.000000000000000000e+00 5.178663000284921658e+00 6.099999999999999867e-02
7.665405000000000000e+06 1.000000000000000000e+00 6.500000000000000000e+01 6.919909839974323404e+03 1.051558086863162680e+04 7.848300000000008367e+02 0.000000000000000000e+00 6.519532241197866007e+00 1.078999999999999915e+01
7.666465000000000000e+06 1.000000000000000000e+00 6.600000000000000000e+01 6.919487839974322924e+03 1.052247886863162603e+04 7.862000000000007276e+02 0.000000000000000000e+00 4.098321823172210721e+00 1.078999999999999915e+01
7.666465000000000000e+06 1.000000000000000000e+00 6.600000000000000000e+01 6.919487839974322924e+03 1.052247886863162603e+04 7.862000000000007276e+02 0.000000000000000000e+00 4.098321823172210721e+00 4.626929999999999765e+00
7.666465000000000000e+06 1.000000000000000000e+00 6.600000000000000000e+01 6.919487839974322924e+03 1.052247886863162603e+04 7.862000000000007276e+02 0.000000000000000000e+00 4.098321823172210721e+00 2.321689999999999809e+00
7.666468000000000000e+06 1.000000000000000000e+00 6.500000000000000000e+01 6.928069839974323259e+03 1.052165286863162692e+04 7.875999999999994543e+02 0.000000000000000000e+00 7.965765400051699530e+00 9.199999999999999845e-02
7.665403000000000000e+06 1.000000000000000000e+00 6.600000000000000000e+01 6.934202839974323069e+03 1.051500586863162607e+04 7.842899999999999636e+02 0.000000000000000000e+00 9.081127014277107889e+00 6.099999999999999867e-02
7.666466000000000000e+06 1.000000000000000000e+00 6.600000000000000000e+01 6.928839839974323695e+03 1.052392286863162735e+04 7.831300000000001091e+02 0.000000000000000000e+00 8.008963718180575952e+00 2.400000000000000050e-02
7.666467000000000000e+06 1.000000000000000000e+00 6.500000000000000000e+01 6.919368839974323237e+03 1.052145186863162598e+04 7.921300000000001091e+02 0.000000000000000000e+00 5.118627924009452990e+00 9.199999999999999845e-02
7.666540000000000000e+06 1.000000000000000000e+00 6.500000000000000000e+01 6.907818839974323055e+03 1.052497486863162703e+04 7.937899999999999636e+02 0.000000000000000000e+00 1.470156923105482738e+00 9.199999999999999845e-02
7.666467000000000000e+06 1.000000000000000000e+00 6.500000000000000000e+01 6.917840839974323899e+03 1.052465186863162671e+04 7.954399999999995998e+02 0.000000000000000000e+00 3.436716646062000446e+00 6.099999999999999867e-02
7.666469000000000000e+06 1.000000000000000000e+00 6.500000000000000000e+01 6.933115839974323535e+03 1.052815186863162671e+04 8.027399999999997817e+02 0.000000000000000000e+00 6.194701017409610877e+00 2.400000000000000050e-02
7.668017000000000000e+06 1.000000000000000000e+00 6.500000000000000000e+01 6.937314839974323149e+03 1.053664786863162590e+04 8.008400000000001455e+02 0.000000000000000000e+00 3.668417096669588151e+00 4.169999999999999818e-01
7.668017000000000000e+06 1.000000000000000000e+00 6.500000000000000000e+01 6.937314839974323149e+03 1.053664786863162590e+04 8.008400000000001455e+02 0.000000000000000000e+00 3.668417096669588151e+00 7.027230000000000310e+00
7.668020000000000000e+06 1.000000000000000000e+00 6.600000000000000000e+01 6.931338839974323491e+03 1.054233486863162761e+04 8.085100000000002183e+02 0.000000000000000000e+00 1.465654124952349591e+00 1.124000000000000021e+01
7.668024000000000000e+06 0.000000000000000000e+00 6.600000000000000000e+01 6.946446839974323666e+03 1.054350086863162687e+04 8.313000000000001819e+02 0.000000000000000000e+00 5.546232171416203727e+00 1.078999999999999915e+01
7.668024000000000000e+06 0.000000000000000000e+00 6.600000000000000000e+01 6.946446839974323666e+03 1.054350086863162687e+04 8.313000000000001819e+02 0.000000000000000000e+00 5.546232171416203727e+00 5.688839999999999897e+00
7.668020000000000000e+06 1.000000000000000000e+00 6.600000000000000000e+01 6.926670839974323826e+03 1.054129986863162776e+04 8.059200000000000728e+02 0.000000000000000000e+00 2.863188174458953572e+00 1.339000000000000057e+01
7.668018000000000000e+06 1.000000000000000000e+00 6.500000000000000000e+01 6.941865839974323535e+03 1.053701786863162670e+04 8.098900000000003274e+02 0.000000000000000000e+00 3.771075024503224515e+00 1.124000000000000021e+01
7.668018000000000000e+06 1.000000000000000000e+00 6.500000000000000000e+01 6.941865839974323535e+03 1.053701786863162670e+04 8.098900000000003274e+02 0.000000000000000000e+00 3.771075024503224515e+00 2.962200000000000166e+00
7.666468000000000000e+06 1.000000000000000000e+00 6.600000000000000000e+01 6.919108839974323928e+03 1.053997786863162764e+04 7.856599999999998545e+02 0.000000000000000000e+00 1.894803906507429136e+00 2.400000000000000050e-02
7.666468000000000000e+06 1.000000000000000000e+00 6.600000000000000000e+01 6.912902839974323797e+03 1.053963486863162689e+04 7.862899999999999636e+02 0.000000000000000000e+00 3.275578971662773231e+00 4.169999999999999818e-01
7.666469000000000000e+06 1.000000000000000000e+00 6.600000000000000000e+01 6.912773839974323892e+03 1.053960986863162543e+04 7.868699999999998909e+02 0.000000000000000000e+00 3.325195005047026253e+00 8.349999999999999645e-01
7.666469000000000000e+06 1.000000000000000000e+00 6.600000000000000000e+01 6.912560839974323244e+03 1.053956786863162779e+04 7.878199999999997090e+02 0.000000000000000000e+00 3.049889539183895604e+00 9.199999999999999845e-02
7.666467000000000000e+06 0.000000000000000000e+00 6.600000000000000000e+01 6.915874839974323550e+03 1.053900186863162526e+04 7.867500000000000000e+02 0.000000000000000000e+00 1.905793783892902216e+00 6.099999999999999867e-02
7.666473000000000000e+06 1.000000000000000000e+00 6.500000000000000000e+01 6.919745839974323644e+03 1.055147886863162785e+04 7.881199999999998909e+02 0.000000000000000000e+00 8.473104889929675920e+00 9.199999999999999845e-02
7.668012000000000000e+06 1.000000000000000000e+00 6.500000000000000000e+01 6.929330839974323681e+03 1.056617886863162676e+04 7.913099999999994907e+02 0.000000000000000000e+00 4.323058515668337876e+00 9.199999999999999845e-02
7.668012000000000000e+06 1.000000000000000000e+00 6.500000000000000000e+01 6.927569839974323259e+03 1.056858286863162721e+04 7.897199999999993452e+02 0.000000000000000000e+00 7.338076268423213477e+00 8.349999999999999645e-01
7.666483000000000000e+06 1.000000000000000000e+00 6.500000000000000000e+01 6.929247839974323142e+03 1.057488886863162770e+04 7.975600000000004002e+02 0.000000000000000000e+00 4.873703920842514137e+00 6.099999999999999867e-02
7.666483000000000000e+06 1.000000000000000000e+00 6.500000000000000000e+01 6.930228839974323819e+03 1.057556186863162657e+04 7.976300000000001091e+02 0.000000000000000000e+00 3.780955555917735023e+00 9.199999999999999845e-02
7.666483000000000000e+06 1.000000000000000000e+00 6.500000000000000000e+01 6.928736839974323630e+03 1.057564386863162690e+04 7.976099999999996726e+02 0.000000000000000000e+00 5.223476437013202300e+00 2.400000000000000050e-02
7.666489000000000000e+06 1.000000000000000000e+00 6.600000000000000000e+01 6.929187839974323651e+03 1.058785986863162543e+04 7.937299999999995634e+02 0.000000000000000000e+00 1.616920085357084647e+00 4.169999999999999818e-01
7.666401000000000000e+06 1.000000000000000000e+00 6.500000000000000000e+01 6.929507839974323360e+03 1.058087786863162546e+04 8.077399999999997817e+02 0.000000000000000000e+00 4.382457464507130140e+00 4.169999999999999818e-01
7.666401000000000000e+06 1.000000000000000000e+00 6.500000000000000000e+01 6.924590839974323899e+03 1.058187586863162687e+04 8.097500000000000000e+02 0.000000000000000000e+00 2.775252008276701154e+00 9.199999999999999845e-02
7.666402000000000000e+06 1.000000000000000000e+00 6.500000000000000000e+01 6.920038839974323309e+03 1.058340286863162692e+04 8.079799999999995634e+02 0.000000000000000000e+00 2.443618838106683899e+00 7.496190000000000353e+00
7.666391000000000000e+06 1.000000000000000000e+00 6.500000000000000000e+01 6.920917839974323215e+03 1.054836086863162564e+04 8.074399999999995998e+02 0.000000000000000000e+00 3.212999731803559023e+00 2.400000000000000050e-02
7.666472000000000000e+06 1.000000000000000000e+00 6.600000000000000000e+01 6.928604839974323113e+03 1.054181586863162738e+04 8.041499999999996362e+02 0.000000000000000000e+00 2.357056539580042465e+00 1.000000000000000021e-02
7.668021000000000000e+06 1.000000000000000000e+00 6.600000000000000000e+01 6.931209839974323586e+03 1.052750286863162546e+04 8.081899999999995998e+02 0.000000000000000000e+00 8.409927680235886882e+00 1.078999999999999915e+01
7.668021000000000000e+06 1.000000000000000000e+00 6.600000000000000000e+01 6.931209839974323586e+03 1.052750286863162546e+04 8.081899999999995998e+02 0.000000000000000000e+00 8.409927680235886882e+00 1.429110000000000102e+00
7.666390000000000000e+06 1.000000000000000000e+00 6.600000000000000000e+01 6.890362839974323833e+03 1.055015886863162632e+04 8.157499999999990905e+02 0.000000000000000000e+00 5.134008933043063827e+00 9.199999999999999845e-02
7.666390000000000000e+06 1.000000000000000000e+00 6.600000000000000000e+01 6.890882839974323360e+03 1.055092486863162776e+04 8.131499999999996362e+02 0.000000000000000000e+00 4.719104512155493758e+00 1.078999999999999915e+01
7.666389000000000000e+06 1.000000000000000000e+00 6.600000000000000000e+01 6.889858839974323018e+03 1.055157986863162660e+04 8.076299999999991996e+02 0.000000000000000000e+00 5.096327279852671310e+00 9.199999999999999845e-02
7.666389000000000000e+06 1.000000000000000000e+00 6.600000000000000000e+01 6.889538839974323309e+03 1.055178486863162652e+04 8.059000000000005457e+02 0.000000000000000000e+00 5.346926002234158481e+00 1.078999999999999915e+01
7.666389000000000000e+06 1.000000000000000000e+00 6.600000000000000000e+01 6.889538839974323309e+03 1.055178486863162652e+04 8.059000000000005457e+02 0.000000000000000000e+00 5.346926002234158481e+00 4.344430000000000014e+00
7.666389000000000000e+06 1.000000000000000000e+00 6.600000000000000000e+01 6.889538839974323309e+03 1.055178486863162652e+04 8.059000000000005457e+02 0.000000000000000000e+00 5.346926002234158481e+00 1.924330000000000096e+00
7.666390000000000000e+06 1.000000000000000000e+00 6.600000000000000000e+01 6.890882839974323360e+03 1.055092486863162776e+04 8.131499999999996362e+02 0.000000000000000000e+00 4.719104512155493758e+00 7.311099999999999710e+00
7.667264000000000000e+06 1.000000000000000000e+00 6.600000000000000000e+01 6.841750839974323753e+03 1.055877186863162569e+04 7.881900000000005093e+02 0.000000000000000000e+00 2.243111442715935322e+00 9.199999999999999845e-02
7.667264000000000000e+06 1.000000000000000000e+00 6.600000000000000000e+01 6.845014839974322967e+03 1.056071586863162520e+04 7.881499999999996362e+02 0.000000000000000000e+00 1.779775379891545439e+00 2.400000000000000050e-02
7.667265000000000000e+06 1.000000000000000000e+00 6.600000000000000000e+01 6.844978839974323819e+03 1.056966486863162572e+04 7.844199999999991633e+02 0.000000000000000000e+00 6.312153762157079129e+00 2.400000000000000050e-02
7.667096000000000000e+06 1.000000000000000000e+00 6.500000000000000000e+01 6.831948839974323164e+03 1.057020686863162700e+04 7.703600000000005821e+02 0.000000000000000000e+00 9.120911750989789013e+00 9.199999999999999845e-02
7.667098000000000000e+06 1.000000000000000000e+00 6.500000000000000000e+01 6.836776839974323593e+03 1.056958386863162741e+04 7.768900000000003274e+02 0.000000000000000000e+00 7.947233617801974681e+00 2.400000000000000050e-02
7.667095000000000000e+06 1.000000000000000000e+00 6.500000000000000000e+01 6.830520839974323280e+03 1.058497386863162683e+04 7.590899999999992360e+02 0.000000000000000000e+00 6.305935024190519655e+00 9.199999999999999845e-02
7.667004000000000000e+06 1.000000000000000000e+00 6.500000000000000000e+01 6.826151839974323593e+03 1.057314986863162630e+04 7.559000000000005457e+02 0.000000000000000000e+00 6.407598547045530779e+00 1.078999999999999915e+01
7.667004000000000000e+06 1.000000000000000000e+00 6.500000000000000000e+01 6.826151839974323593e+03 1.057314986863162630e+04 7.559000000000005457e+02 0.000000000000000000e+00 6.407598547045530779e+00 3.474600000000000133e+00
7.667004000000000000e+06 1.000000000000000000e+00 6.500000000000000000e+01 6.826151839974323593e+03 1.057314986863162630e+04 7.559000000000005457e+02 0.000000000000000000e+00 6.407598547045530779e+00 2.245519999999999960e+00
7.667082000000000000e+06 1.000000000000000000e+00 6.500000000000000000e+01 6.848057839974323542e+03 1.056380786863162575e+04 7.282299999999995634e+02 0.000000000000000000e+00 7.299884825632269703e+00 9.199999999999999845e-02
7.667087000000000000e+06 1.000000000000000000e+00 6.600000000000000000e+01 6.847392839974323579e+03 1.056680486863162696e+04 7.311599999999998545e+02 0.000000000000000000e+00 3.893468040758476967e+00 9.199999999999999845e-02
7.666522000000000000e+06 1.000000000000000000e+00 6.600000000000000000e+01 6.854041839974323011e+03 1.057042586863162614e+04 7.265399999999999636e+02 0.000000000000000000e+00 7.124303926548639865e+00 9.199999999999999845e-02
7.666523000000000000e+06 1.000000000000000000e+00 6.600000000000000000e+01 6.860754839974323659e+03 1.057183886863162661e+04 7.203299999999999272e+02 0.000000000000000000e+00 3.631647657578335409e+00 2.400000000000000050e-02
7.666523000000000000e+06 1.000000000000000000e+00 6.600000000000000000e+01 6.860565839974323353e+03 1.057183886863162661e+04 7.203700000000008004e+02 0.000000000000000000e+00 3.638848471494039671e+00 1.078999999999999915e+01
7.666523000000000000e+06 1.000000000000000000e+00 6.600000000000000000e+01 6.860565839974323353e+03 1.057183886863162661e+04 7.203700000000008004e+02 0.000000000000000000e+00 3.638848471494039671e+00 2.678040000000000198e+00
7.666523000000000000e+06 1.000000000000000000e+00 6.600000000000000000e+01 6.860565839974323353e+03 1.057183886863162661e+04 7.203700000000008004e+02 0.000000000000000000e+00 3.638848471494039671e+00 2.452500000000000124e+00
7.666935000000000000e+06 1.000000000000000000e+00 6.500000000000000000e+01 6.851555839974323135e+03 1.055563286863162648e+04 7.205299999999997453e+02 0.000000000000000000e+00 6.004640247971241074e+00 1.339000000000000057e+01
7.666935000000000000e+06 1.000000000000000000e+00 6.500000000000000000e+01 6.851555839974323135e+03 1.055563286863162648e+04 7.205299999999997453e+02 0.000000000000000000e+00 6.004640247971241074e+00 1.891299999999999981e+00
7.666935000000000000e+06 1.000000000000000000e+00 6.500000000000000000e+01 6.851555839974323135e+03 1.055563286863162648e+04 7.205299999999997453e+02 0.000000000000000000e+00 6.004640247971241074e+00 9.717219999999999747e-01
7.666523000000000000e+06 1.000000000000000000e+00 6.600000000000000000e+01 6.861127839974323251e+03 1.056432386863162537e+04 7.170099999999993088e+02 0.000000000000000000e+00 8.902318574564640485e+00 1.605000000000000071e+01
7.666524000000000000e+06 1.000000000000000000e+00 6.600000000000000000e+01 6.862145839974323280e+03 1.056337886863162566e+04 7.168899999999994179e+02 0.000000000000000000e+00 8.650068356657174107e+00 1.078999999999999915e+01
7.667897000000000000e+06 1.000000000000000000e+00 6.500000000000000000e+01 6.881617839974323033e+03 1.053757086863162658e+04 7.069099999999998545e+02 0.000000000000000000e+00 6.959141072160670127e+00 1.078999999999999915e+01
7.667978000000000000e+06 1.000000000000000000e+00 6.600000000000000000e+01 6.882201839974323775e+03 1.053655986863162616e+04 7.066000000000003638e+02 0.000000000000000000e+00 6.959504084429267046e+00 1.339000000000000057e+01
7.667978000000000000e+06 1.000000000000000000e+00 6.600000000000000000e+01 6.883653839974323091e+03 1.053426986863162529e+04 7.058599999999996726e+02 0.000000000000000000e+00 4.326022428717483770e+00 1.078999999999999915e+01
7.667978000000000000e+06 1.000000000000000000e+00 6.600000000000000000e+01 6.884309839974323040e+03 1.053301886863162690e+04 7.054099999999998545e+02 0.000000000000000000e+00 2.999655477510677848e+00 1.078999999999999915e+01
7.667978000000000000e+06 1.000000000000000000e+00 6.600000000000000000e+01 6.886299839974323731e+03 1.053016886863162654e+04 7.038099999999994907e+02 0.000000000000000000e+00 1.293750295931816341e+00 1.078999999999999915e+01
7.667977000000000000e+06 1.000000000000000000e+00 6.600000000000000000e+01 6.888926839974323229e+03 1.052719186863162759e+04 7.018199999999997090e+02 0.000000000000000000e+00 4.623183409242944464e+00 1.605000000000000071e+01
7.667963000000000000e+06 0.000000000000000000e+00 6.500000000000000000e+01 6.915039839974323513e+03 1.051177586863162651e+04 6.797899999999999636e+02 0.000000000000000000e+00 1.118293349252074131e+00 1.339000000000000057e+01
7.666686000000000000e+06 1.000000000000000000e+00 6.500000000000000000e+01 6.917736839974323630e+03 1.052730286863162655e+04 6.690600000000004002e+02 0.000000000000000000e+00 3.898668439571036259e+00 2.400000000000000050e-02
7.666682000000000000e+06 1.000000000000000000e+00 6.600000000000000000e+01 6.921151839974323593e+03 1.053285186863162744e+04 6.725999999999994543e+02 0.000000000000000000e+00 6.522335093999569899e+00 6.099999999999999867e-02
7.667966000000000000e+06 1.000000000000000000e+00 6.600000000000000000e+01 6.902608839974323928e+03 1.052601386863162770e+04 6.817899999999999636e+02 0.000000000000000000e+00 3.312765855308257290e+00 1.339000000000000057e+01
7.667974000000000000e+06 1.000000000000000000e+00 6.500000000000000000e+01 6.884667839974323215e+03 1.052487686863162526e+04 6.966399999999994179e+02 0.000000000000000000e+00 3.941023115479120875e+00 9.199999999999999845e-02
7.667966000000000000e+06 1.000000000000000000e+00 6.600000000000000000e+01 6.902608839974323928e+03 1.052601386863162770e+04 6.817899999999999636e+02 0.000000000000000000e+00 3.312765855308257290e+00 5.331319999999999837e+00
7.667963000000000000e+06 0.000000000000000000e+00 6.500000000000000000e+01 6.915039839974323513e+03 1.051177586863162651e+04 6.797899999999999636e+02 0.000000000000000000e+00 1.118293349252074131e+00 7.018959999999999866e+00
7.667977000000000000e+06 1.000000000000000000e+00 6.600000000000000000e+01 6.888926839974323229e+03 1.052719186863162759e+04 7.018199999999997090e+02 0.000000000000000000e+00 4.623183409242944464e+00 4.570540000000000269e+00
7.667978000000000000e+06 1.000000000000000000e+00 6.600000000000000000e+01 6.886299839974323731e+03 1.053016886863162654e+04 7.038099999999994907e+02 0.000000000000000000e+00 1.293750295931816341e+00 4.934459999999999624e+00
7.667979000000000000e+06 1.000000000000000000e+00 6.600000000000000000e+01 6.883078839974323273e+03 1.053515586863162753e+04 7.131499999999996362e+02 0.000000000000000000e+00 6.761844267994436386e+00 6.099999999999999867e-02
7.666529000000000000e+06 1.000000000000000000e+00 6.500000000000000000e+01 6.879526839974323593e+03 1.053835486863162623e+04 7.177100000000000364e+02 0.000000000000000000e+00 9.631175442550643950e+00 9.199999999999999845e-02
7.667902000000000000e+06 1.000000000000000000e+00 6.600000000000000000e+01 6.889176839974323229e+03 1.054539386863162690e+04 7.187900000000008731e+02 0.000000000000000000e+00 3.614513567435016839e+00 9.199999999999999845e-02
7.667982000000000000e+06 1.000000000000000000e+00 6.500000000000000000e+01 6.897059839974323040e+03 1.054020486863162660e+04 7.210799999999999272e+02 0.000000000000000000e+00 1.250677063502177555e+00 9.199999999999999845e-02
7.667982000000000000e+06 1.000000000000000000e+00 6.500000000000000000e+01 6.891667839974323215e+03 1.053544586863162658e+04 7.225299999999997453e+02 0.000000000000000000e+00 1.866564356814592207e+00 2.039999999999999869e-01
7.666533000000000000e+06 1.000000000000000000e+00 6.600000000000000000e+01 6.879443839974323055e+03 1.053115386863162712e+04 7.308599999999996726e+02 0.000000000000000000e+00 3.876886096639277302e+00 2.039999999999999869e-01
7.666533000000000000e+06 1.000000000000000000e+00 6.600000000000000000e+01 6.877547839974323324e+03 1.052934386863162581e+04 7.355600000000004002e+02 0.000000000000000000e+00 4.895928408095954865e+00 2.400000000000000050e-02
7.666533000000000000e+06 1.000000000000000000e+00 6.600000000000000000e+01 6.876836839974323084e+03 1.052994386863162617e+04 7.402500000000000000e+02 0.000000000000000000e+00 6.832262179000290203e+00 9.199999999999999845e-02
7.666532000000000000e+06 1.000000000000000000e+00 6.600000000000000000e+01 6.870050839974323026e+03 1.054175086863162687e+04 7.358299999999999272e+02 0.000000000000000000e+00 4.825302665080544173e+00 9.199999999999999845e-02
7.666532000000000000e+06 1.000000000000000000e+00 6.600000000000000000e+01 6.865236839974323630e+03 1.053805786863162575e+04 7.356500000000005457e+02 0.000000000000000000e+00 8.506885306834840677e+00 6.099999999999999867e-02
7.666449000000000000e+06 1.000000000000000000e+00 6.500000000000000000e+01 6.859935839974323244e+03 1.053655186863162635e+04 7.408900000000003274e+02 0.000000000000000000e+00 3.258328028395997666e+00 9.199999999999999845e-02
7.667022000000000000e+06 1.000000000000000000e+00 6.500000000000000000e+01 6.864711839974323084e+03 1.052134586863162622e+04 7.398099999999994907e+02 0.000000000000000000e+00 8.201595712346525957e+00 2.400000000000000050e-02
7.666385000000000000e+06 1.000000000000000000e+00 6.600000000000000000e+01 6.876836839974323084e+03 1.052474986863162667e+04 7.395299999999997453e+02 0.000000000000000000e+00 9.008748473010808056e+00 9.199999999999999845e-02
7.666532000000000000e+06 1.000000000000000000e+00 6.600000000000000000e+01 6.882227839974323615e+03 1.053974486863162747e+04 7.392300000000004729e+02 0.000000000000000000e+00 8.923030604159071233e-01 6.099999999999999867e-02
7.666386000000000000e+06 0.000000000000000000e+00 6.600000000000000000e+01 6.884809839974323040e+03 1.053711086863162564e+04 7.447699999999995271e+02 0.000000000000000000e+00 5.613165589053357607e+00 9.199999999999999845e-02
7.666386000000000000e+06 1.000000000000000000e+00 6.600000000000000000e+01 6.885274839974323186e+03 1.053545886863162741e+04 7.398800000000001091e+02 0.000000000000000000e+00 5.686595658854661783e-01 4.169999999999999818e-01
7.667024000000000000e+06 1.000000000000000000e+00 6.600000000000000000e+01 6.865861839974323630e+03 1.052377086863162549e+04 7.598900000000003274e+02 0.000000000000000000e+00 2.572230490333426545e+00 9.199999999999999845e-02
7.667024000000000000e+06 1.000000000000000000e+00 6.600000000000000000e+01 6.867277839974323797e+03 1.052199586863162767e+04 7.619899999999997817e+02 0.000000000000000000e+00 1.367580544337342774e+00 9.199999999999999845e-02
7.667025000000000000e+06 1.000000000000000000e+00 6.600000000000000000e+01 6.864042839974323215e+03 1.051835386863162603e+04 7.651900000000005093e+02 0.000000000000000000e+00 4.295445096869660695e+00 9.199999999999999845e-02
7.667025000000000000e+06 1.000000000000000000e+00 6.600000000000000000e+01 6.858787839974323106e+03 1.051907386863162537e+04 7.590799999999999272e+02 0.000000000000000000e+00 4.583308685518446168e+00 4.169999999999999818e-01
7.667025000000000000e+06 1.000000000000000000e+00 6.600000000000000000e+01 6.857061839974323448e+03 1.051699586863162767e+04 7.591300000000001091e+02 0.000000000000000000e+00 6.791780067282305211e+00 9.199999999999999845e-02
7.666267000000000000e+06 1.000000000000000000e+00 6.500000000000000000e+01 6.835273839974323892e+03 1.051690486863162732e+04 7.890300000000006548e+02 0.000000000000000000e+00 4.969142484549381678e+00 2.400000000000000050e-02
7.666272000000000000e+06 1.000000000000000000e+00 6.600000000000000000e+01 6.847846839974323302e+03 1.051316286863162532e+04 7.926599999999998545e+02 0.000000000000000000e+00 4.510426654832850879e+00 4.169999999999999818e-01
7.666272000000000000e+06 1.000000000000000000e+00 6.600000000000000000e+01 6.849133839974323564e+03 1.051221986863162601e+04 7.923900000000003274e+02 0.000000000000000000e+00 2.913537276798050968e+00 2.400000000000000050e-02
7.666270000000000000e+06 0.000000000000000000e+00 6.600000000000000000e+01 6.845028839974323091e+03 1.051113986863162609e+04 7.950000000000000000e+02 0.000000000000000000e+00 2.639650477551227503e+00 2.039999999999999869e-01
7.666271000000000000e+06 1.000000000000000000e+00 6.600000000000000000e+01 6.841786839974323811e+03 1.050458086863162680e+04 7.890000000000000000e+02 0.000000000000000000e+00 3.037640327574623544e+00 9.199999999999999845e-02
7.666271000000000000e+06 1.000000000000000000e+00 6.600000000000000000e+01 6.841949839974323368e+03 1.050253386863162632e+04 7.903699999999998909e+02 0.000000000000000000e+00 4.331502327537290142e+00 2.039999999999999869e-01
7.666271000000000000e+06 1.000000000000000000e+00 6.600000000000000000e+01 6.841944839974323259e+03 1.050517986863162696e+04 7.940399999999999636e+02 0.000000000000000000e+00 8.066269798104862554e-01 2.400000000000000050e-02
7.666270000000000000e+06 1.000000000000000000e+00 6.600000000000000000e+01 6.843365839974323535e+03 1.050585086863162724e+04 7.979100000000007640e+02 0.000000000000000000e+00 1.796885863692088137e+00 9.199999999999999845e-02
7.666269000000000000e+06 0.000000000000000000e+00 6.500000000000000000e+01 6.843933839974323746e+03 1.051382486863162558e+04 8.012600000000002183e+02 0.000000000000000000e+00 1.850005054131944826e+00 9.199999999999999845e-02
7.666270000000000000e+06 1.000000000000000000e+00 6.600000000000000000e+01 6.839124839974323550e+03 1.050086486863162645e+04 7.959600000000000364e+02 0.000000000000000000e+00 4.499148265939692415e+00 2.400000000000000050e-02
7.666270000000000000e+06 1.000000000000000000e+00 6.600000000000000000e+01 6.834512839974323470e+03 1.049940586863162753e+04 7.963100000000004002e+02 0.000000000000000000e+00 5.573660778552508965e+00 9.199999999999999845e-02
7.666270000000000000e+06 1.000000000000000000e+00 6.600000000000000000e+01 6.834512839974323470e+03 1.049940586863162753e+04 7.963100000000004002e+02 0.000000000000000000e+00 5.573660778552508965e+00 7.349560000000000315e+00
7.667978000000000000e+06 1.000000000000000000e+00 6.600000000000000000e+01 6.883653839974323091e+03 1.053426986863162529e+04 7.058599999999996726e+02 0.000000000000000000e+00 4.326022428717483770e+00 1.695859999999999923e+00
7.667982000000000000e+06 1.000000000000000000e+00 6.500000000000000000e+01 6.885365839974323535e+03 1.053624286863162706e+04 7.192799999999997453e+02 0.000000000000000000e+00 7.379623896959160767e+00 2.400000000000000050e-02
7.666534000000000000e+06 1.000000000000000000e+00 6.600000000000000000e+01 6.883495839974323644e+03 1.052552686863162671e+04 7.265700000000006185e+02 0.000000000000000000e+00 9.774700092479136515e+00 6.099999999999999867e-02
7.666636000000000000e+06 1.000000000000000000e+00 6.500000000000000000e+01 6.885440839974323353e+03 1.050654086863162593e+04 7.188899999999994179e+02 0.000000000000000000e+00 2.451898651283397790e+00 6.099999999999999867e-02
7.666635000000000000e+06 0.000000000000000000e+00 6.600000000000000000e+01 6.885035839974323608e+03 1.050470386863162639e+04 7.178800000000001091e+02 0.000000000000000000e+00 3.389510170996475669e+00 2.400000000000000050e-02
7.666635000000000000e+06 0.000000000000000000e+00 6.600000000000000000e+01 6.884572839974323870e+03 1.050381686863162759e+04 7.170999999999994543e+02 0.000000000000000000e+00 2.728866107116014295e+00 9.199999999999999845e-02
7.666714000000000000e+06 1.000000000000000000e+00 6.600000000000000000e+01 6.895344839974323804e+03 1.048666886863162654e+04 7.093699999999998909e+02 0.000000000000000000e+00 3.638056840607482467e+00 6.099999999999999867e-02
7.666713000000000000e+06 1.000000000000000000e+00 6.600000000000000000e+01 6.898250839974323753e+03 1.048686986863162747e+04 7.030200000000004366e+02 0.000000000000000000e+00 1.220670363374843914e+00 4.169999999999999818e-01
7.666713000000000000e+06 1.000000000000000000e+00 6.600000000000000000e+01 6.901389839974322967e+03 1.049005086863162614e+04 7.066899999999995998e+02 0.000000000000000000e+00 3.883868318187442714e+00 8.349999999999999645e-01
7.666715000000000000e+06 1.000000000000000000e+00 6.500000000000000000e+01 6.911977839974323615e+03 1.048348886863162625e+04 7.064200000000000728e+02 0.000000000000000000e+00 5.181905547259376688e-01 9.199999999999999845e-02
7.666715000000000000e+06 1.000000000000000000e+00 6.500000000000000000e+01 6.912614839974323331e+03 1.048371386863162661e+04 7.067499999999990905e+02 0.000000000000000000e+00 3.084582022363425158e-01 9.199999999999999845e-02
7.666715000000000000e+06 1.000000000000000000e+00 6.500000000000000000e+01 6.916852839974323615e+03 1.048368486863162616e+04 7.046499999999996362e+02 0.000000000000000000e+00 3.521267459140992262e+00 9.199999999999999845e-02
7.666714000000000000e+06 1.000000000000000000e+00 6.500000000000000000e+01 6.923173839974323528e+03 1.047735586863162644e+04 7.041800000000002910e+02 0.000000000000000000e+00 3.806548439919386517e+00 2.400000000000000050e-02
7.666758000000000000e+06 1.000000000000000000e+00 6.500000000000000000e+01 6.934789839974323513e+03 1.046640686863162773e+04 7.016900000000005093e+02 0.000000000000000000e+00 3.361507004353326167e+00 2.039999999999999869e-01
7.666760000000000000e+06 1.000000000000000000e+00 6.500000000000000000e+01 6.937742839974323942e+03 1.047850586863162607e+04 6.935000000000000000e+02 0.000000000000000000e+00 9.135980592367348052e+00 9.199999999999999845e-02
7.666760000000000000e+06 1.000000000000000000e+00 6.500000000000000000e+01 6.935253839974323455e+03 1.047538586863162709e+04 6.911800000000002910e+02 0.000000000000000000e+00 8.861155699489465576e+00 9.199999999999999845e-02
7.666760000000000000e+06 1.000000000000000000e+00 6.500000000000000000e+01 6.935601839974323411e+03 1.047467586863162614e+04 6.916400000000003274e+02 0.000000000000000000e+00 8.016765575704795310e+00 2.400000000000000050e-02
7.665498000000000000e+06 1.000000000000000000e+00 6.500000000000000000e+01 6.930905839974323499e+03 1.046493586863162636e+04 6.882800000000006548e+02 0.000000000000000000e+00 5.500229324433040468e+00 6.099999999999999867e-02
7.665498000000000000e+06 1.000000000000000000e+00 6.500000000000000000e+01 6.931147839974323688e+03 1.046421686863162540e+04 6.897799999999997453e+02 0.000000000000000000e+00 4.228917553777198357e+00 9.199999999999999845e-02
7.667897000000000000e+06 1.000000000000000000e+00 6.500000000000000000e+01 6.881617839974323033e+03 1.053757086863162658e+04 7.069099999999998545e+02 0.000000000000000000e+00 6.959141072160670127e+00 5.775299999999999656e+00
7.666524000000000000e+06 1.000000000000000000e+00 6.600000000000000000e+01 6.862145839974323280e+03 1.056337886863162566e+04 7.168899999999994179e+02 0.000000000000000000e+00 8.650068356657174107e+00 6.932419999999999582e+00
7.666523000000000000e+06 1.000000000000000000e+00 6.600000000000000000e+01 6.858590839974323899e+03 1.056523886863162625e+04 7.194199999999991633e+02 0.000000000000000000e+00 7.736646519161818780e+00 9.199999999999999845e-02
7.667903000000000000e+06 1.000000000000000000e+00 6.500000000000000000e+01 6.869511839974323266e+03 1.057717086863162694e+04 7.103900000000003274e+02 0.000000000000000000e+00 8.383984790738868043e+00 9.199999999999999845e-02
7.666439000000000000e+06 1.000000000000000000e+00 6.500000000000000000e+01 6.845741839974323739e+03 1.057503986863162572e+04 7.356699999999991633e+02 0.000000000000000000e+00 1.361468737973997811e+00 4.169999999999999818e-01
7.667087000000000000e+06 1.000000000000000000e+00 6.600000000000000000e+01 6.845698839974323164e+03 1.056588786863162750e+04 7.349000000000005457e+02 0.000000000000000000e+00 1.837519263481955045e+00 2.400000000000000050e-02
7.666444000000000000e+06 1.000000000000000000e+00 6.600000000000000000e+01 6.844916839974323011e+03 1.055541486863162572e+04 7.364000000000005457e+02 0.000000000000000000e+00 1.949225670777712693e+00 9.199999999999999845e-02
7.667005000000000000e+06 1.000000000000000000e+00 6.600000000000000000e+01 6.827509839974323768e+03 1.055064886863162610e+04 7.380799999999999272e+02 0.000000000000000000e+00 8.022106220158585543e+00 2.400000000000000050e-02
7.667005000000000000e+06 1.000000000000000000e+00 6.600000000000000000e+01 6.822719839974323804e+03 1.054634686863162642e+04 7.386999999999998181e+02 0.000000000000000000e+00 8.950014017490198981e+00 9.199999999999999845e-02
7.667005000000000000e+06 1.000000000000000000e+00 6.600000000000000000e+01 6.821990839974323535e+03 1.054630086863162614e+04 7.419099999999998545e+02 0.000000000000000000e+00 8.184514678134584997e+00 9.199999999999999845e-02
7.667000000000000000e+06 1.000000000000000000e+00 6.500000000000000000e+01 6.804758839974323564e+03 1.055446786863162561e+04 7.378400000000001455e+02 0.000000000000000000e+00 3.819881674755155387e+00 9.199999999999999845e-02
7.667001000000000000e+06 0.000000000000000000e+00 6.500000000000000000e+01 6.811677839974323433e+03 1.056287986863162587e+04 7.405799999999999272e+02 0.000000000000000000e+00 6.350691033340618574e-01 9.199999999999999845e-02
7.667081000000000000e+06 1.000000000000000000e+00 6.600000000000000000e+01 6.816597839974323506e+03 1.055758986863162681e+04 7.225899999999992360e+02 0.000000000000000000e+00 9.170541479107674476e+00 9.199999999999999845e-02
7.667001000000000000e+06 1.000000000000000000e+00 6.500000000000000000e+01 6.806926839974323229e+03 1.056433686863162620e+04 7.367699999999995271e+02 0.000000000000000000e+00 2.945299916797244233e+00 6.099999999999999867e-02
7.667001000000000000e+06 1.000000000000000000e+00 6.500000000000000000e+01 6.806926839974323229e+03 1.056433686863162620e+04 7.367699999999995271e+02 0.000000000000000000e+00 2.945299916797244233e+00 7.394840000000000302e+00
1.949131000000000000e+06 1.000000000000000000e+00 6.500000000000000000e+01 6.415219789974323248e+03 1.072397786863162764e+04 7.069000000000050932e+01 0.000000000000000000e+00 8.975085926288542737e+00 5.136070000000000357e-01
1.949133000000000000e+06 1.000000000000000000e+00 6.500000000000000000e+01 6.422433239974323442e+03 1.074234820863162531e+04 6.477000000000043656e+01 1.000000000000000000e+00 4.077977243027833820e-01 7.700000000000000000e+01
