5.182550000000000000e+06 1.000000000000000000e+00 6.600000000000000000e+01 1.028100277099452069e+04 5.120632054971447360e+02 3.888499999999994543e+02 0.000000000000000000e+00 8.976571840330723973e+00 2.039999999999999869e-01
5.181270000000000000e+06 1.000000000000000000e+00 6.500000000000000000e+01 1.028738777099452091e+04 5.113592054971450125e+02 3.940199999999995271e+02 0.000000000000000000e+00 5.054370070766861289e+00 9.199999999999999845e-02
5.181269000000000000e+06 1.000000000000000000e+00 6.500000000000000000e+01 1.029446977099452124e+04 5.120652054971451435e+02 4.049200000000000728e+02 0.000000000000000000e+00 2.427689434386232747e+00 2.400000000000000050e-02
5.182555000000000000e+06 1.000000000000000000e+00 6.500000000000000000e+01 1.029271377099452002e+04 4.997932054971452089e+02 3.786900000000005093e+02 0.000000000000000000e+00 6.806363738719867662e+00 9.199999999999999845e-02
5.182555000000000000e+06 1.000000000000000000e+00 6.500000000000000000e+01 1.029281377099452038e+04 5.011272054971450416e+02 3.782399999999997817e+02 0.000000000000000000e+00 5.889359133983868233e+00 9.199999999999999845e-02
5.182555000000000000e+06 1.000000000000000000e+00 6.500000000000000000e+01 1.029336077099452086e+04 5.034392054971449397e+02 3.775000000000000000e+02 0.000000000000000000e+00 4.711344213262563585e+00 6.099999999999999867e-02
5.182553000000000000e+06 1.000000000000000000e+00 6.500000000000000000e+01 1.028864977099452153e+04 5.166832054971446269e+02 3.673900000000003274e+02 0.000000000000000000e+00 5.586704075911095302e+00 9.199999999999999845e-02
5.182553000000000000e+06 1.000000000000000000e+00 6.500000000000000000e+01 1.028864977099452153e+04 5.166832054971446269e+02 3.673900000000003274e+02 0.000000000000000000e+00 5.586704075911095302e+00 7.364840000000000053e+00
5.183652000000000000e+06 1.000000000000000000e+00 6.600000000000000000e+01 1.030252177099452092e+04 5.999962054971447287e+02 3.596599999999998545e+02 0.000000000000000000e+00 7.641723397049050348e+00 9.199999999999999845e-02
5.183652000000000000e+06 1.000000000000000000e+00 6.600000000000000000e+01 1.030395677099452041e+04 6.034682054971453908e+02 3.590999999999994543e+02 0.000000000000000000e+00 4.376832576585124812e+00 2.400000000000000050e-02
5.183651000000000000e+06 0.000000000000000000e+00 6.600000000000000000e+01 1.031081977099451979e+04 6.126852054971450343e+02 3.541800000000002910e+02 0.000000000000000000e+00 1.562908811392515362e+00 9.199999999999999845e-02
5.183649000000000000e+06 1.000000000000000000e+00 6.500000000000000000e+01 1.031507077099451999e+04 6.217082054971451726e+02 3.616900000000005093e+02 0.000000000000000000e+00 1.488402302479157280e+00 9.199999999999999845e-02
5.183650000000000000e+06 0.000000000000000000e+00 6.500000000000000000e+01 1.031597077099452144e+04 6.197172054971451871e+02 3.602799999999997453e+02 0.000000000000000000e+00 1.501889207358875877e+00 2.039999999999999869e-01
5.183650000000000000e+06 1.000000000000000000e+00 6.500000000000000000e+01 1.031724477099452088e+04 6.207512054971448379e+02 3.598699999999998909e+02 0.000000000000000000e+00 2.012981756587877147e+00 9.199999999999999845e-02
5.183646000000000000e+06 0.000000000000000000e+00 6.600000000000000000e+01 1.030851677099451990e+04 6.261752054971448160e+02 3.642899999999999636e+02 0.000000000000000000e+00 1.169809450098228121e+00 9.199999999999999845e-02
5.183646000000000000e+06 0.000000000000000000e+00 6.500000000000000000e+01 1.030031777099451938e+04 6.243752054971446341e+02 3.664400000000005093e+02 0.000000000000000000e+00 2.176805689349218031e+00 9.199999999999999845e-02
5.183647000000000000e+06 0.000000000000000000e+00 6.500000000000000000e+01 1.029860177099452085e+04 6.180652054971451435e+02 3.643000000000001819e+02 0.000000000000000000e+00 4.959375948510946763e+00 9.199999999999999845e-02
5.183650000000000000e+06 1.000000000000000000e+00 6.600000000000000000e+01 1.030157977099452000e+04 6.144222054971451144e+02 3.617600000000002183e+02 0.000000000000000000e+00 4.265489620061757137e+00 4.169999999999999818e-01
5.183648000000000000e+06 1.000000000000000000e+00 6.500000000000000000e+01 1.030443377099452118e+04 6.114472054971447506e+02 3.686700000000000728e+02 0.000000000000000000e+00 4.031270230434603086e+00 9.199999999999999845e-02
5.183648000000000000e+06 1.000000000000000000e+00 6.500000000000000000e+01 1.030636277099452127e+04 6.110082054971453545e+02 3.709700000000002547e+02 0.000000000000000000e+00 3.556455958673333750e+00 4.169999999999999818e-01
5.183653000000000000e+06 1.000000000000000000e+00 6.600000000000000000e+01 1.031162777099452069e+04 6.101342054971446487e+02 3.706599999999998545e+02 0.000000000000000000e+00 4.427067614970741083e+00 9.199999999999999845e-02
5.183653000000000000e+06 1.000000000000000000e+00 6.600000000000000000e+01 1.030974877099451987e+04 6.067942054971454127e+02 3.680500000000001819e+02 0.000000000000000000e+00 1.921423469511222448e+00 2.400000000000000050e-02
5.183652000000000000e+06 1.000000000000000000e+00 6.600000000000000000e+01 1.030646777099452083e+04 6.054392054971449397e+02 3.695699999999997090e+02 0.000000000000000000e+00 4.137580859132202526e+00 4.169999999999999818e-01
5.183652000000000000e+06 1.000000000000000000e+00 6.600000000000000000e+01 1.030646777099452083e+04 6.054392054971449397e+02 3.695699999999997090e+02 0.000000000000000000e+00 4.137580859132202526e+00 7.217329999999999579e+00
5.182558000000000000e+06 1.000000000000000000e+00 6.600000000000000000e+01 1.030260177099452085e+04 5.037152054971447797e+02 3.545200000000004366e+02 0.000000000000000000e+00 2.301896245556772858e+00 2.400000000000000050e-02
5.182559000000000000e+06 1.000000000000000000e+00 6.600000000000000000e+01 1.030464677099452092e+04 5.011552054971452890e+02 3.560499999999992724e+02 0.000000000000000000e+00 2.137017245235394380e+00 9.199999999999999845e-02
5.182559000000000000e+06 1.000000000000000000e+00 6.600000000000000000e+01 1.030374477099452088e+04 4.950842054971453763e+02 3.532299999999995634e+02 0.000000000000000000e+00 5.749322816088322519e+00 6.099999999999999867e-02
5.182560000000000000e+06 1.000000000000000000e+00 6.600000000000000000e+01 1.030456677099452099e+04 4.934262054971450198e+02 3.557600000000002183e+02 0.000000000000000000e+00 4.762188242119913539e+00 6.099999999999999867e-02
5.182559000000000000e+06 1.000000000000000000e+00 6.600000000000000000e+01 1.029538877099451929e+04 4.944542054971452671e+02 3.555699999999997090e+02 0.000000000000000000e+00 9.286212594105961671e+00 5.000000000000000000e-01
5.181281000000000000e+06 0.000000000000000000e+00 6.500000000000000000e+01 1.030991577099452115e+04 5.208652054971453254e+02 3.550100000000002183e+02 0.000000000000000000e+00 4.091210889690506392e+00 6.099999999999999867e-02
5.181281000000000000e+06 0.000000000000000000e+00 6.500000000000000000e+01 1.031038477099452030e+04 5.276302054971447433e+02 3.573199999999997090e+02 0.000000000000000000e+00 6.186428153628395599e+00 9.199999999999999845e-02
5.181280000000000000e+06 1.000000000000000000e+00 6.500000000000000000e+01 1.029704277099452156e+04 5.239332054971446269e+02 3.589399999999995998e+02 0.000000000000000000e+00 5.536780798706000262e+00 2.400000000000000050e-02
5.182552000000000000e+06 1.000000000000000000e+00 6.500000000000000000e+01 1.029439877099452133e+04 5.254502054971453617e+02 3.630000000000009095e+02 0.000000000000000000e+00 6.506342188532475035e+00 2.400000000000000050e-02
5.182552000000000000e+06 1.000000000000000000e+00 6.500000000000000000e+01 1.029168877099452038e+04 5.234632054971452817e+02 3.646500000000005457e+02 0.000000000000000000e+00 6.561091068513443147e+00 9.199999999999999845e-02
5.182552000000000000e+06 1.000000000000000000e+00 6.500000000000000000e+01 1.029165977099451993e+04 5.241122054971447142e+02 3.641500000000005457e+02 0.000000000000000000e+00 7.006868946037101864e+00 2.400000000000000050e-02
5.182468000000000000e+06 0.000000000000000000e+00 6.600000000000000000e+01 1.032454077099452115e+04 5.452042054971452671e+02 3.482100000000000364e+02 0.000000000000000000e+00 2.966046290842994981e+00 4.169999999999999818e-01
5.182468000000000000e+06 0.000000000000000000e+00 6.600000000000000000e+01 1.032454077099452115e+04 5.452042054971452671e+02 3.482100000000000364e+02 0.000000000000000000e+00 2.966046290842994981e+00 7.056359999999999744e+00
5.181287000000000000e+06 0.000000000000000000e+00 6.600000000000000000e+01 1.032204577099452035e+04 5.177582054971453545e+02 3.361400000000003274e+02 0.000000000000000000e+00 4.358140861795718024e+00 9.199999999999999845e-02
5.181286000000000000e+06 0.000000000000000000e+00 6.600000000000000000e+01 1.032200777099452171e+04 5.203202054971452526e+02 3.415600000000004002e+02 0.000000000000000000e+00 1.766474748580709964e+00 9.199999999999999845e-02
