1.460004000000000000e+06 1.000000000000000000e+00 6.500000000000000000e+01 8.074772106983849881e+03 5.611679307204586621e+03 1.600000000000000000e+02 0.000000000000000000e+00 8.612241140255511240e+00 2.400000000000000050e-02
1.460004000000000000e+06 0.000000000000000000e+00 6.600000000000000000e+01 8.079772106983849881e+03 5.621679307204586621e+03 1.700000000000000000e+02 0.000000000000000000e+00 8.077522298315013671e+00 1.079000000000004000e+01
1.458372000000000000e+06 1.000000000000000000e+00 6.600000000000000000e+01 8.099772106983849881e+03 5.596679307204586621e+03 1.600000000000000000e+02 0.000000000000000000e+00 8.511208293431515415e+00 7.410772281682790563e+00
7.616000000000000000e+05 1.000000000000000000e+00 6.500000000000000000e+01 8.119772106983849881e+03 5.421679307204586621e+03 2.400000000000000000e+02 0.000000000000000000e+00 8.162694465868042926e+00 6.099999999999999173e-02
7.616010000000000000e+05 1.000000000000000000e+00 6.500000000000000000e+01 8.119772106983849881e+03 5.426679307204586621e+03 2.400000000000000000e+02 0.000000000000000000e+00 9.178834578391148469e+00 6.099999999999999173e-02
7.616060000000000000e+05 1.000000000000000000e+00 6.600000000000000000e+01 8.129772106983849881e+03 5.421679307204586621e+03 2.300000000000000000e+02 0.000000000000000000e+00 9.042097808589561581e+00 1.605000000000001137e+01
7.616020000000000000e+05 1.000000000000000000e+00 6.500000000000000000e+01 8.129772106983849881e+03 5.436679307204586621e+03 2.300000000000000000e+02 0.000000000000000000e+00 9.929846964024202194e+00 1.653775402506044045e+01
7.625900000000000000e+05 1.000000000000000000e+00 6.500000000000000000e+01 8.134772106983849881e+03 5.421679307204586621e+03 2.000000000000000000e+02 0.000000000000000000e+00 4.109842667564318930e+00 1.605000000000011084e+01
7.627330000000000000e+05 1.000000000000000000e+00 6.500000000000000000e+01 8.139772106983849881e+03 5.416679307204586621e+03 1.500000000000000000e+02 0.000000000000000000e+00 2.179457892720048751e+00 7.522708242823820335e+00
7.635000000000000000e+05 1.000000000000000000e+00 6.500000000000000000e+01 8.139772106983849881e+03 5.421679307204586621e+03 1.500000000000000000e+02 0.000000000000000000e+00 2.158658409235981068e+00 1.097400000000000020e+01
7.625900000000000000e+05 1.000000000000000000e+00 6.500000000000000000e+01 8.139772106983849881e+03 5.421679307204586621e+03 2.000000000000000000e+02 0.000000000000000000e+00 5.677727142170269081e-01 1.133200000000000074e+01
7.635970000000000000e+05 1.000000000000000000e+00 6.600000000000000000e+01 8.139772106983849881e+03 5.456679307204586621e+03 2.200000000000000000e+02 0.000000000000000000e+00 8.383681385199665215e+00 8.186784229460858597e+00
7.635130000000000000e+05 1.000000000000000000e+00 6.600000000000000000e+01 8.144772106983849881e+03 5.416679307204586621e+03 1.800000000000000000e+02 0.000000000000000000e+00 3.568760509119109692e+00 4.169999999999999818e-01
7.635160000000000000e+05 1.000000000000000000e+00 6.500000000000000000e+01 8.144772106983849881e+03 5.416679307204586621e+03 1.900000000000000000e+02 0.000000000000000000e+00 1.374840584322394754e+00 9.199999999999999845e-02
7.634990000000000000e+05 1.000000000000000000e+00 6.500000000000000000e+01 8.144772106983849881e+03 5.421679307204586621e+03 1.500000000000000000e+02 0.000000000000000000e+00 2.499934077742042238e+00 2.178400000000014103e+01
7.635040000000000000e+05 1.000000000000000000e+00 6.600000000000000000e+01 8.144772106983849881e+03 5.421679307204586621e+03 1.600000000000000000e+02 0.000000000000000000e+00 1.856889951561091934e+00 2.018997434363908994e+01
7.625880000000000000e+05 1.000000000000000000e+00 6.500000000000000000e+01 8.144772106983849881e+03 5.421679307204586621e+03 1.900000000000000000e+02 0.000000000000000000e+00 1.925820199687418022e+00 2.400000000000000050e-02
7.635970000000000000e+05 1.000000000000000000e+00 6.600000000000000000e+01 8.144772106983849881e+03 5.456679307204586621e+03 2.200000000000000000e+02 0.000000000000000000e+00 6.076938654210868762e+00 9.199999999999999845e-02
7.625880000000000000e+05 1.000000000000000000e+00 6.500000000000000000e+01 8.149772106983849881e+03 5.416679307204586621e+03 1.900000000000000000e+02 0.000000000000000000e+00 4.270837187777617672e+00 6.099999999999999173e-02
7.627400000000000000e+05 1.000000000000000000e+00 6.600000000000000000e+01 8.149772106983849881e+03 5.421679307204586621e+03 1.300000000000000000e+02 0.000000000000000000e+00 6.232120634677525972e-01 1.089371731433113055e+01
7.635030000000000000e+05 1.000000000000000000e+00 6.600000000000000000e+01 8.149772106983849881e+03 5.421679307204586621e+03 1.600000000000000000e+02 0.000000000000000000e+00 1.974949865761917112e+00 9.199999999999999845e-02
7.635120000000000000e+05 1.000000000000000000e+00 6.600000000000000000e+01 8.149772106983849881e+03 5.421679307204586621e+03 1.800000000000000000e+02 0.000000000000000000e+00 4.753063845776548391e+00 1.839999999999999969e-01
7.634970000000000000e+05 1.000000000000000000e+00 6.600000000000000000e+01 8.149772106983849881e+03 5.426679307204586621e+03 1.400000000000000000e+02 0.000000000000000000e+00 2.567610123625725937e-01 9.199999999999999845e-02
7.635950000000000000e+05 0.000000000000000000e+00 6.500000000000000000e+01 8.149772106983849881e+03 5.456679307204586621e+03 2.200000000000000000e+02 0.000000000000000000e+00 4.877977312221616124e+00 6.099999999999999173e-02
7.635980000000000000e+05 1.000000000000000000e+00 6.600000000000000000e+01 8.149772106983849881e+03 5.456679307204586621e+03 2.300000000000000000e+02 0.000000000000000000e+00 5.823060010310718848e-01 1.529999999999999971e-01
7.625880000000000000e+05 1.000000000000000000e+00 6.500000000000000000e+01 8.154772106983849881e+03 5.416679307204586621e+03 1.900000000000000000e+02 0.000000000000000000e+00 8.434104583356957008e+00 2.039999999999999869e-01
7.625870000000000000e+05 1.000000000000000000e+00 6.500000000000000000e+01 8.154772106983849881e+03 5.421679307204586621e+03 1.900000000000000000e+02 0.000000000000000000e+00 7.294411225737775339e+00 9.199999999999999845e-02
7.635990000000000000e+05 1.000000000000000000e+00 6.600000000000000000e+01 8.154772106983849881e+03 5.451679307204586621e+03 2.300000000000000000e+02 0.000000000000000000e+00 1.030543536235764224e+00 2.400000000000000050e-02
7.635990000000000000e+05 1.000000000000000000e+00 6.600000000000000000e+01 8.154772106983849881e+03 5.456679307204586621e+03 2.300000000000000000e+02 0.000000000000000000e+00 2.278424416709990741e+00 4.779999999999999805e-01
7.635990000000000000e+05 1.000000000000000000e+00 6.600000000000000000e+01 8.154772106983849881e+03 5.456679307204586621e+03 2.400000000000000000e+02 0.000000000000000000e+00 7.742075092595015917e+00 9.199999999999999845e-02
7.636000000000000000e+05 1.000000000000000000e+00 6.600000000000000000e+01 8.159772106983849881e+03 5.451679307204586621e+03 2.300000000000000000e+02 0.000000000000000000e+00 1.128797300927543823e+00 7.743677507139762994e+00
7.635990000000000000e+05 1.000000000000000000e+00 6.600000000000000000e+01 8.159772106983849881e+03 5.456679307204586621e+03 2.300000000000000000e+02 0.000000000000000000e+00 2.648136757772374672e+00 2.400000000000000050e-02
4.159456000000000000e+06 1.000000000000000000e+00 6.500000000000000000e+01 8.291396106983849677e+03 5.744915107204587002e+03 3.909899999999997817e+02 1.000000000000000000e+00 7.206818800502641231e-01 7.700000000000000000e+01
4.158403000000000000e+06 0.000000000000000000e+00 6.600000000000000000e+01 8.253564106983849342e+03 5.763208307204587072e+03 4.082200000000002547e+02 1.000000000000000000e+00 1.581278783336774740e+00 7.700000000000000000e+01
4.157931000000000000e+06 1.000000000000000000e+00 6.600000000000000000e+01 8.300795106983849109e+03 5.693617807204586825e+03 3.950500000000001819e+02 1.000000000000000000e+00 7.542387145556226358e-01 7.700000000000000000e+01
4.157854000000000000e+06 0.000000000000000000e+00 6.500000000000000000e+01 8.287031106983849895e+03 5.716767907204586663e+03 4.151599999999998545e+02 1.000000000000000000e+00 2.236579205148407468e+00 7.700000000000000000e+01
4.159462000000000000e+06 1.000000000000000000e+00 6.500000000000000000e+01 8.273697106983850972e+03 5.746571607204587053e+03 4.071300000000001091e+02 1.000000000000000000e+00 6.931426279961236947e-01 7.700000000000000000e+01
