6.585343000000000000e+06 1.000000000000000000e+00 6.600000000000000000e+01 4.837436592986108735e+03 5.451517803586863920e+03 7.721099999999996726e+02 0.000000000000000000e+00 1.465266277198537859e+00 1.339000000000000057e+01
5.183851000000000000e+07 1.000000000000000000e+00 6.600000000000000000e+01 4.799342192986108785e+03 5.433123803586863687e+03 6.152199999999999818e+03 0.000000000000000000e+00 5.437972575877892289e+00 1.078999999999999915e+01
6.129407800000000000e+07 1.000000000000000000e+00 6.500000000000000000e+01 4.786397692986109178e+03 5.430479603586863959e+03 7.107229000000000269e+03 0.000000000000000000e+00 7.844803016504542370e+00 1.078999999999999915e+01
7.260720700000000000e+07 1.000000000000000000e+00 6.500000000000000000e+01 4.795208592986108670e+03 5.424231703586863659e+03 8.457854999999999563e+03 0.000000000000000000e+00 6.976044917383487309e+00 1.339000000000000057e+01
7.446579500000000000e+07 1.000000000000000000e+00 6.600000000000000000e+01 4.801396092986108670e+03 5.421688103586863690e+03 8.799350000000000364e+03 0.000000000000000000e+00 6.851553065972377787e+00 9.199999999999999845e-02
7.446578100000000000e+07 1.000000000000000000e+00 6.500000000000000000e+01 4.784691092986108742e+03 5.441693063586863900e+03 8.790110000000000582e+03 0.000000000000000000e+00 8.172318448747644126e+00 2.400000000000000050e-02
7.446474000000000000e+07 0.000000000000000000e+00 6.600000000000000000e+01 4.775216592986108481e+03 5.432769503586863721e+03 8.792119999999998981e+03 0.000000000000000000e+00 1.376520486560187884e+00 6.099999999999999867e-02
7.446473700000000000e+07 1.000000000000000000e+00 6.600000000000000000e+01 4.774253292986109045e+03 5.437301003586863771e+03 8.781159999999999854e+03 0.000000000000000000e+00 2.256904978997013700e+00 9.199999999999999845e-02
7.446473800000000000e+07 1.000000000000000000e+00 6.600000000000000000e+01 4.775916392986108804e+03 5.435523303586864131e+03 8.782399999999999636e+03 0.000000000000000000e+00 1.494891194301302795e+00 9.199999999999999845e-02
7.446578100000000000e+07 1.000000000000000000e+00 6.500000000000000000e+01 4.781514792986108660e+03 5.435900903586863933e+03 8.782430000000000291e+03 0.000000000000000000e+00 4.660779800279457596e+00 4.169999999999999818e-01
7.446578100000000000e+07 1.000000000000000000e+00 6.500000000000000000e+01 4.780913892986108294e+03 5.435744703586863579e+03 8.782319999999999709e+03 0.000000000000000000e+00 4.338837794323726627e+00 8.349999999999999645e-01
7.446578100000000000e+07 1.000000000000000000e+00 6.500000000000000000e+01 4.779229392986108905e+03 5.435693703586864103e+03 8.782469999999999345e+03 0.000000000000000000e+00 3.329860773265862495e+00 4.169999999999999818e-01
7.446578100000000000e+07 1.000000000000000000e+00 6.500000000000000000e+01 4.779229392986108905e+03 5.435693703586864103e+03 8.782469999999999345e+03 0.000000000000000000e+00 3.329860773265862495e+00 7.375339999999999563e+00
7.260720700000000000e+07 1.000000000000000000e+00 6.500000000000000000e+01 4.795208592986108670e+03 5.424231703586863659e+03 8.457854999999999563e+03 0.000000000000000000e+00 6.976044917383487309e+00 1.876819999999999933e+00
6.129407800000000000e+07 1.000000000000000000e+00 6.500000000000000000e+01 4.784954292986109067e+03 5.430762003586864012e+03 7.108341999999999643e+03 0.000000000000000000e+00 6.666587372976366943e+00 1.605000000000000071e+01
6.129407400000000000e+07 1.000000000000000000e+00 6.600000000000000000e+01 4.777902892986108782e+03 5.435293203586864365e+03 7.108006999999999607e+03 0.000000000000000000e+00 1.056339829676828268e+00 1.339000000000000057e+01
6.129407600000000000e+07 0.000000000000000000e+00 6.600000000000000000e+01 4.770788592986108597e+03 5.429910503586864252e+03 7.107628999999999905e+03 0.000000000000000000e+00 2.448113399079471453e+00 4.169999999999999818e-01
6.129407800000000000e+07 1.000000000000000000e+00 6.600000000000000000e+01 4.761923992986108715e+03 5.426726503586864055e+03 7.111088999999999942e+03 0.000000000000000000e+00 9.963216343427234722e-01 1.000000000000000000e+01
6.129407800000000000e+07 1.000000000000000000e+00 6.600000000000000000e+01 4.761923992986108715e+03 5.426726503586864055e+03 7.111088999999999942e+03 0.000000000000000000e+00 9.963216343427234722e-01 3.602500000000000036e+00
6.129407400000000000e+07 1.000000000000000000e+00 6.600000000000000000e+01 4.777902892986108782e+03 5.435293203586864365e+03 7.108006999999999607e+03 0.000000000000000000e+00 1.056339829676828268e+00 5.903319999999999901e+00
6.129408300000000000e+07 1.000000000000000000e+00 6.600000000000000000e+01 4.785367892986108927e+03 5.419631203586864103e+03 7.106367000000000189e+03 0.000000000000000000e+00 3.880307436378096053e+00 6.099999999999999867e-02
6.129407900000000000e+07 1.000000000000000000e+00 6.500000000000000000e+01 4.779596592986108590e+03 5.417507603586864207e+03 7.105384000000000015e+03 0.000000000000000000e+00 3.222344731584289246e+00 9.199999999999999845e-02
6.129408300000000000e+07 0.000000000000000000e+00 6.600000000000000000e+01 4.776441892986108542e+03 5.413966703586864242e+03 7.110260000000000218e+03 0.000000000000000000e+00 1.196138461981307355e+00 2.400000000000000050e-02
6.129408300000000000e+07 0.000000000000000000e+00 6.600000000000000000e+01 4.775606292986109111e+03 5.413905103586864243e+03 7.109954999999999927e+03 0.000000000000000000e+00 2.066009443333393758e+00 1.078999999999999915e+01
6.129408300000000000e+07 0.000000000000000000e+00 6.600000000000000000e+01 4.775606292986109111e+03 5.413905103586864243e+03 7.109954999999999927e+03 0.000000000000000000e+00 2.066009443333393758e+00 7.129430000000000156e+00
6.129408300000000000e+07 0.000000000000000000e+00 6.600000000000000000e+01 4.775606292986109111e+03 5.413905103586864243e+03 7.109954999999999927e+03 0.000000000000000000e+00 2.066009443333393758e+00 3.763759999999999994e+00
5.183851000000000000e+07 1.000000000000000000e+00 6.600000000000000000e+01 4.800683592986109034e+03 5.433864003586863873e+03 6.147680000000000291e+03 0.000000000000000000e+00 5.737121033159949590e+00 2.400000000000000050e-02
5.183851000000000000e+07 1.000000000000000000e+00 6.600000000000000000e+01 4.797312892986108636e+03 5.423114003586863873e+03 6.148510000000000218e+03 0.000000000000000000e+00 8.134512339181320328e+00 4.169999999999999818e-01
6.585343000000000000e+06 1.000000000000000000e+00 6.600000000000000000e+01 4.837436592986108735e+03 5.451517803586863920e+03 7.721099999999996726e+02 0.000000000000000000e+00 1.465266277198537859e+00 5.195839999999999570e+00
9.708901800000000000e+07 1.000000000000000000e+00 6.600000000000000000e+01 4.619639592986109164e+03 5.457522833586864181e+03 1.158263000000000102e+04 1.000000000000000000e+00 8.257470677042814122e-01 3.000000000000000000e+01
6.585342000000000000e+06 1.000000000000000000e+00 6.600000000000000000e+01 4.829149332986108675e+03 5.449200083586863911e+03 7.770300000000006548e+02 1.000000000000000000e+00 2.906332639651185157e-01 3.000000000000000000e+01
6.694957000000000000e+07 0.000000000000000000e+00 6.500000000000000000e+01 4.721237592986109121e+03 5.405509903586864311e+03 7.786469000000000051e+03 1.000000000000000000e+00 1.282190313220612277e+00 3.000000000000000000e+01
