3.530712600000000000e+07 1.000000000000000000e+00 6.500000000000000000e+01 5.184416064362058023e+03 8.279170000000000073e+03 4.113731000237285116e+03 0.000000000000000000e+00 1.552815578618300885e+00 1.605000000000000071e+01
3.600681900000000000e+07 1.000000000000000000e+00 6.500000000000000000e+01 5.297829064362058489e+03 1.096979999999999927e+04 4.235052000237285029e+03 0.000000000000000000e+00 9.535368496384581505e+00 5.000000000000000000e-01
3.600681900000000000e+07 1.000000000000000000e+00 6.500000000000000000e+01 5.298086064362058096e+03 1.097181999999999971e+04 4.234700000237285167e+03 0.000000000000000000e+00 8.967585186486683568e+00 9.199999999999999845e-02
3.600681600000000000e+07 1.000000000000000000e+00 6.600000000000000000e+01 5.303424064362057834e+03 1.097830999999999949e+04 4.240422000237284919e+03 0.000000000000000000e+00 8.565037648062876485e+00 9.199999999999999845e-02
3.600681600000000000e+07 1.000000000000000000e+00 6.600000000000000000e+01 5.304309064362058052e+03 1.098017000000000007e+04 4.239755000237285458e+03 0.000000000000000000e+00 6.818861951751109096e+00 9.199999999999999845e-02
3.600682000000000000e+07 1.000000000000000000e+00 6.500000000000000000e+01 5.296619064362058452e+03 1.096360000000000036e+04 4.232660000237285203e+03 0.000000000000000000e+00 9.067432495287123473e+00 9.199999999999999845e-02
3.600673600000000000e+07 1.000000000000000000e+00 6.600000000000000000e+01 5.275924064362057834e+03 1.096986999999999898e+04 4.216825000237285167e+03 0.000000000000000000e+00 4.906321885458625687e+00 6.099999999999999867e-02
3.600673600000000000e+07 1.000000000000000000e+00 6.600000000000000000e+01 5.275924064362057834e+03 1.096986999999999898e+04 4.216825000237285167e+03 0.000000000000000000e+00 4.906321885458625687e+00 7.395389999999999908e+00
3.603439400000000000e+07 1.000000000000000000e+00 6.600000000000000000e+01 5.182834064362058598e+03 8.478881999999999607e+03 4.120513000237285269e+03 0.000000000000000000e+00 9.733683081807360082e+00 6.099999999999999867e-02
3.603439400000000000e+07 1.000000000000000000e+00 6.600000000000000000e+01 5.181992064362058045e+03 8.478679000000000087e+03 4.123182000237285138e+03 0.000000000000000000e+00 9.466166373881147678e+00 1.339000000000000057e+01
3.603439400000000000e+07 1.000000000000000000e+00 6.600000000000000000e+01 5.181992064362058045e+03 8.478679000000000087e+03 4.123182000237285138e+03 0.000000000000000000e+00 9.466166373881147678e+00 4.384929999999999772e+00
3.603439400000000000e+07 1.000000000000000000e+00 6.600000000000000000e+01 5.181992064362058045e+03 8.478679000000000087e+03 4.123182000237285138e+03 0.000000000000000000e+00 9.466166373881147678e+00 1.628209999999999935e+00
3.530712400000000000e+07 1.000000000000000000e+00 6.500000000000000000e+01 5.192774064362058198e+03 8.281345999999999549e+03 4.112874000237285145e+03 0.000000000000000000e+00 1.646114151227905387e+00 1.339000000000000057e+01
3.530712400000000000e+07 1.000000000000000000e+00 6.500000000000000000e+01 5.197933064362057848e+03 8.284579999999999927e+03 4.112231000237285116e+03 0.000000000000000000e+00 2.003964174907811202e+00 1.078999999999999915e+01
3.530882700000000000e+07 1.000000000000000000e+00 6.600000000000000000e+01 5.199967064362058409e+03 8.285875000000000000e+03 4.112513000237285269e+03 0.000000000000000000e+00 5.140866335167830758e-01 1.339000000000000057e+01
3.530882700000000000e+07 1.000000000000000000e+00 6.600000000000000000e+01 5.202007064362058372e+03 8.287022000000000844e+03 4.113462000237284883e+03 0.000000000000000000e+00 1.562229692487663524e+00 3.229999999999999716e+01
3.530816400000000000e+07 1.000000000000000000e+00 6.500000000000000000e+01 5.204227064362058627e+03 8.285003000000000611e+03 4.128611000237285225e+03 0.000000000000000000e+00 5.029712475474644728e-01 1.078999999999999915e+01
3.530816300000000000e+07 1.000000000000000000e+00 6.500000000000000000e+01 5.204546064362058132e+03 8.280632999999999811e+03 4.132821000237285261e+03 0.000000000000000000e+00 1.014794933639156849e+00 1.605000000000000071e+01
3.530816300000000000e+07 1.000000000000000000e+00 6.500000000000000000e+01 5.204546064362058132e+03 8.280632999999999811e+03 4.132821000237285261e+03 0.000000000000000000e+00 1.014794933639156849e+00 7.085829999999999629e+00
3.530816300000000000e+07 1.000000000000000000e+00 6.500000000000000000e+01 5.204546064362058132e+03 8.280632999999999811e+03 4.132821000237285261e+03 0.000000000000000000e+00 1.014794933639156849e+00 1.904700000000000060e+00
3.530816400000000000e+07 1.000000000000000000e+00 6.500000000000000000e+01 5.204227064362058627e+03 8.285003000000000611e+03 4.128611000237285225e+03 0.000000000000000000e+00 5.029712475474644728e-01 2.300370000000000026e+00
3.530816700000000000e+07 1.000000000000000000e+00 6.500000000000000000e+01 5.208620064362058656e+03 8.298186999999999898e+03 4.117236000237285225e+03 0.000000000000000000e+00 5.293840108872756023e-01 9.199999999999999845e-02
3.530816700000000000e+07 1.000000000000000000e+00 6.500000000000000000e+01 5.210335064362057892e+03 8.297952999999999520e+03 4.116405000237285094e+03 0.000000000000000000e+00 1.492187575780062447e+00 2.400000000000000050e-02
3.530817300000000000e+07 0.000000000000000000e+00 6.600000000000000000e+01 5.224358064362058030e+03 8.297591000000000349e+03 4.107307000237285138e+03 0.000000000000000000e+00 1.117475239203491233e+00 1.078999999999999915e+01
3.530817300000000000e+07 0.000000000000000000e+00 6.600000000000000000e+01 5.224219064362057907e+03 8.297277000000000044e+03 4.107714000237285290e+03 0.000000000000000000e+00 7.377165860439195422e-01 1.078999999999999915e+01
3.530817300000000000e+07 0.000000000000000000e+00 6.600000000000000000e+01 5.224219064362057907e+03 8.297277000000000044e+03 4.107714000237285290e+03 0.000000000000000000e+00 7.377165860439195422e-01 4.538640000000000008e+00
3.530817300000000000e+07 0.000000000000000000e+00 6.600000000000000000e+01 5.224219064362057907e+03 8.297277000000000044e+03 4.107714000237285290e+03 0.000000000000000000e+00 7.377165860439195422e-01 2.607880000000000198e-01
3.530817300000000000e+07 0.000000000000000000e+00 6.600000000000000000e+01 5.224358064362058030e+03 8.297591000000000349e+03 4.107307000237285138e+03 0.000000000000000000e+00 1.117475239203491233e+00 1.066610000000000058e+00
3.530817100000000000e+07 1.000000000000000000e+00 6.600000000000000000e+01 5.211623064362058358e+03 8.289871999999999389e+03 4.107582000237284774e+03 0.000000000000000000e+00 1.951949007414439441e+00 9.199999999999999845e-02
3.530817000000000000e+07 1.000000000000000000e+00 6.600000000000000000e+01 5.208917064362058227e+03 8.287948000000000320e+03 4.107929000237285436e+03 0.000000000000000000e+00 3.244601418894838663e+00 2.400000000000000050e-02
3.530882700000000000e+07 0.000000000000000000e+00 6.600000000000000000e+01 5.199052064362058445e+03 8.291871999999999389e+03 4.111407000237285501e+03 0.000000000000000000e+00 2.339620825049068209e+00 9.199999999999999845e-02
3.530882500000000000e+07 0.000000000000000000e+00 6.600000000000000000e+01 5.202692064362057863e+03 8.292477000000000771e+03 4.107764000237285472e+03 0.000000000000000000e+00 2.787069414470771722e+00 9.199999999999999845e-02
3.530817100000000000e+07 1.000000000000000000e+00 6.600000000000000000e+01 5.210395064362058292e+03 8.290424999999999272e+03 4.104101000237285007e+03 0.000000000000000000e+00 4.110030365137614439e+00 9.199999999999999845e-02
3.530720800000000000e+07 1.000000000000000000e+00 6.600000000000000000e+01 5.201857064362058736e+03 8.280683999999999287e+03 4.099738000237284723e+03 0.000000000000000000e+00 6.299792360368285493e+00 6.099999999999999867e-02
3.530799200000000000e+07 0.000000000000000000e+00 6.500000000000000000e+01 5.198014064362057979e+03 8.297754999999999200e+03 4.133627000237284847e+03 0.000000000000000000e+00 1.978255464647934003e+00 9.199999999999999845e-02
3.530799300000000000e+07 1.000000000000000000e+00 6.500000000000000000e+01 5.198828064362058285e+03 8.304638999999999214e+03 4.136496000237285443e+03 0.000000000000000000e+00 9.187094737087490026e-01 4.169999999999999818e-01
3.530799400000000000e+07 0.000000000000000000e+00 6.500000000000000000e+01 5.202399064362058198e+03 8.304719000000000960e+03 4.135676000237284825e+03 0.000000000000000000e+00 1.773791516676449742e+00 9.199999999999999845e-02
3.530799400000000000e+07 0.000000000000000000e+00 6.500000000000000000e+01 5.203642064362058591e+03 8.305181000000000495e+03 4.134659000237284999e+03 0.000000000000000000e+00 2.734213244440508284e+00 9.199999999999999845e-02
3.530799400000000000e+07 0.000000000000000000e+00 6.500000000000000000e+01 5.203942064362057863e+03 8.305292999999999665e+03 4.134414000237285109e+03 0.000000000000000000e+00 3.031225051398501069e+00 9.199999999999999845e-02
3.530799500000000000e+07 0.000000000000000000e+00 6.600000000000000000e+01 5.206359064362058234e+03 8.306192999999999302e+03 4.132434000237284636e+03 0.000000000000000000e+00 3.584629003243600565e+00 6.099999999999999867e-02
3.530800000000000000e+07 1.000000000000000000e+00 6.500000000000000000e+01 5.220870064362058656e+03 8.312404000000000451e+03 4.124676000237284825e+03 0.000000000000000000e+00 8.304124929512822106e+00 9.199999999999999845e-02
3.530833200000000000e+07 1.000000000000000000e+00 6.500000000000000000e+01 5.230107064362058736e+03 8.312155000000000655e+03 4.124851000237285007e+03 0.000000000000000000e+00 9.089951614333976693e+00 6.099999999999999867e-02
3.530825500000000000e+07 1.000000000000000000e+00 6.600000000000000000e+01 5.236105064362058329e+03 8.313200999999999112e+03 4.117943000237284650e+03 0.000000000000000000e+00 8.188580348102883377e+00 1.078999999999999915e+01
3.530825500000000000e+07 1.000000000000000000e+00 6.600000000000000000e+01 5.236105064362058329e+03 8.313200999999999112e+03 4.117943000237284650e+03 0.000000000000000000e+00 8.188580348102883377e+00 1.260229999999999961e+00
3.530825500000000000e+07 1.000000000000000000e+00 6.600000000000000000e+01 5.236105064362058329e+03 8.313200999999999112e+03 4.117943000237284650e+03 0.000000000000000000e+00 8.188580348102883377e+00 1.252799999999999914e+00
3.530712400000000000e+07 1.000000000000000000e+00 6.500000000000000000e+01 5.197933064362057848e+03 8.284579999999999927e+03 4.112231000237285116e+03 0.000000000000000000e+00 2.003964174907811202e+00 6.051149999999999807e+00
3.530721200000000000e+07 1.000000000000000000e+00 6.500000000000000000e+01 5.191132064362058372e+03 8.282108000000000175e+03 4.088223000237285305e+03 0.000000000000000000e+00 4.377618139006214659e-01 9.199999999999999845e-02
3.530721200000000000e+07 1.000000000000000000e+00 6.500000000000000000e+01 5.192166064362058023e+03 8.283414000000000669e+03 4.085630000237285458e+03 0.000000000000000000e+00 1.721312532172078802e+00 9.199999999999999845e-02
3.530721200000000000e+07 1.000000000000000000e+00 6.500000000000000000e+01 5.193318064362058067e+03 8.284869000000000597e+03 4.082740000237285130e+03 0.000000000000000000e+00 4.649022709354094118e+00 9.199999999999999845e-02
3.530721200000000000e+07 1.000000000000000000e+00 6.500000000000000000e+01 5.193544064362058634e+03 8.285154000000000451e+03 4.082173000237285123e+03 0.000000000000000000e+00 5.295234704398146697e+00 6.099999999999999867e-02
3.530843100000000000e+07 1.000000000000000000e+00 6.600000000000000000e+01 5.196719064362057907e+03 8.293796000000000276e+03 4.065668000237285014e+03 0.000000000000000000e+00 8.230283549787888120e+00 2.400000000000000050e-02
3.530824600000000000e+07 1.000000000000000000e+00 6.500000000000000000e+01 5.219439064362058161e+03 8.318165000000000873e+03 4.078156000237285298e+03 0.000000000000000000e+00 7.298602506760643926e+00 6.099999999999999867e-02
3.530832800000000000e+07 1.000000000000000000e+00 6.600000000000000000e+01 5.223990064362058547e+03 8.318739999999999782e+03 4.076570000237285058e+03 0.000000000000000000e+00 2.826746947044266101e+00 6.099999999999999867e-02
3.530832800000000000e+07 0.000000000000000000e+00 6.500000000000000000e+01 5.240979064362058125e+03 8.307030000000000655e+03 4.074784000237284999e+03 0.000000000000000000e+00 1.742178898869477077e+00 9.199999999999999845e-02
3.530832800000000000e+07 0.000000000000000000e+00 6.500000000000000000e+01 5.240987064362057936e+03 8.306984000000000378e+03 4.074765000237284767e+03 0.000000000000000000e+00 1.781095375448352058e+00 6.099999999999999867e-02
3.530832800000000000e+07 0.000000000000000000e+00 6.600000000000000000e+01 5.232576064362057878e+03 8.310338999999999942e+03 4.074130000237285458e+03 0.000000000000000000e+00 2.323461747519838028e+00 6.099999999999999867e-02
3.530817700000000000e+07 1.000000000000000000e+00 6.500000000000000000e+01 5.226286064362057914e+03 8.305731999999999971e+03 4.084502000237284847e+03 0.000000000000000000e+00 4.793356780890114521e+00 4.169999999999999818e-01
3.530882300000000000e+07 1.000000000000000000e+00 6.600000000000000000e+01 5.201543064362058431e+03 8.303965000000000146e+03 4.082224000237285509e+03 0.000000000000000000e+00 8.488931423832546841e+00 4.169999999999999818e-01
3.530882800000000000e+07 0.000000000000000000e+00 6.500000000000000000e+01 5.192354064362058125e+03 8.292157999999999447e+03 4.098218000237285196e+03 0.000000000000000000e+00 4.888720125395908944e+00 2.400000000000000050e-02
3.530882500000000000e+07 1.000000000000000000e+00 6.600000000000000000e+01 5.199667064362058227e+03 8.295326999999999316e+03 4.093626000237284643e+03 0.000000000000000000e+00 3.357471653058924588e+00 4.169999999999999818e-01
3.530882700000000000e+07 0.000000000000000000e+00 6.500000000000000000e+01 5.191913064362058321e+03 8.296237999999999374e+03 4.096878000237285050e+03 0.000000000000000000e+00 3.319081087445753031e+00 8.749570000000000292e+00
3.869031300000000000e+07 0.000000000000000000e+00 6.600000000000000000e+01 5.033313064362057958e+03 4.304289999999999964e+03 4.357344200237284895e+03 0.000000000000000000e+00 2.072425732732882331e+00 2.400000000000000050e-02
3.869031300000000000e+07 0.000000000000000000e+00 6.600000000000000000e+01 5.033472064362058518e+03 4.304170000000000073e+03 4.357525400237284884e+03 0.000000000000000000e+00 2.193963402343420466e+00 1.078999999999999915e+01
3.869031200000000000e+07 0.000000000000000000e+00 6.500000000000000000e+01 5.035782064362058009e+03 4.302229999999999563e+03 4.361234800237285526e+03 0.000000000000000000e+00 1.032194952144619871e+00 1.339000000000000057e+01
3.869031300000000000e+07 0.000000000000000000e+00 6.500000000000000000e+01 5.032182064362058554e+03 4.300770000000000437e+03 4.357520200237285280e+03 0.000000000000000000e+00 2.068161499264176140e+00 9.199999999999999845e-02
3.869031400000000000e+07 0.000000000000000000e+00 6.500000000000000000e+01 5.030577064362058081e+03 4.299200000000000728e+03 4.356466100237284991e+03 0.000000000000000000e+00 6.692288576571483460e-01 1.078999999999999915e+01
3.869031500000000000e+07 0.000000000000000000e+00 6.500000000000000000e+01 5.029753064362058467e+03 4.295359999999999673e+03 4.354329000237285072e+03 0.000000000000000000e+00 1.006655034990429520e+00 4.169999999999999818e-01
3.869031500000000000e+07 0.000000000000000000e+00 6.500000000000000000e+01 5.031153064362058103e+03 4.295739999999999782e+03 4.353619900237285037e+03 0.000000000000000000e+00 8.298589254307560115e-01 2.039999999999999869e-01
3.869031300000000000e+07 1.000000000000000000e+00 6.600000000000000000e+01 5.021481064362058532e+03 4.305699999999999818e+03 4.364322400237285365e+03 0.000000000000000000e+00 4.135203651598823527e+00 9.199999999999999845e-02
3.869031200000000000e+07 1.000000000000000000e+00 6.600000000000000000e+01 5.024276064362058605e+03 4.304000000000000000e+03 4.367139000237285472e+03 0.000000000000000000e+00 3.123604486173638506e+00 9.199999999999999845e-02
3.869031100000000000e+07 0.000000000000000000e+00 6.600000000000000000e+01 5.028342064362058409e+03 4.300819999999999709e+03 4.365553100237285435e+03 0.000000000000000000e+00 1.420040033387875544e+00 9.199999999999999845e-02
3.869030600000000000e+07 1.000000000000000000e+00 6.600000000000000000e+01 5.047593064362058612e+03 4.310100000000000364e+03 4.379197300237285162e+03 0.000000000000000000e+00 5.112920216073068680e+00 9.199999999999999845e-02
3.869157200000000000e+07 1.000000000000000000e+00 6.500000000000000000e+01 5.048800064362058038e+03 4.335989999999999782e+03 4.375353800237285213e+03 0.000000000000000000e+00 1.939054456607100851e+00 9.199999999999999845e-02
3.869157200000000000e+07 1.000000000000000000e+00 6.500000000000000000e+01 5.049137064362058481e+03 4.335779999999999745e+03 4.375447900237285467e+03 0.000000000000000000e+00 1.721086575501509008e+00 9.199999999999999845e-02
3.869157200000000000e+07 1.000000000000000000e+00 6.500000000000000000e+01 5.050133064362058576e+03 4.335210000000000036e+03 4.375653600237284991e+03 0.000000000000000000e+00 1.658050058717380093e+00 2.400000000000000050e-02
3.869157300000000000e+07 1.000000000000000000e+00 6.500000000000000000e+01 5.052390064362058183e+03 4.332909999999999854e+03 4.376261300237285468e+03 0.000000000000000000e+00 1.964368267549447822e+00 4.169999999999999818e-01
3.869157500000000000e+07 1.000000000000000000e+00 6.600000000000000000e+01 5.040405064362058511e+03 4.319270000000000437e+03 4.367712200237285288e+03 0.000000000000000000e+00 3.684888669310961706e+00 9.199999999999999845e-02
3.869158100000000000e+07 1.000000000000000000e+00 6.500000000000000000e+01 5.037130064362057965e+03 4.313229999999999563e+03 4.348064630237285201e+03 0.000000000000000000e+00 3.193938426334102854e+00 9.199999999999999845e-02
3.869158100000000000e+07 1.000000000000000000e+00 6.500000000000000000e+01 5.034199064362058380e+03 4.313079999999999927e+03 4.348175690237285380e+03 0.000000000000000000e+00 5.887435793342698176e+00 9.199999999999999845e-02
3.869031700000000000e+07 1.000000000000000000e+00 6.500000000000000000e+01 5.010873064362058358e+03 4.306710000000000036e+03 4.347722180237285102e+03 0.000000000000000000e+00 8.330699131498384702e+00 9.199999999999999845e-02
3.869031400000000000e+07 0.000000000000000000e+00 6.500000000000000000e+01 5.030577064362058081e+03 4.299200000000000728e+03 4.356466100237284991e+03 0.000000000000000000e+00 6.692288576571483460e-01 2.768390000000000128e+00
3.869158000000000000e+07 1.000000000000000000e+00 6.500000000000000000e+01 5.041891064362058387e+03 4.307920000000000073e+03 4.354219600237284794e+03 0.000000000000000000e+00 2.799966943254108553e+00 9.199999999999999845e-02
3.869158300000000000e+07 1.000000000000000000e+00 6.500000000000000000e+01 5.047916064362058023e+03 4.306819999999999709e+03 4.342904715237285018e+03 0.000000000000000000e+00 2.065286936776491000e+00 4.169999999999999818e-01
3.869158400000000000e+07 1.000000000000000000e+00 6.500000000000000000e+01 5.055346064362058314e+03 4.304159999999999854e+03 4.341811790237285095e+03 0.000000000000000000e+00 1.359599261887592725e+00 2.400000000000000050e-02
3.869158400000000000e+07 0.000000000000000000e+00 6.500000000000000000e+01 5.050694064362058270e+03 4.306170000000000073e+03 4.345471590237285454e+03 0.000000000000000000e+00 2.351249778987903216e+00 2.400000000000000050e-02
3.869158300000000000e+07 0.000000000000000000e+00 6.500000000000000000e+01 5.049763064362058685e+03 4.306180000000000291e+03 4.345934810237285092e+03 0.000000000000000000e+00 2.259761253462902353e+00 6.099999999999999867e-02
3.869158300000000000e+07 1.000000000000000000e+00 6.500000000000000000e+01 5.046870064362058656e+03 4.307989999999999782e+03 4.344236890237285479e+03 0.000000000000000000e+00 2.623315860331208338e+00 6.099999999999999867e-02
3.869031300000000000e+07 0.000000000000000000e+00 6.600000000000000000e+01 5.033472064362058518e+03 4.304170000000000073e+03 4.357525400237284884e+03 0.000000000000000000e+00 2.193963402343420466e+00 1.383240000000000025e+00
3.942559300000000000e+07 0.000000000000000000e+00 6.600000000000000000e+01 4.908759364362058477e+03 5.337799999999997453e+02 4.399331300237285177e+03 0.000000000000000000e+00 1.815980881536923608e+00 9.199999999999999845e-02
3.942559200000000000e+07 0.000000000000000000e+00 6.600000000000000000e+01 4.909728164362058124e+03 5.343999999999996362e+02 4.400221100237285100e+03 0.000000000000000000e+00 2.225083193476446564e+00 4.169999999999999818e-01
3.942559200000000000e+07 0.000000000000000000e+00 6.600000000000000000e+01 4.911500064362057856e+03 5.366300000000001091e+02 4.400692700237284953e+03 0.000000000000000000e+00 2.151219126609901000e+00 6.099999999999999867e-02
3.942559100000000000e+07 0.000000000000000000e+00 6.500000000000000000e+01 4.914810864362058055e+03 5.361899999999995998e+02 4.399935700237285346e+03 0.000000000000000000e+00 1.479865957189506309e+00 2.039999999999999869e-01
3.942559100000000000e+07 0.000000000000000000e+00 6.500000000000000000e+01 4.914934364362058659e+03 5.361599999999998545e+02 4.399177200237285433e+03 0.000000000000000000e+00 1.321538001237112958e+00 2.039999999999999869e-01
3.942559000000000000e+07 1.000000000000000000e+00 6.500000000000000000e+01 4.916942864362058572e+03 5.474700000000002547e+02 4.398422100237285122e+03 0.000000000000000000e+00 5.328156696741898735e+00 2.039999999999999869e-01
3.942559000000000000e+07 1.000000000000000000e+00 6.500000000000000000e+01 4.916580964362058694e+03 5.474600000000000364e+02 4.398936100237285245e+03 0.000000000000000000e+00 5.545188742838598195e+00 4.169999999999999818e-01
3.942559000000000000e+07 1.000000000000000000e+00 6.500000000000000000e+01 4.916580964362058694e+03 5.474600000000000364e+02 4.398936100237285245e+03 0.000000000000000000e+00 5.545188742838598195e+00 7.184129999999999683e+00
3.410600100000000000e+07 1.000000000000000000e+00 6.500000000000000000e+01 4.415528064362058103e+03 2.649230000000000473e+03 4.123198000237284759e+03 1.000000000000000000e+00 8.333124402689600085e-01 1.070000000000000000e+02
8.950293000000000000e+06 0.000000000000000000e+00 6.600000000000000000e+01 3.264440064362058365e+03 1.234095999999999913e+04 1.149889000237284563e+03 1.000000000000000000e+00 2.606119114750809818e+00 1.070000000000000000e+02
