3.566269200000000000e+07 1.000000000000000000e+00 6.600000000000000000e+01 1.174515999999999985e+04 1.035300835773310791e+04 4.072593794102170250e+03 0.000000000000000000e+00 2.713162093392911700e+00 1.339000000000000057e+01
3.566269200000000000e+07 1.000000000000000000e+00 6.600000000000000000e+01 1.174515999999999985e+04 1.035300835773310791e+04 4.072593794102170250e+03 0.000000000000000000e+00 2.713162093392911700e+00 3.025689999999999991e+00
4.155830600000000000e+07 1.000000000000000000e+00 6.500000000000000000e+01 6.196690000000000509e+03 1.016272685773310877e+04 4.752425794102169675e+03 0.000000000000000000e+00 8.802451105280303167e+00 4.169999999999999818e-01
4.155830600000000000e+07 1.000000000000000000e+00 6.500000000000000000e+01 6.194610000000000582e+03 1.016208085773310813e+04 4.751429794102170490e+03 0.000000000000000000e+00 6.577533840137194332e+00 9.199999999999999845e-02
4.155829800000000000e+07 1.000000000000000000e+00 6.600000000000000000e+01 6.206289999999999964e+03 1.013729785773310869e+04 4.734907794102169646e+03 0.000000000000000000e+00 5.996227023773214704e+00 9.199999999999999845e-02
4.155830200000000000e+07 1.000000000000000000e+00 6.500000000000000000e+01 6.197819999999999709e+03 1.013661185773310717e+04 4.742234794102169872e+03 0.000000000000000000e+00 4.419877033852175785e+00 9.199999999999999845e-02
4.155830100000000000e+07 1.000000000000000000e+00 6.500000000000000000e+01 6.201319999999999709e+03 1.013334685773310775e+04 4.738517794102170228e+03 0.000000000000000000e+00 7.953236714448816080e+00 2.400000000000000050e-02
4.155829700000000000e+07 1.000000000000000000e+00 6.600000000000000000e+01 6.203020000000000437e+03 1.013114185773310783e+04 4.738590794102170548e+03 0.000000000000000000e+00 8.248958005481775047e+00 2.400000000000000050e-02
4.155829100000000000e+07 1.000000000000000000e+00 6.500000000000000000e+01 6.214430000000000291e+03 1.012274085773310799e+04 4.743955794102170330e+03 0.000000000000000000e+00 3.922363539286371825e+00 9.199999999999999845e-02
4.155829500000000000e+07 1.000000000000000000e+00 6.600000000000000000e+01 6.215000000000000000e+03 1.012547485773310837e+04 4.750553794102170286e+03 0.000000000000000000e+00 1.168736442582250845e+00 9.199999999999999845e-02
4.155829600000000000e+07 0.000000000000000000e+00 6.600000000000000000e+01 6.214130000000000109e+03 1.012992485773310909e+04 4.749693794102169704e+03 0.000000000000000000e+00 2.877050787194259662e+00 6.099999999999999867e-02
4.155829700000000000e+07 0.000000000000000000e+00 6.500000000000000000e+01 6.213760000000000218e+03 1.013326785773310803e+04 4.748804794102170490e+03 0.000000000000000000e+00 2.863016276915651748e+00 9.199999999999999845e-02
4.155829900000000000e+07 1.000000000000000000e+00 6.600000000000000000e+01 6.206800000000000182e+03 1.014491285773310847e+04 4.730600794102169857e+03 0.000000000000000000e+00 7.289306789130446163e+00 4.169999999999999818e-01
4.155829900000000000e+07 1.000000000000000000e+00 6.600000000000000000e+01 6.206800000000000182e+03 1.014491285773310847e+04 4.730600794102169857e+03 0.000000000000000000e+00 7.289306789130446163e+00 7.179739999999999789e+00
