2.088053000000000000e+07 1.000000000000000000e+00 6.500000000000000000e+01 1.183380064712616877e+04 1.085789999999999964e+04 2.560018671847667974e+03 0.000000000000000000e+00 7.425126053616352806e+00 1.339000000000000057e+01
2.088160400000000000e+07 1.000000000000000000e+00 6.600000000000000000e+01 1.182989894712617024e+04 1.090595999999999913e+04 2.558913671847668411e+03 0.000000000000000000e+00 4.393039338960254447e+00 1.339000000000000057e+01
2.088160400000000000e+07 1.000000000000000000e+00 6.600000000000000000e+01 1.183179984712617079e+04 1.090559000000000015e+04 2.558607671847667916e+03 0.000000000000000000e+00 3.820708606678226538e+00 1.339000000000000057e+01
2.088261300000000000e+07 1.000000000000000000e+00 6.600000000000000000e+01 1.185246194712616852e+04 1.090054000000000087e+04 2.552725671847668309e+03 0.000000000000000000e+00 2.380996512229563322e+00 9.199999999999999845e-02
2.088261200000000000e+07 1.000000000000000000e+00 6.600000000000000000e+01 1.185177554712616984e+04 1.090938999999999942e+04 2.551899671847668287e+03 0.000000000000000000e+00 1.017139638323831585e+00 9.199999999999999845e-02
2.088261100000000000e+07 1.000000000000000000e+00 6.600000000000000000e+01 1.185193234712617050e+04 1.091563999999999942e+04 2.555293671847668520e+03 0.000000000000000000e+00 2.348815215484184371e+00 1.078999999999999915e+01
2.088261300000000000e+07 0.000000000000000000e+00 6.600000000000000000e+01 1.185176764712616932e+04 1.090727000000000044e+04 2.556119671847668542e+03 0.000000000000000000e+00 1.370827578012967507e+00 9.199999999999999845e-02
2.088260900000000000e+07 1.000000000000000000e+00 6.500000000000000000e+01 1.183330944712616838e+04 1.089870000000000073e+04 2.561909671847668506e+03 0.000000000000000000e+00 9.198302141645942953e+00 2.400000000000000050e-02
2.088061500000000000e+07 1.000000000000000000e+00 6.600000000000000000e+01 1.182303224712616975e+04 1.089972000000000116e+04 2.561531671847667894e+03 0.000000000000000000e+00 8.776641578117489573e+00 6.099999999999999867e-02
2.088061400000000000e+07 1.000000000000000000e+00 6.600000000000000000e+01 1.182323464712616988e+04 1.089819000000000051e+04 2.561961671847668185e+03 0.000000000000000000e+00 7.665044544791407510e+00 4.169999999999999818e-01
2.088061400000000000e+07 1.000000000000000000e+00 6.600000000000000000e+01 1.182323464712616988e+04 1.089819000000000051e+04 2.561961671847668185e+03 0.000000000000000000e+00 7.665044544791407510e+00 6.996940000000000381e+00
2.088261100000000000e+07 1.000000000000000000e+00 6.600000000000000000e+01 1.185193234712617050e+04 1.091563999999999942e+04 2.555293671847668520e+03 0.000000000000000000e+00 2.348815215484184371e+00 4.036640000000000228e+00
2.088160400000000000e+07 1.000000000000000000e+00 6.600000000000000000e+01 1.182897734712616875e+04 1.090244000000000051e+04 2.560934671847668142e+03 0.000000000000000000e+00 8.393663589813861847e+00 2.400000000000000050e-02
2.088160400000000000e+07 1.000000000000000000e+00 6.600000000000000000e+01 1.182864844712616832e+04 1.090278000000000065e+04 2.559411671847668003e+03 0.000000000000000000e+00 7.604970616733346844e+00 4.600000000000000200e-01
2.088053000000000000e+07 1.000000000000000000e+00 6.500000000000000000e+01 1.183536564712616928e+04 1.085922999999999956e+04 2.560621671847668040e+03 0.000000000000000000e+00 8.482855356038200512e+00 1.124000000000000021e+01
2.088061600000000000e+07 1.000000000000000000e+00 6.500000000000000000e+01 1.183687354712616980e+04 1.087023999999999978e+04 2.549165671847667909e+03 0.000000000000000000e+00 4.079258243517967841e+00 2.400000000000000050e-02
2.088061600000000000e+07 1.000000000000000000e+00 6.500000000000000000e+01 1.183548854712616958e+04 1.087063999999999942e+04 2.542505671847668054e+03 0.000000000000000000e+00 2.205375850248472602e+00 1.078999999999999915e+01
2.088061600000000000e+07 1.000000000000000000e+00 6.500000000000000000e+01 1.183522634712616855e+04 1.087070000000000073e+04 2.542229671847668214e+03 0.000000000000000000e+00 2.409540841734255867e+00 1.078999999999999915e+01
2.088061600000000000e+07 1.000000000000000000e+00 6.500000000000000000e+01 1.183522634712616855e+04 1.087070000000000073e+04 2.542229671847668214e+03 0.000000000000000000e+00 2.409540841734255867e+00 7.006560000000000343e+00
2.088061600000000000e+07 1.000000000000000000e+00 6.500000000000000000e+01 1.183522634712616855e+04 1.087070000000000073e+04 2.542229671847668214e+03 0.000000000000000000e+00 2.409540841734255867e+00 1.157159999999999966e+00
2.088253000000000000e+07 1.000000000000000000e+00 6.500000000000000000e+01 1.183662474712617040e+04 1.087081999999999971e+04 2.541755671847668054e+03 0.000000000000000000e+00 2.740718394137920733e+00 2.400000000000000050e-02
2.088253000000000000e+07 1.000000000000000000e+00 6.500000000000000000e+01 1.183669794712616931e+04 1.087079999999999927e+04 2.541692671847667953e+03 0.000000000000000000e+00 2.658090999653037745e+00 9.199999999999999845e-02
2.088252900000000000e+07 1.000000000000000000e+00 6.500000000000000000e+01 1.183821824712616944e+04 1.086336000000000058e+04 2.535516671847668476e+03 0.000000000000000000e+00 3.544359687511679624e+00 9.199999999999999845e-02
2.088061500000000000e+07 1.000000000000000000e+00 6.500000000000000000e+01 1.182982034712616951e+04 1.086470999999999913e+04 2.536268671847667974e+03 0.000000000000000000e+00 5.734681635715007886e+00 9.199999999999999845e-02
2.088061400000000000e+07 1.000000000000000000e+00 6.500000000000000000e+01 1.181845144712616820e+04 1.086881999999999971e+04 2.537614671847668433e+03 0.000000000000000000e+00 7.609249196302398488e+00 2.400000000000000050e-02
2.088061400000000000e+07 1.000000000000000000e+00 6.500000000000000000e+01 1.181811534712616958e+04 1.087138999999999942e+04 2.546221671847668404e+03 0.000000000000000000e+00 5.483763725496495489e+00 9.199999999999999845e-02
2.088153800000000000e+07 1.000000000000000000e+00 6.600000000000000000e+01 1.182203154712616924e+04 1.085303000000000065e+04 2.532317671847667953e+03 0.000000000000000000e+00 9.330384945252987450e+00 9.199999999999999845e-02
2.088154200000000000e+07 1.000000000000000000e+00 6.500000000000000000e+01 1.182839234712616962e+04 1.085213000000000102e+04 2.523682671847667734e+03 0.000000000000000000e+00 9.348513344332621600e+00 1.000000000000000021e-02
2.088054100000000000e+07 1.000000000000000000e+00 6.500000000000000000e+01 1.184345954712616913e+04 1.084429999999999927e+04 2.521920671847668018e+03 0.000000000000000000e+00 1.207829423103331745e+00 1.078999999999999915e+01
2.088054100000000000e+07 1.000000000000000000e+00 6.500000000000000000e+01 1.184345954712616913e+04 1.084429999999999927e+04 2.521920671847668018e+03 0.000000000000000000e+00 1.207829423103331745e+00 1.844789999999999930e+00
2.088054100000000000e+07 1.000000000000000000e+00 6.500000000000000000e+01 1.184345954712616913e+04 1.084429999999999927e+04 2.521920671847668018e+03 0.000000000000000000e+00 1.207829423103331745e+00 1.633799999999999919e+00
2.313625900000000000e+07 1.000000000000000000e+00 6.600000000000000000e+01 1.185134564712617066e+04 1.877319999999999709e+03 2.731239471847668028e+03 0.000000000000000000e+00 3.840941187354016684e+00 1.339000000000000057e+01
2.313625900000000000e+07 1.000000000000000000e+00 6.600000000000000000e+01 1.185170734712616832e+04 1.876279999999999745e+03 2.730621571847667838e+03 0.000000000000000000e+00 3.190459413070676931e+00 9.199999999999999845e-02
2.313625900000000000e+07 1.000000000000000000e+00 6.600000000000000000e+01 1.185563084712616910e+04 1.874520000000000437e+03 2.729622671847668244e+03 0.000000000000000000e+00 1.774791834724714024e+00 2.400000000000000050e-02
2.313625900000000000e+07 1.000000000000000000e+00 6.600000000000000000e+01 1.185654664712616977e+04 1.873859999999999673e+03 2.733278571847667990e+03 0.000000000000000000e+00 9.638055031875933931e-01 9.199999999999999845e-02
2.313625800000000000e+07 1.000000000000000000e+00 6.600000000000000000e+01 1.185358844712617065e+04 1.872599999999999454e+03 2.734530471847668196e+03 0.000000000000000000e+00 1.325470311885355468e+00 9.199999999999999845e-02
2.313625800000000000e+07 1.000000000000000000e+00 6.600000000000000000e+01 1.185214724712616953e+04 1.870279999999999745e+03 2.735222171847668506e+03 0.000000000000000000e+00 8.268319177933221020e-01 9.199999999999999845e-02
2.313625800000000000e+07 1.000000000000000000e+00 6.600000000000000000e+01 1.185214724712616953e+04 1.870279999999999745e+03 2.735222171847668506e+03 0.000000000000000000e+00 8.268319177933221020e-01 7.309929999999999595e+00
2.313625900000000000e+07 1.000000000000000000e+00 6.600000000000000000e+01 1.185134564712617066e+04 1.877319999999999709e+03 2.731239471847668028e+03 0.000000000000000000e+00 3.840941187354016684e+00 5.380950000000000344e+00
2.311517800000000000e+07 1.000000000000000000e+00 6.600000000000000000e+01 1.191333809712616858e+04 4.118999999999959982e+01 2.758933771847668140e+03 0.000000000000000000e+00 9.651298402454083103e+00 9.199999999999999845e-02
2.311517800000000000e+07 1.000000000000000000e+00 6.600000000000000000e+01 1.190688963712616896e+04 3.938000000000010914e+01 2.761294371847668117e+03 0.000000000000000000e+00 6.884305596035223296e+00 9.199999999999999845e-02
2.311517800000000000e+07 1.000000000000000000e+00 6.600000000000000000e+01 1.190793290712617090e+04 3.621000000000003638e+01 2.758972471847668203e+03 0.000000000000000000e+00 4.319481785300873788e+00 4.169999999999999818e-01
2.311517800000000000e+07 1.000000000000000000e+00 6.600000000000000000e+01 1.190364105012617074e+04 4.059000000000014552e+01 2.758629871847668255e+03 0.000000000000000000e+00 4.444087478602971153e+00 6.099999999999999867e-02
2.311517900000000000e+07 1.000000000000000000e+00 6.600000000000000000e+01 1.190465055712616959e+04 4.261999999999989086e+01 2.762268171847667872e+03 0.000000000000000000e+00 8.178504930829646469e+00 4.169999999999999818e-01
2.311517900000000000e+07 1.000000000000000000e+00 6.600000000000000000e+01 1.190319722012617058e+04 4.709999999999945430e+01 2.753502271847668453e+03 0.000000000000000000e+00 4.137362553806197774e+00 6.099999999999999867e-02
2.311518200000000000e+07 1.000000000000000000e+00 6.500000000000000000e+01 1.190716961712616830e+04 5.075000000000000000e+01 2.749193071847667852e+03 0.000000000000000000e+00 4.028822205308754789e+00 9.199999999999999845e-02
2.311518000000000000e+07 1.000000000000000000e+00 6.600000000000000000e+01 1.189777127712616857e+04 5.302999999999974534e+01 2.753791071847667808e+03 0.000000000000000000e+00 4.471460958177541301e+00 4.169999999999999818e-01
2.311518000000000000e+07 1.000000000000000000e+00 6.600000000000000000e+01 1.189777127712616857e+04 5.302999999999974534e+01 2.753791071847667808e+03 0.000000000000000000e+00 4.471460958177541301e+00 7.284989999999999633e+00
