6.986640000000000000e+06 1.000000000000000000e+00 6.600000000000000000e+01 4.348942233941425911e+03 8.207338378784534143e+03 7.194100000000007640e+02 0.000000000000000000e+00 6.619261967281467207e+00 1.339000000000000057e+01
1.563126800000000000e+07 1.000000000000000000e+00 6.500000000000000000e+01 4.317614933941425988e+03 8.225180878784532979e+03 1.877400000000000546e+03 0.000000000000000000e+00 9.116751442727761834e-01 1.339000000000000057e+01
1.563227000000000000e+07 1.000000000000000000e+00 6.500000000000000000e+01 4.314586733941426246e+03 8.226801478784534993e+03 1.879250000000000000e+03 0.000000000000000000e+00 3.670699310243514257e-01 9.199999999999999845e-02
1.563226900000000000e+07 0.000000000000000000e+00 6.500000000000000000e+01 4.318559433941425596e+03 8.239420278784535185e+03 1.885500000000000000e+03 0.000000000000000000e+00 8.477539919022863968e-01 6.099999999999999867e-02
1.563226800000000000e+07 1.000000000000000000e+00 6.500000000000000000e+01 4.324391533941426133e+03 8.239904178784534452e+03 1.880420000000000073e+03 0.000000000000000000e+00 4.186027456622206877e+00 4.169999999999999818e-01
1.563226800000000000e+07 1.000000000000000000e+00 6.500000000000000000e+01 4.323048133941425476e+03 8.238937178784533899e+03 1.881060000000000400e+03 0.000000000000000000e+00 2.924745606797078512e+00 9.199999999999999845e-02
1.563226900000000000e+07 1.000000000000000000e+00 6.600000000000000000e+01 4.305765533941425929e+03 8.237683378784535307e+03 1.891609999999999673e+03 0.000000000000000000e+00 1.360856559183477810e+00 9.199999999999999845e-02
1.563226900000000000e+07 1.000000000000000000e+00 6.600000000000000000e+01 4.306988133941425986e+03 8.236473078784532845e+03 1.887320000000000618e+03 0.000000000000000000e+00 1.039667036882248263e+00 9.199999999999999845e-02
1.563226900000000000e+07 1.000000000000000000e+00 6.600000000000000000e+01 4.306988133941425986e+03 8.236473078784532845e+03 1.887320000000000618e+03 0.000000000000000000e+00 1.039667036882248263e+00 7.320899999999999963e+00
6.986640000000000000e+06 1.000000000000000000e+00 6.600000000000000000e+01 4.348942233941425911e+03 8.207338378784534143e+03 7.194100000000007640e+02 0.000000000000000000e+00 6.619261967281467207e+00 3.899410000000000043e+00
6.986637000000000000e+06 1.000000000000000000e+00 6.500000000000000000e+01 4.343352393941426271e+03 8.229433278784534195e+03 7.226599999999998545e+02 1.000000000000000000e+00 4.388995538462576729e-01 1.100000000000000000e+01
2.958221400000000000e+07 0.000000000000000000e+00 6.500000000000000000e+01 4.325703833941425728e+03 8.281056478784534193e+03 3.356060000000000400e+03 1.000000000000000000e+00 1.025330901217833102e+00 1.100000000000000000e+01
